Run,Gen,F,1,2,3,4,5,6,7,8,9,10
67.0,0.0,291.6392822265625,0.5990553862038563,-1.8306966010676664,3.537926328905346,-3.3632975393195395,3.35346172411338,-2.436789055690969,0.3461281145685397,3.4023188823072985,-1.5765725345282111,-4.871715595532894
67.0,0.0,304.58160400390625,-4.060035771175277,-4.33628054205872,-1.1898837292386362,-1.1609278546436186,-4.049432118895532,-0.614734982131715,-2.348313051086706,-4.867622771927003,0.9541894970481444,0.321698238010657
67.0,0.0,298.0916748046875,-4.540301792969397,-1.406666157548782,1.207017766005403,-3.6699855069913534,4.848212695369092,-0.3874730348763266,-0.3118641905458039,-0.2650310738365604,-3.013163785947817,-4.106232239755916
67.0,0.0,265.27752685546875,4.743180801832857,1.2120453456492486,1.6222044694345126,3.493445875343616,0.7484347836099108,-1.3865411924149158,2.763620434372025,3.936560620579595,-0.0530815273854452,3.074651786262205
67.0,0.0,334.5987854003906,3.898054329355892,1.6710737425528492,2.126360293316724,2.7648970761430904,-4.745833130163567,3.822700502456722,4.923965234604317,-2.201070374885444,2.179229652879209,-3.5222929726984207
67.0,0.0,297.302734375,1.1975331578575208,2.088396404064764,2.808646117044809,-1.5284178960385648,3.895051786623872,-4.95489390511405,-0.5176264283582181,-1.0346201514962088,1.7481530039817263,-1.756794747733286
67.0,0.0,224.8128967285156,-3.515706665965433,0.1663365820215068,-1.8058100866334288,2.969231793058956,1.0995519689974422,1.5664376152792014,-2.82848210760791,4.072540431830205,-3.652224074327836,1.3110382022624725
67.0,0.0,267.4547119140625,1.4014141642102738,3.4619042815238643,-1.416885741201097,-0.4047743673788071,0.4578423158130498,-3.300042296369802,-2.4418713842473694,-4.379012855549257,-4.225689727828492,0.8108086110145543
67.0,0.0,302.10076904296875,-4.719280517763444,-3.521388550519801,-1.6171618570541852,4.35608864685663,-0.7652053399119065,-3.6155926584078575,-3.741020085349003,4.429288005659727,-0.7623262022114048,2.549619278105812
67.0,0.0,235.741455078125,-0.9143852612389454,-0.1759426620717334,-2.2403273480524097,2.386910009826825,2.976923107690027,-1.9973095139604875,-2.079198318007984,2.153230564466768,0.4680690664663611,4.982105878036423
67.0,0.0,241.0014495849609,2.315310222846781,2.284384925243036,1.4297985855884612,-4.27795542820286,-1.5624814946959449,2.923026297559133,-1.6018550755561405,-3.499816808094929,-1.065778002624453,-2.326983002096452
67.0,0.0,250.58355712890625,-4.964774970559104,0.6774360857280097,1.8442990151531404,1.12734895574512,1.8983316006770607,1.7401298673637546,-0.1238293746695369,2.8480926558595563,3.236857348521712,3.372859958057606
67.0,0.0,202.70220947265625,3.22459114724823,0.2274759202565865,-0.97320758423416,-0.2553483551598496,-3.5866715115501147,-1.053463722415144,2.1556572946625163,4.305465905995437,3.967077143301964,0.1367709870504443
67.0,0.0,197.59988403320312,2.002498995373532,-1.378098661441209,-3.5755831276834185,-3.800396886788468,1.7544124721163872,3.17280845484442,-1.5867505178650116,-0.1082033593375104,-0.9032012524199216,-1.9711792454633112
67.0,0.0,236.40347290039065,-1.1082106939540743,-4.80883288215172,-3.722903350636166,-4.513260906692809,3.610250119430729,2.4711290531896024,-1.1587741148381785,4.851701534899036,-2.521881119397204,4.525320239540193
67.0,0.0,196.833984375,-2.0015418909629705,2.945838599066218,-4.412960169620388,0.7714738884896102,-3.878318559196294,-0.9060055720181984,-1.861233383523892,3.266078849031109,2.563121209633965,-3.327416740767364
67.0,0.0,245.93280029296875,2.454898471774629,-0.352896533683122,-4.939809261446626,2.164286463628332,-4.398816066519474,3.749255664643004,0.6572057951585659,-3.330807594449414,-0.2423479843958018,1.114489527531573
67.0,0.0,239.9237823486328,-0.3693770815413471,0.89040836918715,-0.1272662483740818,-2.7494071646312825,-2.027730128130687,-0.4942928421208741,1.1193644317585143,-4.688458417415792,2.3330030359735083,-0.2595323548702213
67.0,0.0,370.4022216796875,-4.39061394863438,3.610032973258189,3.065162221612086,4.500679437026786,-1.125748078716157,-4.077719855998494,2.274316485514767,-3.826989787679048,1.5778189528682027,-0.020322245365679
67.0,0.0,233.90573120117188,3.665159145826527,4.579364375359894,-2.7352390652070486,1.867315130806828,4.626126403064317,0.1041874270695197,-2.6008774938790067,4.71948159122628,-0.4938902907032014,2.9819159688892283
67.0,0.0,346.9383239746094,-0.5062513896805294,1.8545004331365469,4.467564392086503,3.389602213702096,4.070947924769586,2.237421338486424,-3.356120450758872,0.0125339694519066,4.350475400084722,3.8795313989464777
67.0,0.0,259.3357849121094,2.6119192641257456,4.1925376459089225,-4.292086122284789,0.4814985044016531,3.067385053716448,1.165513035335934,-3.899215973436565,-3.658396515583682,1.847439581813988,1.5339988030011753
67.0,0.0,305.3166809082031,-3.643436161356885,1.4406837694865038,3.620569932033336,2.587463400122856,1.3456015933270882,-4.513851680305282,2.918651321381361,1.693264866808633,-1.8132099055586048,0.5171751433711904
67.0,0.0,270.5521545410156,0.1337472314540031,1.090417481638532,-1.258448023716665,-2.4209799954212308,-0.8222785711036993,-4.6712534463340845,-1.3057635990650098,-4.027157735461673,4.542156314251683,2.226732479659331
67.0,0.0,339.7120361328125,1.293178258411638,-3.0755646609066845,4.756201170646468,-4.723807238849854,4.452106357113703,-3.1677388035532,1.9906055341617792,0.4134920664493071,3.059886387040944,3.5271339116111164
67.0,0.0,251.19107055664065,4.225281864368615,-0.8417291265427611,-3.3389448071862025,-3.49329371791028,1.5172899225368086,-2.8882179509468893,1.3586314258642638,-2.612200436737636,-3.3343227076018738,-1.247765153140608
67.0,0.0,218.38742065429688,-2.956944374295213,3.89366299330754,-2.870931121146548,-0.9869670628850696,0.9902234105386648,2.0700274123379554,-3.5243064468864684,1.124998990947919,4.742020760101131,-2.417533383041504
67.0,0.0,238.0331420898437,-1.2916198721640288,-2.312034041507594,-3.189952985676552,-1.2868957253945368,0.0606666370256361,-3.9476161887821473,-0.8824101804682325,-1.883345447040456,1.1352960760118158,3.738748502768022
67.0,0.0,262.6718139648437,1.6278891166388425,3.001796113703218,2.235649587709464,-0.0583850247169568,-0.5405048776132988,-3.5913911531319824,3.4307569170019736,-1.2733890496588551,-3.589911816754735,1.9763060226930147
67.0,0.0,246.6840209960937,-2.468554370526737,-0.4811230591388877,-2.4635324146034687,-1.8873873443206963,-2.555703795149507,-2.327208051907391,0.1846891062036002,-3.1954161934347,-2.0160484876699103,-3.899523515945364
67.0,0.0,272.82830810546875,-3.233835706448456,2.781470125427705,-0.3687714509142994,3.68675367541632,-4.530327973553202,4.7540766066371365,-4.168270061670805,2.267266048173947,0.2432537195402906,-3.7830365581081695
67.0,0.0,318.7449035644531,4.558382443344197,2.5877377123443326,-3.9433819205761353,4.845635489322465,-1.8612944646920613,3.46773129041158,0.8844932810429906,-4.408702234653142,-4.824560645615716,1.7954063914715237
67.0,0.0,255.39321899414065,-3.1730950726129104,-2.1356267562518894,-2.0828791209126525,3.010911550605684,-0.3814545450002553,0.8332419913970934,-3.072946754932312,-0.8067489587091732,-2.7348767196170893,-0.694525837980537
67.0,0.0,291.5077514648437,0.2282795701368165,-4.0676982047121495,0.6169195637568636,-1.6905723240408903,2.631061619856844,-1.6982904922532454,4.169577631265382,2.5011365062839284,1.2374302897910887,-4.714543708454549
67.0,0.0,247.6036071777344,-1.4892800485427724,4.955373084231123,-0.5285516446832661,-2.218768929976421,2.544083354432172,-2.7666396567185108,-4.919283499575261,0.6581478572765151,4.18181548946164,-0.4187826705605637
67.0,0.0,322.4897766113281,4.128170022182761,-2.564661050338211,4.233007271019268,-4.824648886364456,4.326907623452978,3.232360416345662,3.995518884443868,1.3552140934425907,-2.824512013119949,-0.8687940020662568
67.0,0.0,396.19439697265625,-0.0962462505983481,-1.7357101335327334,2.5303566218903653,4.731593543801051,3.581804359740474,4.460965045197931,4.440004832500081,-1.4276949331843398,2.663815426269407,-4.375319628501816
67.0,0.0,197.4118804931641,1.87958491148291,3.3873767540572537,-4.63376986775484,1.4111488038249789,-4.817251632070112,4.075241054279884,3.267953218031529,3.108325281909776,-1.3137753628990367,4.239522952868537
67.0,0.0,242.02243041992188,4.962945910495616,4.3177662173275415,0.992972560738778,-3.082689829588186,-3.679029002446437,0.2180815872565418,-4.203935587835869,2.758127312597716,-4.584109261786039,-2.9462988551277496
67.0,0.0,299.45556640625,-3.921708577545022,-2.722447859264285,0.3974654701248941,0.8520723935772834,-1.3189718870744338,4.259365398305327,3.684683439586575,-2.821574641559492,3.40074272245432,0.7403868384438894
67.0,0.0,265.019287109375,-1.6285597988677,-4.483681673550041,-0.7788301914443858,0.3968449926567388,2.1692127520708784,1.3343190802355798,2.4266461973314595,-0.6436441126616801,-2.221345742032124,-1.1185477632422465
67.0,0.0,306.44439697265625,2.96573872730384,-3.791702744822979,3.873020679629642,0.0669674504881641,-2.645771913384659,-2.1188337654358795,-0.6967083495501409,3.630678742117663,-1.634169991459984,-4.456842328532754
67.0,0.0,336.41973876953125,3.5864585023563773,-3.208028909235007,3.2251260103449333,1.202235201212054,-3.154218818498137,0.7878064171130834,-4.615114578440072,-1.6474345274180149,2.9873244448518523,-2.616422904004144
67.0,0.0,241.638916015625,3.1185351595968207,0.4226946564169935,2.7822264481170533,-4.083980406363359,2.251572457314733,2.6230697693452667,1.779745168647776,0.9547605076497678,3.65592391054008,2.00251902528459
67.0,0.0,319.4563293457031,0.9139216066426092,-3.846948931776706,4.827656155030091,-2.804191557185684,-0.0244563911327269,-1.4182549252131214,4.650366699214343,-0.5111467318939305,0.1278785197541179,4.662789735170376
67.0,0.0,276.6087646484375,0.670239017175895,-2.955711854907422,4.187414476706618,-2.045138558188675,-2.226268109425352,0.4982039580985233,-4.429010359559296,1.8719488707199723,-3.8267040609983054,4.054469553991499
67.0,0.0,201.2520446777344,-0.6447448319740463,-1.032356104785586,0.4753640028669075,-0.6485414430293766,0.3723485131691753,4.869713276238258,0.4500259935164177,1.5034473432935815,0.6374753715394208,2.618581853192616
67.0,0.0,302.73876953125,-1.8651058871076345,4.734448097091526,0.1370889138425104,1.6178082287098894,-3.370118872066943,-4.269470778505908,4.232421388962665,-2.507365940049304,-4.63001280097508,-1.4018170284603744
67.0,0.0,323.0392150878906,-2.748642563293344,-4.653857369458545,-4.150547175780192,3.9142705348471,-1.666770921047886,1.847890389735758,3.194469387535836,0.253390937069085,4.96907221288563,-3.157497763357112
67.0,0.0,302.2469787597656,-2.291480065584464,-0.6006727480768674,1.0030127415077563,4.181057580880852,-2.906057452522792,-0.1670858291519339,1.5856039604415333,-2.141655764530393,-4.016883652690067,-2.1972557957380423
67.0,1.0,209.75308227539065,-1.4009446137961437,0.1693033989323336,1.5379263289053462,-1.3632975393195397,1.3534617241133802,-0.4367890556909688,-1.6538718854314602,4.362307183234008,0.0916558146322952,-2.871715595532894
67.0,1.0,244.6438446044922,-2.0600357711752766,-2.33628054205872,-3.189883729238636,0.8390721453563814,-3.501459002454705,0.7688940257855421,-0.348313051086706,-2.867622771927003,2.6423903985000443,-0.9430243229505022
67.0,1.0,194.75282287597656,-2.540301792969397,0.593333842451218,-0.7929822339945973,-2.420494893721665,2.8482126953690923,0.0239215149075225,0.0971219110965518,1.7349689261634396,-1.0131637859478175,-2.106232239755916
67.0,1.0,195.75848388671875,3.127525290677559,2.865854837292165,-0.0125462615379885,1.4934458753436155,-0.7784146439220159,-0.6331043119523869,0.763620434372025,4.66940337797053,1.9469184726145548,1.074651786262205
67.0,1.0,247.4174346923828,1.898054329355892,3.671073742552849,0.1263602933167238,2.615448920219336,-3.0553396111556244,1.8227005024567229,2.923965234604317,-0.2010703748854441,3.072230267216355,-2.52785575232456
67.0,1.0,282.41754150390625,-0.2312333602430736,3.5383833416237827,3.7877026810626777,0.4715821039614352,1.8950517866238703,-2.9548939051140497,-0.8315774290416407,0.9653798485037912,3.7481530039817263,-2.129403239508234
67.0,1.0,192.341552734375,-1.5157066659654328,2.166336582021507,-2.17967337893586,2.455424025461584,0.8318607629093318,-0.4335623847207985,-1.518464865142671,3.37784139824221,-1.6522240743278358,-0.6889617977375275
67.0,1.0,213.35223388671875,-0.5985858357897262,3.392045589641714,-3.4168857412010967,1.290400338231335,-1.5421576841869502,-1.300042296369802,-0.9570336315459712,-2.3790128555492567,-2.225689727828492,-1.1645275773968828
67.0,1.0,237.656494140625,-2.719280517763444,-1.5213885505198008,-1.1282462785459957,3.982670835780041,-1.609909973069602,-1.6155926584078584,-1.7410200853490032,4.525705309276464,1.2376737977885952,0.549619278105812
67.0,1.0,185.83990478515625,-1.2074134554202691,1.7418684997723697,-3.936935670422062,1.7479235581572794,0.9769231076900268,-0.761877755817969,-0.4134499323025764,4.153230564466768,2.468069066466361,2.982105878036423
67.0,1.0,196.60858154296875,3.49544763128021,3.498667629981667,-0.5702014144115388,-2.27795542820286,-2.087376882173835,3.0167951562865643,-0.4332371424450629,-1.4998168080949288,-0.135863593873444,-1.1558918844931692
67.0,1.0,234.00796508789065,-2.964774970559104,2.6774360857280097,1.4300124931707356,2.5537064123546136,-0.1016683993229392,-0.2598701326362453,-1.4177158838166874,3.761286669287472,3.831547101168325,1.3728599580576066
67.0,1.0,202.18899536132807,1.2245911472482298,2.1290187098524305,0.0894795762409825,1.7446516448401503,-2.7405858949551094,-0.0871952375463862,0.1556572946625163,4.7546015299053455,3.5475701268510047,-0.6721281062862435
67.0,1.0,183.5067749023437,0.726742819915311,0.621901338558791,-2.8072865646782814,-1.800396886788468,-0.2455875278836128,4.70883569461061,-1.495798187520586,1.891796640662489,1.0967987475800784,-3.233802783175042
67.0,1.0,183.5018615722656,-1.9762419609003523,-2.8088328821517194,-2.7403236135490068,-2.5132609066928087,1.610250119430729,1.4254288292689856,-0.9866608483364898,3.9696719133252616,-1.7524385353141698,2.525320239540193
67.0,1.0,196.833984375,-2.0015418909629705,2.945838599066218,-4.412960169620388,0.7714738884896102,-3.878318559196294,-0.9060055720181984,-1.861233383523892,3.266078849031109,2.563121209633965,-3.327416740767364
67.0,1.0,192.88674926757807,0.4548984717746291,1.647103466316878,-3.237395167115672,1.254536666656704,-3.4821941534596554,1.7492556646430035,0.1070045259498337,-1.3308075944494142,1.757652015604198,0.2961995901885832
67.0,1.0,210.4702606201172,0.5101717811514016,2.89040836918715,-2.127266248374082,-0.7494071646312825,-2.734656829619832,0.4372584776701129,-0.8806355682414857,-2.6884584174157924,3.7313429502538416,-0.6596043852631119
67.0,1.0,279.501953125,-2.39061394863438,3.770235955963802,1.065162221612086,2.554655044575981,-3.125748078716157,-2.0777198559984944,2.386029530538248,-1.8269897876790484,3.185697529850403,-2.020322245365679
67.0,1.0,223.17333984375,1.665159145826527,4.356593767346425,-3.816993248359512,2.423291891595571,4.508531075150829,0.5345064578754384,-2.1206763916560485,4.4076378881147065,1.5061097092967983,0.9819159688892284
67.0,1.0,234.07351684570312,-0.0078752816113698,3.854500433136547,2.467564392086503,1.6852875173191302,2.0709479247695857,0.2374213384864241,-1.3561204507588718,2.0125339694519067,2.350475400084722,1.8795313989464777
67.0,1.0,225.56805419921875,1.784160917479081,3.901988616974153,-3.968718172214288,1.5232409133130098,1.067385053716448,2.0356438389649085,-1.8992159734365648,-1.6583965155836822,3.5919730936912173,-0.4660011969988247
67.0,1.0,212.9610290527344,-1.643436161356885,3.440683769486504,1.6205699320333355,0.7383960528771629,-0.0742966708400774,-2.513851680305282,0.9186513213813612,3.4914653002581586,-0.735720162540316,-1.4828248566288096
67.0,1.0,209.53952026367188,-0.7334491955382125,3.090417481638532,-3.258448023716665,-0.4209799954212307,-2.8222785711037,-2.6712534463340845,-0.3308653248277373,-2.0271577354616728,3.243591900915499,0.226732479659331
67.0,1.0,261.44012451171875,1.5634795851251468,-1.0755646609066845,4.263176073717606,-2.7238072388498544,2.4521063571137027,-1.1677388035532,1.564028968580192,2.413492066449307,2.905084269221809,2.707573822669524
67.0,1.0,200.5238342285156,2.2252818643686147,1.158270873457239,-4.213803660855914,-1.4932937179102796,-0.4827100774631914,-2.319803079574221,-0.6413685741357362,-0.6122004367376359,-1.3343227076018738,-3.247765153140608
67.0,1.0,175.38050842285156,-2.4642837833578564,3.831424569191464,-2.080512461904504,0.1346415385128945,-1.0097765894613353,0.0700274123379554,-1.5243064468864684,3.124998990947919,2.7420207601011306,-0.740550481798429
67.0,1.0,201.6471099853516,-1.2288964393099888,-0.3120340415075939,-2.6895078629840343,0.7131042746054632,-1.939333362974364,-1.947616188782148,-1.5664217110024563,0.1166545529595444,3.035318774594365,1.738748502768022
67.0,1.0,213.3749389648437,-0.3721108833611577,4.540498838189157,0.2356495877094637,1.9378868276358008,-1.8675399516704108,-2.3312490802623858,1.4307569170019736,0.7266109503411449,-1.5899118167547348,-0.0236939773069853
67.0,1.0,191.1076812744141,-1.052905482653709,1.1091935165075248,-2.8475596264350806,-0.509964719848538,-3.40941938387281,-0.327208051907391,-0.4042097599295724,-1.1954161934347,-0.0160484876699102,-2.4426506810642907
67.0,1.0,196.4510040283203,-1.2338357064484562,3.095839633521599,-2.3687714509142994,2.0227481380692223,-2.631214959761837,2.7540766066371365,-2.168270061670805,4.267266048173947,1.2787818725636095,-3.099779473145457
67.0,1.0,240.71383666992188,2.558382443344197,4.402056993227344,-3.994951392513376,2.845635489322465,-3.8612944646920617,3.1701136386877966,1.5825376105053857,-2.408702234653142,-2.8245606456157164,-0.2045936085284765
67.0,1.0,222.79281616210932,-1.1730950726129104,-0.1356267562518893,-4.0828791209126525,3.326540182058152,1.1177172002062,0.6521777578753791,-1.0729467549323113,1.1932510412908268,-0.7348767196170893,-2.694525837980537
67.0,1.0,213.58526611328125,-1.7717204298631837,-2.067698204712149,-1.3830804362431364,0.3094276759591094,0.631061619856844,0.3017095077467546,2.1695776312653816,4.166466544287124,1.9327262357894728,-2.714543708454549
67.0,1.0,210.2130126953125,-1.6613877130059815,3.810946122038466,-1.743704023193546,-0.7838540854429863,0.5440833544321713,-0.7666396567185108,-4.139515121000144,2.658147857276515,4.280430075559468,-2.0706628714766966
67.0,1.0,226.82867431640625,2.1281700221827613,-0.564661050338211,2.233007271019268,-2.8246488863644563,2.3269076234529784,1.3176886186804966,1.995518884443868,2.684371899623448,-0.824512013119949,-2.729719374063608
67.0,1.0,302.990478515625,-2.096246250598348,0.2642898664672666,0.5303566218903653,2.7315935438010506,2.4112531046852483,4.339809282784445,4.368281743498054,0.5723050668156602,3.2581313603630595,-3.908015834345191
67.0,1.0,169.2278594970703,0.8422363817668941,4.115318797292852,-3.478130459243344,1.039950206516283,-3.2868628221138425,4.284466227107123,1.2679532180315292,3.453556352640046,0.1463284645930964,2.239522952868537
67.0,1.0,186.63034057617188,2.962945910495616,2.317766217327541,-1.007027439261222,-1.082689829588186,-3.196300519248249,0.0664322653423966,-2.2039355878358693,3.836650632124332,-2.584109261786039,-3.028937825231562
67.0,1.0,228.93582153320312,-1.9217085775450216,-0.7224478592642849,-1.602534529875106,0.8788816011320253,-3.251968605023265,3.9122972816432817,2.681182158894404,-0.8215746415594922,3.76761188355951,1.052746223068989
67.0,1.0,242.2440490722656,-1.5868450421387723,-2.4836816735500413,-2.778830191444386,2.2060477218091883,2.0696566706208577,-0.6656809197644202,0.4266461973314595,1.35635588733832,-0.2213457420321236,-3.1185477632422463
67.0,1.0,249.4159240722656,0.9657387273038402,-1.7917027448229792,3.185398798851353,0.9823170920784756,-1.8893260054000247,-1.3937087885092894,-1.0287794183859749,4.400577549166145,0.3658300085400161,-2.456842328532754
67.0,1.0,290.55096435546875,1.5864585023563773,-1.208028909235007,3.649580041620432,2.121777620101444,-2.972196080291303,0.6658844715683605,-2.615114578440072,0.3525654725819853,3.10002227019852,-2.6091268979521267
67.0,1.0,230.6893615722656,1.1185351595968207,2.4226946564169936,3.200915952572739,-2.08398040636336,2.3864259458570904,3.001471661329566,-0.2202548313522241,2.954760507649768,3.937934254318596,0.0025190252845899
67.0,1.0,238.58270263671875,1.4817694828486612,-1.8469489317767056,2.827656155030091,-0.8041915571856837,-1.076606749477381,0.2314553081548251,2.650366699214344,1.4888532681060695,2.127878519754118,3.997532675602785
67.0,1.0,209.74664306640625,-1.329760982824105,-0.9557118549074222,2.1874144767066177,-0.0451385581886749,-1.4155345513469495,1.0802772568138868,-2.429010359559296,3.8110379831600505,-2.833213356705492,2.054469553991499
67.0,1.0,177.96238708496094,-0.7386207336946351,0.967643895214414,-1.0908581254169625,1.036645891003346,-1.6276514868308247,2.869713276238258,-0.8912200223134381,3.503447343293581,2.637475371539421,0.6185818531926159
67.0,1.0,229.89149475097656,-1.596617020108164,4.385947794209598,-1.8629110861574896,2.476303839591454,-4.184430022423854,-2.269470778505908,2.3511661765156258,-0.5073659400493038,-2.63001280097508,-0.3468710237729397
67.0,1.0,246.87789916992188,-0.7486425632933438,-2.653857369458545,-2.6567644667025854,2.719587285579262,-2.197936726476399,-0.152109610264242,3.2061744380180093,2.253390937069085,2.9690722128856297,-2.8163174127170603
67.0,1.0,235.9480743408203,-1.3197012708059035,1.3993272519231326,-0.8213110214300092,3.172626984682128,-3.5090238647084573,-0.4080527012274302,-0.4143960395584667,-0.1416557645303928,-3.4413202398411418,-2.345712969572016
67.0,2.0,172.37359619140625,0.5990553862038563,2.1693033989323336,-0.4620736710946538,0.6367024606804605,-0.6465382758866198,1.4691552377214865,0.3461281145685397,4.513487388748545,1.2519456616462392,-0.8717155955328941
67.0,2.0,210.9603881835937,-0.0600357711752765,-0.33628054205872,-4.958922367893216,2.1355753984565187,-2.883428862848888,1.773628781238165,1.651686948913294,-0.8676227719270031,2.3162307877304413,-0.1934538186021395
67.0,2.0,156.76283264160156,-0.5403017929693972,2.593333842451218,-2.7929822339945973,-0.4204948937216648,0.8482126953690923,2.0239215149075225,1.3821243553321434,3.73496892616344,0.7947791528526467,-0.195330752079301
67.0,2.0,164.79177856445312,1.1275252906775588,4.865854837292165,-2.0125462615379885,-0.2608660766799486,-2.778414643922016,1.366895688047613,-0.0361487210795077,4.8066419468971375,2.8977030039177536,1.5818857494453742
67.0,2.0,170.68276977539062,-0.1019456706441079,4.9982383983167855,-1.873639706683276,0.6154489202193361,-2.0225658913857165,2.0397572003835043,0.9239652346043172,1.798929625114556,1.072230267216355,-0.5278557523245597
67.0,2.0,239.6122894287109,0.5333723776955386,4.7100792681048365,2.537150803830252,1.909949615021853,-0.1049482133761294,-0.9548939051140496,0.5490809091286106,2.965379848503791,3.7609032745507136,-0.129403239508234
67.0,2.0,156.54359436035156,0.4842933340345672,4.166336582021507,-4.054651239382202,1.056974569180377,-1.1681392370906682,1.5664376152792014,0.3382847902246713,3.0379014832765927,-0.1781055257679216,1.3110382022624725
67.0,2.0,203.43934631347656,0.5895356360922781,4.670955651742861,-4.779836070251315,2.1198871065942804,-3.54215768418695,0.699957703630198,1.042966368454029,-0.3790128555492567,-0.2256897278284917,-2.125099683528802
67.0,2.0,186.2227325439453,-0.719280517763444,0.4786114494801992,-1.3251985363342742,1.982670835780041,-3.609909973069602,0.3844073415921416,0.2589799146509968,2.7151860045821747,1.3151187397118602,-0.301206894843648
67.0,2.0,157.6509552001953,0.7925865445797307,3.7418684997723695,-4.463009638890327,0.1275099857469783,-1.0230768923099731,1.238122244182031,1.5865500676974236,4.90961973479112,2.1376348974795403,0.9821058780364228
67.0,2.0,178.81369018554688,2.056491080348083,4.441226069099519,-2.570201414411539,-0.2779554282028602,-3.5150492391600103,4.330061145431878,1.3569620329108372,0.5001831919050712,0.7712048019220415,0.6645198614061589
67.0,2.0,185.6320343017578,-0.9647749705591036,4.67743608572801,-0.5699875068292644,1.988196553576277,-1.4081069296044515,1.7401298673637546,0.5822841161833126,3.894620603278513,1.8315471011683249,0.94840223621863
67.0,2.0,169.6761474609375,-0.0907473142743873,3.579241661104069,-1.9105204237590168,1.644284435904307,-2.625304573286704,1.9128047624536133,-0.1258922214825421,3.102416662979744,1.5475701268510047,0.8192132140801999
67.0,2.0,174.56129455566406,-0.0384572312983316,2.454497214809161,-3.442380023158748,0.1996031132115319,-2.245587527883613,4.939821525527884,0.5042018124794139,3.8917966406624895,2.2631179604503515,-1.5704722810965437
67.0,2.0,162.64898681640625,0.0237580390996474,-0.8088328821517194,-2.988952492959355,-0.5132609066928087,-0.3897498805692709,3.4254288292689856,-0.8054733565757928,2.736616706113076,0.2475614646858301,1.02344891666724
67.0,2.0,177.0087890625,-0.5726862628790192,4.208843968459709,-2.90134735810976,1.1252031397420654,-2.968832873728023,1.0939944279818017,0.1387666164761078,3.7112233942409385,2.9699068996824542,-1.3274167407673638
67.0,2.0,166.08604431152344,-0.0636290139605211,3.647103466316878,-2.3044332392059608,0.2774225918252778,-2.765452880510328,1.3616864409192575,2.035592768492219,0.6691924055505858,0.0163786540132986,1.3074397196867122
67.0,2.0,191.40914916992188,1.5136583173631095,4.89040836918715,-4.127266248374082,1.2505928353687177,-3.198443500907593,2.437258477670113,-0.9551615068956404,-0.6884584174157924,1.7313429502538424,1.340395614736888
67.0,2.0,201.9058990478516,-0.39061394863438,4.542495145324854,-0.934837778387914,0.6886696696180841,-4.419988617757481,-0.0777198559984944,1.9040508734021664,0.1730102123209516,1.1856975298504029,-1.833454668721846
67.0,2.0,191.1480255126953,-0.0314879492458339,3.746428799005062,-4.25983155822269,2.237712286631332,2.508531075150829,2.5345064578754384,-0.1206763916560484,3.897787549383529,0.9788913018583728,-0.0834881625979337
67.0,2.0,177.35040283203125,1.2180823322084202,3.96887859409256,0.4675643920865031,0.4697166268787536,0.0709479247695856,0.4557492762450288,0.6438795492411282,4.012533969451907,0.3504754000847221,1.0778992928433164
67.0,2.0,177.44781494140625,0.2190628929878906,3.761406625305556,-3.668904290274393,1.3857669798093115,-0.932614946283552,2.7479382807238046,0.1007840265634354,0.3416034844163178,1.591973093691217,0.8756920874541438
67.0,2.0,176.05943298339844,0.3565638386431149,4.93128474564566,-0.3794300679666644,-0.2425776114540574,-2.074296670840077,-0.5138516803052822,0.2927587793039765,4.572100723814759,0.787125953957506,-1.7902553202736893
67.0,2.0,198.97462463378903,1.2665508044617877,4.971938295231141,-4.746504421351969,1.5790200045787692,-4.822278571103699,-0.6712534463340845,0.5658642642478238,-0.0271577354616727,1.243591900915499,-0.2373897337846191
67.0,2.0,212.00787353515625,0.7915535232766789,0.9244353390933155,3.608499804343108,-0.7238072388498544,0.4521063571137027,0.8322611964468001,0.7683719555002981,4.327672338719026,1.1158437750162375,2.174188425195282
67.0,2.0,165.99380493164062,0.2252818643686147,3.158270873457239,-3.917407676192318,0.5067062820897204,-2.4827100774631914,-0.3198030795742208,-1.3417927895768913,1.387799563262364,0.1799755986945312,-1.247765153140608
67.0,2.0,169.14466857910156,-0.4642837833578563,4.336983923610814,-2.4931059125348805,1.7280514616796694,-3.009776589461336,2.0700274123379554,0.4756935531135315,4.973551678208418,0.7420207601011306,1.259449518201571
67.0,2.0,178.8798828125,0.7711035606900112,1.687965958492406,-3.385565107655472,2.311788775391594,-3.669616765168573,-0.0754818267918615,-0.6109682877029725,2.1166545529595444,1.0353187745943648,1.4365757324535076
67.0,2.0,190.1206970214844,-0.4816941096583973,4.755386923602137,-1.7643504122905362,2.764144345182536,-3.8675399516704094,-0.3312490802623857,0.1414654755169553,2.726610950341145,-0.1136774299185137,1.9763060226930147
67.0,2.0,180.75421142578125,0.2003987512546352,2.9803672023763825,-4.051440891179386,1.490035280151462,-3.9359214151700295,1.5600901603089508,1.5957902400704276,0.8045838065652999,1.5389686844582604,-0.4426506810642907
67.0,2.0,168.81900024414062,0.7661642935515438,3.993129398901365,-4.368771450914299,0.5558101782652147,-1.5430030650197517,4.096404474365495,-0.168270061670805,4.804816064756681,1.6168987790224671,-1.0997794731454569
67.0,2.0,190.3965301513672,0.6657458905380422,4.9871786463890935,-3.3095984005753096,0.8456354893224649,-4.133746633510796,3.7366479805402593,1.6258984946455703,-0.4087022346531421,-1.2434243063739228,1.7954063914715237
67.0,2.0,205.4486694335937,0.8269049273870896,1.8643732437481104,-4.784547727949298,3.489663709357509,1.3838948889970863,2.65217775787538,0.9270532450676888,2.7058904733782208,1.2651232803829109,-0.694525837980537
67.0,2.0,178.7301483154297,0.2282795701368165,-0.0676982047121494,-3.0976393015364048,1.7971900444693665,-1.368938380143156,2.301709507746754,0.899929649491578,4.110676037604778,1.499833841674452,-0.7145437084545492
67.0,2.0,180.79188537597656,0.3386122869940184,3.6369866957603367,-3.184199676146804,1.2161459145570137,-1.4559166455678287,1.2333603432814892,-2.1395151210001435,4.443694945675802,2.280430075559468,-2.278702545252232
67.0,2.0,187.76516723632807,0.1281700221827613,1.435338949661789,0.2330072710192681,-0.8246488863644563,0.3269076234529784,3.3176886186804966,0.049472118032984,4.57633390590849,1.175487986880051,-2.8290339319535227
67.0,2.0,200.32595825195312,-0.0962462505983481,2.2642898664672666,-1.4696433781096347,0.7315935438010506,0.4112531046852483,4.256978412382363,2.368281743498054,2.57230506681566,2.454068289572516,-2.339813536181922
67.0,2.0,169.2278594970703,0.8422363817668941,4.115318797292852,-3.478130459243344,1.039950206516283,-3.2868628221138425,4.284466227107123,1.2679532180315292,3.453556352640046,0.1463284645930964,2.239522952868537
67.0,2.0,162.58811950683594,0.9629459104956162,3.447600572744788,-2.4619677515995453,0.917310170411814,-2.999579469563871,2.0664322653423968,-0.2039355878358693,3.8649850958007015,-0.5841092617860388,-1.0289378252315622
67.0,2.0,183.2579803466797,0.0782914224549782,1.277552140735715,-3.602534529875106,1.0064459621315087,-4.514486928079426,3.8081347389254887,1.673435017727437,1.1784253584405078,1.8302212609330817,1.8719641626509973
67.0,2.0,207.11300659179688,0.4131549578612277,-0.4836816735500413,-4.270249243560363,2.0297998577230567,0.3864474808874794,1.3343190802355798,-0.2461420630392692,3.35635588733832,1.6032697579596606,-3.621936741315349
67.0,2.0,200.2217712402344,-0.4089611411397025,0.2082972551770208,1.1853987988513528,1.6391479559434772,-1.867590669905367,0.4504453453060295,-0.1200182850581721,3.984770050860928,1.4870917200737332,-0.4568423285327538
67.0,2.0,205.1997985839844,-0.1376163755383679,0.7919710907649931,1.6495800416204318,1.1110947750366562,-3.2976347123261305,2.6658844715683605,-0.615114578440072,2.3525654725819853,1.479110159793804,-0.9896695808394724
67.0,2.0,204.27847290039065,-0.4792722047883322,3.996680459853321,2.0575655753581,-0.0839804063633593,0.3864259458570904,3.9675694181369168,-0.1556436560382454,4.954760507649768,1.937934254318596,-0.2696607044676558
67.0,2.0,199.9491577148437,1.7249082885314522,0.1530510682232941,0.8276561550300912,1.1958084428143163,-2.19697343724485,2.231455308154825,0.6503666992143433,3.488853268106069,2.747714521861689,2.0444378282229207
67.0,2.0,179.31768798828125,0.6414199255039077,1.0442881450925778,0.1874144767066177,1.2273224975510209,-2.155745755382392,3.0802772568138868,-0.429010359559296,4.415016592140178,-0.8332133567054916,0.9274527400854616
67.0,2.0,177.96238708496094,-0.7386207336946351,0.967643895214414,-1.0908581254169625,1.036645891003346,-1.6276514868308247,2.869713276238258,-0.8912200223134381,3.503447343293581,2.637475371539421,0.6185818531926159
67.0,2.0,183.5380859375,0.403382979891836,3.664905951232437,-3.8629110861574896,2.749490769756687,-3.35656266440747,-0.2694707785059078,0.3511661765156257,1.4926340599506962,-0.6300128009750798,1.6531289762270602
67.0,2.0,174.76954650878906,1.2513574367066562,-0.653857369458545,-2.252879334972726,0.7195872855792622,-2.7358497213674644,1.847890389735758,1.2061744380180093,4.253390937069085,0.9690722128856296,-0.8163174127170603
67.0,2.0,171.7603302001953,0.4348068322276537,3.399327251923133,-2.821311021430009,1.172626984682128,-3.546787020634022,-0.0715033966615562,0.1536688177446914,1.8583442354696071,-1.4413202398411418,-1.085906400666388
67.0,3.0,172.37359619140625,0.5990553862038563,2.1693033989323336,-0.4620736710946538,0.6367024606804605,-0.6465382758866198,1.4691552377214865,0.3461281145685397,4.513487388748545,1.2519456616462392,-0.8717155955328941
67.0,3.0,172.54823303222656,1.357902023635114,1.66371945794128,-4.3950068974724426,0.9598295119072612,-1.19809202112366,2.3545247541584047,2.673602774425344,1.132377228072997,0.3162307877304413,1.8065461813978605
67.0,3.0,156.76283264160156,-0.5403017929693972,2.593333842451218,-2.7929822339945973,-0.4204948937216648,0.8482126953690923,2.0239215149075225,1.3821243553321434,3.73496892616344,0.7947791528526467,-0.195330752079301
67.0,3.0,146.25108337402344,-0.8724747093224412,4.790474815791452,-4.012546261537988,-0.9942383687209556,-1.8016714412522528,2.66823914773252,-0.5092304641185467,4.057573530471685,0.8977030039177536,1.822331364559198
67.0,3.0,153.24424743652344,-1.059280661453322,4.6155858540926,-3.873639706683276,0.0136811615819398,-0.0225658913857165,2.0355595303504024,-0.903142940263714,3.798929625114556,-0.72304450034403,1.4721442476754405
67.0,3.0,193.09295654296875,0.9119886254050676,4.901524600563993,0.5371508038302522,1.6626596493472603,-2.104948213376129,1.0451060948859503,1.2646343634374977,4.204845209822217,1.7609032745507136,1.870596760491766
67.0,3.0,156.54359436035156,0.4842933340345672,4.166336582021507,-4.054651239382202,1.056974569180377,-1.1681392370906682,1.5664376152792014,0.3382847902246713,3.0379014832765927,-0.1781055257679216,1.3110382022624725
67.0,3.0,181.8183441162109,1.30889270419366,4.909977141604091,-4.755264492755715,1.2506574377605553,-4.63892946915623,2.699957703630198,1.1448920625970087,1.620987144450743,1.0040838367338127,-0.125099683528802
67.0,3.0,161.94212341308594,1.280719482236556,2.478611449480199,-2.1083275481135133,-0.0173291642199586,-2.2002748520722752,2.2203599229852924,1.5065832330624591,1.7730677241554216,-0.6298507135605511,-0.8158575666454281
67.0,3.0,157.12261962890625,1.7613277290891118,4.99103350324226,-4.670042007016434,-0.1777541461319245,-2.407139587004983,2.6483656324262213,1.1830565825146293,3.2698371395201247,0.1376348974795402,0.0209229349772143
67.0,3.0,178.38763427734375,0.0564910803480831,4.847663996761533,-4.459682721317186,1.7220445717971398,-4.097561335197021,3.431047425409136,0.5393560637889587,2.500183191905071,0.6187703583067935,2.6429529538356764
67.0,3.0,168.36314392089844,0.8851984481413862,4.949137252347324,-2.569987506829264,1.1419821243958483,-2.114282978037594,2.842899328499509,1.5873334015889693,2.68467034245925,-0.1684528988316751,1.3824291593135491
67.0,3.0,162.57357788085938,-0.3313044028932247,4.634957608141844,-3.910520423759017,0.8744260331793923,-0.6619542431771201,2.695862124503093,-0.2977385104080551,2.085403613811081,-0.4524298731489953,2.3253510952077674
67.0,3.0,174.56129455566406,-0.0384572312983316,2.454497214809161,-3.442380023158748,0.1996031132115319,-2.245587527883613,4.939821525527884,0.5042018124794139,3.8917966406624895,2.2631179604503515,-1.5704722810965437
67.0,3.0,162.64898681640625,0.0237580390996474,-0.8088328821517194,-2.988952492959355,-0.5132609066928087,-0.3897498805692709,3.4254288292689856,-0.8054733565757928,2.736616706113076,0.2475614646858301,1.02344891666724
67.0,3.0,177.0087890625,-0.5726862628790192,4.208843968459709,-2.90134735810976,1.1252031397420654,-2.968832873728023,1.0939944279818017,0.1387666164761078,3.7112233942409385,2.9699068996824542,-1.3274167407673638
67.0,3.0,164.25933837890625,0.1816164157283599,4.880550886967713,-2.094616430677675,0.4123862230974039,-2.312840300987087,1.36889652280261,2.349749995746888,2.669192405550586,-1.1273800768038156,1.9351244277481268
67.0,3.0,187.7997436523437,1.86923368061658,4.967587913334812,-4.408052315471579,2.468774511270274,-1.3218311373824063,2.3176168585106343,1.0448384931043595,1.3115415825842076,-0.2686570497461575,2.5364506404191887
67.0,3.0,156.5380401611328,1.60938605136562,4.690357242080031,-2.934837778387914,-0.1564824458144267,-2.9655320857147784,1.9222801440015056,-0.0959491265978336,2.173010212320952,-0.8143024701495971,0.1665453312781539
67.0,3.0,172.1897430419922,-0.1494431565183299,3.5556484530744146,-4.386537342248315,1.072828687525928,0.8448640828757641,3.7462579541244105,1.529028551218241,2.582099252590414,-0.7939667448123242,0.4724369488673311
67.0,3.0,169.76446533203125,1.9055155351479296,4.986121923833396,-1.5324356079134969,0.7621470151963899,-1.8943996828637475,1.1846468085415414,1.610055798190574,4.798273895506371,-1.2259779174094458,0.9444880889047148
67.0,3.0,161.0254364013672,-0.295675368167847,3.925939518089172,-3.893877468998668,1.1354539695477104,-2.2503151345250823,1.0096677615826437,1.3302742833241228,2.09792233703522,-0.4080269063087827,2.0649391591614403
67.0,3.0,153.38323974609375,1.6834459419144971,4.678500469813767,-2.3794300679666645,-0.8400355641521954,-2.7685235637838232,0.9503644435458364,-0.0622627099605088,3.6369856483015264,1.3633738471310362,0.2097446797263107
67.0,3.0,178.71482849121094,2.1682321563905984,4.77862007692187,-4.518084226954603,1.875962062204661,-2.8222785711037,1.3287465536659155,0.8156425583251262,1.9728422645383272,-0.756408099084501,-0.3618142076735169
67.0,3.0,189.1032257080078,0.2030195574437325,2.9244353390933155,1.6084998043431078,1.2761927611501456,-1.5478936428862973,2.426657989882072,-0.3823066632440477,4.319881799721189,-0.8841562249837625,1.565412451199517
67.0,3.0,165.99380493164062,0.2252818643686147,3.158270873457239,-3.917407676192318,0.5067062820897204,-2.4827100774631914,-0.3198030795742208,-1.3417927895768913,1.387799563262364,0.1799755986945312,-1.247765153140608
67.0,3.0,169.14466857910156,-0.4642837833578563,4.336983923610814,-2.4931059125348805,1.7280514616796694,-3.009776589461336,2.0700274123379554,0.4756935531135315,4.973551678208418,0.7420207601011306,1.259449518201571
67.0,3.0,178.8798828125,0.7711035606900112,1.687965958492406,-3.385565107655472,2.311788775391594,-3.669616765168573,-0.0754818267918615,-0.6109682877029725,2.1166545529595444,1.0353187745943648,1.4365757324535076
67.0,3.0,165.01687622070312,0.4653712620735458,3.9456797147204825,-3.764350412290536,1.4521568396735265,-4.045866583405991,1.6687509197376142,-0.5360591820723326,4.307764114961361,0.7885401433449812,1.9518377637023048
67.0,3.0,180.75421142578125,0.2003987512546352,2.9803672023763825,-4.051440891179386,1.490035280151462,-3.9359214151700295,1.5600901603089508,1.5957902400704276,0.8045838065652999,1.5389686844582604,-0.4426506810642907
67.0,3.0,159.99765014648438,1.768458468375462,4.793883456605922,-4.793780554240811,-0.0201572552428004,-0.7763184883125511,2.096404474365495,1.080923379236551,2.896499187074787,1.540478350411802,0.9002205268545431
67.0,3.0,167.31016540527344,-0.7143756682164031,4.969735824234902,-3.9464846801455815,-0.0398605199848483,-2.133746633510796,4.013378593781497,0.8000977288854719,0.9595047358954628,0.2055413916819459,2.329490783409895
67.0,3.0,170.2486572265625,1.4450087447216018,3.864373243748111,-4.889270975350216,1.489663709357509,-0.6161051110029137,2.620128622394655,2.023983177373711,3.9624375638742415,0.8167666925336288,1.305474162019463
67.0,3.0,177.98475646972656,1.8447648120179825,1.9323017952878505,-4.244091949690096,2.461704465108803,-2.520739483658615,3.4698975813529627,-0.0173387879675072,2.796441553650524,-0.5001661583255479,1.2854562915454508
67.0,3.0,180.4107666015625,1.6801720558486852,4.197939589564299,-4.701391205673709,2.429838030910634,-2.585753427718082,2.9290841750518566,-0.9023755955456644,4.178714005755319,0.7371134031717124,-0.2787025452522318
67.0,3.0,174.85107421875,-0.7980597157149041,3.435338949661789,-1.766992728980732,1.1753511136355437,-1.6730923765470216,1.5916451471686703,-0.8402632152335318,4.893495025061156,0.8748897208694639,-2.061897150150544
67.0,3.0,155.4756622314453,1.8055762671640592,4.264289866467267,-3.4696433781096347,0.0657097960690428,-1.5887468953147517,2.256978412382363,0.3682817434980538,4.464331865184683,0.5863453004129044,-0.3398135361819219
67.0,3.0,159.77099609375,-0.1661549998274409,4.4402836793161375,-3.188334188510696,0.9225364729552152,-2.5253306242799898,2.86613735958671,-0.7320467819684708,3.099600231388657,0.4988689283605804,1.1926237518120926
67.0,3.0,162.58811950683594,0.9629459104956162,3.447600572744788,-2.4619677515995453,0.917310170411814,-2.999579469563871,2.0664322653423968,-0.2039355878358693,3.8649850958007015,-0.5841092617860388,-1.0289378252315622
67.0,3.0,164.6584930419922,1.908419725610766,3.277552140735715,-4.871448700837456,1.1301624721435302,-2.5144869280794264,3.719109125791597,-0.3265649822725629,3.178425358440508,-0.1697787390669183,1.747081104781122
67.0,3.0,173.5843505859375,1.642481213246015,1.516318326449959,-4.855991116984577,0.670315774295668,-1.6135525191125206,2.639707003891201,-0.5197731335490711,4.326559177426722,2.602928030801369,-1.6219367413153485
67.0,3.0,174.18093872070312,-0.4053141303013261,2.208297255177021,-0.8146012011486472,1.302875352977338,-1.044969801858655,2.213861724802668,1.1949872167695927,3.192540488729838,1.641244300048277,1.0748379453464827
67.0,3.0,167.34832763671875,-0.1491013000408325,2.791971090764993,-0.3504199583795682,0.4084238901295238,-1.2976347123261305,3.17324274069376,0.6264694565548723,4.352565472581985,0.2261878182341794,0.0287060028034502
67.0,3.0,183.16213989257807,-0.212685195676746,4.98544006667551,0.0575655753580992,1.6888697843712557,-1.6135740541429096,1.9675694181369168,0.2908867618518659,4.833523424019827,-0.0620657456814037,1.7303392955323442
67.0,3.0,188.62985229492188,1.4854534644465265,2.153051068223294,-0.6018156957462519,2.293025862150953,-2.619476681968311,3.272358091074187,-0.610284192664382,4.007751087467934,0.977267428169686,0.0444378282229207
67.0,3.0,179.31768798828125,0.6414199255039077,1.0442881450925778,0.1874144767066177,1.2273224975510209,-2.155745755382392,3.0802772568138868,-0.429010359559296,4.415016592140178,-0.8332133567054916,0.9274527400854616
67.0,3.0,167.52700805664062,-0.0809303651634258,4.378205536195248,-3.894454096446081,1.7345898752374571,-1.6276514868308247,3.162264536328664,0.2962258568873794,2.68712039548849,0.004145178014927,1.4053913925736128
67.0,3.0,173.00025939941406,1.7768694049178757,3.860513004751685,-4.596739687703142,2.139633805411485,-1.3565626644074706,1.7305292214940922,-0.8783813196573647,3.492634059950696,0.9933289403372088,2.3074868889403453
67.0,3.0,151.0072479248047,1.4398874878405747,1.346142630541455,-4.252879334972726,0.0573531767383637,-2.7755577771004,2.6075337855379166,-0.7938255619819907,3.80751196372592,-1.0076051294941977,1.1836825872829395
67.0,3.0,150.90802001953125,1.5493079595721155,4.702746586494493,-4.8213110214300094,-0.2614035303407336,-1.5467870206340222,0.982079483968214,0.7817907027893181,3.8212631689940713,0.5586797601588582,0.914093599333612
67.0,4.0,148.58106994628906,-0.2469207601235317,1.6291599103865426,-4.462073671094654,0.2758964006235063,-2.5716565555120368,1.081852733180004,-0.4371258105223292,4.427149971721451,0.378624318342641,0.7857543740398969
67.0,4.0,145.7917022705078,-0.642097976364886,3.66371945794128,-4.005219184565323,-1.040170488092739,-0.8255854993027993,3.1590392573821746,0.6736027744253437,3.132377228072997,0.0415945575707459,2.5714662771789945
67.0,4.0,156.76283264160156,-0.5403017929693972,2.593333842451218,-2.7929822339945973,-0.4204948937216648,0.8482126953690923,2.0239215149075225,1.3821243553321434,3.73496892616344,0.7947791528526467,-0.195330752079301
67.0,4.0,146.25108337402344,-0.8724747093224412,4.790474815791452,-4.012546261537988,-0.9942383687209556,-1.8016714412522528,2.66823914773252,-0.5092304641185467,4.057573530471685,0.8977030039177536,1.822331364559198
67.0,4.0,143.6021728515625,-1.18836558921505,4.552988853334077,-4.825601138380469,-1.98631883841806,-0.6297262793927234,2.271953103108996,-1.021815738501609,4.59277256172549,-0.6813641152036445,2.616260324476149
67.0,4.0,175.37451171875,-1.0880113745949325,4.807127203291025,-1.4628491961697478,1.537756706690879,-2.700368400571059,1.9625868083588216,1.284296492144204,4.441994656208085,0.4794210098983948,2.601495098346464
67.0,4.0,150.7245635986328,-0.0686647802528624,4.980766064633851,-4.467104514150149,-0.9430254308196232,-2.887216160370856,3.2057195012346007,-0.6462155204922706,3.2985232990025093,1.0403549248317707,2.0948964414790705
67.0,4.0,160.12986755371094,-0.5221026832188014,4.769689972381828,-4.467666799114883,0.252242512946093,-2.6389294691562304,3.444383795022797,-0.8551079374029913,3.168983464254435,1.4606907342100093,1.874900316471198
67.0,4.0,147.202392578125,-0.3689849787895656,4.4786114494802,-4.108327548113513,-1.381737149089853,-1.0193006647420828,3.5935797690797737,-0.4934167669375406,3.7730677241554216,1.166523132409418,1.1841424333545718
67.0,4.0,146.64292907714844,-0.2386722709108881,4.992686654353928,-3.7173088431177472,-1.385033891007946,-2.243910930570288,3.196425368723765,-0.8169434174853707,2.8880254164274284,0.0572872857006955,2.0209229349772144
67.0,4.0,170.93997192382812,-1.9435089196519169,4.952244984964172,-4.988138236958398,1.145459198518112,-3.5821501175106536,2.561424620665844,-0.8817078984840505,4.500183191905071,0.870161876132765,2.492106215040371
67.0,4.0,152.21209716796875,1.4594595023532957,4.886600856618843,-4.239472950430871,-0.8580178756041517,-2.287825932400844,3.1568764793001782,-0.4126665984110307,2.860422229660497,1.105547757526656,1.64616223598981
67.0,4.0,155.9356231689453,-0.4284616142378995,4.822335617787107,-4.678515897327109,-0.216382444040204,-0.4763490684722844,2.959021237999849,-0.6969361364128412,2.6477092375295763,-1.0098126027499863,2.692687353258213
67.0,4.0,162.25381469726562,-1.051629514052952,2.3691761835519305,-3.178428201700035,1.476025847789785,-1.3201581243503728,2.4665934586798777,0.7315487225577507,3.864439619966773,0.2899315275245743,2.278104883670202
67.0,4.0,149.76307678222656,0.0237580390996474,3.191167117848281,-2.8584576519430485,-0.5132609066928087,-0.3897498805692709,3.4254288292689856,-0.4339067068203577,4.508348635286065,0.1821536003685631,2.0344489445877847
67.0,4.0,150.39108276367188,-0.5726862628790192,4.338247134923542,-4.647954909052746,-0.757455996027685,-2.968832873728023,0.7303597065462046,-0.6246657729626084,4.010014326997672,2.1860109464034787,1.295470327911305
67.0,4.0,149.79151916503906,0.1521485196850493,4.884396997256688,-4.094616430677675,-0.5288676142767065,-1.8485380770224653,3.0050146587021427,0.9405622922973218,4.669192405550586,0.0046311701200676,2.057921236600702
67.0,4.0,158.32371520996094,-0.1307663193834198,4.982502464680095,-4.827820058617294,0.4687745112702739,-1.3196737078403142,2.8906159494735792,-0.4666804169999299,2.485944697741997,-0.1522819087963368,1.8200983092104
67.0,4.0,150.2046356201172,0.4454373104267892,4.824554266934002,-4.1905337110000005,-1.2691207343870372,-2.26243515866226,3.7378757962235554,-1.474001252691273,3.091300296722771,0.5953826818228483,1.6225262118590915
67.0,4.0,152.5739288330078,-1.4903913204012946,4.20220070519283,-3.954981408880936,-0.927171312474072,-0.6345188277115659,3.621373615655745,1.295572282261543,4.582099252590414,-0.0554468336998456,2.472436948867331
67.0,4.0,153.41358947753906,1.013440515306784,4.994066468743863,-3.532435607913497,-0.6808083925387779,-2.6244869096175085,3.184646808541541,1.494107079642616,3.8564811486264654,-1.5799294269282544,1.184864593782612
67.0,4.0,146.1449737548828,-1.101370703147483,4.090321162898045,-4.123563782762062,-0.7983613523559303,-1.9574364433868687,0.3845069272255693,1.5163624208173565,3.2200286831940543,-0.8898852787978797,2.07545711318537
67.0,4.0,144.10816955566406,-0.3165540580855028,4.701498766891401,-4.356284228639915,-1.281143735643637,-2.136787328627461,2.07552389429504,-0.6055988698774606,3.615633050757223,1.140290817668419,2.2097446797263105
67.0,4.0,152.91302490234375,0.9556537107431546,4.727075741875338,-4.389589590832381,-0.1240379377953386,-1.3498179225745015,3.3287465536659155,0.0665778750059585,3.928504674099698,-0.3026575199836487,0.4223106732631443
67.0,4.0,181.1585235595703,-1.0416404665566437,4.924435339093316,-0.3915001956568922,1.5305141630056047,-2.353889732475815,3.0636430093310336,-1.062382411081639,4.272902702578678,-0.225431728703314,1.38746525322295
67.0,4.0,148.32583618164062,-1.2307214492072096,3.4548294319876653,-4.0338166521600005,-0.1150532928453171,-2.1293250489168427,2.6644309590323174,-1.3417927895768913,3.983915107338367,0.1589931013879263,1.4036585898393097
67.0,4.0,168.35557556152344,-0.97104732380072,4.526176135060879,-2.4931059125348805,1.488434314128456,-1.5537635193724562,2.5608255987543256,-0.2989983772951485,4.956618446970376,0.7420207601011306,2.218599024648522
67.0,4.0,152.31980895996094,-0.1158670413079558,2.217470219523199,-3.7161734007617184,0.4843791531576045,-2.2184279359812304,2.729685155353164,-0.8803015699804673,3.509265391263491,0.3921039640419099,2.4113685141383936
67.0,4.0,151.34620666503906,-0.9425208631714218,3.9461533327284486,-4.612140864296922,-0.5478431603264737,-2.045866583405992,3.6687509197376142,-0.7461613674011323,4.657925198583044,1.140109666943635,1.7082457867305505
67.0,4.0,159.7220458984375,-0.553034939511656,2.9803672023763825,-3.6735121367447503,0.4580981905600105,-2.17386604866854,2.207821595962888,0.7272927434873369,1.6217755945771597,1.70071987928213,2.0874334098201923
67.0,4.0,147.68295288085938,-0.2315415316245379,4.821851394072302,-4.79157934800085,-1.0559254122305937,-0.8552898854176787,1.3632980077109973,1.4129256163593902,4.239192741553886,0.8873524173604583,2.072817928786234
67.0,4.0,156.35133361816406,-1.48974417268796,4.88895642000096,-4.254655437105479,-1.4059998104614777,-1.3676504513462833,3.8655940908400224,-1.199902271114528,2.9595047358954627,1.8668723239142504,1.5529988870977298
67.0,4.0,157.10357666015625,0.5781081591888922,4.763902193347534,-4.477884146458039,0.024664149325186,-2.6161051110029137,2.621837411364301,1.7550041968881824,4.495790623025812,0.7082162097271456,2.543416574815794
67.0,4.0,157.29397583007812,1.888758371086164,2.877023288392882,-4.30324773346239,0.4617044651088031,-1.6462629132333346,3.293296089514978,-0.951468725736502,3.0746552049657483,-0.991849455608371,2.198502390084222
67.0,4.0,157.6415557861328,0.6487943595153223,4.702190784827973,-4.99979461212737,0.5458204089934733,-2.672865231169717,3.155997102842988,-0.2790692838729836,4.05004024634666,0.2758380995104627,1.7212974547477682
67.0,4.0,172.5752410888672,-1.18248203106922,4.679665603429356,-3.766992728980732,1.1852709244493518,-2.5182797648003383,2.9547300625197925,-1.0861738291554994,3.779335965377816,0.7618165333058817,-1.5376381607204763
67.0,4.0,146.89175415039062,2.4210589588535205,4.488267365289983,-4.909125540084773,-1.8653361592643385,-2.703924969790669,1.6335410310380234,-1.631718256501946,4.493440695644281,0.080946908472235,0.8935054516372474
67.0,4.0,146.75096130371094,-1.0054611073615691,4.591466910752728,-3.537323273863293,-1.0774635270447848,-2.228323679888024,1.9746986085996,-1.298023613958025,4.582169531368745,1.2494336498174854,1.3351572645400314
67.0,4.0,162.58811950683594,0.9629459104956162,3.447600572744788,-2.4619677515995453,0.917310170411814,-2.999579469563871,2.0664322653423968,-0.2039355878358693,3.8649850958007015,-0.5841092617860388,-1.0289378252315622
67.0,4.0,149.56126403808594,-0.091580274389234,4.635803358380329,-4.492259553330452,-0.1990938159142095,-1.3248291430365184,2.137316080241563,-1.3691015884531217,4.675249579262003,0.1142541382083668,1.7428805143282098
67.0,4.0,143.98866271972656,0.6708789283546011,3.5163183264499587,-4.524690876949817,-1.1504814365679354,-2.43150892999196,3.162118686012021,-0.6085565804498738,4.278868227556736,0.7885430028384728,0.3780632586846515
67.0,4.0,151.68994140625,-0.5592198843165325,4.019350943340308,-2.814601201148647,-0.697124647022662,-1.0519932427644614,3.3980767852725933,-0.8050127832304073,3.5982189760607235,0.5710454224419816,2.9043742129403523
67.0,4.0,150.86526489257812,-0.7780859686980195,4.429310013552758,-2.350419958379568,-0.6298411618624147,-0.958440997434806,2.9636281371021007,0.3874317833830099,4.6836192874979705,0.1920927408326362,0.8362058133502333
67.0,4.0,163.32574462890625,-1.156237737822562,4.984019706645006,-1.9424344246419007,0.6520656715727524,-2.608552910755087,2.242959095189549,0.3615630755781513,4.371567227035687,-0.0453196849889855,2.584055958064838
67.0,4.0,176.691650390625,-0.3510299424360834,4.153051068223294,-2.601815695746252,2.2839079473731454,-2.517640986722068,2.6932777486565547,-0.937517597503834,4.222364126626856,0.2881006244671587,-0.4676557626271046
67.0,4.0,149.1385040283203,-0.285435140440951,3.1164806761213706,-3.8125855232933823,-0.1501755836357787,-2.3474379405861656,3.713080012607524,0.4491534935720723,4.405760699797841,-0.8365968838923328,1.3428683362670188
67.0,4.0,155.9088897705078,-1.848475058099951,4.955167669882004,-4.254229669035384,-0.2654101247625426,-1.0289339126578678,3.104435629636182,0.0715608459029177,2.997457525121039,-0.3048512093951417,2.325120339236588
67.0,4.0,161.43275451660156,0.081504074302996,4.749254999201553,-4.683908500690059,0.1396338054114849,-1.369538717488884,3.730529221494092,-0.7886206476414985,4.867430267223956,1.5896005431082312,2.274942266028356
67.0,4.0,141.6792755126953,-0.5601125121594253,3.294962759724793,-4.604994405571158,-1.3121955424839422,-2.4348670861635187,2.9872582934177765,-1.426513508435049,3.991717534976725,-0.0202272500779059,1.9473581678804173
67.0,4.0,150.90802001953125,1.5493079595721155,4.702746586494493,-4.8213110214300094,-0.2614035303407336,-1.5467870206340222,0.982079483968214,0.7817907027893181,3.8212631689940713,0.5586797601588582,0.914093599333612
67.0,5.0,141.0054931640625,-1.1136525286916394,3.629159910386543,-4.7085211648752,-1.7241035993764935,-2.626842756611029,2.136226795439973,-1.6324366715270382,4.302410550298519,0.458222189859548,2.0211664716395035
67.0,5.0,143.05758666992188,-1.3565049822676212,4.043871679634108,-3.8847375890011433,-2.211522754210004,-1.6047238197402651,3.4630167620593366,-1.19382114842098,4.135868181489645,-0.1248229914350816,2.520846911321823
67.0,5.0,144.16726684570312,-0.039754952062315,2.877882282349071,-4.360363823607386,-2.420494893721665,0.8341213466692644,2.73885404044214,-1.431608952616886,3.458085924601072,0.1308072242143818,0.5070657861553434
67.0,5.0,146.25108337402344,-0.8724747093224412,4.790474815791452,-4.012546261537988,-0.9942383687209556,-1.8016714412522528,2.66823914773252,-0.5092304641185467,4.057573530471685,0.8977030039177536,1.822331364559198
67.0,5.0,141.7392120361328,-0.6156470339408071,4.0109192399739815,-4.959790604568825,-2.2467731203931485,-1.738310649206579,2.805436921019852,-1.484282110954228,4.718242591319148,0.3254797375544795,2.63841064959698
67.0,5.0,146.45330810546875,-1.5477273053479053,3.057125375504295,-3.462849196169748,-0.4622432933091209,-2.516565777803456,2.447493453228512,0.2431839911148567,3.700103662400174,-0.5832921051751669,2.584071660848642
67.0,5.0,150.7245635986328,-0.0686647802528624,4.980766064633851,-4.467104514150149,-0.9430254308196232,-2.887216160370856,3.2057195012346007,-0.6462155204922706,3.2985232990025093,1.0403549248317707,2.0948964414790705
67.0,5.0,147.3912353515625,-1.241219993641163,4.064305183058073,-4.498671387194689,-1.4436278146563917,-1.7014908043406014,3.0327199341838664,-1.9846689018929504,4.160097035303907,0.1829966815594357,2.772803712342319
67.0,5.0,147.202392578125,-0.3689849787895656,4.4786114494802,-4.108327548113513,-1.381737149089853,-1.0193006647420828,3.5935797690797737,-0.4934167669375406,3.7730677241554216,1.166523132409418,1.1841424333545718
67.0,5.0,146.64292907714844,-0.2386722709108881,4.992686654353928,-3.7173088431177472,-1.385033891007946,-2.243910930570288,3.196425368723765,-0.8169434174853707,2.8880254164274284,0.0572872857006955,2.0209229349772144
67.0,5.0,153.39353942871094,-2.4817903317306884,3.96017381052296,-4.691332799077203,-0.6803159212304597,-1.8730377569986183,3.0093486678211,-1.673952454754096,4.323971120819991,0.3975717107121479,2.0082208796201
67.0,5.0,140.19186401367188,-0.1380877951370449,3.150292797640653,-4.905601715238038,-1.9000375767744315,-2.368648334956557,3.100712126358608,-1.4143331041989091,4.8604222296604975,-0.5126440545917879,1.998438965543396
67.0,5.0,142.4476318359375,-0.6562071271315602,4.537184626640516,-4.89316432867614,-2.216382444040204,-2.173258668737356,3.1013358727741127,-1.2585736598885289,2.9842202356271343,-1.047688204429384,1.7265634338353824
67.0,5.0,147.59994506835938,-0.4230155990643113,3.0524909805398384,-2.929271229724371,-0.523974152210215,-1.211788143125384,3.066684448203601,-0.5509368886435454,3.6291675195566993,0.1534949106809431,2.702790717610214
67.0,5.0,146.06886291503906,-1.766677886492522,4.108888131612835,-4.8584576519430485,-2.5132609066928087,-1.942050312318468,3.579545782098587,-1.6733661614601263,4.620895269700279,-0.5655722862202972,2.467626227181276
67.0,5.0,139.7799072265625,-1.33321984598732,4.0220424051189045,-4.827377159647374,-2.5720342802298406,-3.2161519605901923,1.6159486323957866,-1.516980291548787,4.224905986063183,0.2085763929463338,1.988896257458928
67.0,5.0,146.24520874023438,-0.0727309923994558,4.793133017928221,-4.940747796013901,-1.923445455034229,-2.4594410660044463,3.608321973983078,-1.0594377077026782,4.643092471846479,0.4118281980380407,2.095748261161184
67.0,5.0,147.66830444335938,-1.5067609342208217,2.9825024646800946,-4.599576007994235,-0.7653584649909595,-2.222104486781634,3.15657382547386,-1.7488586606873842,4.485944697741997,0.0967314372350454,1.6929248636191692
67.0,5.0,150.2046356201172,0.4454373104267892,4.824554266934002,-4.1905337110000005,-1.2691207343870372,-2.26243515866226,3.7378757962235554,-1.474001252691273,3.091300296722771,0.5953826818228483,1.6225262118590915
67.0,5.0,140.78738403320312,-1.4568675002870437,2.9387807587167,-4.349671716949569,-2.0554163792543374,-2.065007975000233,2.4889358994330086,-0.704427717738457,4.953609401961512,0.2651262584372116,3.0391096230899155
67.0,5.0,145.66209411621094,-0.4109853972325024,3.440966410514953,-4.681158437668943,-1.410173489063614,-2.8328729008811706,3.843001061380317,0.774141244595554,3.5755313170643848,0.2240745215911208,2.394761226428326
67.0,5.0,138.069091796875,-0.5324979162685645,3.7575395319203113,-4.595821097452502,-1.6561507936147015,-2.710402634848368,2.384506927225569,-0.4836375791826437,4.389028544106976,-0.2269039315134322,1.937969260786062
67.0,5.0,144.10816955566406,-0.3165540580855028,4.701498766891401,-4.356284228639915,-1.281143735643637,-2.136787328627461,2.07552389429504,-0.6055988698774606,3.615633050757223,1.140290817668419,2.2097446797263105
67.0,5.0,142.1488037109375,-1.03732446393959,4.13642567700258,-4.388113156784107,-2.1240379377953387,-2.0797167779583394,3.4555704416237405,-0.2733795899806178,4.74139112598812,0.2158285569417952,2.367584149244016
67.0,5.0,171.49893188476562,-1.0736069066658858,3.0568993606895702,-1.473502666071015,1.415354386993707,-2.70885578697793,3.23093798216742,-1.6731915496238705,3.936644349456371,0.3542702357914504,1.7251125419883535
67.0,5.0,144.37327575683594,-0.7301396982652004,2.7727033789152284,-4.254610264182079,-1.7757509207659825,-2.434300637957624,3.487411238436446,-2.192548081444138,4.224825838442186,-0.4921952009026432,2.341739202009719
67.0,5.0,158.16879272460938,-1.3032846265457223,3.0298270046522404,-4.4931059125348805,0.4401219637311628,-1.5062225414845192,3.222123895763575,-2.298998377295149,4.263717159870813,0.191148757506919,1.954267458656077
67.0,5.0,147.07044982910156,-1.3371711814687914,2.414307963866735,-4.672653887479624,-1.5156208468423955,-1.4549311125310798,3.153422393017966,-2.250279306259232,4.041874059087872,0.6545621651908072,2.3644243004707435
67.0,5.0,143.28636169433594,-1.4495243929258628,3.1364361631046034,-4.924907234045149,-2.5478431603264737,-1.709506307139645,3.5376752177144604,-1.8457375031305152,4.530647586686223,0.5037123425663135,1.6745084284599567
67.0,5.0,141.70079040527344,-1.3212210641984967,2.514014097328188,-4.027965355991973,-1.5419018094399894,-2.325866557220097,2.944304736717341,-1.2727072565126631,3.462589755784114,0.2105977332790982,2.202913437489287
67.0,5.0,145.89321899414062,-1.585217011734613,4.929107296021217,-4.611377092720689,-1.5648922995766958,-0.990034098032218,2.56190209943784,-0.5870743836406098,4.430823451609497,-0.4414610648098565,2.335207422212028
67.0,5.0,139.83193969726562,-0.3134283872894066,2.88895642000096,-4.429368980597614,-1.9124477104063249,-1.7661737490700762,2.4335225648503056,-2.3323723103312486,4.515148219132612,-0.1331276760857498,1.2996910582897057
67.0,5.0,145.3895263671875,-0.6860984053230784,4.978698642109773,-4.343274100979337,-1.975335850674814,-3.077871060304543,3.2650816934699494,-0.2449958031118175,4.313293099258255,-0.1447488590300875,2.5847183109533094
67.0,5.0,144.46337890625,1.1007593488365606,3.817954535513598,-4.88704079547724,-1.5382955348911969,-2.561184832763852,2.69762063974328,-1.9138820658847693,4.720623829371496,-0.5082318992272875,2.1589720357264808
67.0,5.0,147.3142852783203,-0.6280046200056835,4.837297709230253,-4.3723590945915545,-1.4541795910065267,-2.370036293584831,3.070373886885508,-1.520047786027302,3.9904239466074976,0.0769305937407206,2.715407243764302
67.0,5.0,153.03004455566406,-1.3051466008713617,3.96428197662554,-4.735855207090903,-0.1986994808505355,-2.7576411342367395,3.499563991592877,-1.191628386783653,3.679209448546184,-0.601429623087268,0.4623618392795237
67.0,5.0,146.89175415039062,2.4210589588535205,4.488267365289983,-4.909125540084773,-1.8653361592643385,-2.703924969790669,1.6335410310380234,-1.631718256501946,4.493440695644281,0.080946908472235,0.8935054516372474
67.0,5.0,143.5224151611328,-1.1212780169127696,3.89982649339422,-4.302249793861976,-2.1470477117093543,-2.3794578733982426,2.9338650140690428,-1.689919168165709,4.730459484711708,1.0530715253677263,2.027153641217093
67.0,5.0,152.479248046875,1.119788075405135,2.860401163371894,-3.088779163404029,0.2123781241312405,-2.8879333984706768,2.248343386112771,-1.3001550849594066,4.51743534804135,-0.5170716888749574,0.0903361759265404
67.0,5.0,140.55789184570312,-1.670600118454221,3.0593290961116213,-4.497067587459759,-1.7236665137031149,-2.137825490516698,1.8203901629037007,-1.7870068399568706,3.986749185486808,0.1872929889583128,1.931414282727464
67.0,5.0,141.50741577148438,-1.329121071645399,3.9140449102957424,-4.52281434656612,-2.00493744089586,-2.749514584540035,3.236703721193231,-0.7409514187192195,3.888333512535498,0.0302375301891842,2.0656466876749224
67.0,5.0,147.834228515625,-0.6182572398106878,3.356833675146774,-4.814601201148648,-1.765064419805426,-1.1708291779556794,3.545257600195129,-2.433151708926362,4.171370539233132,-0.2505103188898885,2.7532351472540952
67.0,5.0,146.48809814453125,-0.8747893779365938,4.52081382590349,-4.350419958379568,-1.3072552952722531,-2.9584409974348063,2.918842924033146,-0.7028331661697078,4.4918987046050285,0.1478861902868395,2.836205813350233
67.0,5.0,144.50164794921875,-0.732408176936377,3.944808671737794,-3.9424344246419007,-1.3479343284272476,-2.8132356494425395,3.255772799210219,0.1558101091432868,3.577231259988048,0.0057222901474462,2.807044195786497
67.0,5.0,159.3293914794922,-1.2536815844820342,4.845014416098613,-3.76479085280181,0.2839079473731454,-2.3708422633719715,2.485802791218937,-1.7954466254982004,4.046708604810662,-0.2186383427498668,-0.4123046955431951
67.0,5.0,143.86439514160156,-1.3850160350169234,3.3188183325122864,-4.867511777547902,-1.3155841825308316,-2.8951851483998468,2.783516839079042,-1.5508465064279275,4.404932318424639,-0.6233645781791156,1.8223650352515
67.0,5.0,138.25064086914062,-1.1742780292228516,2.9551676698820035,-4.532416040879695,-2.2654101247625427,-2.8022853865979025,3.0106987657917625,-0.0586181825655535,3.2423369322826243,-0.3819512817260598,2.184460342923203
67.0,5.0,151.49546813964844,-1.1201853285718206,4.675528610805161,-4.71014208064487,-0.87395899501242,-1.386558814961474,3.88281566691825,-1.0500519592021236,3.99244637913999,-0.0971493395084126,2.00285984274055
67.0,5.0,141.6792755126953,-0.5601125121594253,3.294962759724793,-4.604994405571158,-1.3121955424839422,-2.4348670861635187,2.9872582934177765,-1.426513508435049,3.991717534976725,-0.0202272500779059,1.9473581678804173
67.0,5.0,147.7655792236328,-0.9841562202062304,2.986114031439993,-4.722393621686029,-0.1014893520889541,-2.4367830179113543,0.982079483968214,-1.4097624118927876,3.391226840460376,-0.0259334743740464,2.376712083551821
67.0,6.0,140.49880981445312,-1.3525285892181689,4.484129385013162,-4.974061132368901,-2.46983438551805,-2.7685230525794635,2.5651509803519104,-0.0650341631152624,4.261083491460544,-0.3402069748885429,2.385248237700884
67.0,6.0,136.65640258789062,-0.7563396844081393,3.668440246359229,-4.158930214781416,-2.2185330282965583,-1.958304793010209,2.319224752602147,-0.7047740072534469,4.838857672313483,-0.3343795544822406,2.345078587032101
67.0,6.0,137.001708984375,0.0155254275048267,2.277001243108269,-4.76592679223792,-2.078596463005605,-1.1658786533307357,2.4463443573017742,-0.3131448422277108,3.381934680824209,0.1705836860980878,2.507065786155344
67.0,6.0,138.77064514160156,-0.4352443191035857,3.8350221742170048,-3.7339695702704288,-1.588841872549264,-2.419385076197992,1.5350434964167397,-0.1681752847429201,4.511520180172321,1.0040013815105089,1.7718003965009683
67.0,6.0,137.97891235351562,-0.3885557757699966,3.6341399882034713,-4.6511785859892525,-2.2912206991578574,-2.3424663108860138,2.9675249916679576,-1.2925122044732589,4.723348039868633,-0.2693478665324291,1.3129321097757984
67.0,6.0,135.74884033203125,0.1338805791277315,3.284855823806193,-4.890055684040624,-2.462243293309121,-2.677037174345828,2.607047910209567,-0.6191601216432792,3.587032483051136,-0.8337547545023591,2.1337382557243294
67.0,6.0,136.47801208496094,-0.1203890008173346,3.715198106866852,-4.632726848245347,-1.895525828860224,-2.682592096348379,1.7804645857113095,-0.5297447593120905,4.164659702395634,0.2138057112453613,2.1263786348625056
67.0,6.0,143.80459594726562,-1.4264191516157925,3.382031304435828,-4.5658465816895175,-2.3334266688568874,-3.087284054110721,2.1335049021095744,-2.1397020283481587,4.725489973895312,-0.5543994234020019,2.9823499816157497
67.0,6.0,138.75967407226562,0.142976909244735,3.9189647903459854,-4.1021871793741775,-1.0851384388722995,-2.099209120082673,1.6200498045938798,0.4185067350196272,3.862943722851754,-0.5040553121987004,0.8847813932507966
67.0,6.0,142.9637451171875,0.0073999609149204,4.787579909490534,-4.257202668718991,-1.1591510226388602,-3.064665921535862,2.0042638155560315,-0.6521860727547697,4.181178648794513,-0.0180696913267937,1.3516047543928336
67.0,6.0,138.0648193359375,-0.4817903317306884,3.3212958168934943,-4.500500070473463,-1.7182149923667749,-1.2467284913466812,2.902071254308229,0.15155541056014,4.317934632296761,0.0683848199555854,1.803357724980828
67.0,6.0,138.20420837402344,-0.7769669247600833,3.0053106808102727,-4.759471225416704,-2.067277474543074,-2.712480289769738,1.752623969973841,-1.6158612012615663,4.829070017982764,-0.9653136677322124,2.061606458576436
67.0,6.0,136.4528350830078,-0.5586398564171504,3.903219249660261,-4.758098407275744,-2.5241988534167894,-2.8562246270908944,2.047569749172664,-1.1852544579983082,4.549035226139455,-0.7160254550895873,1.6348231285956616
67.0,6.0,138.00450134277344,-0.2902764031197076,3.977782470233472,-3.262091113524049,-2.367748548221509,-1.8460966447751777,3.1017332694783093,-0.9918185539273884,3.879653718929116,-0.561975947089818,1.385402983882698
67.0,6.0,141.94448852539062,-2.376266079100442,4.1212146654682345,-4.986898020489916,-2.8645167720643308,-2.9756662035459955,1.5795457820985872,-1.1452622076803125,4.610755851448344,-0.6087249119239879,1.9530311730482173
67.0,6.0,138.23951721191406,-0.2252356382740232,3.780712840825248,-4.915291416358069,-2.257328120563778,-3.266426072754963,2.5203967984890525,0.0941637360928882,4.365163278849255,-0.9067619291677216,2.2447349109482366
67.0,6.0,136.38279724121094,-1.008439981834496,3.30728295556817,-4.592891281693163,-2.0155418903958173,-3.0442952911114847,1.807797134320944,-0.705356642714094,4.2056588106779085,-0.4239523404107889,1.845190596982254
67.0,6.0,137.45851135253906,-0.5912646872846974,2.588237125719236,-4.510307294347714,-2.0328898402787874,-2.6009553411856454,2.6312819143764616,-1.3080769523808569,4.704415061596861,-0.400206205845312,1.8317756087517545
67.0,6.0,141.42477416992188,-0.9600421519721004,3.9466434121487,-3.538571216087907,-1.5082295487243655,-2.9940298239195213,2.8136793579411896,-0.1453119572285073,4.635142152547137,-0.4158236215545895,0.7939355156493448
67.0,6.0,136.2349395751953,-0.4728413057623277,3.5892564444841617,-4.813834133667589,-2.0746118385846373,-2.6608972857405098,1.986898438285679,-1.2153554459016211,4.180773293195386,-0.3299865716927965,1.4274002907541998
67.0,6.0,140.56805419921875,-1.124813019030071,3.45325467223314,-4.98142896009737,-1.986610058368223,-2.797784045891472,2.653387990048735,-1.225858755404446,4.13468875831752,0.1598926392408907,2.3927853100737115
67.0,6.0,137.43650817871094,-0.5324979162685645,3.475384308480349,-4.595821097452502,-1.6561507936147015,-2.710402634848368,2.384506927225569,-0.4836375791826437,4.389028544106976,-0.2269039315134322,0.800824155106793
67.0,6.0,141.08636474609375,0.6070731351872769,3.6907737725604406,-4.811464550675135,-1.69791734806963,-2.3427871875841206,1.9446842816631769,-0.150484318164529,4.2728994882248825,1.6183865498957837,2.0080725004642628
67.0,6.0,140.3798065185547,-1.5977581733549475,3.5176885503861275,-4.483161988046894,-2.0721215634217134,-2.5144134625709187,2.8469936977867767,-0.6284561557631592,4.677182560321746,0.0839249212966343,2.3038817786169665
67.0,6.0,153.0720672607422,-0.0684977414025298,3.406805041146371,-3.473502666071015,0.6727895558238439,-2.848141170802847,2.210172801483814,-0.593221465172969,4.058885243289472,0.3874389500399267,2.192496482752963
67.0,6.0,138.57424926757812,-0.4927524478426938,2.7727414827537777,-4.359747085702115,-2.3031038749285333,-2.7800026127035053,3.555380206623128,-0.192548081444138,4.4214024318751,-0.7316773745514121,2.088338583879437
67.0,6.0,146.38565063476562,-0.1030644822885071,2.5089578615225308,-4.750645986668993,-0.4321646875904252,-2.2770822791818786,2.737797467923893,-1.866194667128664,4.07812586667973,-0.6296440385103333,1.8447136111839144
67.0,6.0,136.2202911376953,-1.2245392282772454,4.000811243821529,-4.935596738865048,-2.5609072298533206,-2.337431421229202,1.9790301188108708,-0.2502793062592321,4.471538445535301,-0.1077969029718713,1.8655835273014447
67.0,6.0,135.26976013183594,0.1452410965602011,2.966964704194322,-4.817215333139877,-2.379244045073465,-1.6953752501521624,2.112379776853865,-1.3265560819741988,4.420171062758418,-0.4886093235958113,2.173230668701539
67.0,6.0,138.90029907226562,-0.4155969287982699,3.123827879238439,-4.901469461741254,-2.457744067271161,-2.635720948554394,2.372670320090512,-1.947696450196233,4.960645896728161,-0.5397006235554277,2.0842212941938656
67.0,6.0,141.12608337402344,-1.1684894686086582,3.5874140529117886,-4.524773757108995,-1.8073440805629235,-1.6540476810381368,2.8705121734754564,-1.3568558438859872,4.49651426085692,-0.7606925058571689,2.3674765472054062
67.0,6.0,137.32168579101562,-0.0053683151303106,2.5562231071666,-4.653607040508923,-1.98012243519896,-3.436851538401501,1.8003403378487577,-0.3323723103312486,4.917771390139617,-0.9466117255141722,2.0524293386889605
67.0,6.0,137.99937438964844,-1.1651349139225933,3.526451768271249,-4.426773878590125,-2.219463984754097,-2.6433480496002124,2.842099283237758,-1.0817309401490445,4.332939813356171,-0.4942550737397838,1.493585940265557
67.0,6.0,137.3543243408203,-0.1341687847363299,4.099693777813951,-4.54171389229454,-2.537752638378807,-3.0900064319719145,2.3484736160210025,-0.5093440048574405,4.809660036569367,0.0281558974103457,2.0229621009640466
67.0,6.0,136.6057891845703,-1.0871479323384643,3.701874452684271,-4.29870630575578,-2.2437064026502127,-2.61220112775241,2.3813354407610854,-0.3661022934301603,4.001060400144569,-0.0244918484047075,2.149157783112748
67.0,6.0,136.29859924316406,-0.4432405599403206,3.490140845647045,-4.890973576589592,-2.198699480850536,-2.828128910547916,2.361205381980275,-0.7607057269120735,4.020223704737742,-0.526748995386321,2.029514463406718
67.0,6.0,141.7865447998047,1.412805037363725,3.917820254225109,-4.412080544630085,-1.3684843896248005,-3.058180886273995,1.5600215251050438,-0.9227905759230453,4.456960457099547,0.1943249977162794,0.8935054516372474
67.0,6.0,137.69813537597656,-0.9713771723415728,3.4457973827940256,-4.759089049429235,-2.324708694655328,-2.5014238234280937,2.5435963160008104,-0.4933063552126779,4.418356063890677,0.591986613809439,2.269801368725073
67.0,6.0,142.86886596679688,1.012402653991971,4.146775905683487,-3.671571822878799,-1.7876218758687594,-2.980428763344318,2.332384048778714,-0.1864426804418699,4.978964346723346,-0.8628667960160583,-0.3057987897626739
67.0,6.0,134.4890899658203,-0.0675200508140638,2.6555757957192703,-4.510911060921218,-2.261753364591706,-2.623752228623653,2.4821451592083017,0.2129931600431294,3.8501805356073713,-0.1780078083109237,2.005514612459901
67.0,6.0,140.61529541015625,-1.5383189314694512,3.966949353860952,-4.647953170305126,-2.008601572791009,-2.85276839313624,2.538986464303501,-0.4453339320839798,3.89436975896863,-0.4054007914402471,2.4766507318132174
67.0,6.0,137.13311767578125,-0.5987461223292042,3.3156667620110385,-4.875668752738982,-2.037553445696719,-1.891402803015823,2.1731041549239087,-0.970692296805574,4.820323580096813,-0.5591608708290061,2.351984681103511
67.0,6.0,139.15586853027344,-0.8719239027199032,3.2469304452108423,-4.426381666305275,-1.8615748577015163,-3.631443758187853,1.8906175199396784,-0.8600750705976796,4.237080802897607,0.091369113597746,2.1615747211017045
67.0,6.0,138.08013916015625,-0.2323922086511701,3.526096852457409,-4.85701917553829,-2.256995534571998,-2.844380288820445,2.942152979476688,-0.8520521858070522,3.4844323632288816,-0.1186680031397961,2.0718582371550145
67.0,6.0,138.3603515625,-0.5624541109515709,4.208739741921174,-4.650649042730132,-1.7160920526268546,-2.405921114285348,2.2322851125768723,-0.7942429294449274,4.351088162198106,-0.428930255236288,1.5876953044568047
67.0,6.0,143.33892822265625,-1.1786952684766108,4.234703415314647,-4.859305686801849,-1.958162274876768,-2.888731110132217,2.1151294294329084,-2.069907482951603,4.388046982963111,-0.2656588064845955,2.099562261549142
67.0,6.0,138.25064086914062,-1.1742780292228516,2.9551676698820035,-4.532416040879695,-2.2654101247625427,-2.8022853865979025,3.0106987657917625,-0.0586181825655535,3.2423369322826243,-0.3819512817260598,2.184460342923203
67.0,6.0,143.4553680419922,-1.2660583192861967,4.383337493181904,-4.533850602807506,-2.165813426242474,-3.3865588149614743,3.1894607034216174,-0.8816229776934728,4.322033123399901,-0.8135649121679412,1.8452888346707788
67.0,6.0,138.67918395996094,0.1862812422945585,4.006769243277607,-4.643369737951162,-2.160279144255753,-2.560316301065378,2.7944027218049245,-0.8659881883774578,4.629224919853535,0.1214718880061431,2.05671688165076
67.0,6.0,146.36119079589844,-0.735192597514126,2.76423808702925,-4.465802399344224,-0.0671028586477224,-3.071635454090893,2.107141427394332,-0.4820359991917746,4.092627884840719,-1.1369710430397209,1.83899428082124
67.0,7.0,136.0655517578125,0.6474714107818311,3.106300200084556,-4.476736471970423,-2.4719878466751912,-2.68948347949774,2.565542442482473,1.0601144851706854,3.4963590412646166,-0.3929647619499544,1.866208009465787
67.0,7.0,136.65640258789062,-0.7563396844081393,3.668440246359229,-4.158930214781416,-2.2185330282965583,-1.958304793010209,2.319224752602147,-0.7047740072534469,4.838857672313483,-0.3343795544822406,2.345078587032101
67.0,7.0,136.44418334960938,-0.0212794023428539,2.133159348007949,-4.650081741715506,-2.245795680152088,-3.1658786533307355,2.3984057167174586,0.3127379171248723,4.108469360717272,-0.162091211874217,2.3183351148650813
67.0,7.0,137.69834899902344,-0.1558560110529852,2.2809592615569736,-4.542838605719888,-2.061920771943308,-2.852677856309932,1.3167331033101684,1.07633735465149,3.8207213476061854,0.9588988852701604,2.104263909433918
67.0,7.0,134.87039184570312,0.1783427547831835,3.414930351656537,-4.323711034071995,-2.288567749488833,-2.7248041219579253,2.3522170539151688,-0.6297635163067832,3.5161158196084763,-0.4076653860874601,1.851432591762816
67.0,7.0,134.4949493408203,0.7330027870748606,2.2550144841052875,-4.73203043513351,-3.010246108369448,-2.644410781068207,2.5910857850101,-0.7465153286873827,3.7764021562638033,-0.793672907683349,1.9145517187033585
67.0,7.0,134.38787841796875,0.1386625682408619,1.7151981068668525,-4.543841852136426,-2.635950108932005,-2.509619205814099,1.6080851497479234,0.9500852384374046,3.697849251251037,-0.051016015233687,2.0487251685099763
67.0,7.0,138.87216186523438,-1.0122658883177027,3.086315901459097,-4.496503748547739,-2.571627164251096,-3.041333540812144,1.8803092799546408,-2.141550686193372,4.853589594057636,-0.4004380114651639,1.367020511577334
67.0,7.0,138.1243896484375,0.4849269293606544,3.8698938629216015,-3.977200604584589,-1.6032220796337564,-2.4691548099488108,1.4543305647869187,1.1130977205469104,3.4404658688768768,-0.7298400143514696,1.018849436010926
67.0,7.0,134.23379516601562,0.5484162750299787,2.7875799094905336,-4.6161810638419984,-2.816545171370262,-2.858215620383838,2.0234272323934515,1.06002553579571,4.193571410097721,-0.086337879182916,0.9480640909659008
67.0,7.0,136.37530517578125,1.0802880963516734,1.893251048627842,-4.434902432451545,-2.8817089454362748,-1.1013796676410557,2.700702779150096,0.8911761965710494,4.022804622781183,-0.15240922722106,1.855062025328832
67.0,7.0,133.9220733642578,-0.5212738812456316,2.7814626827071427,-4.321163442952735,-2.272536221327571,-2.8216274985905745,1.3520837007670654,-0.2833213431522323,3.8436472359850273,0.1651455922576479,2.064663202783032
67.0,7.0,134.22203063964844,-0.5062109577207271,2.7317466618902526,-4.269312650860968,-2.2501047137800474,-2.703120763098557,2.241137969877833,-0.0788430920276732,4.301935676485077,-0.3844264006171198,2.0413486889063046
67.0,7.0,136.0492401123047,0.0590884546640457,4.126823124166578,-3.992425970451562,-3.029725671398685,-3.2282229325684355,2.2467307903977387,0.8963174995033028,3.948968404127561,-0.7881895390840594,1.3937532769782277
67.0,7.0,135.43675231933594,-0.700506859637611,2.240248890441864,-4.745883341763062,-2.7334973075935385,-3.0151769771406856,2.392132927440053,0.8547377923196877,4.342993566053207,-0.2608199394043268,1.8194654371962964
67.0,7.0,138.23951721191406,-0.2252356382740232,3.780712840825248,-4.915291416358069,-2.257328120563778,-3.266426072754963,2.5203967984890525,0.0941637360928882,4.365163278849255,-0.9067619291677216,2.2447349109482366
67.0,7.0,134.57696533203125,-0.6130423410017345,1.97307756565147,-4.355975962510466,-2.432324373721577,-3.249809173416101,1.4408760314757163,-0.0368658727426778,3.453157183785722,-0.4765846017663533,1.7875144718335436
67.0,7.0,134.5227508544922,0.7769684445180989,2.511873091281173,-4.476575924933146,-2.528405078551498,-2.7698852246558427,2.1930059508641984,-0.06489783533441,4.704131971897994,-0.2909997224816687,2.0161070283467826
67.0,7.0,138.26318359375,-0.4763622042441515,2.49266500232066,-4.817263204397766,-1.6617326820564524,-3.0469620612677417,2.4029829723216984,0.8994614658952391,4.285373905381446,-0.6125161304547588,1.5914001388578085
67.0,7.0,133.25318908691406,-0.0628369196013932,2.9499346351157687,-4.654384360302071,-2.3752005829653733,-2.8427995189785364,1.984284473020272,-0.0666100588503544,3.8198383655468646,-0.4316547840487351,1.4893054058375268
67.0,7.0,134.984130859375,-0.5277478404952027,2.207752684155458,-4.250764486576225,-2.267508648765224,-2.5455531917337253,1.8726427411287527,-1.3909181389332574,4.235214756508424,-0.2518762599285453,1.742905250539121
67.0,7.0,135.42367553710938,0.0203916887725718,3.2492627234397187,-4.619804102916064,-2.386995463040468,-2.7956204627613896,2.756218187404076,-0.3312174487675019,3.596176340004778,-0.0981104833968626,0.8536121845615074
67.0,7.0,134.0521240234375,0.8093360184701981,2.333321878183483,-4.393038061364935,-2.467715423676061,-2.3490877195496016,1.9087650314890847,0.8479884610018487,4.338464369243932,-0.3601318941112426,1.8109371475476628
67.0,7.0,138.7606658935547,-1.7881906867515165,1.598544744429128,-4.567796005588693,-2.146613192331493,-2.7639561529289787,1.915717634877859,-0.4774863613063512,4.273614618967685,0.0003645366556818,2.106138969279194
67.0,7.0,137.61537170410156,0.3153213362256354,2.950712555358353,-4.657344052821123,-1.327210444176156,-2.6986472653723927,1.9078868593727656,0.1901927544922581,3.911222377717503,-0.6012626352687511,2.1457514863735496
67.0,7.0,138.1036834716797,-0.2654321701880726,2.7513951140791697,-4.505876343822199,-2.43070991971246,-2.6264026689828603,3.3222014640381983,1.0109733866989297,4.286623119668329,0.0918377093894414,1.964117724325024
67.0,7.0,137.04757690429688,0.3851710164039839,2.596982944861092,-4.814376083085605,-2.4321646875904253,-3.1641834823160915,2.221928891021068,-1.5601301712114342,3.701836972014134,-0.7909572332980528,1.8694591722689176
67.0,7.0,136.2202911376953,-1.2245392282772454,4.000811243821529,-4.935596738865048,-2.5609072298533206,-2.337431421229202,1.9790301188108708,-0.2502793062592321,4.471538445535301,-0.1077969029718713,1.8655835273014447
67.0,7.0,134.11831665039062,0.6536072108192541,2.4241986133460074,-4.569481254530987,-2.30741449154387,-1.9272688752512763,1.9316058475523163,-0.4607380206683036,3.4106749123068507,-0.7601749428646021,2.16823392936584
67.0,7.0,133.71957397460938,0.0064582391988283,3.352536461833457,-4.467589257421364,-2.7248192110665146,-2.7408294253495886,2.2210152896849418,-0.5990725985238861,3.541223184449987,-0.5822609701234517,2.00220577639481
67.0,7.0,136.649169921875,0.3214799367157128,2.8069343971810463,-4.48075675372238,-2.500303877817802,-3.152513467580838,2.2200792638305806,-1.4390388343427665,3.806544925850286,-0.4616091582541439,2.3219091311053623
67.0,7.0,137.32168579101562,-0.0053683151303106,2.5562231071666,-4.653607040508923,-1.98012243519896,-3.436851538401501,1.8003403378487577,-0.3323723103312486,4.917771390139617,-0.9466117255141722,2.0524293386889605
67.0,7.0,134.27206420898438,0.3319546748014075,2.064422276803181,-4.534215064519068,-2.347405588681143,-2.446236674505208,2.6058467525822806,-0.013246262086904,4.137213127170536,-0.5175326143755647,1.3990853198289654
67.0,7.0,135.93087768554688,-0.499868357161224,4.178399803336097,-4.3888143068043775,-2.843549649028314,-2.867461404061503,2.327401667126269,0.3077895394162073,3.639651326506568,0.0914061582182181,1.958050157362148
67.0,7.0,135.04937744140625,-0.9478298211792782,2.392913303100892,-4.676634195195854,-2.560695014475777,-2.7200920348527817,2.236695137476944,0.8966375785919769,3.760075288720043,-0.2578805519558316,1.7525986083781149
67.0,7.0,134.4679412841797,0.4798136556917594,2.595502963242472,-4.204710217477724,-3.006753127550008,-2.688211501628736,2.15026024843496,0.8312188457985971,3.9519318941841046,-0.1443299684646558,2.610131579320651
67.0,7.0,134.62957763671875,-0.5871949626362747,2.918299464578908,-4.271537391754545,-2.2360052527561955,-2.5387240033344485,1.0586782087115765,0.7506581393791676,4.329467728293056,-0.0446016593653209,2.222711148552293
67.0,7.0,135.47967529296875,0.3214443217375,3.1819689196325727,-4.741443099303555,-2.2761001670308167,-2.580303101193912,2.394594883277034,0.4389840120826201,3.833937987412924,-0.1316758430176406,2.2782488595853847
67.0,7.0,133.16798400878906,-0.2568778724774108,2.770344011360736,-3.896921105476524,-3.40384114476628,-2.722695591939959,2.438697112191067,0.4944182335807778,4.648444537968643,0.1109017837617196,0.9536842249934568
67.0,7.0,134.4890899658203,-0.0675200508140638,2.6555757957192703,-4.510911060921218,-2.261753364591706,-2.623752228623653,2.4821451592083017,0.2129931600431294,3.8501805356073713,-0.1780078083109237,2.005514612459901
67.0,7.0,135.80087280273438,0.4616810685305488,3.72253080316816,-4.476908656682645,-2.4116103251632253,-2.854889878580899,2.261651415410756,0.1428984003237501,3.813445043066976,-0.3109538659515433,2.34126353000795
67.0,7.0,134.7505340576172,-0.410935097567551,2.5645676823849426,-4.707850383258369,-2.400379653481802,-2.779501268658499,1.7863547521114702,0.5423177239513928,4.86167488726236,-0.255375581911467,2.062245046901537
67.0,7.0,135.9761962890625,-0.0861848138370627,1.675536860302261,-4.944880274357053,-2.0976792784976044,-2.4238004367667942,2.001245455792332,0.7630076948805304,4.099010294912693,-0.048780946068671,1.8560938575692711
67.0,7.0,134.66688537597656,0.2201263901663972,2.4042020661333208,-4.699478209749149,-2.6044034062699404,-2.8262608986582323,2.578043359900908,0.6905757700918198,4.029276481600114,-0.2108447779832449,1.6670115021791445
67.0,7.0,134.86476135253906,0.2268826563390339,2.764204036250121,-4.958557407767731,-2.9046094559863302,-2.75852863528462,2.31818652599092,-0.0167610387368646,3.778657749848049,-0.3807866557553854,2.700909975751145
67.0,7.0,140.34555053710938,-0.0880588088590101,4.414639635205584,-4.561861807125913,-2.452913148047385,-2.5324041583159853,2.3463588758690723,-1.9022794456924208,3.515436834327537,0.023322577817564,2.161531270490019
67.0,7.0,136.7867431640625,-0.5332662083048002,3.541002407022445,-4.441845203639413,-2.510122459503304,-2.725456416307792,2.8841204297346272,0.4433331912099581,3.1380943530556227,-0.371190713669542,1.987449163275423
67.0,7.0,133.595947265625,0.7339416807138033,3.117237690282525,-4.43333285026702,-2.7848637878546985,-3.0582752407595954,1.5352874508494905,0.279757919460939,3.7947610567771872,-0.2075735962448849,2.014151487289724
67.0,7.0,133.4507598876953,0.4980633662824413,2.071155119165307,-4.54952372029243,-2.6802686960451325,-2.6604126768092087,2.129295392999084,-0.2626260882552311,4.112968079992413,-0.2557479118327886,2.0114289005161754
67.0,7.0,137.61318969726562,-0.4155194103229416,2.536668653040195,-4.380097792295399,-2.0671028586477225,-3.287142253753807,2.6412239037891583,0.804623224819214,4.186448132124638,0.1332982597465482,1.7121613321776157
67.0,8.0,135.1475067138672,1.120579928975614,2.087722405099971,-3.8192491241843136,-4.200756290748406,-2.6589169021058043,2.397738089975495,0.8799534129838893,4.5348829339615735,-0.0983764165645273,0.9325601813423532
67.0,8.0,136.64132690429688,-0.6574239720234146,3.1011906100568023,-3.555581588666408,-2.543627097519081,-2.258073935598353,3.01543098767677,1.0937804847425583,3.5147542120587048,-0.2734335918313609,1.4808393880251265
67.0,8.0,136.44418334960938,-0.0212794023428539,2.133159348007949,-4.650081741715506,-2.245795680152088,-3.1658786533307355,2.3984057167174586,0.3127379171248723,4.108469360717272,-0.162091211874217,2.3183351148650813
67.0,8.0,137.69834899902344,-0.1558560110529852,2.2809592615569736,-4.542838605719888,-2.061920771943308,-2.852677856309932,1.3167331033101684,1.07633735465149,3.8207213476061854,0.9588988852701604,2.104263909433918
67.0,8.0,132.45692443847656,-0.3564741517009631,2.0680500331827893,-4.191849562094361,-4.172812949715431,-2.870438539080422,2.202120143042925,-0.3404835825127303,4.061252294877139,-0.1532934046217739,1.5657707535030614
67.0,8.0,132.66607666015625,0.5183562383234172,2.447045537575296,-3.614585111776024,-3.235091476738926,-2.725137113960108,2.2992700125752124,0.1848578220412544,3.936919296131656,0.1144945753216406,1.184464505031933
67.0,8.0,134.38787841796875,0.1386625682408619,1.7151981068668525,-4.543841852136426,-2.635950108932005,-2.509619205814099,1.6080851497479234,0.9500852384374046,3.697849251251037,-0.051016015233687,2.0487251685099763
67.0,8.0,135.2982177734375,0.0266800314987247,2.86260937873241,-4.079851568408641,-4.037612000293581,-2.737607517871861,2.57142608601192,-0.1415506861933719,4.747246448449431,0.2664861158282102,-0.0755038614218346
67.0,8.0,133.5550994873047,-0.6979422179940449,3.6507387359782615,-3.8572828837302,-3.603222079633756,-2.895661620930984,1.9961631287463235,0.7227502341306149,3.893723697955714,-0.7362125861765858,1.0254416162905526
67.0,8.0,134.23379516601562,0.5484162750299787,2.7875799094905336,-4.6161810638419984,-2.816545171370262,-2.858215620383838,2.0234272323934515,1.06002553579571,4.193571410097721,-0.086337879182916,0.9480640909659008
67.0,8.0,135.30209350585938,1.359541290715799,2.807457105662472,-3.941539057278282,-3.8408041362631584,-1.694732231790058,2.4321297695067035,1.0978530837221443,4.773482226196213,-0.1919094504029753,1.3315064781174355
67.0,8.0,133.9220733642578,-0.5212738812456316,2.7814626827071427,-4.321163442952735,-2.272536221327571,-2.8216274985905745,1.3520837007670654,-0.2833213431522323,3.8436472359850273,0.1651455922576479,2.064663202783032
67.0,8.0,134.22203063964844,-0.5062109577207271,2.7317466618902526,-4.269312650860968,-2.2501047137800474,-2.703120763098557,2.241137969877833,-0.0788430920276732,4.301935676485077,-0.3844264006171198,2.0413486889063046
67.0,8.0,136.0492401123047,0.0590884546640457,4.126823124166578,-3.992425970451562,-3.029725671398685,-3.2282229325684355,2.2467307903977387,0.8963174995033028,3.948968404127561,-0.7881895390840594,1.3937532769782277
67.0,8.0,135.43675231933594,-0.700506859637611,2.240248890441864,-4.745883341763062,-2.7334973075935385,-3.0151769771406856,2.392132927440053,0.8547377923196877,4.342993566053207,-0.2608199394043268,1.8194654371962964
67.0,8.0,138.23951721191406,-0.2252356382740232,3.780712840825248,-4.915291416358069,-2.257328120563778,-3.266426072754963,2.5203967984890525,0.0941637360928882,4.365163278849255,-0.9067619291677216,2.2447349109482366
67.0,8.0,134.57696533203125,-0.6130423410017345,1.97307756565147,-4.355975962510466,-2.432324373721577,-3.249809173416101,1.4408760314757163,-0.0368658727426778,3.453157183785722,-0.4765846017663533,1.7875144718335436
67.0,8.0,134.5227508544922,0.7769684445180989,2.511873091281173,-4.476575924933146,-2.528405078551498,-2.7698852246558427,2.1930059508641984,-0.06489783533441,4.704131971897994,-0.2909997224816687,2.0161070283467826
67.0,8.0,134.06520080566406,-0.2866974222352532,2.354675444681772,-3.5627628899736847,-3.3813156035849614,-2.6926906717378976,2.2793646761225856,0.6933122251752664,4.812388955689396,0.2770877013592362,0.79172366719679
67.0,8.0,132.08078002929688,-0.2779819036003659,2.6873698972049764,-3.769024744121933,-3.446649082180119,-2.819998638675684,2.0342077800684297,0.5174055013664824,3.794747141230957,0.0812902542386811,1.3323073870684103
67.0,8.0,134.54428100585938,-0.0786038038764416,1.951358369270496,-3.951906729614169,-3.131797323580688,-2.7403603737123183,2.206786004425827,0.468225796144978,4.298092758277964,-0.0966263925640696,-0.0299857583280711
67.0,8.0,134.89889526367188,-0.0368029146208827,2.7045655612095727,-3.470811019683585,-2.870949032881035,-2.7197910746936347,2.8145788772991565,-0.1363034096645286,4.716869936733625,0.2400325247001647,0.9947705371800568
67.0,8.0,134.0521240234375,0.8093360184701981,2.333321878183483,-4.393038061364935,-2.467715423676061,-2.3490877195496016,1.9087650314890847,0.8479884610018487,4.338464369243932,-0.3601318941112426,1.8109371475476628
67.0,8.0,134.76231384277344,0.2118093132484837,2.735237929949053,-4.42571824247506,-2.335202406198166,-2.8359468708649613,2.4301440864430286,0.3740231674192806,4.303347954472967,0.0315529258544554,0.7486528382158646
67.0,8.0,135.13157653808594,0.2665005594988734,2.607279035119493,-3.616218872083725,-2.1534725355643984,-2.667723417238168,1.970066542809572,1.0200835669822286,4.199599319181817,-0.2611766500655598,1.8559032084326748
67.0,8.0,135.09974670410156,-0.1667413255679517,2.751106550791052,-3.760449601649821,-3.6700869247920735,-2.6799799068609267,3.018188292605772,0.7079075862573125,4.292076074564143,0.4342594062145938,0.9271829861197975
67.0,8.0,135.55740356445312,-0.5728523840890691,2.9151282157842773,-4.534769873959395,-4.432164687590426,-3.325621856176149,2.064121498983285,-1.4043454281415737,4.283705481543533,-0.7374590090919737,0.8585131111644662
67.0,8.0,134.05807495117188,-0.3630774769695655,2.952664026430684,-3.391245957167054,-3.338778205828619,-2.8421336757651514,2.416897342641843,-0.1940335645570874,3.8095327823639313,0.5372817902020004,0.7216440330255727
67.0,8.0,134.11831665039062,0.6536072108192541,2.4241986133460074,-4.569481254530987,-2.30741449154387,-1.9272688752512763,1.9316058475523163,-0.4607380206683036,3.4106749123068507,-0.7601749428646021,2.16823392936584
67.0,8.0,133.71957397460938,0.0064582391988283,3.352536461833457,-4.467589257421364,-2.7248192110665146,-2.7408294253495886,2.2210152896849418,-0.5990725985238861,3.541223184449987,-0.5822609701234517,2.00220577639481
67.0,8.0,135.32608032226562,0.8688471529365508,2.497274163004167,-4.049326665583176,-3.146621916083877,-3.438874455040545,1.974487185696261,0.5609611656572335,4.1233826043679,0.2013188024921927,2.1776403547328007
67.0,8.0,135.0481719970703,-0.4913029571789967,2.743996851277315,-4.600602486361142,-3.34352969454926,-2.9844407430254973,2.3179427400325605,0.7508241078410837,4.814941695365175,-1.3852863037201535,0.877818714311549
67.0,8.0,134.27206420898438,0.3319546748014075,2.064422276803181,-4.534215064519068,-2.347405588681143,-2.446236674505208,2.6058467525822806,-0.013246262086904,4.137213127170536,-0.5175326143755647,1.3990853198289654
67.0,8.0,135.4657440185547,-0.2364355137992242,3.366687357022274,-3.393849398324724,-3.445285577311281,-2.672771842143092,2.5300431597074686,0.8346164675279243,4.993692402729785,0.1241632525794142,1.845246859534613
67.0,8.0,133.7949676513672,-0.3715271825852505,2.011759397480076,-4.350633226313702,-4.07707809524494,-2.7619811864427133,2.3584584210655763,0.5948543890754332,4.099351247773753,0.230862230609794,0.6543983261417892
67.0,8.0,134.4198455810547,0.1492816728879046,2.2699741501886868,-3.832660757377308,-3.6429607531540986,-2.6670073225060205,2.1551524932536137,1.2756701875623064,4.172345452014081,0.2473884853418496,2.1147510403670235
67.0,8.0,134.62957763671875,-0.5871949626362747,2.918299464578908,-4.271537391754545,-2.2360052527561955,-2.5387240033344485,1.0586782087115765,0.7506581393791676,4.329467728293056,-0.0446016593653209,2.222711148552293
67.0,8.0,133.7851104736328,0.0939617121284491,2.9250117085662017,-4.633928895651649,-3.535522283793424,-2.765489283011916,2.4094312376660563,0.8194689434098715,4.786494634582475,-0.3656575949140583,0.91973703836903
67.0,8.0,132.9547576904297,-0.2568778724774108,2.770344011360736,-3.896921105476524,-3.40384114476628,-2.722695591939959,2.438697112191067,0.4944182335807778,4.469045393060763,0.1109017837617196,0.9536842249934568
67.0,8.0,134.2273712158203,-0.0422197650480705,2.619599959404725,-3.4746460336524407,-2.7875437598697568,-2.700975671259042,2.5129698200355297,0.5663012055547582,4.47200136325395,-0.1614285341266891,1.9382761538013813
67.0,8.0,133.11061096191406,0.257131865060528,2.806060393063268,-3.758809841173152,-3.083497188363206,-2.7988488590425566,2.207549926626729,0.3820999491913469,4.697079419940594,0.1565261617824586,1.3081851793708923
67.0,8.0,133.7767791748047,-0.1153193888149775,2.486787581496096,-3.9712835145654655,-3.42625121171676,-3.019293359695596,1.7083774249710135,1.0456696432300472,4.800008110003963,0.0178294507855482,0.8633379286387568
67.0,8.0,135.9761962890625,-0.0861848138370627,1.675536860302261,-4.944880274357053,-2.0976792784976044,-2.4238004367667942,2.001245455792332,0.7630076948805304,4.099010294912693,-0.048780946068671,1.8560938575692711
67.0,8.0,134.41476440429688,0.0568637874824841,2.0080934106445625,-3.640073118752061,-3.2800713225873546,-2.6839601215659723,2.3514212301551165,1.079731283799759,4.448932622957068,-0.0894218423524738,0.7432195889568598
67.0,8.0,134.86476135253906,0.2268826563390339,2.764204036250121,-4.958557407767731,-2.9046094559863302,-2.75852863528462,2.31818652599092,-0.0167610387368646,3.778657749848049,-0.3807866557553854,2.700909975751145
67.0,8.0,133.7205047607422,0.2722910159139244,3.850044034014927,-4.167301040884686,-3.2965180004828927,-2.633912517550204,2.438319459928732,0.0977205543075785,4.163127512324364,0.2138263501471779,1.21857595332114
67.0,8.0,133.98089599609375,-0.4583575238156918,2.6896943611259907,-4.200482510250675,-2.8405129337650967,-2.4428683116289784,2.421152865327626,0.7981232222286411,4.612330266248852,-0.3490985251965928,0.5880503899180982
67.0,8.0,133.595947265625,0.7339416807138033,3.117237690282525,-4.43333285026702,-2.7848637878546985,-3.0582752407595954,1.5352874508494905,0.279757919460939,3.7947610567771872,-0.2075735962448849,2.014151487289724
67.0,8.0,133.13291931152344,0.356072444814032,2.6481191002561912,-3.763972850665035,-3.137222064981828,-2.7442853431100565,2.394135560133166,0.0936966609989417,3.955911570216401,0.2217085428626697,1.9680593834142583
67.0,8.0,134.94200134277344,-0.1766890711144307,2.505114242026544,-3.691166003815752,-3.0223484442437902,-2.256669934483151,2.5971941355351715,0.8712530309848898,4.7248479371474605,0.6131862096092874,1.057011219567646
67.0,9.0,134.91281127929688,-0.7048728434338116,1.7685697073430724,-3.5482418310055968,-4.898416493708131,-2.84297136699901,2.017063620015505,0.3957937222989084,3.892317666479405,0.1726691387751681,1.2068531209054714
67.0,9.0,134.08631896972656,-0.5999730070290837,2.947977090548479,-3.1822406450289384,-3.267661859246179,-2.6883967422247697,2.2046712316828643,0.941523504700008,3.609526833986934,-0.031903635604781,1.0603210934578255
67.0,9.0,131.3154754638672,-0.1102436229339525,2.613257873092389,-3.2910151867173445,-3.5180342953704287,-2.2756313195665614,1.870481841009404,-0.2685811582944054,3.9814032328798312,0.0890429917388096,1.3438367632199744
67.0,9.0,134.23458862304688,-0.3187661868210198,2.990188297278645,-4.519637220666646,-2.1063849840094635,-2.765384249129944,1.938662768473065,0.1469948982653859,3.774872731308821,0.0517577954008691,1.6886549650002285
67.0,9.0,132.45692443847656,-0.3564741517009631,2.0680500331827893,-4.191849562094361,-4.172812949715431,-2.870438539080422,2.202120143042925,-0.3404835825127303,4.061252294877139,-0.1532934046217739,1.5657707535030614
67.0,9.0,132.66607666015625,0.5183562383234172,2.447045537575296,-3.614585111776024,-3.235091476738926,-2.725137113960108,2.2992700125752124,0.1848578220412544,3.936919296131656,0.1144945753216406,1.184464505031933
67.0,9.0,134.38787841796875,0.1386625682408619,1.7151981068668525,-4.543841852136426,-2.635950108932005,-2.509619205814099,1.6080851497479234,0.9500852384374046,3.697849251251037,-0.051016015233687,2.0487251685099763
67.0,9.0,135.2982177734375,0.0266800314987247,2.86260937873241,-4.079851568408641,-4.037612000293581,-2.737607517871861,2.57142608601192,-0.1415506861933719,4.747246448449431,0.2664861158282102,-0.0755038614218346
67.0,9.0,133.5550994873047,-0.6979422179940449,3.6507387359782615,-3.8572828837302,-3.603222079633756,-2.895661620930984,1.9961631287463235,0.7227502341306149,3.893723697955714,-0.7362125861765858,1.0254416162905526
67.0,9.0,134.23379516601562,0.5484162750299787,2.7875799094905336,-4.6161810638419984,-2.816545171370262,-2.858215620383838,2.0234272323934515,1.06002553579571,4.193571410097721,-0.086337879182916,0.9480640909659008
67.0,9.0,133.97955322265625,-0.4047330978959327,3.000510373954636,-3.682349192725525,-3.599153835851986,-3.5097713271319857,1.8219168344642176,0.0890370624556988,4.550575379168231,0.2663096140201312,1.1177488136588032
67.0,9.0,133.9220733642578,-0.5212738812456316,2.7814626827071427,-4.321163442952735,-2.272536221327571,-2.8216274985905745,1.3520837007670654,-0.2833213431522323,3.8436472359850273,0.1651455922576479,2.064663202783032
67.0,9.0,134.22203063964844,-0.5062109577207271,2.7317466618902526,-4.269312650860968,-2.2501047137800474,-2.703120763098557,2.241137969877833,-0.0788430920276732,4.301935676485077,-0.3844264006171198,2.0413486889063046
67.0,9.0,134.2733917236328,-0.3480263648939401,3.3136008588277583,-3.728529593110884,-3.3333916439740947,-2.6099690880003847,2.3085702782291464,1.1883347472495964,3.276534851117712,-0.3547747332064112,1.6091777212281309
67.0,9.0,132.06080627441406,-0.1016883804293462,2.5364502951239376,-3.787751350613484,-3.481666195588368,-3.2217824056939133,1.3426951807882712,0.2839335693717866,3.608110599711841,-0.4226755024042216,1.550055332858188
67.0,9.0,135.2884063720703,-0.0519858337970708,3.087006987760114,-4.969112098392058,-3.668842540429096,-3.2175137469944866,2.271315891198767,-0.4611985011817432,3.480842030252328,-0.5004550435707168,2.591403464631566
67.0,9.0,134.57696533203125,-0.6130423410017345,1.97307756565147,-4.355975962510466,-2.432324373721577,-3.249809173416101,1.4408760314757163,-0.0368658727426778,3.453157183785722,-0.4765846017663533,1.7875144718335436
67.0,9.0,134.4112548828125,-0.810328035707431,2.6562138745923707,-4.741803204381914,-2.4259145149339427,-2.7575065733771096,2.068918571679774,-0.3400325579011114,3.805591635128189,-0.1961261590997383,2.096621715275788
67.0,9.0,132.9277801513672,-0.2035511273733616,2.604857493307536,-3.2870079225679287,-4.1831165660891845,-2.599191630661925,1.9418875900163552,0.6068362070905673,4.384928309112935,0.3174115511381622,1.279564752786391
67.0,9.0,132.08078002929688,-0.2779819036003659,2.6873698972049764,-3.769024744121933,-3.446649082180119,-2.819998638675684,2.0342077800684297,0.5174055013664824,3.794747141230957,0.0812902542386811,1.3323073870684103
67.0,9.0,134.54428100585938,-0.0786038038764416,1.951358369270496,-3.951906729614169,-3.131797323580688,-2.7403603737123183,2.206786004425827,0.468225796144978,4.298092758277964,-0.0966263925640696,-0.0299857583280711
67.0,9.0,132.7349853515625,-0.4513812869458313,2.4615989305282424,-3.2017390589264667,-3.5416894841114166,-2.7480368127540733,1.3678933463317382,0.4282800302622994,3.546436568187674,0.3124204474932605,1.5993287392430893
67.0,9.0,133.70668029785156,0.5678988676738114,2.7737239130911058,-4.222274641702585,-2.685856461753456,-2.9711301960599883,0.7848862795646174,0.4633812483881446,3.716848086670022,0.2195810425571616,1.802208788341343
67.0,9.0,134.3652801513672,0.7603875203855408,3.19482672542034,-3.562355757526766,-4.160070366626588,-2.858354225313483,2.059655942913718,1.0027106465408786,4.191145240676212,0.0794180692276956,0.9760534412825244
67.0,9.0,132.7189483642578,-0.3373660909982737,2.6140302436910154,-3.490480152614927,-4.153472535564399,-2.8557862084019696,2.1074013215181124,0.561653079156554,3.904200298604273,-0.0054114471047866,1.1206908618180491
67.0,9.0,132.76417541503906,-0.1982008467827732,2.7469218484095324,-3.469083823744496,-4.135779043123427,-2.875517823389865,1.683843437268057,0.2049590701752726,3.6900385081404456,0.4336871902586205,0.8057164022807568
67.0,9.0,134.2511749267578,-0.4742423956702323,3.0109658667137467,-3.3901457819301744,-3.561920529439881,-3.03232050655957,1.9943427540326395,0.5956545718584263,4.236500870107114,0.5879784387556817,0.8167497517856739
67.0,9.0,133.9015655517578,-0.3251567963379855,1.9174295276060287,-3.4808599987453963,-3.5446789141839696,-2.701777993593661,2.205053348895184,0.3343288336372164,3.795486371242587,0.1083548605482385,0.2938775974329676
67.0,9.0,134.11831665039062,0.6536072108192541,2.4241986133460074,-4.569481254530987,-2.30741449154387,-1.9272688752512763,1.9316058475523163,-0.4607380206683036,3.4106749123068507,-0.7601749428646021,2.16823392936584
67.0,9.0,133.4033660888672,0.0491231490004338,2.1374610400782323,-4.272576904747881,-3.875622092588997,-2.8013872768857566,1.8422565076407311,-1.1327399083122311,3.644277391732852,0.1226833323597045,2.124492242949505
67.0,9.0,134.7163848876953,0.6834477180865972,2.4645121376080508,-3.341990334248425,-3.908114505715666,-2.361746756847975,1.8746051863014064,1.3202862046439343,3.713528797330963,0.4126183931196827,1.897235790927324
67.0,9.0,133.06527709960938,-0.6275258799116235,2.812822159309494,-3.4598498148063754,-3.872461348732822,-2.861936462782504,2.0513299374620417,0.1307811598413092,4.159671331247381,-1.2490051434450062,0.8445896242459597
67.0,9.0,134.27206420898438,0.3319546748014075,2.064422276803181,-4.534215064519068,-2.347405588681143,-2.446236674505208,2.6058467525822806,-0.013246262086904,4.137213127170536,-0.5175326143755647,1.3990853198289654
67.0,9.0,133.18978881835938,-0.1928924619151182,2.281238173779632,-3.25637179408389,-3.692655059689434,-2.8515884291916525,1.7290329633009949,0.5334470275313056,3.33296065139224,0.1080852768508027,0.8014067690682141
67.0,9.0,132.3054656982422,-0.0165647137946507,3.083903239182181,-3.712440531064322,-3.8320599650635936,-2.784101706145457,1.8932189400205723,0.3672006908801942,3.9501667462240495,0.245806092311372,0.7403382043567008
67.0,9.0,134.4198455810547,0.1492816728879046,2.2699741501886868,-3.832660757377308,-3.6429607531540986,-2.6670073225060205,2.1551524932536137,1.2756701875623064,4.172345452014081,0.2473884853418496,2.1147510403670235
67.0,9.0,133.35630798339844,0.5760173916114237,3.438774644597236,-3.6669011434879226,-3.433870849735403,-2.864191614772801,2.3191237211505102,0.1514108543236906,3.833520685409964,0.0463678762007273,0.9995709943731476
67.0,9.0,133.7851104736328,0.0939617121284491,2.9250117085662017,-4.633928895651649,-3.535522283793424,-2.765489283011916,2.4094312376660563,0.8194689434098715,4.786494634582475,-0.3656575949140583,0.91973703836903
67.0,9.0,132.4376220703125,-0.483826587287876,2.4178569366852285,-3.8403637901942,-3.6748184534498014,-2.829615533080074,1.8077706737946049,0.6309796588627805,4.398279462571778,0.2123532272906748,1.1727996317331184
67.0,9.0,133.2338409423828,-0.105621240303946,2.622458462591281,-3.0781011042402664,-4.122142628660761,-2.8461948105156925,2.0117683531433497,0.6421021530172839,3.956663282868501,0.0291906361739743,1.3131081335953263
67.0,9.0,133.07415771484375,-0.1408407959233723,2.3371435211002565,-3.4663422326337443,-3.43785245898112,-2.799114674789521,2.07022355349906,0.6414070261782867,4.052924486000507,0.2985973752663851,0.8997547120150335
67.0,9.0,133.7767791748047,-0.1153193888149775,2.486787581496096,-3.9712835145654655,-3.42625121171676,-3.019293359695596,1.7083774249710135,1.0456696432300472,4.800008110003963,0.0178294507855482,0.8633379286387568
67.0,9.0,135.9761962890625,-0.0861848138370627,1.675536860302261,-4.944880274357053,-2.0976792784976044,-2.4238004367667942,2.001245455792332,0.7630076948805304,4.099010294912693,-0.048780946068671,1.8560938575692711
67.0,9.0,133.4649658203125,-0.6779435928050975,2.709014398925132,-3.2348936761806595,-3.672533897560447,-2.884150511327228,1.6281014227352506,0.8566730324439731,3.8763738123092177,0.0448773988915859,0.8390167754011997
67.0,9.0,134.64675903320312,0.0152982200905411,3.606123805068534,-4.743343862032436,-2.591330932451996,-2.8156582308295066,2.122990233350261,0.7165632119893706,3.563252144767674,-0.6002805008663146,1.0526034070667447
67.0,9.0,133.7205047607422,0.2722910159139244,3.850044034014927,-4.167301040884686,-3.2965180004828927,-2.633912517550204,2.438319459928732,0.0977205543075785,4.163127512324364,0.2138263501471779,1.21857595332114
67.0,9.0,132.84591674804688,-0.2621137570350142,2.3373000052890536,-3.4849637842400067,-3.9935916197974737,-2.78106773067042,1.5958794574635222,0.5257100470654681,4.18328623100221,0.4278850913786375,0.7730885066499532
67.0,9.0,133.595947265625,0.7339416807138033,3.117237690282525,-4.43333285026702,-2.7848637878546985,-3.0582752407595954,1.5352874508494905,0.279757919460939,3.7947610567771872,-0.2075735962448849,2.014151487289724
67.0,9.0,132.45335388183594,-0.0786223156614918,2.900440216158562,-3.445862723922446,-3.742862184272182,-2.91727368368069,1.930103857276614,0.3730044000212896,3.8052917983490913,0.2487925780533942,1.2222034744213777
67.0,9.0,132.1313018798828,-0.1563615285955441,2.594111570770598,-3.493397732913077,-3.970223058710265,-1.9344269106160563,1.7414937388889304,0.2961861884200264,3.623396831939004,0.7027481721646992,1.2390660740995891
67.0,10.0,132.78475952148438,-0.2305284566934019,2.6891421663807304,-3.4134755695722228,-4.7557957101647945,-2.6151667896003863,1.812052986091915,-0.4124425536822195,3.680390468307568,0.1128823702567327,1.4880424908694474
67.0,10.0,131.56103515625,-0.0024875963799224,2.76060712464197,-3.234364627955139,-3.813565195567,-2.34483396172424,1.821442288879093,-0.4129443202881504,4.104188308190657,0.1348719308956495,1.4522209708154894
67.0,10.0,131.3154754638672,-0.1102436229339525,2.613257873092389,-3.2910151867173445,-3.5180342953704287,-2.2756313195665614,1.870481841009404,-0.2685811582944054,3.9814032328798312,0.0890429917388096,1.3438367632199744
67.0,10.0,131.65269470214844,-0.0303222096609553,3.150322937381378,-3.2049563791687765,-4.051459189619565,-2.4982682068389908,1.3155427456140618,-0.415918477560258,4.130294916484803,-0.1299321531874301,1.1549372426416389
67.0,10.0,132.45692443847656,-0.3564741517009631,2.0680500331827893,-4.191849562094361,-4.172812949715431,-2.870438539080422,2.202120143042925,-0.3404835825127303,4.061252294877139,-0.1532934046217739,1.5657707535030614
67.0,10.0,132.66607666015625,0.5183562383234172,2.447045537575296,-3.614585111776024,-3.235091476738926,-2.725137113960108,2.2992700125752124,0.1848578220412544,3.936919296131656,0.1144945753216406,1.184464505031933
67.0,10.0,134.38787841796875,0.1386625682408619,1.7151981068668525,-4.543841852136426,-2.635950108932005,-2.509619205814099,1.6080851497479234,0.9500852384374046,3.697849251251037,-0.051016015233687,2.0487251685099763
67.0,10.0,135.2982177734375,0.0266800314987247,2.86260937873241,-4.079851568408641,-4.037612000293581,-2.737607517871861,2.57142608601192,-0.1415506861933719,4.747246448449431,0.2664861158282102,-0.0755038614218346
67.0,10.0,132.76390075683594,-0.4586004817239631,2.5945451400686173,-3.044612778222924,-3.830234668554377,-2.215204787727118,1.5770223256558074,-0.5483997256890955,4.068849069711916,0.6396427201350023,1.3086122971784715
67.0,10.0,134.23379516601562,0.5484162750299787,2.7875799094905336,-4.6161810638419984,-2.816545171370262,-2.858215620383838,2.0234272323934515,1.06002553579571,4.193571410097721,-0.086337879182916,0.9480640909659008
67.0,10.0,133.2998504638672,-0.617635404830631,2.4634809310556225,-3.0347935682858567,-3.42498208771684,-2.8380433461430536,1.6608167174113886,-0.5900769093269391,4.2879713577124186,0.2664206480246202,1.201632412391513
67.0,10.0,133.9220733642578,-0.5212738812456316,2.7814626827071427,-4.321163442952735,-2.272536221327571,-2.8216274985905745,1.3520837007670654,-0.2833213431522323,3.8436472359850273,0.1651455922576479,2.064663202783032
67.0,10.0,132.86387634277344,-0.2342571531870839,2.0138956821177763,-3.753692553080741,-2.971683588919029,-2.145202468801278,1.812487491248516,-0.3323908198110741,3.814041154524775,0.5377942380300326,2.065841659298141
67.0,10.0,133.36073303222656,-0.2522717189108772,2.185311426798153,-3.0802641792607472,-3.3753990386475503,-1.8647362882056555,1.9620799038033423,-0.2853176180850414,3.196417735827028,0.5434676788287534,1.5002462607611609
67.0,10.0,132.06080627441406,-0.1016883804293462,2.5364502951239376,-3.787751350613484,-3.481666195588368,-3.2217824056939133,1.3426951807882712,0.2839335693717866,3.608110599711841,-0.4226755024042216,1.550055332858188
67.0,10.0,131.80992126464844,0.1076901789441281,2.8411137284192063,-4.700263618172976,-4.038435428526969,-2.5613123735142374,1.913066287999424,-0.6945162473581743,3.609517007167717,-0.3117381113625783,1.746827572822396
67.0,10.0,133.1587371826172,-0.4808050059449819,2.3086239187897206,-3.540446307064572,-3.141285252876643,-2.9714629389974334,1.2055045485552254,-0.6951871835532477,3.448559249392483,0.0384107487329639,1.9171293573407304
67.0,10.0,134.4112548828125,-0.810328035707431,2.6562138745923707,-4.741803204381914,-2.4259145149339427,-2.7575065733771096,2.068918571679774,-0.3400325579011114,3.805591635128189,-0.1961261590997383,2.096621715275788
67.0,10.0,131.77444458007812,-0.0533319692588084,2.705612822996879,-3.1837769148982464,-3.567085715883411,-2.086441985468263,1.7382210160941218,-0.9039422773219457,3.9891865338785615,-0.069103430854211,1.5157427782369586
67.0,10.0,131.94635009765625,-0.1301927169873708,2.6222445743677287,-3.269751069051932,-3.658513549910914,-2.7593826433712585,1.8410987414464952,-0.165180787307412,3.995813454642702,0.1764375913482387,1.325199165568816
67.0,10.0,131.9008026123047,0.059555086868332,1.9884023420944208,-3.3928915199350103,-3.887218750386835,-2.231031347127856,2.0012889552916766,-0.4151087626573218,4.4941529933016495,-0.3951437536692109,1.1012275295570482
67.0,10.0,131.95372009277344,-0.136862626165957,2.4438093068958566,-3.254912365249369,-3.753048342677903,-2.3640408853476926,1.2393699737422954,-0.1660446436752671,3.380571448748034,0.3361923235852709,1.6420561651921504
67.0,10.0,132.15371704101562,-0.2653459911780785,2.872166841595564,-3.76489711138758,-2.936069500466429,-1.7144410725461263,1.8950032666815289,-0.3176800065922133,3.804641200648523,0.5802010431339384,1.5039754758355934
67.0,10.0,132.8756103515625,-0.5724019791031107,3.274015677204008,-3.220712834501553,-4.643599515392794,-2.3215578768716494,1.6149689879608653,-0.3355979610769841,3.8055076033485182,0.1145041676553461,1.3628004631734538
67.0,10.0,132.7189483642578,-0.3373660909982737,2.6140302436910154,-3.490480152614927,-4.153472535564399,-2.8557862084019696,2.1074013215181124,0.561653079156554,3.904200298604273,-0.0054114471047866,1.1206908618180491
67.0,10.0,132.2063751220703,-0.0744460366308685,2.695950934422636,-3.0726609788755823,-3.960106128912608,-2.275957951779214,1.2270914519625495,-0.0579184805782333,3.474814714718613,0.4226968441856564,1.1560845325518234
67.0,10.0,134.2511749267578,-0.4742423956702323,3.0109658667137467,-3.3901457819301744,-3.561920529439881,-3.03232050655957,1.9943427540326395,0.5956545718584263,4.236500870107114,0.5879784387556817,0.8167497517856739
67.0,10.0,132.72653198242188,-0.149063754286734,1.8572156409182887,-3.218413270242724,-3.5878294320467634,-2.0342435938719685,1.86623798869278,0.4490865598791503,4.145277526583247,-0.0798818587265164,0.559110793998728
67.0,10.0,134.11831665039062,0.6536072108192541,2.4241986133460074,-4.569481254530987,-2.30741449154387,-1.9272688752512763,1.9316058475523163,-0.4607380206683036,3.4106749123068507,-0.7601749428646021,2.16823392936584
67.0,10.0,133.4033660888672,0.0491231490004338,2.1374610400782323,-4.272576904747881,-3.875622092588997,-2.8013872768857566,1.8422565076407311,-1.1327399083122311,3.644277391732852,0.1226833323597045,2.124492242949505
67.0,10.0,131.8229522705078,-0.415532989377033,2.672510781539339,-2.9712584063014416,-3.7233366306804223,-1.9212184732395,1.832865444270598,-0.2224487645449693,3.8967058508111454,0.0241630016705273,1.2541371314016851
67.0,10.0,133.06527709960938,-0.6275258799116235,2.812822159309494,-3.4598498148063754,-3.872461348732822,-2.861936462782504,2.0513299374620417,0.1307811598413092,4.159671331247381,-1.2490051434450062,0.8445896242459597
67.0,10.0,133.37538146972656,0.972563117970678,1.8503880371323536,-3.4156254835262283,-3.886537783026714,-2.381986843813908,1.984966468342995,-0.4678635697891806,3.634310032992276,0.1519397836002627,1.4796085538308588
67.0,10.0,132.66522216796875,-0.0569732709831731,1.892490978131777,-3.224649269440688,-3.6181678326033726,-2.591556706653755,1.550636959490071,-0.2615858573248067,3.217726911638884,0.068775508306999,1.4861656234000236
67.0,10.0,131.97360229492188,-0.0547734426157096,3.1652247314092814,-3.1741859298142527,-3.1676402760190747,-1.8062460047726567,1.6721832132182763,-0.4797982456234432,3.894814283099721,0.1540338885829089,1.0449925771047766
67.0,10.0,134.14051818847656,-0.1999385295455955,2.609232026171682,-3.0683715595961654,-3.6186899469822698,-2.431362034786303,2.055204912632822,1.1732111804980674,4.018110683499715,-0.0245395436821657,2.0728374022557663
67.0,10.0,133.35630798339844,0.5760173916114237,3.438774644597236,-3.6669011434879226,-3.433870849735403,-2.864191614772801,2.3191237211505102,0.1514108543236906,3.833520685409964,0.0463678762007273,0.9995709943731476
67.0,10.0,132.5056610107422,0.0329703736027537,3.421707358564131,-4.1130710342400185,-3.379325962110591,-1.6520666124843797,2.0315491263638856,0.1328089073246839,4.842531932748045,-0.1545176287205145,0.6023440286267012
67.0,10.0,130.50616455078125,-0.1774694130287171,2.583794046149084,-3.804345689320559,-3.600924881577165,-1.8833874425634392,1.573066361667088,-0.2988864558894991,3.644692704628158,0.0936426717592812,1.2627055316255469
67.0,10.0,133.2338409423828,-0.105621240303946,2.622458462591281,-3.0781011042402664,-4.122142628660761,-2.8461948105156925,2.0117683531433497,0.6421021530172839,3.956663282868501,0.0291906361739743,1.3131081335953263
67.0,10.0,131.36297607421875,-0.2351887779317285,2.5833008078042585,-3.2951619160769634,-3.603580748836343,-2.104057383204639,1.6985793440548596,0.4114185092506499,3.713845585451332,0.0614745516862547,1.4399522293338487
67.0,10.0,131.23582458496094,-0.1617597451379006,2.693368752337593,-3.4089698417760164,-3.499262060252405,-1.8740659936962945,1.8230482226225568,-0.7825232992893107,4.071820064340312,-0.1644223824287344,1.2077704886441156
67.0,10.0,135.9761962890625,-0.0861848138370627,1.675536860302261,-4.944880274357053,-2.0976792784976044,-2.4238004367667942,2.001245455792332,0.7630076948805304,4.099010294912693,-0.048780946068671,1.8560938575692711
67.0,10.0,132.5621795654297,-0.2747801754105452,2.9786783631182336,-3.180491865742869,-3.598470623126876,-2.1306373650247656,1.7419014870687632,-1.0918501504161844,3.7528070593290814,0.1082564751502928,1.6636182657126972
67.0,10.0,132.92416381835938,-0.1450076440589737,3.087648596374998,-3.0371702958442754,-3.881436882864708,-1.7960707640341618,1.6969873140713083,-0.7339962150123422,3.7665456634685497,0.3481006580266429,0.653263464776523
67.0,10.0,132.7117462158203,0.1113122588808588,2.5780712013215226,-3.418096858641139,-2.903819883240536,-1.706638095041366,1.4251268503944208,-0.9432053396638548,4.257692567007592,0.1934043975985586,1.9920012344732665
67.0,10.0,132.84591674804688,-0.2621137570350142,2.3373000052890536,-3.4849637842400067,-3.9935916197974737,-2.78106773067042,1.5958794574635222,0.5257100470654681,4.18328623100221,0.4278850913786375,0.7730885066499532
67.0,10.0,132.92372131347656,-0.2049578067692121,3.0381528154643727,-4.348237061841576,-2.9970807611916928,-1.543121973728982,1.889362878139586,-0.3884634260005656,4.052000140189694,0.670494836192775,2.0877665097082856
67.0,10.0,131.92926025390625,-0.2504442222760569,2.591625746908277,-3.090450256530306,-3.645314424888977,-2.190941280034308,1.6766555642111096,-0.7090259343858992,4.073263829600343,0.1439909969163516,1.1550734145819628
67.0,10.0,131.84620666503906,-0.0891512126453982,2.6650856310429707,-3.3757910736827355,-3.4903842646481897,-2.310202242492869,1.5963739635333545,-0.274883637749123,3.225467340941168,0.3178682946228262,1.4055947085400438
67.0,11.0,132.56260681152344,0.010531266379722,2.947211977490914,-3.795496232448919,-2.7557957101647945,-1.0670467842175415,1.6389610566842074,-0.6659027615148704,3.536807431526872,0.0808767950140349,1.5348876240405032
67.0,11.0,131.16510009765625,-0.0747418177920698,2.3345415079939484,-4.0916994957002455,-3.7053341211308495,-1.9709287267577424,1.1870780485990966,-0.9371489387823952,4.174285367015536,0.1510375530787152,1.502215812970669
67.0,11.0,130.92613220214844,-0.1565103505412375,2.646270314111583,-3.757979497313087,-3.4443968705122896,-1.4989291147374757,1.7409083853080758,-0.4772537047911747,3.7422317330380888,0.1119230816877771,1.2999599754091402
67.0,11.0,131.65269470214844,-0.0303222096609553,3.150322937381378,-3.2049563791687765,-4.051459189619565,-2.4982682068389908,1.3155427456140618,-0.415918477560258,4.130294916484803,-0.1299321531874301,1.1549372426416389
67.0,11.0,131.23133850097656,-0.4871297007348935,2.651047664881263,-4.579466028335086,-3.590991972579319,-1.6794883984328377,1.599288447856705,-0.4925958704284657,3.402706739904395,0.0991994584724345,1.4915691443897408
67.0,11.0,132.10433959960938,-0.8941121255555953,2.135394803737053,-4.009284220733489,-3.5723454578498264,-2.6530155438895857,1.295169634127778,-0.1967225871626121,3.631017804783963,0.2726495340334009,1.3122318191204154
67.0,11.0,134.38787841796875,0.1386625682408619,1.7151981068668525,-4.543841852136426,-2.635950108932005,-2.509619205814099,1.6080851497479234,0.9500852384374046,3.697849251251037,-0.051016015233687,2.0487251685099763
67.0,11.0,131.96356201171875,-0.0545708939496704,2.5505428268964807,-3.985935075036152,-3.82033817615094,-2.076968679608756,0.9824301038083584,-0.6072048273323185,3.624109929193674,0.0313394603823136,0.1940190734054193
67.0,11.0,132.76390075683594,-0.4586004817239631,2.5945451400686173,-3.044612778222924,-3.830234668554377,-2.215204787727118,1.5770223256558074,-0.5483997256890955,4.068849069711916,0.6396427201350023,1.3086122971784715
67.0,11.0,131.7567901611328,0.0716966907282292,2.5587973291172403,-4.070840564452637,-3.579857653041314,-1.4745536653993911,2.056812790527929,-0.6096620544729316,4.400422149343209,0.2022541623922576,0.8234015223590527
67.0,11.0,132.21780395507812,-0.1189409004214099,2.4891828981230124,-2.9139103230133165,-3.6743228064367632,-2.234294782120678,1.4493363150222198,-0.5285606261123411,3.447156269451935,0.0925402711676088,1.3026761301063414
67.0,11.0,131.34617614746094,-0.1216363109833038,2.5540366646166888,-4.2696324016955485,-3.8537924591916,-2.583993470750234,1.2732625228248955,-0.225531411511884,3.9553101113206384,0.2130195211336805,0.6162332009931037
67.0,11.0,132.0054168701172,-0.2454003652100942,1.8594647036855243,-3.750456447074035,-3.8868661567915614,-1.807650712038909,1.5311430725479926,-0.3748282590916488,3.859044766108842,0.0734725347818723,2.22901212938455
67.0,11.0,131.66249084472656,-0.2139308116889331,2.0447232965457465,-3.761917195625117,-3.8206142609338416,-1.612588705057251,1.4461422280465102,-0.8653159729441505,3.646243792178529,0.1879278475754511,1.3206361083927805
67.0,11.0,132.06080627441406,-0.1016883804293462,2.5364502951239376,-3.787751350613484,-3.481666195588368,-3.2217824056939133,1.3426951807882712,0.2839335693717866,3.608110599711841,-0.4226755024042216,1.550055332858188
67.0,11.0,130.99456787109375,0.0769012533574904,2.310263906849196,-4.2900865381996605,-3.6741711178480254,-1.6076816144917832,1.5238310973155982,-0.3981940443839202,3.69878130691042,0.3279663203990899,1.1266082417683057
67.0,11.0,132.84661865234375,0.0025769263167288,2.6307745884653304,-3.3017272137616693,-4.19584354287584,-2.6371852876347863,1.3367337193925866,-0.5620688420303551,3.640653584017565,0.3246245444324123,0.5389768384924638
67.0,11.0,131.7812042236328,-0.7179855043364151,2.645725632866018,-3.5539345355232133,-4.399974765670593,-1.693262105822436,1.8699113611201983,-0.2233692067799502,3.822807039454439,-0.0110146670595683,1.5289429326671031
67.0,11.0,131.2003631591797,-0.1734938327841413,2.5622156242972407,-3.750530747459075,-3.354075541066561,-1.6977471129805295,1.6215607508802647,-0.959182637588174,3.8138441852549367,-0.1325907285695116,1.5567400753875775
67.0,11.0,131.13296508789062,-0.1151666281705386,2.5600559161962693,-3.385119314979247,-3.721333721639681,-2.1345974573239657,1.3791003778076252,-0.6398142309969919,3.635784164644516,0.0493140637587733,1.2529235929678595
67.0,11.0,131.9008026123047,0.059555086868332,1.9884023420944208,-3.3928915199350103,-3.887218750386835,-2.231031347127856,2.0012889552916766,-0.4151087626573218,4.4941529933016495,-0.3951437536692109,1.1012275295570482
67.0,11.0,131.3156280517578,-0.0747810222759031,2.4942246650765245,-3.280422300103118,-3.8022078357728266,-1.99888026661851,1.453093237993568,-0.5995719687755918,3.73474085378824,0.0310700593733576,0.9534308237314552
67.0,11.0,132.02159118652344,-0.5677984436296253,2.618780155591133,-3.632297573006449,-3.5170824653978245,-1.3705963175222995,2.097610711282754,-0.5861032206275254,3.571040240866432,0.092064947089986,1.141738650102334
67.0,11.0,132.21746826171875,-0.6452160228878884,2.221720465608514,-4.062443664752304,-2.8082058853740337,-1.7553386615936803,1.4374557502762797,-0.7969415403698936,3.583971203309901,0.1171675628769301,1.3955327607288996
67.0,11.0,131.28561401367188,-0.1323095802061668,2.5985220159358544,-3.62641362820056,-4.169102815616314,-1.7658107825989802,1.3628537941216172,0.2694373528565614,3.8235987672575606,-0.0363784881992325,2.071269758569295
67.0,11.0,130.8805389404297,-0.1777931993297325,2.673907950885911,-4.061587151434785,-3.341915012056779,-1.862705613625388,1.1697475950028169,-0.5364148610696218,3.639220307146236,0.2841435562565995,1.3291593885759865
67.0,11.0,132.2745361328125,-0.4283892049046697,2.801837379563457,-3.5608778282476563,-3.414162915154862,-2.807884365787473,1.584584653868327,0.7361417333520228,3.7938388283338735,-0.0471103118561774,0.970447725121752
67.0,11.0,131.0638885498047,-0.1050627758729378,3.0151995512635774,-4.093215934456197,-3.608549690099252,-1.7083910736642662,1.6498865343204112,-0.2158786643081388,3.309838775162073,0.1034134078913734,0.9048631644307558
67.0,11.0,134.11831665039062,0.6536072108192541,2.4241986133460074,-4.569481254530987,-2.30741449154387,-1.9272688752512763,1.9316058475523163,-0.4607380206683036,3.4106749123068507,-0.7601749428646021,2.16823392936584
67.0,11.0,132.23828125,0.0183392830958232,2.704911900624748,-4.531394179928208,-3.8131586776160624,-2.532371106056857,1.7766977555509145,0.2412490881357049,3.277806412725523,-0.0447784815702708,2.2480047861624497
67.0,11.0,131.2979278564453,-0.5866459564069797,2.608174781676782,-4.276111901763835,-3.4663989386013205,-1.711923404217501,1.5611181421178029,-0.8903301439327553,3.720244335905575,-0.0405280984573052,1.017832872005084
67.0,11.0,131.81922912597656,-0.0096865510818165,2.773298064230642,-3.765099214676068,-3.476750039663424,-2.7738425707967806,2.03913455149908,-0.1038784739511694,4.125006877166366,0.1820590363873124,0.9510830650811792
67.0,11.0,133.33779907226562,0.9854818589609716,2.950232732975316,-3.385638481946164,-4.235322045503448,-1.8938562252632711,1.3602411437868127,-0.4656535606306612,3.3084724645616306,0.4691559376526679,1.0140775537394997
67.0,11.0,131.71011352539062,-0.2190098452489361,2.8949729898515155,-4.350493392184271,-3.581940548217891,-1.1718559745373454,1.488873825172034,-0.5821625461995915,3.2199077151142346,0.0901635672547042,1.4651953102573627
67.0,11.0,131.2266082763672,-0.3172306272062703,2.03957879113156,-4.068249297197572,-3.652562690815413,-1.5255419522736418,1.4858595142965942,-0.6784610468730066,3.720763746203328,0.0285451407205803,1.545218217801593
67.0,11.0,132.1053009033203,-0.1137071816989344,2.667858503901024,-2.924862665416546,-3.603656435807703,-1.578771421686867,1.4050303659707084,-0.8267888195019326,3.8756629277115486,-0.14018545542216,1.519801578988819
67.0,11.0,131.7193145751953,-0.7207947960641143,3.055608007389847,-4.510657061449329,-3.6309721339436254,-2.043041438339164,1.1033694127891145,0.727985988407633,3.753743592089372,0.0026870947751267,1.053504601388065
67.0,11.0,132.44613647460938,0.0229103594028763,2.2678997187401766,-3.996886206494364,-3.451888583461816,-1.3116778132923497,1.7391517487214994,-1.0497406274105696,3.550957717492092,0.3433181456074099,1.6251333410683797
67.0,11.0,130.50616455078125,-0.1774694130287171,2.583794046149084,-3.804345689320559,-3.600924881577165,-1.8833874425634392,1.573066361667088,-0.2988864558894991,3.644692704628158,0.0936426717592812,1.2627055316255469
67.0,11.0,131.816650390625,-0.0962821815704036,2.557267568261472,-3.7470762690001886,-3.47963128224142,-2.7310838872676304,2.014482308505721,0.6262352882544275,3.884874146310288,-0.1219788965951562,1.3261060962859916
67.0,11.0,130.3076171875,-0.2032068596250588,2.6794196499599643,-4.238751966093302,-3.665282368421368,-1.812487019054212,1.3196247341193392,-0.2040911615149629,3.5411772514568653,-0.0244098759593609,1.3640111007790576
67.0,11.0,131.23582458496094,-0.1617597451379006,2.693368752337593,-3.4089698417760164,-3.499262060252405,-1.8740659936962945,1.8230482226225568,-0.7825232992893107,4.071820064340312,-0.1644223824287344,1.2077704886441156
67.0,11.0,134.59861755371094,0.0159562027719829,2.8864409679978174,-4.409247444552527,-3.076009480598443,-3.194586533144661,1.6726517207520852,1.1850847834807023,4.465935303534202,-0.0724628549213875,2.002099412898997
67.0,11.0,132.53585815429688,0.0143230354708779,2.2850564941686047,-3.215909292251833,-3.574115352661896,-1.4531027727916408,1.4518859011254728,-1.0485743690915357,3.532735620128102,0.1315089940098798,1.191752867969778
67.0,11.0,132.7758026123047,-0.2651319429497209,2.4197125374974906,-3.2179637893529454,-4.031217726092112,-1.4199840735088491,1.313621604821205,-0.7722615309500133,3.6300334416878894,0.5186420313587282,1.0148780792296717
67.0,11.0,132.7117462158203,0.1113122588808588,2.5780712013215226,-3.418096858641139,-2.903819883240536,-1.706638095041366,1.4251268503944208,-0.9432053396638548,4.257692567007592,0.1934043975985586,1.9920012344732665
67.0,11.0,132.84591674804688,-0.2621137570350142,2.3373000052890536,-3.4849637842400067,-3.9935916197974737,-2.78106773067042,1.5958794574635222,0.5257100470654681,4.18328623100221,0.4278850913786375,0.7730885066499532
67.0,11.0,132.92372131347656,-0.2049578067692121,3.0381528154643727,-4.348237061841576,-2.9970807611916928,-1.543121973728982,1.889362878139586,-0.3884634260005656,4.052000140189694,0.670494836192775,2.0877665097082856
67.0,11.0,130.4991455078125,-0.2054407883894815,2.467603629258119,-3.724532954691865,-3.5695714386911988,-1.7714972310827846,1.4310114349426364,-0.325198564151773,4.137594474810646,0.033767894641627,1.1350493019677192
67.0,11.0,130.6322021484375,-0.2163439421501337,2.596299071820252,-3.828615119109607,-3.312718340359911,-1.8951809099398649,1.5339018536571103,-0.5019320985043985,3.797023919557442,0.0581769204386491,1.4318590374625746
67.0,12.0,132.46835327148438,-0.3041283689058984,2.9998157274737944,-4.402881135562162,-3.45810741901023,-0.5954978189701716,1.052097121343638,0.0144064942786065,3.4859764060664102,-0.0605241089836028,1.5210313414660512
67.0,12.0,131.16510009765625,-0.0747418177920698,2.3345415079939484,-4.0916994957002455,-3.7053341211308495,-1.9709287267577424,1.1870780485990966,-0.9371489387823952,4.174285367015536,0.1510375530787152,1.502215812970669
67.0,12.0,130.72157287597656,-0.2136183511096625,2.710880682340732,-4.112236655752137,-3.829458199375841,-1.5643980527153802,1.670945580409303,-0.1591414852957928,3.3379188365586674,-0.059227937942129,1.3239464925364888
67.0,12.0,131.65269470214844,-0.0303222096609553,3.150322937381378,-3.2049563791687765,-4.051459189619565,-2.4982682068389908,1.3155427456140618,-0.415918477560258,4.130294916484803,-0.1299321531874301,1.1549372426416389
67.0,12.0,131.23133850097656,-0.4871297007348935,2.651047664881263,-4.579466028335086,-3.590991972579319,-1.6794883984328377,1.599288447856705,-0.4925958704284657,3.402706739904395,0.0991994584724345,1.4915691443897408
67.0,12.0,132.06155395507812,-1.1430655685909614,2.9353148308728265,-4.293273981696755,-3.899308410430947,-2.046472616742609,0.9565622876839914,0.129072342395664,3.3392075423453167,0.0017607482594382,1.4115287081949293
67.0,12.0,134.23316955566406,0.9346433894634172,2.0786232538689102,-4.586442739943916,-3.371955576068652,-1.7114591784823203,1.3987066853097,1.337816534975901,3.521650277450328,0.0587755683025116,1.7242767238866787
67.0,12.0,131.92379760742188,-0.0505799092749086,2.498098235323845,-4.0765004546289125,-3.646302524170916,-1.7771101293084222,0.8428936245215846,-1.18187725924594,3.3757354975155827,-0.0105463137859502,1.15960986336139
67.0,12.0,131.71388244628906,-0.3742374088539543,2.566155893027234,-3.1132682591855585,-4.027379614189234,-2.3224376888774003,1.6107024222689112,-0.5047933346052138,3.939406021885323,-0.8680297436931295,1.3778081146539818
67.0,12.0,131.7567901611328,0.0716966907282292,2.5587973291172403,-4.070840564452637,-3.579857653041314,-1.4745536653993911,2.056812790527929,-0.6096620544729316,4.400422149343209,0.2022541623922576,0.8234015223590527
67.0,12.0,131.02020263671875,-0.0251103110345044,2.677406116163734,-4.524105639705319,-3.767701597621554,-1.4965412607240831,1.300100570884777,-0.383077791549734,3.1950396959695,-0.130300170069246,1.391042814401032
67.0,12.0,131.34617614746094,-0.1216363109833038,2.5540366646166888,-4.2696324016955485,-3.8537924591916,-2.583993470750234,1.2732625228248955,-0.225531411511884,3.9553101113206384,0.2130195211336805,0.6162332009931037
67.0,12.0,131.17526245117188,-0.2311617153261343,2.0902598789181983,-3.8587420622221633,-3.9376513333886622,-1.6805420367271129,1.3260406658523785,-0.1092465411556448,3.401656245276325,-0.277283467789286,0.7177572217269059
67.0,12.0,131.12193298339844,-0.195109119197514,2.3563844556318227,-4.841531767619214,-3.824238425373077,-1.8837437479934145,1.1222778000333895,-0.6177198917719364,3.649035411424633,-0.071936080094574,1.2723934179207386
67.0,12.0,132.06080627441406,-0.1016883804293462,2.5364502951239376,-3.787751350613484,-3.481666195588368,-3.2217824056939133,1.3426951807882712,0.2839335693717866,3.608110599711841,-0.4226755024042216,1.550055332858188
67.0,12.0,130.99456787109375,0.0769012533574904,2.310263906849196,-4.2900865381996605,-3.6741711178480254,-1.6076816144917832,1.5238310973155982,-0.3981940443839202,3.69878130691042,0.3279663203990899,1.1266082417683057
67.0,12.0,131.00421142578125,0.0065563530151923,2.771431904183119,-3.268606862823736,-4.069162628341896,-1.692417292261988,1.3620087213039729,-0.0638732849390604,3.7144051009775993,-0.0926184050747412,1.3078592252450048
67.0,12.0,131.13336181640625,-0.097232500016328,2.694733553789427,-4.052611180013423,-4.103216758960532,-1.665803584794579,1.919723905325929,-0.0038779812144845,3.429313379079473,-0.0154767675624475,0.89754255678395
67.0,12.0,130.72744750976562,-0.2651878116969407,2.5908283356475645,-4.459537303443576,-3.357494163613917,-1.7208144712817848,1.2455110298990584,-0.0148404035845003,3.439572158352735,0.0328396167891179,1.342564787597677
67.0,12.0,130.69375610351562,-0.1497311973230217,2.674092670903668,-4.598173351784274,-3.6639256071153294,-1.671010120857028,1.1459799168655342,-0.2820016420490716,3.401207715739308,-0.1148225214292321,1.2765602001269205
67.0,12.0,131.6056365966797,0.0368162366311829,2.070887940692191,-4.413531158715159,-4.241269215793107,-2.218529417012693,0.9708038710864052,-0.5924591082644677,3.2819162485188413,-0.5137233806668418,1.3626891166617294
67.0,12.0,131.3156280517578,-0.0747810222759031,2.4942246650765245,-3.280422300103118,-3.8022078357728266,-1.99888026661851,1.453093237993568,-0.5995719687755918,3.73474085378824,0.0310700593733576,0.9534308237314552
67.0,12.0,130.8810577392578,-0.6228832782621271,2.60090765086645,-4.290917085207994,-3.820523645039245,-1.4280158318261864,1.363863427546065,-0.0718027659072149,3.443230786363757,-0.1715021494892583,1.3729756402447937
67.0,12.0,131.12835693359375,-0.5162784119568499,2.4820446767932216,-4.527608246957692,-3.105889716000039,-1.5802590754138723,1.2884897889054607,-0.1283000323648323,3.44543493580941,-0.1557947589566376,1.3503146873577243
67.0,12.0,131.28561401367188,-0.1323095802061668,2.5985220159358544,-3.62641362820056,-4.169102815616314,-1.7658107825989802,1.3628537941216172,0.2694373528565614,3.8235987672575606,-0.0363784881992325,2.071269758569295
67.0,12.0,130.8805389404297,-0.1777931993297325,2.673907950885911,-4.061587151434785,-3.341915012056779,-1.862705613625388,1.1697475950028169,-0.5364148610696218,3.639220307146236,0.2841435562565995,1.3291593885759865
67.0,12.0,130.5041046142578,-0.1046594192177831,2.818761483727992,-4.629045334983697,-3.616412564036669,-1.997882084156188,1.0209792709361527,-0.1547159323415352,3.531921689141978,-0.4285771137670275,1.145997481247244
67.0,12.0,131.0638885498047,-0.1050627758729378,3.0151995512635774,-4.093215934456197,-3.608549690099252,-1.7083910736642662,1.6498865343204112,-0.2158786643081388,3.309838775162073,0.1034134078913734,0.9048631644307558
67.0,12.0,132.93014526367188,-0.2782104532314337,2.4758715456684954,-4.205132085509879,-3.960179535846579,-1.917063310613783,1.595217415569592,-0.4878647411928815,3.431362889102869,-0.0521512636616415,2.8082079704937604
67.0,12.0,132.22610473632812,-0.3065623785098944,2.774503567870842,-4.959853836874187,-3.611827999443968,-1.9180093864403605,1.488271781472917,0.5675310905945649,3.1159439104061977,-0.098438030158914,0.8350905285699932
67.0,12.0,131.1411590576172,-0.2220354378952777,2.7279304523967567,-4.752023526295383,-3.4567595953317936,-1.7597731726898185,1.4278220152448484,-0.2171006550356462,3.2932327306831763,-0.0494427855961961,0.9898441315651154
67.0,12.0,130.66458129882812,-0.1332337445840391,2.775917769729259,-4.177305629447607,-3.882917971323412,-2.288852560931593,2.018035184487058,0.0533877675513884,4.015313333942001,-0.3136289433218961,1.0323215189285786
67.0,12.0,131.39662170410156,-0.1846444754492306,3.0818081579504213,-4.10003025164311,-4.307344154957736,-1.686560638821152,1.070280229267328,0.0095577017487547,3.5484594953674784,0.3439879169605379,1.3640123916133031
67.0,12.0,130.71986389160156,-0.2525037860798427,2.9135311069134446,-4.718306407610173,-3.6337813685590414,-1.6799455507473715,1.2203652270595606,-0.0128853264508295,3.5683486427621305,-0.0834809611189731,1.3625594732367343
67.0,12.0,131.17080688476562,-0.2157436177036848,2.7358041709238323,-4.502983504316739,-3.854698444170997,-1.5274003479187184,1.381941255708039,-0.7100270547546449,3.3850079772810475,-0.0919774220221201,1.6029345503537131
67.0,12.0,132.1053009033203,-0.1137071816989344,2.667858503901024,-2.924862665416546,-3.603656435807703,-1.578771421686867,1.4050303659707084,-0.8267888195019326,3.8756629277115486,-0.14018545542216,1.519801578988819
67.0,12.0,131.7193145751953,-0.7207947960641143,3.055608007389847,-4.510657061449329,-3.6309721339436254,-2.043041438339164,1.1033694127891145,0.727985988407633,3.753743592089372,0.0026870947751267,1.053504601388065
67.0,12.0,131.73716735839844,-0.0899576010661447,2.302401104616712,-4.167911297625341,-3.5773631118022493,-1.5782712424209306,1.0635969454405385,0.055665878324729,3.044688448966072,0.2379921790855029,1.7242839645171744
67.0,12.0,130.50616455078125,-0.1774694130287171,2.583794046149084,-3.804345689320559,-3.600924881577165,-1.8833874425634392,1.573066361667088,-0.2988864558894991,3.644692704628158,0.0936426717592812,1.2627055316255469
67.0,12.0,131.81231689453125,-0.2546437963440723,2.753867109863787,-4.129500725184824,-3.194645638380609,-1.541645736292648,0.97408301237141,0.9149388230202022,3.448529084553413,-0.2333560601206232,1.4650834793005574
67.0,12.0,130.3076171875,-0.2032068596250588,2.6794196499599643,-4.238751966093302,-3.665282368421368,-1.812487019054212,1.3196247341193392,-0.2040911615149629,3.5411772514568653,-0.0244098759593609,1.3640111007790576
67.0,12.0,130.17974853515625,-0.19735603525599,2.6984404638905373,-4.294392889812542,-3.8907371249489535,-1.7990861526595627,1.4392035821472944,0.0288715755486128,4.016397124798835,-0.0599600917612064,1.28428853099264
67.0,12.0,134.48818969726562,-0.0763616842435854,3.5988045269640176,-4.964227043204337,-4.170825866487161,-2.384347261079496,1.34809071786291,1.2602401666999512,3.658934913286626,-0.0540225397426104,0.6176735607835264
67.0,12.0,130.92088317871094,-0.0599675390084177,2.2449059568604173,-4.738472094204681,-3.704390114729196,-1.90136524979024,1.1126409354437297,-0.1463167785092867,3.452605817401589,-0.0815494354643433,1.2316201502161142
67.0,12.0,130.92486572265625,-0.2627954529848776,2.479058282981119,-4.657517241692182,-3.661884291725903,-1.6670946269704363,1.1679576521497603,0.2776176737114698,3.401894915889556,-0.1379771637824751,1.40112174818184
67.0,12.0,131.2570037841797,-0.3267228062374565,2.788464159541282,-4.58236303267836,-3.818536881088761,-1.95647019093806,1.4380520172508602,-0.2363844456437548,3.2725708907621107,0.0181926279275584,1.888318026591736
67.0,12.0,132.84591674804688,-0.2621137570350142,2.3373000052890536,-3.4849637842400067,-3.9935916197974737,-2.78106773067042,1.5958794574635222,0.5257100470654681,4.18328623100221,0.4278850913786375,0.7730885066499532
67.0,12.0,132.92372131347656,-0.2049578067692121,3.0381528154643727,-4.348237061841576,-2.9970807611916928,-1.543121973728982,1.889362878139586,-0.3884634260005656,4.052000140189694,0.670494836192775,2.0877665097082856
67.0,12.0,130.3817138671875,-0.1846590292261821,2.7410150212295745,-4.52029594248204,-3.617109995608285,-1.6489736550338097,1.3234028705396657,-0.0007032398955715,3.685426767345135,-0.1047293106565078,1.163324967639795
67.0,12.0,130.27589416503906,-0.2571633779362744,2.710670518800771,-4.239266471243734,-3.63025837114809,-1.6091118995204263,1.4793376959929074,0.0138828373257962,3.692399473609124,-0.1122241043074052,1.4187025088198284
67.0,13.0,130.7855224609375,-0.2691740024468096,2.888265240717131,-4.559817248679754,-3.895214197895245,-1.719051323620028,0.9537546089256808,0.3047848324316505,3.697109551239139,-0.115069463202969,1.4856943099632365
67.0,13.0,130.60716247558594,-0.1535118628890595,2.793461039998082,-4.504633986406382,-3.839861466441208,-2.1091182257327885,1.0849140260521777,0.1655551421901627,4.207729880417624,0.0542373567934429,1.5329780539715276
67.0,13.0,130.4352569580078,-0.2180282774061554,2.732540851127131,-4.520177436309816,-4.086498522847894,-1.90067383986706,1.4009838277355,0.1238374978275271,3.785459673485429,-0.1260331371974482,1.3285197471202426
67.0,13.0,131.0260467529297,-0.1202170439805216,1.9705302603348192,-4.71001118641942,-3.429500123925596,-1.876785848563291,1.3800249597283238,-0.2370465549665276,4.207452542455222,-0.0923424851221463,1.238613440040979
67.0,13.0,131.2043914794922,-0.2459822836940995,2.7817906652722906,-3.58439364296662,-4.062887381588829,-2.3015369128566814,1.498217543224861,-0.7291568537223226,3.825906463741192,0.0626507531439013,1.3152532670675274
67.0,13.0,130.7643585205078,-0.3739699575876967,2.7751005721512376,-4.405442574049408,-4.019688017366995,-1.6915372367450865,0.8835252501651814,0.1840371103476422,3.5974332979172896,-0.1615380674447417,1.3459518276796512
67.0,13.0,131.7642364501953,0.2709573468695424,2.127106421617626,-3.8909138966756176,-3.86652047387572,-1.4447129945936297,1.3823423856720871,0.7693141493968888,3.557882434396396,0.0128428735114151,1.146728488824787
67.0,13.0,131.29666137695312,-0.0555252664341256,2.8461558788721693,-4.550824048403907,-3.859728393532212,-1.7037301035020906,0.8872790332199494,-0.750596486295457,3.5851739735143804,-0.0295328627058342,1.73384221385593
67.0,13.0,131.48533630371094,-0.3823996450583173,2.636430480827102,-3.279447928336119,-4.126540290144692,-2.05277911291249,1.7075274146913186,0.0529150536975052,4.10861860418848,-1.064739687601003,1.3695469592170637
67.0,13.0,130.82752990722656,0.1818050407487496,2.678408267454408,-3.9741178136045807,-3.359194680817505,-1.914574067329283,1.4711880604539898,-0.1466516132933074,4.392016967155746,0.0023567705066123,0.7132108277200477
67.0,13.0,130.6416778564453,-0.2900858988144615,2.769077885264968,-4.741853828124177,-3.9546468053319113,-1.6573977367673152,1.3219981688182625,0.0233320741509518,4.096254562566879,-0.1066793785732591,1.3259356392021733
67.0,13.0,131.0223846435547,-0.2734064000624865,2.5966862786830167,-4.320126291753157,-3.5434853982911267,-2.230810850057317,1.4203771265398588,0.0403311485261227,3.4414223479775927,0.1741161549069157,1.8140467807091367
67.0,13.0,131.01365661621094,-0.1621023121594589,3.090430467491246,-4.108035109728001,-3.948227155709641,-1.6351275198610664,1.3905955051444143,0.1116277005492575,3.639403043929286,-0.2161247558072291,0.557019069441415
67.0,13.0,130.16986083984375,-0.1922001524168793,2.542937695068717,-4.243612052676606,-3.938467663701843,-1.9094764424107185,1.490245368295095,0.1183022469439273,3.956134793100936,-0.1493184039167354,1.2704101071638745
67.0,13.0,131.9283447265625,-0.3629786844870929,2.512353245653285,-4.230116176937074,-4.0009743861250495,-1.8235221663664367,1.5129416504322886,1.0295752420611557,4.386985975995853,0.0476958785162071,1.566879688236244
67.0,13.0,130.99456787109375,0.0769012533574904,2.310263906849196,-4.2900865381996605,-3.6741711178480254,-1.6076816144917832,1.5238310973155982,-0.3981940443839202,3.69878130691042,0.3279663203990899,1.1266082417683057
67.0,13.0,130.36834716796875,-0.2414134246533239,2.709206412921016,-4.166821448965376,-3.825018447143528,-1.5053032377241884,1.4943533310305106,0.2036184461755252,3.900331948504801,-0.2205392178998773,1.5925521927260542
67.0,13.0,130.58444213867188,0.0357304848758192,2.716561716647863,-4.718408210676625,-3.9237109304459903,-1.7428575323289544,1.4767611368235452,0.129044351159678,4.107298512386952,-0.0661923041473102,1.260469591212251
67.0,13.0,130.56320190429688,-0.2748536166234074,2.78851150495427,-4.463710148735723,-3.596687700096477,-1.8878857332807333,1.4132522309505269,0.4099201585882799,3.751362673950312,-0.0384766393443326,1.232931059913755
67.0,13.0,130.69375610351562,-0.1497311973230217,2.674092670903668,-4.598173351784274,-3.6639256071153294,-1.671010120857028,1.1459799168655342,-0.2820016420490716,3.401207715739308,-0.1148225214292321,1.2765602001269205
67.0,13.0,131.4395751953125,-0.395697515756781,2.002909297399967,-4.458272759679629,-3.9602961697365937,-2.52755932412124,0.8302026856287132,-0.2105603996820615,4.216710218232565,-0.5053152474698256,1.0643444324593274
67.0,13.0,131.1735382080078,-0.1695105579305026,2.709802263461309,-3.6711179892555954,-4.09170504294411,-1.5361129929482988,1.7148177411780952,0.0887771260996218,4.163361012580492,0.1833086757126762,0.942404854150573
67.0,13.0,130.8721160888672,-0.5187925472085404,2.626016256585237,-4.553385523216182,-3.965446647614974,-1.8657188283766275,1.17920528061319,0.1615112125322218,3.397680396835883,-0.1999212139622402,1.3634981030912892
67.0,13.0,130.6727752685547,0.1712270742412539,2.9756113860334272,-4.340785575683642,-3.250447483279525,-1.5969441175277743,1.350331381034075,0.1618534484058312,3.541832347381824,-0.1990417912323748,1.225271224287392
67.0,13.0,130.8884735107422,-0.4795451162585065,2.680147238760981,-3.568862065984625,-4.047378380253605,-1.810204421619031,1.618101931685791,0.1634030397298025,4.186928592331526,-0.0364098680457859,1.3556100133666986
67.0,13.0,130.40867614746094,-0.1074675689335547,2.70258816728316,-4.039160238170044,-3.3328451132563752,-1.919973483744564,1.206663944997004,-0.3579964771236026,3.8328546153581344,0.0893002581150543,1.23894917898807
67.0,13.0,130.44700622558594,-0.0725002453090856,2.740129152945798,-4.3764549793565095,-3.9517755498405416,-1.3664207331090297,1.3337585337870834,-0.1478888878220518,3.6814123377914174,-0.2990586763745369,1.3122205970738468
67.0,13.0,130.97781372070312,-0.0941086511517151,2.8777231274284243,-4.164375894934567,-3.978575093042776,-1.7736775118490593,1.5384377974763292,0.5309439061890452,4.5663072003417415,-0.0960507704421649,1.459895671708216
67.0,13.0,131.65065002441406,-0.4191261155585749,2.459456876608304,-3.951991578564357,-4.590503178926514,-1.9086137591465089,1.8351742378812523,-0.4728974036853088,4.143915737378223,-0.2601907573236732,0.8082079704937604
67.0,13.0,130.8808135986328,-0.4056780598450707,2.6782313864293736,-4.413398013021176,-3.837404329431559,-1.5730877334836797,1.2812016348588289,0.1564568531858431,4.528489901227302,-0.0639036054298028,1.019615870904259
67.0,13.0,130.26319885253906,-0.0462141943579359,2.7349742032953714,-4.217318972718304,-3.9930473579596266,-1.7847206202252357,1.389506053933089,0.1569771303893555,3.86568893131025,-0.0571597248910716,1.4680329662430365
67.0,13.0,130.3660125732422,-0.2242275826300689,2.71854134127979,-4.55261730623263,-4.045672619248618,-1.8988210486918105,1.184115313837723,0.0951945175768294,3.973381557093009,-0.2125040680488481,1.2574559903781566
67.0,13.0,131.15406799316406,-0.6556030734097475,3.0932075899338685,-4.494022964927618,-3.711608732377227,-1.615408159010831,0.9634273692858748,0.2178004711450619,3.8676744764690407,0.0294763337845705,1.3721683525071262
67.0,13.0,130.69667053222656,-0.1627635208869813,2.595946355428535,-4.576259799554171,-3.8167456796084274,-1.9478519486658816,1.2889650204633076,0.2172895858438706,4.534721253459205,-0.1051737246168405,1.1989455260947868
67.0,13.0,130.34005737304688,-0.1521172327749131,2.997848796962869,-4.302424256892681,-3.972462652990611,-2.0345173209546217,1.3817102639696408,-0.4087211204982779,3.855536402050184,-0.1335327641100253,1.249856091326976
67.0,13.0,132.1053009033203,-0.1137071816989344,2.667858503901024,-2.924862665416546,-3.603656435807703,-1.578771421686867,1.4050303659707084,-0.8267888195019326,3.8756629277115486,-0.14018545542216,1.519801578988819
67.0,13.0,131.55807495117188,0.684223118181086,2.8427754884808456,-4.137669081051192,-4.016495963674778,-2.0168016104360507,0.8608265310362205,0.3868647226608258,4.586187323767234,-0.0733020558919306,1.199288066129688
67.0,13.0,130.9601287841797,-0.2711267299806775,3.053878442670756,-4.407095528326543,-3.793136962902411,-2.1202354360619187,1.1212137193834513,0.4378375600869852,3.709779630658805,0.022730044340064,1.682100115139105
67.0,13.0,130.50616455078125,-0.1774694130287171,2.583794046149084,-3.804345689320559,-3.600924881577165,-1.8833874425634392,1.573066361667088,-0.2988864558894991,3.644692704628158,0.0936426717592812,1.2627055316255469
67.0,13.0,130.88624572753906,-0.3086869326860936,2.8048427600484747,-4.3466231049254525,-4.223476552283175,-1.5290430690389156,1.2783705483713956,0.2668317872791858,3.9369225816121753,0.0442863813806175,1.4980095739892516
67.0,13.0,130.24891662597656,-0.1936472985180197,2.732282981139528,-4.392973079039409,-4.035216592779267,-1.7413983144335337,1.441275571600181,-0.0205520414732425,4.233168276081868,-0.3417384497991422,1.279368939787681
67.0,13.0,130.17974853515625,-0.19735603525599,2.6984404638905373,-4.294392889812542,-3.8907371249489535,-1.7990861526595627,1.4392035821472944,0.0288715755486128,4.016397124798835,-0.0599600917612064,1.28428853099264
67.0,13.0,131.71401977539062,-0.326061663790117,2.905340458196643,-4.284205393551408,-4.422798914497887,-1.749640509036282,1.2782269468275291,-0.7397598333000488,3.685402795998306,-0.0533352940351657,0.6591444192446753
67.0,13.0,130.92088317871094,-0.0599675390084177,2.2449059568604173,-4.738472094204681,-3.704390114729196,-1.90136524979024,1.1126409354437297,-0.1463167785092867,3.452605817401589,-0.0815494354643433,1.2316201502161142
67.0,13.0,130.6257781982422,-0.1697995067133642,2.6301867051755226,-4.614844125118293,-3.685504185214396,-1.82255349552702,1.3665994597294824,0.2008758770851685,4.555183010389271,-0.3249040407640121,1.4115231457900843
67.0,13.0,131.2570037841797,-0.3267228062374565,2.788464159541282,-4.58236303267836,-3.818536881088761,-1.95647019093806,1.4380520172508602,-0.2363844456437548,3.2725708907621107,0.0181926279275584,1.888318026591736
67.0,13.0,132.84591674804688,-0.2621137570350142,2.3373000052890536,-3.4849637842400067,-3.9935916197974737,-2.78106773067042,1.5958794574635222,0.5257100470654681,4.18328623100221,0.4278850913786375,0.7730885066499532
67.0,13.0,131.09564208984375,-0.0301343041862928,3.04843870420064,-4.317451564925931,-3.949133822504701,-2.167296102491857,1.621867307356754,-0.0399845796331773,4.198698462598999,0.060663330111145,0.6059993611005043
67.0,13.0,130.3817138671875,-0.1846590292261821,2.7410150212295745,-4.52029594248204,-3.617109995608285,-1.6489736550338097,1.3234028705396657,-0.0007032398955715,3.685426767345135,-0.1047293106565078,1.163324967639795
67.0,13.0,130.27589416503906,-0.2571633779362744,2.710670518800771,-4.239266471243734,-3.63025837114809,-1.6091118995204263,1.4793376959929074,0.0138828373257962,3.692399473609124,-0.1122241043074052,1.4187025088198284
67.0,14.0,130.6007537841797,-0.1784821236998728,2.818001143587175,-4.083899718794622,-4.095769271144492,-2.34366849802089,1.320721160471049,0.3409695761232001,3.928306434416643,-0.1625456184900258,1.087296842913315
67.0,14.0,130.60716247558594,-0.1535118628890595,2.793461039998082,-4.504633986406382,-3.839861466441208,-2.1091182257327885,1.0849140260521777,0.1655551421901627,4.207729880417624,0.0542373567934429,1.5329780539715276
67.0,14.0,130.4352569580078,-0.2180282774061554,2.732540851127131,-4.520177436309816,-4.086498522847894,-1.90067383986706,1.4009838277355,0.1238374978275271,3.785459673485429,-0.1260331371974482,1.3285197471202426
67.0,14.0,131.0260467529297,-0.1202170439805216,1.9705302603348192,-4.71001118641942,-3.429500123925596,-1.876785848563291,1.3800249597283238,-0.2370465549665276,4.207452542455222,-0.0923424851221463,1.238613440040979
67.0,14.0,130.81399536132812,-0.1336023836687112,2.4802726548610354,-4.390990583553048,-4.241864166868004,-2.143717021824867,1.526506860834787,-0.364216632799372,4.181345901392003,0.0860047646472836,1.2323171366612775
67.0,14.0,130.23284912109375,0.1039699597069019,2.617174661605387,-4.382316074788591,-3.9250547227841066,-1.8150212103793413,1.4243238247255046,0.107448983618388,3.7149393837759854,-0.2233299759512982,1.1792964722052297
67.0,14.0,130.6162872314453,-0.3921841240584215,2.6523649209807765,-3.890383578220864,-4.070992821531971,-1.8401178525483253,1.552593116924371,0.1646405122994362,3.927211017680785,-0.0707323719521052,0.9489891889482318
67.0,14.0,130.34024047851562,-0.1502581229565508,2.52071734314889,-4.399162005679317,-3.949920594927955,-2.010699385029097,1.6069185475835297,-0.1967346562221117,3.824243253871832,-0.0477026189607394,1.31863504196222
67.0,14.0,130.2833251953125,-0.3757541678357206,2.6368412727549955,-4.021888127858064,-3.823903631950581,-1.9044238901103987,1.5858737529405489,0.3126553877909607,4.0993426390244165,-0.506484563209808,1.2853516649908605
67.0,14.0,130.82752990722656,0.1818050407487496,2.678408267454408,-3.9741178136045807,-3.359194680817505,-1.914574067329283,1.4711880604539898,-0.1466516132933074,4.392016967155746,0.0023567705066123,0.7132108277200477
67.0,14.0,130.4532928466797,-0.3867979828391705,2.750001822069636,-3.9924375509255183,-4.017424470364022,-2.06104752049017,1.3535788341741308,0.2029591423870025,4.316707527514279,-0.1797122408688127,1.2213805091258556
67.0,14.0,130.3721466064453,-0.19836682059235,2.472644140358298,-4.367718186349508,-3.896790425501976,-2.184258436408928,1.484545964201759,0.0600112390930314,3.978366494987532,-0.2515785097102432,1.7203636953884467
67.0,14.0,130.98394775390625,-0.1952242281372169,3.203209116972179,-4.313292537870838,-3.9401249254607857,-1.9958484579874896,1.422224036487097,0.2067440405417548,3.7911821832349735,-0.1830536680451545,0.6203247762992905
67.0,14.0,130.16986083984375,-0.1922001524168793,2.542937695068717,-4.243612052676606,-3.938467663701843,-1.9094764424107185,1.490245368295095,0.1183022469439273,3.956134793100936,-0.1493184039167354,1.2704101071638745
67.0,14.0,131.9283447265625,-0.3629786844870929,2.512353245653285,-4.230116176937074,-4.0009743861250495,-1.8235221663664367,1.5129416504322886,1.0295752420611557,4.386985975995853,0.0476958785162071,1.566879688236244
67.0,14.0,130.99456787109375,0.0769012533574904,2.310263906849196,-4.2900865381996605,-3.6741711178480254,-1.6076816144917832,1.5238310973155982,-0.3981940443839202,3.69878130691042,0.3279663203990899,1.1266082417683057
67.0,14.0,130.36834716796875,-0.2414134246533239,2.709206412921016,-4.166821448965376,-3.825018447143528,-1.5053032377241884,1.4943533310305106,0.2036184461755252,3.900331948504801,-0.2205392178998773,1.5925521927260542
67.0,14.0,130.24700927734375,-0.1064642111211107,2.686554874028136,-4.413905041225031,-3.855593561557786,-2.056420077800184,1.313728713739493,0.1722264611677526,4.12976248258988,-0.1119708241342637,1.4209756404521678
67.0,14.0,130.56320190429688,-0.2748536166234074,2.78851150495427,-4.463710148735723,-3.596687700096477,-1.8878857332807333,1.4132522309505269,0.4099201585882799,3.751362673950312,-0.0384766393443326,1.232931059913755
67.0,14.0,130.4392547607422,-0.1365716160428998,2.343262641516951,-4.456076338659799,-3.7500204432091873,-2.2164590759590093,1.2028257946227638,-0.0465221193996812,3.6515059017506615,-0.1257617943410944,1.256837869017871
67.0,14.0,131.06658935546875,-0.3418656547937509,2.450571083806273,-4.13996281726432,-3.836555041283891,-2.166962637705467,1.8952149365210265,0.5107512880703449,4.345729575995353,-0.1588200502779639,1.1054452621085724
67.0,14.0,131.1735382080078,-0.1695105579305026,2.709802263461309,-3.6711179892555954,-4.09170504294411,-1.5361129929482988,1.7148177411780952,0.0887771260996218,4.163361012580492,0.1833086757126762,0.942404854150573
67.0,14.0,130.53724670410156,-0.2743701396654676,2.5631211740838555,-4.2332681664537,-3.966779251771144,-2.098821020580876,1.4944922186965344,0.1721824069780226,4.472524374640107,-0.1251441640374773,1.313569803288317
67.0,14.0,130.1883087158203,-0.1273502893512146,2.822035607723848,-4.201882009444997,-3.786731680636458,-1.867469200822586,1.4414500903151446,0.2396161082841876,3.708458707370712,-0.2044411853130539,1.239422764986986
67.0,14.0,130.8884735107422,-0.4795451162585065,2.680147238760981,-3.568862065984625,-4.047378380253605,-1.810204421619031,1.618101931685791,0.1634030397298025,4.186928592331526,-0.0364098680457859,1.3556100133666986
67.0,14.0,130.29476928710938,-0.0479776619803766,2.399561078267517,-4.044328727859704,-3.6657631499528094,-2.033192494887892,1.358139282606362,0.279261430187016,4.019174652705153,-0.0551983933052405,1.192953440437976
67.0,14.0,130.44700622558594,-0.0725002453090856,2.740129152945798,-4.3764549793565095,-3.9517755498405416,-1.3664207331090297,1.3337585337870834,-0.1478888878220518,3.6814123377914174,-0.2990586763745369,1.3122205970738468
67.0,14.0,130.97781372070312,-0.0941086511517151,2.8777231274284243,-4.164375894934567,-3.978575093042776,-1.7736775118490593,1.5384377974763292,0.5309439061890452,4.5663072003417415,-0.0960507704421649,1.459895671708216
67.0,14.0,130.9643096923828,-0.0784551610018354,2.603390449476997,-4.322968854645156,-4.275746331083822,-1.9059306131136045,1.586556364676045,0.3129716900128083,4.164862681205831,-0.2048426011872839,0.7344419357856617
67.0,14.0,130.8808135986328,-0.4056780598450707,2.6782313864293736,-4.413398013021176,-3.837404329431559,-1.5730877334836797,1.2812016348588289,0.1564568531858431,4.528489901227302,-0.0639036054298028,1.019615870904259
67.0,14.0,130.26319885253906,-0.0462141943579359,2.7349742032953714,-4.217318972718304,-3.9930473579596266,-1.7847206202252357,1.389506053933089,0.1569771303893555,3.86568893131025,-0.0571597248910716,1.4680329662430365
67.0,14.0,130.3660125732422,-0.2242275826300689,2.71854134127979,-4.55261730623263,-4.045672619248618,-1.8988210486918105,1.184115313837723,0.0951945175768294,3.973381557093009,-0.2125040680488481,1.2574559903781566
67.0,14.0,130.70767211914062,0.0092709540893002,2.845554401396873,-4.276385969467022,-3.916900369080447,-1.60234652819684,1.966555790596317,0.288173287334249,4.038252663388937,-0.1963964144861131,1.312125866258387
67.0,14.0,130.23716735839844,-0.1344106847222634,2.4271067327116502,-4.152651095545355,-3.9380810782605655,-1.9993440013214767,1.3950832730677618,0.2268255655523623,3.964100461978296,-0.1625070714409693,1.1920250074608114
67.0,14.0,130.34005737304688,-0.1521172327749131,2.997848796962869,-4.302424256892681,-3.972462652990611,-2.0345173209546217,1.3817102639696408,-0.4087211204982779,3.855536402050184,-0.1335327641100253,1.249856091326976
67.0,14.0,132.1012725830078,-0.1772412893069785,2.3989349702270992,-3.0537052174806867,-3.832250468422124,-1.5063327689130204,1.638896871532237,-0.750708310575483,4.373779790217067,-0.1436318446112862,1.4667452553030975
67.0,14.0,131.55807495117188,0.684223118181086,2.8427754884808456,-4.137669081051192,-4.016495963674778,-2.0168016104360507,0.8608265310362205,0.3868647226608258,4.586187323767234,-0.0733020558919306,1.199288066129688
67.0,14.0,130.4893341064453,-0.2065001280572948,2.3868947930046143,-4.296596003833814,-4.075668618864391,-1.9176022355730389,1.1582935117382545,-0.0644935914163829,4.357754951041204,-0.2782798084343342,1.6120501769211684
67.0,14.0,130.50616455078125,-0.1774694130287171,2.583794046149084,-3.804345689320559,-3.600924881577165,-1.8833874425634392,1.573066361667088,-0.2988864558894991,3.644692704628158,0.0936426717592812,1.2627055316255469
67.0,14.0,130.68641662597656,-0.1134913969750406,2.821536974845233,-4.388279266803075,-4.290563851407798,-1.9038696000255368,1.7963954841979954,-0.0098425729103415,4.146160356043733,-0.1943502787689713,1.459361185732256
67.0,14.0,130.18121337890625,-0.1875236756538279,2.464874401011328,-4.223497818563487,-3.989440368717916,-1.852840982284084,1.5215987283765544,0.1251154795529815,4.022172715822073,-0.2945036331150152,1.244232787026199
67.0,14.0,130.17974853515625,-0.19735603525599,2.6984404638905373,-4.294392889812542,-3.8907371249489535,-1.7990861526595627,1.4392035821472944,0.0288715755486128,4.016397124798835,-0.0599600917612064,1.28428853099264
67.0,14.0,131.71401977539062,-0.326061663790117,2.905340458196643,-4.284205393551408,-4.422798914497887,-1.749640509036282,1.2782269468275291,-0.7397598333000488,3.685402795998306,-0.0533352940351657,0.6591444192446753
67.0,14.0,130.92088317871094,-0.0599675390084177,2.2449059568604173,-4.738472094204681,-3.704390114729196,-1.90136524979024,1.1126409354437297,-0.1463167785092867,3.452605817401589,-0.0815494354643433,1.2316201502161142
67.0,14.0,130.4000701904297,-0.1474547021358977,2.51799968781683,-4.001741855532708,-3.9855608089878656,-1.9265799339237184,1.5086869360925994,0.1169629025072363,4.503713721792315,-0.3818097399367919,1.3600980699322391
67.0,14.0,131.1444549560547,-0.2772612970131821,2.5795861747087105,-4.19523977575814,-3.8196275923892458,-1.921571032351323,1.3332514794916015,-0.9723405086373976,4.285950219049925,-0.0349047274551942,0.957625444384392
67.0,14.0,132.82981872558594,-0.404148879345983,2.046489549532432,-3.205404436742876,-4.284350094543924,-2.1525873803401194,1.2824335140852663,-0.6279377260434984,3.883906474540616,0.4636941800078869,1.100209243102498
67.0,14.0,130.78038024902344,-0.184535574683862,2.3562970889316954,-4.010546703886919,-4.389762240135441,-1.849448129625986,1.509955204646725,0.3191599205113939,4.0385679538942805,-0.412940348889042,1.128459475338838
67.0,14.0,130.2392120361328,-0.1978592511592077,2.318510016906308,-3.938232675039118,-3.743831363704097,-1.948592713493662,1.4001466305359545,0.0702227465405036,3.866955934842408,-0.1155669141363598,1.2127700384606042
67.0,14.0,130.27589416503906,-0.2571633779362744,2.710670518800771,-4.239266471243734,-3.63025837114809,-1.6091118995204263,1.4793376959929074,0.0138828373257962,3.692399473609124,-0.1122241043074052,1.4187025088198284
67.0,15.0,130.50279235839844,-0.1573427542415348,2.2828070409895576,-3.9318977679536857,-4.045540693765349,-2.1831373835020176,1.4764049699029214,0.1847121588266567,4.039223599200311,-0.1673869367138405,1.148061679521382
67.0,15.0,130.4766082763672,-0.1240962440643888,2.6505855934302502,-4.802174604440298,-3.7610397317848494,-2.04210675337173,1.4400125161040802,-0.2293905577701048,4.166074878532996,-0.3210310992324339,1.4221611099187217
67.0,15.0,130.264404296875,-0.2342835329013206,2.5875500094959234,-4.32318884589553,-3.9840464950388017,-1.8284117080241225,1.400346298872163,0.1227870355315883,3.976577140534804,-0.0825603173294247,1.257568295526588
67.0,15.0,130.8407745361328,-0.0075630270175298,2.426834757555677,-4.6964805705364245,-3.989608899960927,-2.3766760925455577,1.3071659103741544,0.2363860643553156,4.1780571613007815,-0.1435826928366674,1.2569604223243955
67.0,15.0,130.59825134277344,-0.1347532322483275,2.392859095085308,-4.5741519974022005,-4.166602976679788,-1.6254575857607587,1.472838773667955,-0.1367195437417014,4.187138384866295,-0.342051323808609,1.2545630328024295
67.0,15.0,130.23284912109375,0.1039699597069019,2.617174661605387,-4.382316074788591,-3.9250547227841066,-1.8150212103793413,1.4243238247255046,0.107448983618388,3.7149393837759854,-0.2233299759512982,1.1792964722052297
67.0,15.0,130.3077850341797,-0.4692957552476406,2.696217471257576,-4.133890607291651,-3.877344895476272,-2.0407133170855527,1.5182467091805782,-0.1124447926403272,4.077822060032008,-0.2537858026775654,1.0003168590163278
67.0,15.0,130.34024047851562,-0.1502581229565508,2.52071734314889,-4.399162005679317,-3.949920594927955,-2.010699385029097,1.6069185475835297,-0.1967346562221117,3.824243253871832,-0.0477026189607394,1.31863504196222
67.0,15.0,130.2833251953125,-0.3757541678357206,2.6368412727549955,-4.021888127858064,-3.823903631950581,-1.9044238901103987,1.5858737529405489,0.3126553877909607,4.0993426390244165,-0.506484563209808,1.2853516649908605
67.0,15.0,130.82752990722656,0.1818050407487496,2.678408267454408,-3.9741178136045807,-3.359194680817505,-1.914574067329283,1.4711880604539898,-0.1466516132933074,4.392016967155746,0.0023567705066123,0.7132108277200477
67.0,15.0,130.15150451660156,-0.074933268927374,2.5489305133849967,-4.158692867502728,-3.892941950434295,-1.9472253831642936,1.5047570821611616,0.1454484809362916,4.153539067030618,-0.1761896844698915,1.2405737099482148
67.0,15.0,130.2880859375,-0.16815855594142,2.5651832771427348,-4.241933996438826,-4.0800179915876935,-1.7593898273532975,1.5102375162277326,0.1747947037171608,4.164497567550028,-0.3372466626442368,1.4436141725107408
67.0,15.0,130.51443481445312,-0.202385712713563,3.082889231512314,-4.366967768689139,-3.93469515892647,-2.074941911595225,1.5496256643907622,0.2048614759556661,4.093215281558819,-0.1140446316176193,1.499366051560663
67.0,15.0,130.16986083984375,-0.1922001524168793,2.542937695068717,-4.243612052676606,-3.938467663701843,-1.9094764424107185,1.490245368295095,0.1183022469439273,3.956134793100936,-0.1493184039167354,1.2704101071638745
67.0,15.0,130.4054718017578,-0.2191098316855049,2.5049991607067428,-4.2014221524251,-3.749193274561647,-1.811791227620953,1.613033899164347,-0.0605477730212717,3.600068523705562,-0.834793071132164,1.0569838967919254
67.0,15.0,130.65504455566406,-0.1798807484605478,2.570854564767466,-4.089199694904083,-3.780474785920822,-1.5401944609132374,1.3284607359245575,0.0615408254715365,3.408971798214278,-0.5459800389721192,0.8391206936420135
67.0,15.0,130.24754333496094,-0.1115967296146227,2.551353522616774,-4.0608875887554445,-3.9005534980584335,-1.808079538791565,1.4346688707250976,-0.0264274845400145,3.818835699646048,-0.158020347878807,0.9246698043902272
67.0,15.0,130.24700927734375,-0.1064642111211107,2.686554874028136,-4.413905041225031,-3.855593561557786,-2.056420077800184,1.313728713739493,0.1722264611677526,4.12976248258988,-0.1119708241342637,1.4209756404521678
67.0,15.0,130.4262237548828,-0.1744055126769446,2.4260098987932883,-4.380270546486503,-3.445787176845113,-1.879772519163688,1.330085761076133,0.4030424785257301,3.869487466572259,-0.1896640962206797,1.250593236417486
67.0,15.0,130.4392547607422,-0.1365716160428998,2.343262641516951,-4.456076338659799,-3.7500204432091873,-2.2164590759590093,1.2028257946227638,-0.0465221193996812,3.6515059017506615,-0.1257617943410944,1.256837869017871
67.0,15.0,131.06658935546875,-0.3418656547937509,2.450571083806273,-4.13996281726432,-3.836555041283891,-2.166962637705467,1.8952149365210265,0.5107512880703449,4.345729575995353,-0.1588200502779639,1.1054452621085724
67.0,15.0,130.8610382080078,-0.2004783309158725,2.6994004209194307,-3.295055900686253,-3.8148872776552873,-1.818151004242164,1.449550348444931,0.2615991751015483,3.9032532713999633,-0.1936405932690638,1.1237193690943206
67.0,15.0,130.2371826171875,-0.0900299893230711,2.5314599925302725,-4.11472211242503,-3.9156854730569424,-1.996584382881716,1.6110276732382611,0.1066650596498116,4.147584376589403,-0.1172451406476239,1.214388227543897
67.0,15.0,130.1883087158203,-0.1273502893512146,2.822035607723848,-4.201882009444997,-3.786731680636458,-1.867469200822586,1.4414500903151446,0.2396161082841876,3.708458707370712,-0.2044411853130539,1.239422764986986
67.0,15.0,130.34347534179688,-0.3627195357942983,2.56292272768415,-4.48515117423445,-3.983845002742626,-1.7749242401220888,1.4410642111494751,0.0209530919126444,3.797982223075984,-0.255512902697905,1.3289119411244288
67.0,15.0,130.29476928710938,-0.0479776619803766,2.399561078267517,-4.044328727859704,-3.6657631499528094,-2.033192494887892,1.358139282606362,0.279261430187016,4.019174652705153,-0.0551983933052405,1.192953440437976
67.0,15.0,130.44700622558594,-0.0725002453090856,2.740129152945798,-4.3764549793565095,-3.9517755498405416,-1.3664207331090297,1.3337585337870834,-0.1478888878220518,3.6814123377914174,-0.2990586763745369,1.3122205970738468
67.0,15.0,130.23800659179688,-0.1503617004631355,2.425162975083166,-4.279377791236222,-3.809849670140965,-1.894943997607872,1.368425797854543,-0.2955228363311707,4.106214273500387,-0.0449465960798998,1.4333530375115675
67.0,15.0,130.46826171875,0.0448223804940882,2.6374481542405954,-4.441326545620121,-3.5655064578009243,-1.9067402389586567,1.4753725059674876,0.4421292893683783,3.835072998843677,-0.148813849737032,1.5263985664203692
67.0,15.0,130.8808135986328,-0.4056780598450707,2.6782313864293736,-4.413398013021176,-3.837404329431559,-1.5730877334836797,1.2812016348588289,0.1564568531858431,4.528489901227302,-0.0639036054298028,1.019615870904259
67.0,15.0,130.26319885253906,-0.0462141943579359,2.7349742032953714,-4.217318972718304,-3.9930473579596266,-1.7847206202252357,1.389506053933089,0.1569771303893555,3.86568893131025,-0.0571597248910716,1.4680329662430365
67.0,15.0,130.35060119628906,-0.2107432854940887,2.81035442517566,-4.377942460892644,-4.037361889910256,-1.9352612941694032,1.6094829263432466,0.0881482217534176,4.037635100643252,-0.2405042117471436,1.0594099390772889
67.0,15.0,130.70767211914062,0.0092709540893002,2.845554401396873,-4.276385969467022,-3.916900369080447,-1.60234652819684,1.966555790596317,0.288173287334249,4.038252663388937,-0.1963964144861131,1.312125866258387
67.0,15.0,130.23716735839844,-0.1344106847222634,2.4271067327116502,-4.152651095545355,-3.9380810782605655,-1.9993440013214767,1.3950832730677618,0.2268255655523623,3.964100461978296,-0.1625070714409693,1.1920250074608114
67.0,15.0,130.34005737304688,-0.1521172327749131,2.997848796962869,-4.302424256892681,-3.972462652990611,-2.0345173209546217,1.3817102639696408,-0.4087211204982779,3.855536402050184,-0.1335327641100253,1.249856091326976
67.0,15.0,130.76954650878906,-0.1931624707497133,2.3930142919161588,-3.8775687220852335,-3.972830538092807,-1.3962009985627908,1.6160272899954655,-0.543312328813318,4.018724705514735,-0.1632841173430989,1.3430119394312232
67.0,15.0,130.75318908691406,-0.5941268056553524,2.539877342007945,-4.414750411634874,-3.9931903500671497,-1.9224562051361849,0.9338842821829548,0.1239608454024908,4.062667647680893,-0.1395163238053729,1.139169327280738
67.0,15.0,130.4893341064453,-0.2065001280572948,2.3868947930046143,-4.296596003833814,-4.075668618864391,-1.9176022355730389,1.1582935117382545,-0.0644935914163829,4.357754951041204,-0.2782798084343342,1.6120501769211684
67.0,15.0,130.22573852539062,-0.1510146002088144,2.4825138806211893,-3.6956585847078,-3.563632605190469,-1.913867646297488,1.4653919243943516,-0.0817338376300509,3.924694558644664,-0.1607160939357763,1.2771778701360863
67.0,15.0,130.68641662597656,-0.1134913969750406,2.821536974845233,-4.388279266803075,-4.290563851407798,-1.9038696000255368,1.7963954841979954,-0.0098425729103415,4.146160356043733,-0.1943502787689713,1.459361185732256
67.0,15.0,130.18121337890625,-0.1875236756538279,2.464874401011328,-4.223497818563487,-3.989440368717916,-1.852840982284084,1.5215987283765544,0.1251154795529815,4.022172715822073,-0.2945036331150152,1.244232787026199
67.0,15.0,130.17974853515625,-0.19735603525599,2.6984404638905373,-4.294392889812542,-3.8907371249489535,-1.7990861526595627,1.4392035821472944,0.0288715755486128,4.016397124798835,-0.0599600917612064,1.28428853099264
67.0,15.0,131.4680633544922,-0.3398540643600094,3.0953386630102053,-4.1148699401109,-3.88574902620752,-1.6427298608565195,1.154807376437445,0.0757697968868369,3.446572281218838,0.0669645997571163,0.5449129595716231
67.0,15.0,130.83847045898438,-0.1914251165957297,2.6176371034568504,-4.691231348998098,-3.694792501191465,-1.7182620802018556,1.193563340240828,-0.5939979935044062,3.558069794579872,-0.1072149360433915,1.2405855988399073
67.0,15.0,130.4000701904297,-0.1474547021358977,2.51799968781683,-4.001741855532708,-3.9855608089878656,-1.9265799339237184,1.5086869360925994,0.1169629025072363,4.503713721792315,-0.3818097399367919,1.3600980699322391
67.0,15.0,130.5037841796875,-0.1728113242232988,2.476269803610939,-4.172190505550955,-3.809373488588684,-1.855052097594284,1.2874556297045952,-0.0072661027932426,4.624767807548878,-0.1667956142164514,1.424535313705713
67.0,15.0,131.37322998046875,-0.3646504542972358,2.407098735129865,-3.633834623761812,-3.79168618777131,-1.10930557346329,1.3519374919272988,-0.072521836303117,3.924443655006057,0.1775954729120917,1.4091532174606969
67.0,15.0,130.2823944091797,-0.2467134182052826,2.4187417374310582,-4.235760797028443,-3.947340180600791,-1.7390763670734883,1.43253869918682,0.2565267124122513,3.872521181403779,-0.303541383999016,1.3618028538119995
67.0,15.0,130.2392120361328,-0.1978592511592077,2.318510016906308,-3.938232675039118,-3.743831363704097,-1.948592713493662,1.4001466305359545,0.0702227465405036,3.866955934842408,-0.1155669141363598,1.2127700384606042
67.0,15.0,130.27589416503906,-0.2571633779362744,2.710670518800771,-4.239266471243734,-3.63025837114809,-1.6091118995204263,1.4793376959929074,0.0138828373257962,3.692399473609124,-0.1122241043074052,1.4187025088198284
67.0,16.0,130.364013671875,-0.0324195566801962,2.2631034374265018,-4.265735107618666,-3.82324426295878,-1.6873106257844257,1.5903082549811214,0.0556085864420646,4.1467654564827,-0.1750747134090436,1.209388863774373
67.0,16.0,130.13095092773438,-0.0026589904584596,2.439102598919971,-4.079828343018328,-3.685915346628682,-2.021642063475648,1.4885335595295133,-0.4551015260038553,4.130041506480977,-0.4338949704914323,1.3045326841260263
67.0,16.0,130.19058227539062,-0.1719046062265142,2.4952487788313538,-3.9357894987737545,-3.903119210145639,-1.791783941208403,1.529954621781021,0.0901506537314663,3.982255607227734,-0.1811211043157864,1.209412832917701
67.0,16.0,130.3990020751953,0.0794765209910131,3.01322172832127,-4.102458176317706,-4.0150649007745285,-1.949699842883925,1.4156548845524572,0.3139346593022188,4.141231624994186,-0.1884719806216475,1.2438135450667172
67.0,16.0,130.45602416992188,-0.0110925485761465,2.382093595824964,-4.606904331305359,-4.045057745380984,-1.9399149280226484,1.4554483154340443,0.1136712446523498,4.167882013470044,-0.4832183566389536,1.254035914215594
67.0,16.0,130.16278076171875,-0.0192162353078202,2.386686130240264,-4.214982364621483,-3.90209380974633,-2.006136991266759,1.3178538117675491,0.0927420318551881,3.8922537561033774,-0.1742196817081266,1.2211833672099826
67.0,16.0,130.19664001464844,0.1588419889702534,2.572294009267273,-4.234842684173115,-3.829582689687261,-1.928162318930176,1.4898307674991622,0.1703903135953403,4.192754254923331,-0.1707429108980329,1.3870560758376835
67.0,16.0,130.10227966308594,0.0149159848687772,2.572073786862704,-4.376330278175622,-3.8704514203701095,-2.065974357667948,1.4607910800542054,-0.0682568356301985,4.034784817165006,-0.2032180921555479,1.2864049187408046
67.0,16.0,130.2833251953125,-0.3757541678357206,2.6368412727549955,-4.021888127858064,-3.823903631950581,-1.9044238901103987,1.5858737529405489,0.3126553877909607,4.0993426390244165,-0.506484563209808,1.2853516649908605
67.0,16.0,130.32029724121094,-0.0464631301100789,2.658434822603743,-4.474625523684623,-3.420304060797032,-1.770421055647152,1.4727779910537295,-0.2930616264321661,3.891233982317048,-0.0931294822195688,1.5020545222670505
67.0,16.0,130.15150451660156,-0.074933268927374,2.5489305133849967,-4.158692867502728,-3.892941950434295,-1.9472253831642936,1.5047570821611616,0.1454484809362916,4.153539067030618,-0.1761896844698915,1.2405737099482148
67.0,16.0,130.2880859375,-0.16815855594142,2.5651832771427348,-4.241933996438826,-4.0800179915876935,-1.7593898273532975,1.5102375162277326,0.1747947037171608,4.164497567550028,-0.3372466626442368,1.4436141725107408
67.0,16.0,130.33447265625,0.0451234906628385,2.5798241444588745,-4.023912371371205,-3.889545099882574,-1.9056733774813628,1.578123317433016,0.0942151550029606,4.2217512975012,-0.1553389409964757,1.6940588143934887
67.0,16.0,130.16986083984375,-0.1922001524168793,2.542937695068717,-4.243612052676606,-3.938467663701843,-1.9094764424107185,1.490245368295095,0.1183022469439273,3.956134793100936,-0.1493184039167354,1.2704101071638745
67.0,16.0,130.33175659179688,-0.1109956256834331,2.5427647764538994,-4.204066876283639,-3.830670828122772,-2.1659924067170766,1.4875350214131886,-0.2195234799643166,3.419897114556303,-0.4518963626679934,1.2765155259897043
67.0,16.0,130.43594360351562,-0.152734102537406,2.693556007847029,-4.272544058431486,-3.9746579921788174,-1.4741175869522036,1.4955776952010351,0.2665716861104045,3.910196959993266,-0.2017548819521272,1.2603264177396194
67.0,16.0,130.21932983398438,0.0055124982497364,2.584232894792774,-4.052998882820368,-3.920669146217572,-2.127926406507984,1.4679346371940178,-0.0610957555902434,3.785087277081346,-0.1717289810842097,1.010624164546109
67.0,16.0,130.24700927734375,-0.1064642111211107,2.686554874028136,-4.413905041225031,-3.855593561557786,-2.056420077800184,1.313728713739493,0.1722264611677526,4.12976248258988,-0.1119708241342637,1.4209756404521678
67.0,16.0,130.33778381347656,-0.1080021411056005,2.40973992753502,-3.9123288264806377,-3.228087647377065,-1.8536248861194424,1.3903388906515102,-0.0795743012683275,4.174599462010423,-0.1718312586690445,1.2628849500376695
67.0,16.0,130.2253875732422,-0.0700739804652639,2.350398125130941,-3.920419711431352,-3.456490928532208,-1.771575120858094,1.4399329070647504,0.0672317307664557,3.95700469832343,-0.1715586479829578,1.2372568906278587
67.0,16.0,130.849853515625,-0.4778596051831816,2.45222661241793,-4.014836647621072,-3.8814842623440886,-1.941338220977104,1.739793755985489,-0.689920116279714,4.279983630092544,-0.2919189347506102,1.1298690852455662
67.0,16.0,130.4420166015625,0.025037809053327,2.7547920840060574,-3.511121151871964,-3.717904774204553,-1.9145960928949983,1.294366467133138,0.0180747474718825,4.341713350064891,-0.308600393755831,1.4015788823035336
67.0,16.0,130.1291961669922,-0.0133185268935853,2.5383869323127985,-4.124363447997787,-3.873908803054249,-1.8948112276958031,1.5865802820042465,0.1516924394773476,4.029057239869219,-0.2321318211320054,1.2080064977503229
67.0,16.0,130.044921875,0.0349044641709561,2.6935285148500494,-4.09669910064572,-3.770312210434448,-1.871084468520591,1.4519928371361113,0.2166317114488739,4.034964776952835,-0.323733830238512,1.2094372752713738
67.0,16.0,130.01011657714844,0.0764757672403568,2.6115942156787444,-4.21589806327253,-3.8528032031061774,-2.0127967761141843,1.4610537071630765,0.0292802038966669,3.90058164160068,-0.2881342327351232,1.2835558923728574
67.0,16.0,130.29476928710938,-0.0479776619803766,2.399561078267517,-4.044328727859704,-3.6657631499528094,-2.033192494887892,1.358139282606362,0.279261430187016,4.019174652705153,-0.0551983933052405,1.192953440437976
67.0,16.0,130.44700622558594,-0.0725002453090856,2.740129152945798,-4.3764549793565095,-3.9517755498405416,-1.3664207331090297,1.3337585337870834,-0.1478888878220518,3.6814123377914174,-0.2990586763745369,1.3122205970738468
67.0,16.0,130.23800659179688,-0.1503617004631355,2.425162975083166,-4.279377791236222,-3.809849670140965,-1.894943997607872,1.368425797854543,-0.2955228363311707,4.106214273500387,-0.0449465960798998,1.4333530375115675
67.0,16.0,130.46826171875,0.0448223804940882,2.6374481542405954,-4.441326545620121,-3.5655064578009243,-1.9067402389586567,1.4753725059674876,0.4421292893683783,3.835072998843677,-0.148813849737032,1.5263985664203692
67.0,16.0,130.8808135986328,-0.4056780598450707,2.6782313864293736,-4.413398013021176,-3.837404329431559,-1.5730877334836797,1.2812016348588289,0.1564568531858431,4.528489901227302,-0.0639036054298028,1.019615870904259
67.0,16.0,130.19667053222656,-0.0694266954005112,2.5726973685747296,-4.234296099169474,-3.806940911351577,-1.9561188637238065,1.4184683041965964,0.1459053347002809,3.693849722095308,-0.1297772963741767,1.4986809608635048
67.0,16.0,130.13525390625,0.0684840656987923,2.774929561635605,-4.056674126563097,-3.735969115617927,-2.0174940246110955,1.5977377372958352,0.071335704118519,4.27829798927408,-0.3102037868231745,1.249982385048625
67.0,16.0,130.63694763183594,-0.0427244792627144,2.4301523978046,-4.306538753078063,-3.802605313505592,-2.0494627771608243,1.9035077295896383,0.3559003235184347,4.103062071119723,-0.190235501855029,1.198311354304808
67.0,16.0,130.23716735839844,-0.1344106847222634,2.4271067327116502,-4.152651095545355,-3.9380810782605655,-1.9993440013214767,1.3950832730677618,0.2268255655523623,3.964100461978296,-0.1625070714409693,1.1920250074608114
67.0,16.0,130.34005737304688,-0.1521172327749131,2.997848796962869,-4.302424256892681,-3.972462652990611,-2.0345173209546217,1.3817102639696408,-0.4087211204982779,3.855536402050184,-0.1335327641100253,1.249856091326976
67.0,16.0,130.76954650878906,-0.1931624707497133,2.3930142919161588,-3.8775687220852335,-3.972830538092807,-1.3962009985627908,1.6160272899954655,-0.543312328813318,4.018724705514735,-0.1632841173430989,1.3430119394312232
67.0,16.0,130.75318908691406,-0.5941268056553524,2.539877342007945,-4.414750411634874,-3.9931903500671497,-1.9224562051361849,0.9338842821829548,0.1239608454024908,4.062667647680893,-0.1395163238053729,1.139169327280738
67.0,16.0,130.4893341064453,-0.2065001280572948,2.3868947930046143,-4.296596003833814,-4.075668618864391,-1.9176022355730389,1.1582935117382545,-0.0644935914163829,4.357754951041204,-0.2782798084343342,1.6120501769211684
67.0,16.0,130.22573852539062,-0.1510146002088144,2.4825138806211893,-3.6956585847078,-3.563632605190469,-1.913867646297488,1.4653919243943516,-0.0817338376300509,3.924694558644664,-0.1607160939357763,1.2771778701360863
67.0,16.0,130.55191040039062,-0.0722855759392723,3.323566736591417,-4.108674134297582,-3.891364169983352,-1.7988465907052418,1.3203402438014538,0.1906189277862708,4.127707257617643,-0.1760718310903314,1.2131432087670184
67.0,16.0,130.18121337890625,-0.1875236756538279,2.464874401011328,-4.223497818563487,-3.989440368717916,-1.852840982284084,1.5215987283765544,0.1251154795529815,4.022172715822073,-0.2945036331150152,1.244232787026199
67.0,16.0,130.17974853515625,-0.19735603525599,2.6984404638905373,-4.294392889812542,-3.8907371249489535,-1.7990861526595627,1.4392035821472944,0.0288715755486128,4.016397124798835,-0.0599600917612064,1.28428853099264
67.0,16.0,131.4680633544922,-0.3398540643600094,3.0953386630102053,-4.1148699401109,-3.88574902620752,-1.6427298608565195,1.154807376437445,0.0757697968868369,3.446572281218838,0.0669645997571163,0.5449129595716231
67.0,16.0,130.63734436035156,0.0032509858483157,2.893002666664104,-4.369979002083811,-3.9970119185577047,-2.1294387427812502,1.6085109194553142,0.4275375668743613,3.6850431250125872,-0.1906576602671668,1.226134053661376
67.0,16.0,130.4000701904297,-0.1474547021358977,2.51799968781683,-4.001741855532708,-3.9855608089878656,-1.9265799339237184,1.5086869360925994,0.1169629025072363,4.503713721792315,-0.3818097399367919,1.3600980699322391
67.0,16.0,130.5037841796875,-0.1728113242232988,2.476269803610939,-4.172190505550955,-3.809373488588684,-1.855052097594284,1.2874556297045952,-0.0072661027932426,4.624767807548878,-0.1667956142164514,1.424535313705713
67.0,16.0,131.37322998046875,-0.3646504542972358,2.407098735129865,-3.633834623761812,-3.79168618777131,-1.10930557346329,1.3519374919272988,-0.072521836303117,3.924443655006057,0.1775954729120917,1.4091532174606969
67.0,16.0,130.16250610351562,-0.0950717703674975,2.6602082550979724,-4.322184943931188,-3.741562051511221,-2.031316876198309,1.5255039644444712,0.0570788678816221,3.891317032917693,-0.0737802615301806,1.4514831241863764
67.0,16.0,130.2392120361328,-0.1978592511592077,2.318510016906308,-3.938232675039118,-3.743831363704097,-1.948592713493662,1.4001466305359545,0.0702227465405036,3.866955934842408,-0.1155669141363598,1.2127700384606042
67.0,16.0,130.27589416503906,-0.2571633779362744,2.710670518800771,-4.239266471243734,-3.63025837114809,-1.6091118995204263,1.4793376959929074,0.0138828373257962,3.692399473609124,-0.1122241043074052,1.4187025088198284
67.0,17.0,130.162109375,0.1409272747462475,2.7189406210839224,-4.363954615954349,-3.784824473930173,-1.701531193904127,1.5903360877256394,-0.0047517637414999,3.760968006344341,-0.3795511822579807,1.2498466258656722
67.0,17.0,130.13095092773438,-0.0026589904584596,2.439102598919971,-4.079828343018328,-3.685915346628682,-2.021642063475648,1.4885335595295133,-0.4551015260038553,4.130041506480977,-0.4338949704914323,1.3045326841260263
67.0,17.0,130.03843688964844,0.105508753378206,2.547185828730105,-4.061046100367848,-3.8305582949145287,-1.935528891494312,1.5628027861040923,0.0368422094846109,3.933253586383336,-0.3352322061027765,1.2241998289846985
67.0,17.0,130.04698181152344,0.109932055992536,2.685939537752989,-4.079960235913276,-3.945388491999047,-1.8774868113873016,1.5482835062630755,-0.0635188540351489,3.837710055813199,-0.3780273381583224,1.2712683306885624
67.0,17.0,130.16465759277344,0.1720790881947836,2.8151400627585925,-4.162247998951574,-3.676061987697053,-2.1537141610157726,1.4512660725034052,0.1089703209204707,4.128109162513053,-0.1622682421547476,1.2620608485018023
67.0,17.0,130.0701141357422,0.1070009196697256,2.430399230440054,-4.26063956350775,-3.815566323668013,-2.0637727043794336,1.2056178857089606,-0.0068572155321836,3.8604619705350096,-0.3987072838523616,1.2607920658573055
67.0,17.0,130.19664001464844,0.1588419889702534,2.572294009267273,-4.234842684173115,-3.829582689687261,-1.928162318930176,1.4898307674991622,0.1703903135953403,4.192754254923331,-0.1707429108980329,1.3870560758376835
67.0,17.0,130.0379180908203,0.1219736978052611,2.657704988867745,-4.431558320278963,-3.803640466114627,-1.997163163065392,1.3061616305534285,-0.1390141537367754,3.9056452728891577,-0.4318297541845231,1.358919579725651
67.0,17.0,130.2833251953125,-0.3757541678357206,2.6368412727549955,-4.021888127858064,-3.823903631950581,-1.9044238901103987,1.5858737529405489,0.3126553877909607,4.0993426390244165,-0.506484563209808,1.2853516649908605
67.0,17.0,130.32029724121094,-0.0464631301100789,2.658434822603743,-4.474625523684623,-3.420304060797032,-1.770421055647152,1.4727779910537295,-0.2930616264321661,3.891233982317048,-0.0931294822195688,1.5020545222670505
67.0,17.0,130.0936737060547,0.0750024405613556,2.63125500323454,-4.187866458706551,-3.842633887717032,-1.942219090612795,1.4835590665902918,0.1207175761984892,3.721361895439849,-0.2571094319122257,1.3292142135855274
67.0,17.0,130.24717712402344,0.000151306504936,2.561828636991489,-4.414055305906379,-3.760727944065514,-1.9784850377135428,1.4170137722693603,0.1317623696541786,3.911081720168145,-0.0821957757107042,1.5603048377039128
67.0,17.0,130.1768035888672,0.1799154358143345,2.418772599812719,-4.167300961628357,-3.849678168713743,-2.062741322334989,1.4022016820566776,-0.0256643329191558,4.239133237765509,-0.434933759918534,1.5265560630782753
67.0,17.0,130.16986083984375,-0.1922001524168793,2.542937695068717,-4.243612052676606,-3.938467663701843,-1.9094764424107185,1.490245368295095,0.1183022469439273,3.956134793100936,-0.1493184039167354,1.2704101071638745
67.0,17.0,130.265869140625,0.2222307508358337,2.6326280234424724,-4.219749500050234,-3.8714653886263113,-2.1263499175844016,1.438125246175494,-0.23727998849171,3.883883146067622,-0.0116913172980273,1.3744051869872176
67.0,17.0,130.22821044921875,-0.0442620063544122,2.641759833864614,-4.230446773481162,-3.9066396205724248,-1.9169133152209576,1.5421601137014396,0.231727492787772,4.104472889898776,-0.1400831633799266,1.4503282503803616
67.0,17.0,130.08798217773438,0.080900151818413,2.618801864357418,-4.194165354891049,-3.8958380147383673,-2.0695292273210057,1.474196898522218,0.0755206145982938,3.871233382747244,-0.2698349726696148,1.1635718656493803
67.0,17.0,130.24700927734375,-0.1064642111211107,2.686554874028136,-4.413905041225031,-3.855593561557786,-2.056420077800184,1.313728713739493,0.1722264611677526,4.12976248258988,-0.1119708241342637,1.4209756404521678
67.0,17.0,130.10972595214844,0.0580067935082823,2.574091679740323,-3.791735884724417,-3.7175427517951967,-2.066331635331359,1.5599210768136618,-0.1583132856337734,3.9194973597469582,-0.2839192331748892,1.305771713113257
67.0,17.0,130.1709442138672,0.0182148738272205,2.494310896735328,-4.3786058532919085,-3.392799485793698,-1.780784305072117,1.595221385319628,-0.0387297968006461,4.007393467488792,-0.3681502449817656,1.3088052885277686
67.0,17.0,130.849853515625,-0.4778596051831816,2.45222661241793,-4.014836647621072,-3.8814842623440886,-1.941338220977104,1.739793755985489,-0.689920116279714,4.279983630092544,-0.2919189347506102,1.1298690852455662
67.0,17.0,130.15176391601562,0.1665331386619855,2.5418533034284634,-3.736957352228708,-3.711425172752451,-2.050198279587012,1.3181182939925902,-0.0760443879376777,3.792190134763509,-0.3158671251751821,1.3341665666363618
67.0,17.0,130.05313110351562,0.0455312690490647,2.608789125619677,-4.297908012778912,-3.8156731479540937,-2.047853040568792,1.510986518913069,0.1234957043301297,3.897621710517887,-0.3585110861655337,1.310237286195945
67.0,17.0,130.044921875,0.0349044641709561,2.6935285148500494,-4.09669910064572,-3.770312210434448,-1.871084468520591,1.4519928371361113,0.2166317114488739,4.034964776952835,-0.323733830238512,1.2094372752713738
67.0,17.0,130.01011657714844,0.0764757672403568,2.6115942156787444,-4.21589806327253,-3.8528032031061774,-2.0127967761141843,1.4610537071630765,0.0292802038966669,3.90058164160068,-0.2881342327351232,1.2835558923728574
67.0,17.0,130.16552734375,0.1948586376124635,2.5907732433951773,-4.105472427476768,-3.744894521003338,-2.2361455013670266,1.302405664790616,0.1582496100504816,3.810177752902121,-0.2864253612909541,1.2720511911762489
67.0,17.0,130.44700622558594,-0.0725002453090856,2.740129152945798,-4.3764549793565095,-3.9517755498405416,-1.3664207331090297,1.3337585337870834,-0.1478888878220518,3.6814123377914174,-0.2990586763745369,1.3122205970738468
67.0,17.0,130.228515625,0.1046515551806857,2.842661909066331,-4.398514453606096,-3.801168618670069,-1.8929443231464549,1.478932778731476,0.2833453277660658,3.846857011171364,-0.3751205785282528,1.4607034969129398
67.0,17.0,130.24684143066406,0.0878924533011587,2.6676376514341733,-4.043907994517688,-3.9891373942528463,-2.054113393922054,1.5220713677457214,-0.0085796174536575,3.631050213933711,-0.1857470768096119,1.217462302733605
67.0,17.0,130.52964782714844,0.2119734059636378,2.8841409774327165,-4.339456868374465,-4.150324060231738,-2.188844421794028,1.4491183221863777,-0.0696044871908743,3.801744749502368,-0.1267541260466606,1.073155670327982
67.0,17.0,130.09022521972656,0.2553814735235207,2.54813381726832,-4.265360728405684,-3.7505806919650304,-2.0373579852397743,1.4452104363773948,0.039484014652226,3.797379562929137,-0.4788546024889325,1.3825830315392555
67.0,17.0,130.13525390625,0.0684840656987923,2.774929561635605,-4.056674126563097,-3.735969115617927,-2.0174940246110955,1.5977377372958352,0.071335704118519,4.27829798927408,-0.3102037868231745,1.249982385048625
67.0,17.0,130.13002014160156,-0.0135123242626808,2.6983100498734345,-4.244519243993764,-3.8035706668488456,-2.143465380940598,1.4929511391932042,0.2273978253675013,4.072008182683182,-0.2911979516983665,1.284602490178291
67.0,17.0,130.23716735839844,-0.1344106847222634,2.4271067327116502,-4.152651095545355,-3.9380810782605655,-1.9993440013214767,1.3950832730677618,0.2268255655523623,3.964100461978296,-0.1625070714409693,1.1920250074608114
67.0,17.0,130.34005737304688,-0.1521172327749131,2.997848796962869,-4.302424256892681,-3.972462652990611,-2.0345173209546217,1.3817102639696408,-0.4087211204982779,3.855536402050184,-0.1335327641100253,1.249856091326976
67.0,17.0,130.76954650878906,-0.1931624707497133,2.3930142919161588,-3.8775687220852335,-3.972830538092807,-1.3962009985627908,1.6160272899954655,-0.543312328813318,4.018724705514735,-0.1632841173430989,1.3430119394312232
67.0,17.0,130.4994659423828,0.0435979312927061,2.6249220471896457,-4.059407449366054,-4.065137766757401,-1.9570343916611856,1.3204863445253552,0.0354582966722563,3.3513812282210256,-0.2263844486826066,1.2150233176699556
67.0,17.0,130.4893341064453,-0.2065001280572948,2.3868947930046143,-4.296596003833814,-4.075668618864391,-1.9176022355730389,1.1582935117382545,-0.0644935914163829,4.357754951041204,-0.2782798084343342,1.6120501769211684
67.0,17.0,130.09754943847656,0.0623655605021011,2.582740794064509,-4.048634672620823,-3.62827463137302,-2.0177859843139183,1.5198441168034025,0.0262963048290119,3.781839307289691,-0.1350275558708096,1.2778953355675593
67.0,17.0,130.43458557128906,0.0750532795046503,3.309620295926421,-4.225789206943701,-3.758316050894367,-1.899933229486945,1.1607524728813223,0.0273430065293338,3.972577652580712,-0.1991292443307299,1.1917418726786917
67.0,17.0,130.18121337890625,-0.1875236756538279,2.464874401011328,-4.223497818563487,-3.989440368717916,-1.852840982284084,1.5215987283765544,0.1251154795529815,4.022172715822073,-0.2945036331150152,1.244232787026199
67.0,17.0,130.14134216308594,-0.1370408937285321,2.641745414567252,-4.055470511058916,-3.8487025882954535,-2.0365678137596213,1.3895687664226617,0.0994069715247868,4.087740884366414,-0.063320407039036,1.3238026835530865
67.0,17.0,131.4680633544922,-0.3398540643600094,3.0953386630102053,-4.1148699401109,-3.88574902620752,-1.6427298608565195,1.154807376437445,0.0757697968868369,3.446572281218838,0.0669645997571163,0.5449129595716231
67.0,17.0,130.41407775878906,0.2081312098859671,2.753787094846666,-4.066871160445751,-4.031610131713588,-2.154849579612769,1.5700092842086146,0.3707028711633121,3.976121938329295,-0.3772832014838245,1.2307227240615124
67.0,17.0,130.1929473876953,-0.0701601034797664,2.65551748790668,-3.952733269810855,-3.8333787606479786,-2.008696920730896,1.4420163005337387,0.0425107065024805,4.410485817248053,-0.4439873480561301,1.4690900050825886
67.0,17.0,130.0472412109375,-0.0289034584428121,2.487827192199683,-4.245386163097878,-3.880771029038916,-1.9463085553947093,1.3478951790958575,-0.1009876314028516,4.109606046714395,-0.2869066101457518,1.4719487178245063
67.0,17.0,131.37322998046875,-0.3646504542972358,2.407098735129865,-3.633834623761812,-3.79168618777131,-1.10930557346329,1.3519374919272988,-0.072521836303117,3.924443655006057,0.1775954729120917,1.4091532174606969
67.0,17.0,130.16250610351562,-0.0950717703674975,2.6602082550979724,-4.322184943931188,-3.741562051511221,-2.031316876198309,1.5255039644444712,0.0570788678816221,3.891317032917693,-0.0737802615301806,1.4514831241863764
67.0,17.0,130.2392120361328,-0.1978592511592077,2.318510016906308,-3.938232675039118,-3.743831363704097,-1.948592713493662,1.4001466305359545,0.0702227465405036,3.866955934842408,-0.1155669141363598,1.2127700384606042
67.0,17.0,130.27589416503906,-0.2571633779362744,2.710670518800771,-4.239266471243734,-3.63025837114809,-1.6091118995204263,1.4793376959929074,0.0138828373257962,3.692399473609124,-0.1122241043074052,1.4187025088198284
67.0,18.0,130.162109375,0.1409272747462475,2.7189406210839224,-4.363954615954349,-3.784824473930173,-1.701531193904127,1.5903360877256394,-0.0047517637414999,3.760968006344341,-0.3795511822579807,1.2498466258656722
67.0,18.0,130.1128387451172,0.0491160608256699,2.544800451583741,-4.335193333388333,-3.787533476868681,-2.045234521794141,1.451169267807222,0.2352895027330643,3.9544312229568073,-0.3991890043524538,1.2738250881253583
67.0,18.0,130.03843688964844,0.105508753378206,2.547185828730105,-4.061046100367848,-3.8305582949145287,-1.935528891494312,1.5628027861040923,0.0368422094846109,3.933253586383336,-0.3352322061027765,1.2241998289846985
67.0,18.0,130.03851318359375,0.1080223362686972,2.4557605481250446,-4.20712951430315,-3.799023384053141,-2.030427773255432,1.4365840513001082,-0.2016587108430292,3.809715597596233,-0.3799015899530666,1.2912051057814675
67.0,18.0,130.16465759277344,0.1720790881947836,2.8151400627585925,-4.162247998951574,-3.676061987697053,-2.1537141610157726,1.4512660725034052,0.1089703209204707,4.128109162513053,-0.1622682421547476,1.2620608485018023
67.0,18.0,130.046630859375,0.1146594892236166,2.7839687749411675,-4.2676072341322815,-3.857107943055807,-2.001288586966238,1.5497801571353205,-0.0311421344501967,3.90575273115804,-0.314123377323537,1.300182767271541
67.0,18.0,130.0445098876953,-0.0135243703297427,2.5910405016346343,-4.162961250691599,-3.8587029951278633,-2.045313203097316,1.4694798999737364,-0.1057720075690077,3.789546119948162,-0.2119756307281623,1.3722031849425416
67.0,18.0,130.0379180908203,0.1219736978052611,2.657704988867745,-4.431558320278963,-3.803640466114627,-1.997163163065392,1.3061616305534285,-0.1390141537367754,3.9056452728891577,-0.4318297541845231,1.358919579725651
67.0,18.0,130.23524475097656,-0.2423087722930047,2.720127807445079,-4.390781347684229,-3.859069413058628,-1.847682333203076,1.2380240452500997,-0.0063884494431574,3.731905243898845,-0.0980283141711421,1.288437533423652
67.0,18.0,130.32029724121094,-0.0464631301100789,2.658434822603743,-4.474625523684623,-3.420304060797032,-1.770421055647152,1.4727779910537295,-0.2930616264321661,3.891233982317048,-0.0931294822195688,1.5020545222670505
67.0,18.0,130.0936737060547,0.0750024405613556,2.63125500323454,-4.187866458706551,-3.842633887717032,-1.942219090612795,1.4835590665902918,0.1207175761984892,3.721361895439849,-0.2571094319122257,1.3292142135855274
67.0,18.0,130.06507873535156,0.1211010849741204,2.5787120605294045,-4.317454809845287,-3.719773895388205,-2.0519302758951805,1.4360969358754694,-0.0474148848415423,3.768994168796455,-0.4577630315046435,1.5153162784459957
67.0,18.0,130.13316345214844,0.1275530394769632,2.5043914383477706,-4.317574026390799,-3.834523632009237,-2.0209340986501254,1.4099032562577996,-0.0564283958595117,3.8073494689431504,-0.2633592854794731,1.0931854210058936
67.0,18.0,130.16986083984375,-0.1922001524168793,2.542937695068717,-4.243612052676606,-3.938467663701843,-1.9094764424107185,1.490245368295095,0.1183022469439273,3.956134793100936,-0.1493184039167354,1.2704101071638745
67.0,18.0,130.265869140625,0.2222307508358337,2.6326280234424724,-4.219749500050234,-3.8714653886263113,-2.1263499175844016,1.438125246175494,-0.23727998849171,3.883883146067622,-0.0116913172980273,1.3744051869872176
67.0,18.0,130.13833618164062,0.2437478214736064,2.5912064540245097,-4.203033212841686,-3.7692798647052186,-2.2187664459937,1.4471612012865764,0.1288730771220864,3.929093376808689,-0.409441388551425,1.326352854806176
67.0,18.0,130.04498291015625,0.1070630657204591,2.6214234398093264,-4.275513467226789,-3.840829372979522,-2.0113478263762223,1.4721041920176592,0.0815825392890784,3.9357659604199657,-0.3441632621380657,1.4539129480541066
67.0,18.0,130.24700927734375,-0.1064642111211107,2.686554874028136,-4.413905041225031,-3.855593561557786,-2.056420077800184,1.313728713739493,0.1722264611677526,4.12976248258988,-0.1119708241342637,1.4209756404521678
67.0,18.0,130.10972595214844,0.0580067935082823,2.574091679740323,-3.791735884724417,-3.7175427517951967,-2.066331635331359,1.5599210768136618,-0.1583132856337734,3.9194973597469582,-0.2839192331748892,1.305771713113257
67.0,18.0,130.1709442138672,0.0182148738272205,2.494310896735328,-4.3786058532919085,-3.392799485793698,-1.780784305072117,1.595221385319628,-0.0387297968006461,4.007393467488792,-0.3681502449817656,1.3088052885277686
67.0,18.0,130.5939483642578,-0.312566389822197,2.5727240251442343,-4.39822940235171,-3.8778528566830106,-1.8324552807749503,1.6274073699735667,0.4987844559159264,4.0700834285190215,-0.2681183481803976,1.209368169432976
67.0,18.0,130.1085968017578,0.1212697659440831,2.579054653544793,-3.9801009697775696,-3.852929595365297,-2.0482145889683494,1.3722049685074666,0.0792941430240265,3.7129759019571935,-0.279432861331962,1.2703966025710196
67.0,18.0,130.00030517578125,0.105302159710371,2.637698904293721,-4.210166660940044,-3.798746151994056,-2.080473724550876,1.4570046327010833,0.0270643448107351,3.8498836255969113,-0.3813716150483819,1.3495583987263395
67.0,18.0,130.044921875,0.0349044641709561,2.6935285148500494,-4.09669910064572,-3.770312210434448,-1.871084468520591,1.4519928371361113,0.2166317114488739,4.034964776952835,-0.323733830238512,1.2094372752713738
67.0,18.0,130.01011657714844,0.0764757672403568,2.6115942156787444,-4.21589806327253,-3.8528032031061774,-2.0127967761141843,1.4610537071630765,0.0292802038966669,3.90058164160068,-0.2881342327351232,1.2835558923728574
67.0,18.0,130.16552734375,0.1948586376124635,2.5907732433951773,-4.105472427476768,-3.744894521003338,-2.2361455013670266,1.302405664790616,0.1582496100504816,3.810177752902121,-0.2864253612909541,1.2720511911762489
67.0,18.0,130.44700622558594,-0.0725002453090856,2.740129152945798,-4.3764549793565095,-3.9517755498405416,-1.3664207331090297,1.3337585337870834,-0.1478888878220518,3.6814123377914174,-0.2990586763745369,1.3122205970738468
67.0,18.0,130.228515625,0.1046515551806857,2.842661909066331,-4.398514453606096,-3.801168618670069,-1.8929443231464549,1.478932778731476,0.2833453277660658,3.846857011171364,-0.3751205785282528,1.4607034969129398
67.0,18.0,130.03164672851562,0.0866837213252282,2.6482880744552566,-4.143587519030292,-3.891680398918705,-2.04371728198203,1.545801349607568,-0.1024644640211313,3.873562302653673,-0.3611400760351206,1.2021642832486366
67.0,18.0,130.26187133789062,0.1798857573129279,2.750191877986423,-4.130529990111162,-3.977043660544103,-2.064760165669338,1.4081871410558506,-0.1563133189588416,3.512596915957599,-0.443686343660552,1.4028851766143462
67.0,18.0,130.03358459472656,0.056170209044145,2.546938210791958,-4.240559636267337,-3.885438963361697,-2.045308385188369,1.4755146173423783,-0.014963049295775,3.912141850338536,-0.3154846791198684,1.244978708982884
67.0,18.0,130.13525390625,0.0684840656987923,2.774929561635605,-4.056674126563097,-3.735969115617927,-2.0174940246110955,1.5977377372958352,0.071335704118519,4.27829798927408,-0.3102037868231745,1.249982385048625
67.0,18.0,130.02764892578125,0.0872435666818964,2.7324889822829843,-4.208979066825212,-3.905204178143377,-2.088807498157357,1.2998391082634286,-0.1238524864635728,3.808451433800792,-0.3297473782085453,1.3172687958654352
67.0,18.0,130.23716735839844,-0.1344106847222634,2.4271067327116502,-4.152651095545355,-3.9380810782605655,-1.9993440013214767,1.3950832730677618,0.2268255655523623,3.964100461978296,-0.1625070714409693,1.1920250074608114
67.0,18.0,130.34005737304688,-0.1521172327749131,2.997848796962869,-4.302424256892681,-3.972462652990611,-2.0345173209546217,1.3817102639696408,-0.4087211204982779,3.855536402050184,-0.1335327641100253,1.249856091326976
67.0,18.0,130.2776641845703,-0.2128277021157684,2.561290516508902,-3.947565475935023,-3.999996040375325,-2.1420560128287343,1.4517752125454877,-0.4250911806625166,3.871230165168105,-0.3007256671031251,1.4758763338199516
67.0,18.0,130.4994659423828,0.0435979312927061,2.6249220471896457,-4.059407449366054,-4.065137766757401,-1.9570343916611856,1.3204863445253552,0.0354582966722563,3.3513812282210256,-0.2263844486826066,1.2150233176699556
67.0,18.0,130.4893341064453,-0.2065001280572948,2.3868947930046143,-4.296596003833814,-4.075668618864391,-1.9176022355730389,1.1582935117382545,-0.0644935914163829,4.357754951041204,-0.2782798084343342,1.6120501769211684
67.0,18.0,130.09754943847656,0.0623655605021011,2.582740794064509,-4.048634672620823,-3.62827463137302,-2.0177859843139183,1.5198441168034025,0.0262963048290119,3.781839307289691,-0.1350275558708096,1.2778953355675593
67.0,18.0,130.1738739013672,0.1334898477845115,3.022305976147751,-4.269651660691369,-3.889014413242148,-2.099267396496277,1.2620050789592014,-0.0348030738212956,3.8539611381755248,-0.3272139692653291,1.2161785080985674
67.0,18.0,130.18121337890625,-0.1875236756538279,2.464874401011328,-4.223497818563487,-3.989440368717916,-1.852840982284084,1.5215987283765544,0.1251154795529815,4.022172715822073,-0.2945036331150152,1.244232787026199
67.0,18.0,130.05731201171875,0.1992908746710741,2.5779861696564024,-4.120976343026145,-3.868928079345784,-2.086710409028941,1.446762103378244,-0.1675390110059301,3.8087676547524936,-0.3750985839955903,1.3333553564966598
67.0,18.0,131.4680633544922,-0.3398540643600094,3.0953386630102053,-4.1148699401109,-3.88574902620752,-1.6427298608565195,1.154807376437445,0.0757697968868369,3.446572281218838,0.0669645997571163,0.5449129595716231
67.0,18.0,130.25494384765625,0.2702243735788564,2.5012592563360547,-3.998072752017357,-3.7610720887260607,-2.1293566442756267,1.5374993149365708,0.2525271900000398,4.045300586829179,-0.3710768824688666,1.234071512928917
67.0,18.0,130.0586700439453,0.142350620371326,2.61656776864486,-4.186494696121296,-3.797699178576688,-2.043722241961705,1.432421947872334,-0.0417926371555869,3.891638997838359,-0.2481744053690676,1.547136956000872
67.0,18.0,130.0472412109375,-0.0289034584428121,2.487827192199683,-4.245386163097878,-3.880771029038916,-1.9463085553947093,1.3478951790958575,-0.1009876314028516,4.109606046714395,-0.2869066101457518,1.4719487178245063
67.0,18.0,131.06126403808594,-0.2833878841416204,2.5719372073319726,-3.6533020460895553,-3.795260485676636,-2.2018813206759367,1.5100135001911608,-0.6118969550014717,3.899645559445184,0.1793422332425788,1.666436044009678
67.0,18.0,130.109619140625,-0.2849484509395105,2.7005690608342743,-4.319276936285536,-3.836816695424469,-1.9466921414581164,1.5041025399041177,0.1498590189965125,3.898198496939101,-0.4872974986431045,1.3744627498059576
67.0,18.0,130.2392120361328,-0.1978592511592077,2.318510016906308,-3.938232675039118,-3.743831363704097,-1.948592713493662,1.4001466305359545,0.0702227465405036,3.866955934842408,-0.1155669141363598,1.2127700384606042
67.0,18.0,130.27589416503906,-0.2571633779362744,2.710670518800771,-4.239266471243734,-3.63025837114809,-1.6091118995204263,1.4793376959929074,0.0138828373257962,3.692399473609124,-0.1122241043074052,1.4187025088198284
67.0,19.0,130.0591583251953,0.0330859275309513,2.6068723903395425,-4.346731057771164,-3.606829469543686,-1.679245909367951,1.472118821854497,0.0100855257858478,3.941374999093702,-0.3228231514094692,1.3518010076182043
67.0,19.0,130.10488891601562,0.094070721872616,2.610541386953978,-4.438661566706711,-3.843417429227242,-2.083362693501844,1.4418539331541034,-0.221464256073119,3.972852599585635,-0.3387315603369089,1.401963904248659
67.0,19.0,130.03843688964844,0.105508753378206,2.547185828730105,-4.061046100367848,-3.8305582949145287,-1.935528891494312,1.5628027861040923,0.0368422094846109,3.933253586383336,-0.3352322061027765,1.2241998289846985
67.0,19.0,130.01397705078125,0.1058900041881786,2.6138986517806395,-4.258857092544961,-3.74120217538114,-2.1570796617562613,1.4303343554040455,-0.095391184228449,3.848409838398726,-0.38175023400823,1.365599087405714
67.0,19.0,130.16465759277344,0.1720790881947836,2.8151400627585925,-4.162247998951574,-3.676061987697053,-2.1537141610157726,1.4512660725034052,0.1089703209204707,4.128109162513053,-0.1622682421547476,1.2620608485018023
67.0,19.0,130.046630859375,0.1146594892236166,2.7839687749411675,-4.2676072341322815,-3.857107943055807,-2.001288586966238,1.5497801571353205,-0.0311421344501967,3.90575273115804,-0.314123377323537,1.300182767271541
67.0,19.0,130.0445098876953,-0.0135243703297427,2.5910405016346343,-4.162961250691599,-3.8587029951278633,-2.045313203097316,1.4694798999737364,-0.1057720075690077,3.789546119948162,-0.2119756307281623,1.3722031849425416
67.0,19.0,130.0379180908203,0.1219736978052611,2.657704988867745,-4.431558320278963,-3.803640466114627,-1.997163163065392,1.3061616305534285,-0.1390141537367754,3.9056452728891577,-0.4318297541845231,1.358919579725651
67.0,19.0,130.17739868164062,-0.1037698999179642,2.657274841697333,-4.235298590706824,-3.805766444223608,-2.064070246289997,1.109974001687427,-0.1221861129385426,3.558612829704294,-0.3004584807909409,1.3374502368257266
67.0,19.0,130.32029724121094,-0.0464631301100789,2.658434822603743,-4.474625523684623,-3.420304060797032,-1.770421055647152,1.4727779910537295,-0.2930616264321661,3.891233982317048,-0.0931294822195688,1.5020545222670505
67.0,19.0,130.0936737060547,0.0750024405613556,2.63125500323454,-4.187866458706551,-3.842633887717032,-1.942219090612795,1.4835590665902918,0.1207175761984892,3.721361895439849,-0.2571094319122257,1.3292142135855274
67.0,19.0,130.0576171875,0.1542971740652913,2.66763899466916,-4.151839037186522,-3.7635870188912106,-2.0898279126827486,1.4849818643712134,-0.0382192419359086,3.736692320526361,-0.5649576255582842,1.42598766606355
67.0,19.0,130.12962341308594,0.0913414023601571,2.656626974574357,-4.301729058467209,-3.7558626528875,-2.085434021142333,1.4815955251159505,0.096379352564466,3.676719163483439,-0.3144699556738294,1.2517469229246456
67.0,19.0,130.02993774414062,-0.1505445086399122,2.6497373825787003,-4.124400967795869,-3.8292359924110713,-1.9194814400266405,1.302137322446829,0.1072663108452626,3.8587075451765513,-0.212077726129934,1.2913623720093168
67.0,19.0,130.265869140625,0.2222307508358337,2.6326280234424724,-4.219749500050234,-3.8714653886263113,-2.1263499175844016,1.438125246175494,-0.23727998849171,3.883883146067622,-0.0116913172980273,1.3744051869872176
67.0,19.0,130.0334014892578,0.1524374368941865,2.578472453983262,-4.197297871674585,-3.7730486472573097,-2.153653849699792,1.4280849496356895,-0.0647233924237257,3.807923817061971,-0.4897830967147295,1.3135824453691043
67.0,19.0,130.03892517089844,0.1143747708186285,2.631693461232397,-4.30215574273465,-3.747447368355171,-2.0776370494438696,1.467907668810499,0.0564750725186885,3.921377973682861,-0.4274986643512348,1.4798026736999463
67.0,19.0,130.24700927734375,-0.1064642111211107,2.686554874028136,-4.413905041225031,-3.855593561557786,-2.056420077800184,1.313728713739493,0.1722264611677526,4.12976248258988,-0.1119708241342637,1.4209756404521678
67.0,19.0,130.10972595214844,0.0580067935082823,2.574091679740323,-3.791735884724417,-3.7175427517951967,-2.066331635331359,1.5599210768136618,-0.1583132856337734,3.9194973597469582,-0.2839192331748892,1.305771713113257
67.0,19.0,130.1709442138672,0.0182148738272205,2.494310896735328,-4.3786058532919085,-3.392799485793698,-1.780784305072117,1.595221385319628,-0.0387297968006461,4.007393467488792,-0.3681502449817656,1.3088052885277686
67.0,19.0,130.46060180664062,0.462351692124209,2.6405590288767207,-4.297040324422523,-3.739525443095144,-2.1452247524833123,1.5392396219322453,0.2957270278836281,3.933049617701998,-0.2364352990535591,1.3603314714267345
67.0,19.0,130.07957458496094,0.0984164637111093,2.6949172845002467,-4.337835215304914,-3.8333170197862736,-2.071888975053311,1.4842727516955472,0.0925691634850509,3.9304981028036585,-0.3040542484731628,1.3922216245918215
67.0,19.0,130.00030517578125,0.105302159710371,2.637698904293721,-4.210166660940044,-3.798746151994056,-2.080473724550876,1.4570046327010833,0.0270643448107351,3.8498836255969113,-0.3813716150483819,1.3495583987263395
67.0,19.0,130.044921875,0.0349044641709561,2.6935285148500494,-4.09669910064572,-3.770312210434448,-1.871084468520591,1.4519928371361113,0.2166317114488739,4.034964776952835,-0.323733830238512,1.2094372752713738
67.0,19.0,130.01011657714844,0.0764757672403568,2.6115942156787444,-4.21589806327253,-3.8528032031061774,-2.0127967761141843,1.4610537071630765,0.0292802038966669,3.90058164160068,-0.2881342327351232,1.2835558923728574
67.0,19.0,130.16552734375,0.1948586376124635,2.5907732433951773,-4.105472427476768,-3.744894521003338,-2.2361455013670266,1.302405664790616,0.1582496100504816,3.810177752902121,-0.2864253612909541,1.2720511911762489
67.0,19.0,130.44700622558594,-0.0725002453090856,2.740129152945798,-4.3764549793565095,-3.9517755498405416,-1.3664207331090297,1.3337585337870834,-0.1478888878220518,3.6814123377914174,-0.2990586763745369,1.3122205970738468
67.0,19.0,130.228515625,0.1046515551806857,2.842661909066331,-4.398514453606096,-3.801168618670069,-1.8929443231464549,1.478932778731476,0.2833453277660658,3.846857011171364,-0.3751205785282528,1.4607034969129398
67.0,19.0,129.99427795410156,0.1175100752405796,2.62541277243071,-4.3008933308687824,-3.665483335539197,-2.0412704354394045,1.510134060063749,-0.0632073676728306,3.9636900351218647,-0.4369317597718616,1.3960142352090446
67.0,19.0,130.01246643066406,0.1446717531389153,2.6351955948907064,-4.193136343970749,-3.599940560183124,-2.0397725499712425,1.487772970373504,-0.0897751249529557,4.089680664580336,-0.5125867547972416,1.483829838403426
67.0,19.0,130.03358459472656,0.056170209044145,2.546938210791958,-4.240559636267337,-3.885438963361697,-2.045308385188369,1.4755146173423783,-0.014963049295775,3.912141850338536,-0.3154846791198684,1.244978708982884
67.0,19.0,130.08584594726562,-0.0319631313491247,2.7297057562938445,-4.131666566298272,-3.542323062478668,-2.189574509657322,1.5750443371095642,0.0352058636795699,3.8783813452115337,-0.510243047614039,1.4855373666962828
67.0,19.0,130.02764892578125,0.0872435666818964,2.7324889822829843,-4.208979066825212,-3.905204178143377,-2.088807498157357,1.2998391082634286,-0.1238524864635728,3.808451433800792,-0.3297473782085453,1.3172687958654352
67.0,19.0,130.23716735839844,-0.1344106847222634,2.4271067327116502,-4.152651095545355,-3.9380810782605655,-1.9993440013214767,1.3950832730677618,0.2268255655523623,3.964100461978296,-0.1625070714409693,1.1920250074608114
67.0,19.0,130.23435974121094,-0.0770216150761079,2.505392258417463,-4.197614585657227,-3.968449960487345,-2.089701929218375,1.4051768327566625,-0.4249334392328299,3.710004074737456,-0.2845098844421955,1.304084202356126
67.0,19.0,130.2776641845703,-0.2128277021157684,2.561290516508902,-3.947565475935023,-3.999996040375325,-2.1420560128287343,1.4517752125454877,-0.4250911806625166,3.871230165168105,-0.3007256671031251,1.4758763338199516
67.0,19.0,130.05963134765625,-0.1027228657107273,2.6414414090220766,-4.182980042442899,-3.628622249584706,-2.050658215553564,1.59791862671403,0.0298676948398681,3.713746884096554,-0.4038183317162542,1.317769340731736
67.0,19.0,130.4893341064453,-0.2065001280572948,2.3868947930046143,-4.296596003833814,-4.075668618864391,-1.9176022355730389,1.1582935117382545,-0.0644935914163829,4.357754951041204,-0.2782798084343342,1.6120501769211684
67.0,19.0,130.09754943847656,0.0623655605021011,2.582740794064509,-4.048634672620823,-3.62827463137302,-2.0177859843139183,1.5198441168034025,0.0262963048290119,3.781839307289691,-0.1350275558708096,1.2778953355675593
67.0,19.0,130.11648559570312,0.1408828679124834,2.512308051588477,-4.231875033752051,-3.7798856309199502,-2.158410402971505,1.5316616693548937,-0.0355178300207662,3.8031027358514695,-0.4868839907387631,1.4842674863262024
67.0,19.0,130.18121337890625,-0.1875236756538279,2.464874401011328,-4.223497818563487,-3.989440368717916,-1.852840982284084,1.5215987283765544,0.1251154795529815,4.022172715822073,-0.2945036331150152,1.244232787026199
67.0,19.0,130.05731201171875,0.1992908746710741,2.5779861696564024,-4.120976343026145,-3.868928079345784,-2.086710409028941,1.446762103378244,-0.1675390110059301,3.8087676547524936,-0.3750985839955903,1.3333553564966598
67.0,19.0,130.70460510253906,0.2479991997960451,2.578858155005189,-4.130391591649366,-3.8006680337453367,-1.91923340121066,1.3884495212405392,-0.7881167051201008,3.675489695926832,-0.1809221861159582,1.6132726556810106
67.0,19.0,129.99322509765625,0.0662841855178154,2.5925500972652977,-4.140066520558657,-3.7126528388225855,-2.1015807613646,1.4977833295030194,-0.0791912672042137,3.796391392813732,-0.3749647255285282,1.3329941976284674
67.0,19.0,130.0586700439453,0.142350620371326,2.61656776864486,-4.186494696121296,-3.797699178576688,-2.043722241961705,1.432421947872334,-0.0417926371555869,3.891638997838359,-0.2481744053690676,1.547136956000872
67.0,19.0,130.0472412109375,-0.0289034584428121,2.487827192199683,-4.245386163097878,-3.880771029038916,-1.9463085553947093,1.3478951790958575,-0.1009876314028516,4.109606046714395,-0.2869066101457518,1.4719487178245063
67.0,19.0,130.31898498535156,0.4976632622725614,2.6566206870354097,-4.320906012364875,-3.775491082262063,-1.7745365640079438,1.4894718678635257,0.015941523136569,3.7959731416983127,-0.4736297541004622,1.2264622185214424
67.0,19.0,130.00189208984375,0.0688954118187807,2.581313451779955,-4.103131703029351,-3.867285094801738,-1.96980245014443,1.4581092866153738,-0.0092063705605368,3.84592619999513,-0.5967312223904738,1.3117778925193349
67.0,19.0,130.2392120361328,-0.1978592511592077,2.318510016906308,-3.938232675039118,-3.743831363704097,-1.948592713493662,1.4001466305359545,0.0702227465405036,3.866955934842408,-0.1155669141363598,1.2127700384606042
67.0,19.0,130.27589416503906,-0.2571633779362744,2.710670518800771,-4.239266471243734,-3.63025837114809,-1.6091118995204263,1.4793376959929074,0.0138828373257962,3.692399473609124,-0.1122241043074052,1.4187025088198284
67.0,20.0,130.0287322998047,0.0288709521254835,2.525921091613873,-4.106057586818168,-3.684553568660902,-1.703258157568571,1.4937876727345525,-0.0536316497580914,3.8326165170001913,-0.290931717851323,1.3427583372948175
67.0,20.0,130.05227661132812,0.1024508689373368,2.6034954358831373,-4.0309001663155,-3.79517008024577,-2.0988243798066555,1.5453029099992643,-0.2602233374948041,3.872355851336497,-0.3231152390237154,1.3629465796538154
67.0,20.0,130.03843688964844,0.105508753378206,2.547185828730105,-4.061046100367848,-3.8305582949145287,-1.935528891494312,1.5628027861040923,0.0368422094846109,3.933253586383336,-0.3352322061027765,1.2241998289846985
67.0,20.0,129.99668884277344,0.0724388424528594,2.63073659109614,-4.038747354237031,-3.699952678231956,-2.141863904805893,1.488801347417579,-0.019794264482442,3.85715088890089,-0.3723079880528052,1.3457597722253811
67.0,20.0,130.16465759277344,0.1720790881947836,2.8151400627585925,-4.162247998951574,-3.676061987697053,-2.1537141610157726,1.4512660725034052,0.1089703209204707,4.128109162513053,-0.1622682421547476,1.2620608485018023
67.0,20.0,129.98141479492188,0.0393104523719378,2.5773111860832616,-4.211689715725557,-3.682926224098401,-2.098675461642384,1.5059657530384265,-0.0779682078069493,3.8648914589232,-0.3814381903925685,1.3322155057675025
67.0,20.0,130.0445098876953,-0.0135243703297427,2.5910405016346343,-4.162961250691599,-3.8587029951278633,-2.045313203097316,1.4694798999737364,-0.1057720075690077,3.789546119948162,-0.2119756307281623,1.3722031849425416
67.0,20.0,130.0379180908203,0.1219736978052611,2.657704988867745,-4.431558320278963,-3.803640466114627,-1.997163163065392,1.3061616305534285,-0.1390141537367754,3.9056452728891577,-0.4318297541845231,1.358919579725651
67.0,20.0,130.17739868164062,-0.1037698999179642,2.657274841697333,-4.235298590706824,-3.805766444223608,-2.064070246289997,1.109974001687427,-0.1221861129385426,3.558612829704294,-0.3004584807909409,1.3374502368257266
67.0,20.0,130.32029724121094,-0.0464631301100789,2.658434822603743,-4.474625523684623,-3.420304060797032,-1.770421055647152,1.4727779910537295,-0.2930616264321661,3.891233982317048,-0.0931294822195688,1.5020545222670505
67.0,20.0,129.9814910888672,0.0491839426823794,2.621262719298488,-4.042725831410812,-3.715658584087775,-2.060262618559157,1.4994827318249104,-0.1647285451858423,3.8732282846539694,-0.2928939916355629,1.3600784035147462
67.0,20.0,130.0141143798828,0.0661921025667634,2.577965843565162,-4.078974123286665,-3.72359224427916,-2.121019254414993,1.5255300391199167,-0.1146598028305296,3.7844523075129897,-0.4265584651785785,1.3427186841890215
67.0,20.0,130.05557250976562,0.0650798591285045,2.7068950711343027,-4.131357409188174,-3.649491758290921,-2.1127355758677258,1.5363791551380783,-0.062531432539743,3.6876514076088864,-0.3523536961150933,1.3142017746310362
67.0,20.0,130.02993774414062,-0.1505445086399122,2.6497373825787003,-4.124400967795869,-3.8292359924110713,-1.9194814400266405,1.302137322446829,0.1072663108452626,3.8587075451765513,-0.212077726129934,1.2913623720093168
67.0,20.0,130.265869140625,0.2222307508358337,2.6326280234424724,-4.219749500050234,-3.8714653886263113,-2.1263499175844016,1.438125246175494,-0.23727998849171,3.883883146067622,-0.0116913172980273,1.3744051869872176
67.0,20.0,130.0071563720703,0.0739449456918921,2.5820967319828374,-4.0983620789518085,-3.707245161247951,-2.061738256108136,1.5031888243851488,-0.1465135270190389,3.7481065463351975,-0.3676411937985927,1.339835021797345
67.0,20.0,130.02389526367188,0.0323458698324346,2.60634140826643,-4.149214675298634,-3.647978410548815,-2.133816774643733,1.4894542283449084,0.0211895802017292,3.796401525438668,-0.4431062494513685,1.462056429669754
67.0,20.0,130.24700927734375,-0.1064642111211107,2.686554874028136,-4.413905041225031,-3.855593561557786,-2.056420077800184,1.313728713739493,0.1722264611677526,4.12976248258988,-0.1119708241342637,1.4209756404521678
67.0,20.0,130.10972595214844,0.0580067935082823,2.574091679740323,-3.791735884724417,-3.7175427517951967,-2.066331635331359,1.5599210768136618,-0.1583132856337734,3.9194973597469582,-0.2839192331748892,1.305771713113257
67.0,20.0,130.1709442138672,0.0182148738272205,2.494310896735328,-4.3786058532919085,-3.392799485793698,-1.780784305072117,1.595221385319628,-0.0387297968006461,4.007393467488792,-0.3681502449817656,1.3088052885277686
67.0,20.0,130.46060180664062,0.462351692124209,2.6405590288767207,-4.297040324422523,-3.739525443095144,-2.1452247524833123,1.5392396219322453,0.2957270278836281,3.933049617701998,-0.2364352990535591,1.3603314714267345
67.0,20.0,130.03094482421875,0.0811558538058791,2.7278107136926866,-4.072201668489391,-3.7736500437114704,-2.1424285514670163,1.5286283806147458,-0.1572392030719881,3.799348747251034,-0.4594798661631243,1.408565893995856
67.0,20.0,130.00030517578125,0.105302159710371,2.637698904293721,-4.210166660940044,-3.798746151994056,-2.080473724550876,1.4570046327010833,0.0270643448107351,3.8498836255969113,-0.3813716150483819,1.3495583987263395
67.0,20.0,130.044921875,0.0349044641709561,2.6935285148500494,-4.09669910064572,-3.770312210434448,-1.871084468520591,1.4519928371361113,0.2166317114488739,4.034964776952835,-0.323733830238512,1.2094372752713738
67.0,20.0,130.01011657714844,0.0764757672403568,2.6115942156787444,-4.21589806327253,-3.8528032031061774,-2.0127967761141843,1.4610537071630765,0.0292802038966669,3.90058164160068,-0.2881342327351232,1.2835558923728574
67.0,20.0,130.16552734375,0.1948586376124635,2.5907732433951773,-4.105472427476768,-3.744894521003338,-2.2361455013670266,1.302405664790616,0.1582496100504816,3.810177752902121,-0.2864253612909541,1.2720511911762489
67.0,20.0,130.44700622558594,-0.0725002453090856,2.740129152945798,-4.3764549793565095,-3.9517755498405416,-1.3664207331090297,1.3337585337870834,-0.1478888878220518,3.6814123377914174,-0.2990586763745369,1.3122205970738468
67.0,20.0,130.228515625,0.1046515551806857,2.842661909066331,-4.398514453606096,-3.801168618670069,-1.8929443231464549,1.478932778731476,0.2833453277660658,3.846857011171364,-0.3751205785282528,1.4607034969129398
67.0,20.0,129.99427795410156,0.1175100752405796,2.62541277243071,-4.3008933308687824,-3.665483335539197,-2.0412704354394045,1.510134060063749,-0.0632073676728306,3.9636900351218647,-0.4369317597718616,1.3960142352090446
67.0,20.0,130.01246643066406,0.1446717531389153,2.6351955948907064,-4.193136343970749,-3.599940560183124,-2.0397725499712425,1.487772970373504,-0.0897751249529557,4.089680664580336,-0.5125867547972416,1.483829838403426
67.0,20.0,130.03358459472656,0.056170209044145,2.546938210791958,-4.240559636267337,-3.885438963361697,-2.045308385188369,1.4755146173423783,-0.014963049295775,3.912141850338536,-0.3154846791198684,1.244978708982884
67.0,20.0,130.08584594726562,-0.0319631313491247,2.7297057562938445,-4.131666566298272,-3.542323062478668,-2.189574509657322,1.5750443371095642,0.0352058636795699,3.8783813452115337,-0.510243047614039,1.4855373666962828
67.0,20.0,129.97462463378906,0.043767782797706,2.6490817399695747,-4.097146488374296,-3.7198119494530144,-2.0849299263281487,1.5389206093410075,-0.139968808985813,3.876115521869278,-0.3592526879192943,1.3127238000239003
67.0,20.0,130.23716735839844,-0.1344106847222634,2.4271067327116502,-4.152651095545355,-3.9380810782605655,-1.9993440013214767,1.3950832730677618,0.2268255655523623,3.964100461978296,-0.1625070714409693,1.1920250074608114
67.0,20.0,130.23435974121094,-0.0770216150761079,2.505392258417463,-4.197614585657227,-3.968449960487345,-2.089701929218375,1.4051768327566625,-0.4249334392328299,3.710004074737456,-0.2845098844421955,1.304084202356126
67.0,20.0,130.2776641845703,-0.2128277021157684,2.561290516508902,-3.947565475935023,-3.999996040375325,-2.1420560128287343,1.4517752125454877,-0.4250911806625166,3.871230165168105,-0.3007256671031251,1.4758763338199516
67.0,20.0,130.03073120117188,-0.1803163351021668,2.610069011670077,-4.219573426798288,-3.530107825871725,-2.1262931595820675,1.5371424391866233,-0.0302038865074851,3.918133249674853,-0.4148270585906193,1.363898365466562
67.0,20.0,130.4893341064453,-0.2065001280572948,2.3868947930046143,-4.296596003833814,-4.075668618864391,-1.9176022355730389,1.1582935117382545,-0.0644935914163829,4.357754951041204,-0.2782798084343342,1.6120501769211684
67.0,20.0,130.09754943847656,0.0623655605021011,2.582740794064509,-4.048634672620823,-3.62827463137302,-2.0177859843139183,1.5198441168034025,0.0262963048290119,3.781839307289691,-0.1350275558708096,1.2778953355675593
67.0,20.0,130.11648559570312,0.1408828679124834,2.512308051588477,-4.231875033752051,-3.7798856309199502,-2.158410402971505,1.5316616693548937,-0.0355178300207662,3.8031027358514695,-0.4868839907387631,1.4842674863262024
67.0,20.0,130.18121337890625,-0.1875236756538279,2.464874401011328,-4.223497818563487,-3.989440368717916,-1.852840982284084,1.5215987283765544,0.1251154795529815,4.022172715822073,-0.2945036331150152,1.244232787026199
67.0,20.0,130.04946899414062,-0.1050667903495684,2.5589674296720744,-4.154411278107561,-3.657936135000567,-2.0958318948294195,1.4793306239881423,-0.1930284604216301,3.8492173301653225,-0.1725677395913247,1.307265567108271
67.0,20.0,130.70460510253906,0.2479991997960451,2.578858155005189,-4.130391591649366,-3.8006680337453367,-1.91923340121066,1.3884495212405392,-0.7881167051201008,3.675489695926832,-0.1809221861159582,1.6132726556810106
67.0,20.0,129.99322509765625,0.0662841855178154,2.5925500972652977,-4.140066520558657,-3.7126528388225855,-2.1015807613646,1.4977833295030194,-0.0791912672042137,3.796391392813732,-0.3749647255285282,1.3329941976284674
67.0,20.0,130.0304718017578,0.0525378570975617,2.5993936034148803,-4.281976787599604,-3.771283914762381,-2.1343118522284787,1.4840241507316447,-0.0070578621792324,3.923655582245757,-0.300622537564072,1.3548202447025206
67.0,20.0,130.0472412109375,-0.0289034584428121,2.487827192199683,-4.245386163097878,-3.880771029038916,-1.9463085553947093,1.3478951790958575,-0.1009876314028516,4.109606046714395,-0.2869066101457518,1.4719487178245063
67.0,20.0,130.29505920410156,0.2363567357042753,2.68270821626314,-4.494973965439181,-3.7622960587010055,-1.87793995947665,1.498660439004146,0.2202783614171699,3.7558472703602046,-0.531588102252122,1.252790329463525
67.0,20.0,130.00189208984375,0.0688954118187807,2.581313451779955,-4.103131703029351,-3.867285094801738,-1.96980245014443,1.4581092866153738,-0.0092063705605368,3.84592619999513,-0.5967312223904738,1.3117778925193349
67.0,20.0,130.2392120361328,-0.1978592511592077,2.318510016906308,-3.938232675039118,-3.743831363704097,-1.948592713493662,1.4001466305359545,0.0702227465405036,3.866955934842408,-0.1155669141363598,1.2127700384606042
67.0,20.0,130.27589416503906,-0.2571633779362744,2.710670518800771,-4.239266471243734,-3.63025837114809,-1.6091118995204263,1.4793376959929074,0.0138828373257962,3.692399473609124,-0.1122241043074052,1.4187025088198284
67.0,21.0,130.0182342529297,0.0525323957682894,2.588295558992609,-4.004682960690739,-3.725396877937995,-1.995766704556756,1.5867037511796775,-0.1496964808018228,3.8214481797019575,-0.3215754510049742,1.3205356715159806
67.0,21.0,130.0303955078125,0.092748422253247,2.6466838800330166,-3.991051968062363,-3.758538325265688,-2.076183668858486,1.5724004354241137,-0.0823292451210973,3.83698748280895,-0.3329939270380527,1.2806927921195943
67.0,21.0,130.03843688964844,0.105508753378206,2.547185828730105,-4.061046100367848,-3.8305582949145287,-1.935528891494312,1.5628027861040923,0.0368422094846109,3.933253586383336,-0.3352322061027765,1.2241998289846985
67.0,21.0,129.99668884277344,0.0724388424528594,2.63073659109614,-4.038747354237031,-3.699952678231956,-2.141863904805893,1.488801347417579,-0.019794264482442,3.85715088890089,-0.3723079880528052,1.3457597722253811
67.0,21.0,130.15142822265625,0.1070778177961765,2.567493173011455,-4.082879266194592,-3.691210948534994,-2.1168010967792923,1.5029783242678083,0.1565372098231555,4.1031971986582905,-0.1582786809497789,1.2626138134884637
67.0,21.0,129.98141479492188,0.0393104523719378,2.5773111860832616,-4.211689715725557,-3.682926224098401,-2.098675461642384,1.5059657530384265,-0.0779682078069493,3.8648914589232,-0.3814381903925685,1.3322155057675025
67.0,21.0,130.0445098876953,-0.0135243703297427,2.5910405016346343,-4.162961250691599,-3.8587029951278633,-2.045313203097316,1.4694798999737364,-0.1057720075690077,3.789546119948162,-0.2119756307281623,1.3722031849425416
67.0,21.0,130.0379180908203,0.1219736978052611,2.657704988867745,-4.431558320278963,-3.803640466114627,-1.997163163065392,1.3061616305534285,-0.1390141537367754,3.9056452728891577,-0.4318297541845231,1.358919579725651
67.0,21.0,130.08689880371094,-0.2396107227791766,2.6631492835230968,-4.101760735942579,-3.7740959028048615,-1.9610883191264648,1.036389367005397,-0.1506447921737345,3.92054704347088,-0.210556829433898,1.3201445167703008
67.0,21.0,130.32029724121094,-0.0464631301100789,2.658434822603743,-4.474625523684623,-3.420304060797032,-1.770421055647152,1.4727779910537295,-0.2930616264321661,3.891233982317048,-0.0931294822195688,1.5020545222670505
67.0,21.0,129.9814910888672,0.0491839426823794,2.621262719298488,-4.042725831410812,-3.715658584087775,-2.060262618559157,1.4994827318249104,-0.1647285451858423,3.8732282846539694,-0.2928939916355629,1.3600784035147462
67.0,21.0,129.99542236328125,0.0202460729888953,2.570329609332611,-4.056863583717302,-3.707667212046789,-2.061492709615984,1.549782539346496,-0.1888886147155596,3.846051408381919,-0.3690519494172818,1.2791603143906745
67.0,21.0,130.00216674804688,0.0489996054288222,2.6268384672741485,-4.042485280253751,-3.692073561714961,-2.1212918791454283,1.5626121662882655,-0.2027104182981284,3.956239069122032,-0.3801179190931734,1.3370669543195632
67.0,21.0,130.02993774414062,-0.1505445086399122,2.6497373825787003,-4.124400967795869,-3.8292359924110713,-1.9194814400266405,1.302137322446829,0.1072663108452626,3.8587075451765513,-0.212077726129934,1.2913623720093168
67.0,21.0,130.265869140625,0.2222307508358337,2.6326280234424724,-4.219749500050234,-3.8714653886263113,-2.1263499175844016,1.438125246175494,-0.23727998849171,3.883883146067622,-0.0116913172980273,1.3744051869872176
67.0,21.0,129.97518920898438,0.0230131715436585,2.6398724093937727,-4.057974831766944,-3.6858664330236377,-2.048438664433752,1.547847595866452,-0.1650331710253939,3.9174166301223794,-0.3092549464485415,1.310456343394514
67.0,21.0,130.02389526367188,0.0323458698324346,2.60634140826643,-4.149214675298634,-3.647978410548815,-2.133816774643733,1.4894542283449084,0.0211895802017292,3.796401525438668,-0.4431062494513685,1.462056429669754
67.0,21.0,130.24700927734375,-0.1064642111211107,2.686554874028136,-4.413905041225031,-3.855593561557786,-2.056420077800184,1.313728713739493,0.1722264611677526,4.12976248258988,-0.1119708241342637,1.4209756404521678
67.0,21.0,130.07237243652344,0.0678513143177695,2.74742277598768,-3.8288391329890006,-3.71610056115406,-2.051320588959098,1.5761672962460007,0.0098012243213075,3.9433594792942,-0.3682407963617922,1.2942147188335826
67.0,21.0,130.14146423339844,-0.1320920308047805,2.4099501055951302,-3.968750013349604,-3.5270896273942007,-1.7819592283151784,1.6554921646289693,-0.1108516730969561,3.982622495270706,-0.3454377931460585,1.3322973814567258
67.0,21.0,130.46060180664062,0.462351692124209,2.6405590288767207,-4.297040324422523,-3.739525443095144,-2.1452247524833123,1.5392396219322453,0.2957270278836281,3.933049617701998,-0.2364352990535591,1.3603314714267345
67.0,21.0,130.03094482421875,0.0811558538058791,2.7278107136926866,-4.072201668489391,-3.7736500437114704,-2.1424285514670163,1.5286283806147458,-0.1572392030719881,3.799348747251034,-0.4594798661631243,1.408565893995856
67.0,21.0,130.00030517578125,0.105302159710371,2.637698904293721,-4.210166660940044,-3.798746151994056,-2.080473724550876,1.4570046327010833,0.0270643448107351,3.8498836255969113,-0.3813716150483819,1.3495583987263395
67.0,21.0,130.0261688232422,0.0182410121901389,2.711858831367247,-4.109772724076412,-3.836142168584916,-1.8555393865980143,1.5285153090521075,0.0737720551044928,3.854722233778552,-0.266610408238603,1.3461210989492527
67.0,21.0,129.97402954101562,0.0134873798073689,2.6301168541697098,-4.2120823195685615,-3.838458593712162,-1.9819108644944423,1.4877792432701475,-0.1945566875276165,3.855384269407059,-0.4141923138960031,1.2614325742847912
67.0,21.0,130.16552734375,0.1948586376124635,2.5907732433951773,-4.105472427476768,-3.744894521003338,-2.2361455013670266,1.302405664790616,0.1582496100504816,3.810177752902121,-0.2864253612909541,1.2720511911762489
67.0,21.0,130.2400665283203,-0.0085526200047987,2.5959120241789906,-4.317930880916604,-3.9366480442632086,-1.4920344960918666,1.1780007149896443,-0.1468676100122102,3.962139236867564,-0.2928725748854483,1.2869526717182942
67.0,21.0,130.228515625,0.1046515551806857,2.842661909066331,-4.398514453606096,-3.801168618670069,-1.8929443231464549,1.478932778731476,0.2833453277660658,3.846857011171364,-0.3751205785282528,1.4607034969129398
67.0,21.0,129.9675750732422,0.0686870081286255,2.6950321146612826,-4.189761854311794,-3.659682011915292,-1.9929354916985305,1.5476266258023268,-0.1286299557947356,3.871985989532179,-0.3577259582735723,1.274298168184723
67.0,21.0,130.01246643066406,0.1446717531389153,2.6351955948907064,-4.193136343970749,-3.599940560183124,-2.0397725499712425,1.487772970373504,-0.0897751249529557,4.089680664580336,-0.5125867547972416,1.483829838403426
67.0,21.0,130.03358459472656,0.056170209044145,2.546938210791958,-4.240559636267337,-3.885438963361697,-2.045308385188369,1.4755146173423783,-0.014963049295775,3.912141850338536,-0.3154846791198684,1.244978708982884
67.0,21.0,129.9980010986328,-0.001382301688563,2.734072606921705,-4.093281045805663,-3.8013672733657513,-2.069746294608555,1.558542246289061,-0.1577064445555361,3.840910916049828,-0.5263691825922736,1.286343697004741
67.0,21.0,129.97462463378906,0.043767782797706,2.6490817399695747,-4.097146488374296,-3.7198119494530144,-2.0849299263281487,1.5389206093410075,-0.139968808985813,3.876115521869278,-0.3592526879192943,1.3127238000239003
67.0,21.0,130.23716735839844,-0.1344106847222634,2.4271067327116502,-4.152651095545355,-3.9380810782605655,-1.9993440013214767,1.3950832730677618,0.2268255655523623,3.964100461978296,-0.1625070714409693,1.1920250074608114
67.0,21.0,130.0543212890625,0.0434600121576571,2.5657756211160088,-4.129462814377897,-3.88661852489557,-2.047853821108747,1.5745722390058758,-0.2582009740371178,3.870924559259417,-0.4710264017090059,1.267149122800438
67.0,21.0,130.2776641845703,-0.2128277021157684,2.561290516508902,-3.947565475935023,-3.999996040375325,-2.1420560128287343,1.4517752125454877,-0.4250911806625166,3.871230165168105,-0.3007256671031251,1.4758763338199516
67.0,21.0,130.00204467773438,0.0008952578430008,2.652669189786909,-4.070876425775015,-3.718556880945436,-2.1472141827390345,1.5170555751750676,-0.2152008149650056,3.9846813791486726,-0.3155044659371991,1.3687562306639676
67.0,21.0,130.4893341064453,-0.2065001280572948,2.3868947930046143,-4.296596003833814,-4.075668618864391,-1.9176022355730389,1.1582935117382545,-0.0644935914163829,4.357754951041204,-0.2782798084343342,1.6120501769211684
67.0,21.0,130.09754943847656,0.0623655605021011,2.582740794064509,-4.048634672620823,-3.62827463137302,-2.0177859843139183,1.5198441168034025,0.0262963048290119,3.781839307289691,-0.1350275558708096,1.2778953355675593
67.0,21.0,130.01234436035156,0.0048069896245645,2.6955096318755687,-4.1738861610262274,-3.753427761599599,-2.144953707411714,1.5724163513160654,-0.1829252058631477,3.8980400709532703,-0.4323690733021594,1.3904693890500075
67.0,21.0,130.18121337890625,-0.1875236756538279,2.464874401011328,-4.223497818563487,-3.989440368717916,-1.852840982284084,1.5215987283765544,0.1251154795529815,4.022172715822073,-0.2945036331150152,1.244232787026199
67.0,21.0,130.0068359375,0.0400280374678316,2.591949887036076,-4.0936868443420025,-3.622408727049335,-2.089157454704679,1.5686718861499056,-0.1675668113054394,3.9335400986439617,-0.300851681596831,1.2993699407180106
67.0,21.0,130.21615600585938,0.3199787987400182,2.5603770396368883,-4.076908339180928,-3.8855492498920094,-1.8796841086861444,1.6211823403184504,-0.333256959322784,3.934578276847528,-0.4277537637981377,1.226683544797011
67.0,21.0,129.99322509765625,0.0662841855178154,2.5925500972652977,-4.140066520558657,-3.7126528388225855,-2.1015807613646,1.4977833295030194,-0.0791912672042137,3.796391392813732,-0.3749647255285282,1.3329941976284674
67.0,21.0,129.99224853515625,0.0102266802138051,2.5936298304940264,-4.202086590681288,-3.6722060471736366,-2.0887525723209386,1.5815856144455798,-0.0679774727574189,3.961367694707304,-0.3836913805552606,1.2817493726518403
67.0,21.0,130.0472412109375,-0.0289034584428121,2.487827192199683,-4.245386163097878,-3.880771029038916,-1.9463085553947093,1.3478951790958575,-0.1009876314028516,4.109606046714395,-0.2869066101457518,1.4719487178245063
67.0,21.0,130.07102966308594,-0.046515707887379,2.6238736143820933,-4.409003762599064,-3.67968749419891,-2.062660910024632,1.572012931730932,-0.239772380808665,3.90092651581614,-0.4094272365619958,1.3411219747317231
67.0,21.0,130.00189208984375,0.0688954118187807,2.581313451779955,-4.103131703029351,-3.867285094801738,-1.96980245014443,1.4581092866153738,-0.0092063705605368,3.84592619999513,-0.5967312223904738,1.3117778925193349
67.0,21.0,130.2392120361328,-0.1978592511592077,2.318510016906308,-3.938232675039118,-3.743831363704097,-1.948592713493662,1.4001466305359545,0.0702227465405036,3.866955934842408,-0.1155669141363598,1.2127700384606042
67.0,21.0,130.27589416503906,-0.2571633779362744,2.710670518800771,-4.239266471243734,-3.63025837114809,-1.6091118995204263,1.4793376959929074,0.0138828373257962,3.692399473609124,-0.1122241043074052,1.4187025088198284
67.0,22.0,130.00125122070312,0.0902329024267457,2.660766207849596,-4.060941776944118,-3.6423051818239336,-2.10591202799223,1.5416960458309878,-0.1655401830737015,3.846162689059173,-0.3788701970752524,1.2910844130316144
67.0,22.0,129.9853515625,0.0606695743486253,2.699254542119648,-4.037494548250991,-3.5845740494440843,-1.980456682843332,1.5312969563637666,-0.0214022287503673,3.825824967686786,-0.3673879591206019,1.243786337536958
67.0,22.0,130.03843688964844,0.105508753378206,2.547185828730105,-4.061046100367848,-3.8305582949145287,-1.935528891494312,1.5628027861040923,0.0368422094846109,3.933253586383336,-0.3352322061027765,1.2241998289846985
67.0,22.0,129.98007202148438,0.1679376734061768,2.662936456271991,-4.088672560351304,-3.66139284192632,-1.8903396079741888,1.504289605788221,-0.1497143823927859,3.8452539788226745,-0.3586102488729135,1.2950216634692857
67.0,22.0,130.06910705566406,0.0549080274689593,2.509902092142309,-4.007413034783022,-3.71111466634353,-2.007319115146861,1.5675331775889438,-0.0270492700554055,4.009127173289455,-0.1911193044172459,1.2487385128959492
67.0,22.0,129.98141479492188,0.0393104523719378,2.5773111860832616,-4.211689715725557,-3.682926224098401,-2.098675461642384,1.5059657530384265,-0.0779682078069493,3.8648914589232,-0.3814381903925685,1.3322155057675025
67.0,22.0,130.0445098876953,-0.0135243703297427,2.5910405016346343,-4.162961250691599,-3.8587029951278633,-2.045313203097316,1.4694798999737364,-0.1057720075690077,3.789546119948162,-0.2119756307281623,1.3722031849425416
67.0,22.0,130.0379180908203,0.1219736978052611,2.657704988867745,-4.431558320278963,-3.803640466114627,-1.997163163065392,1.3061616305534285,-0.1390141537367754,3.9056452728891577,-0.4318297541845231,1.358919579725651
67.0,22.0,129.90579223632812,0.0334515069124931,2.710080085975165,-4.152644782866364,-3.725999320376887,-1.924352784147097,1.3523169099132777,-0.1193170359478859,4.005049987163142,-0.3946322993384857,1.2328252278976155
67.0,22.0,130.32029724121094,-0.0464631301100789,2.658434822603743,-4.474625523684623,-3.420304060797032,-1.770421055647152,1.4727779910537295,-0.2930616264321661,3.891233982317048,-0.0931294822195688,1.5020545222670505
67.0,22.0,129.9814910888672,0.0491839426823794,2.621262719298488,-4.042725831410812,-3.715658584087775,-2.060262618559157,1.4994827318249104,-0.1647285451858423,3.8732282846539694,-0.2928939916355629,1.3600784035147462
67.0,22.0,129.98422241210938,0.0926728419297723,2.8058934923554544,-4.093356603746605,-3.643167954309796,-1.9316568348331769,1.5578320568261776,-0.1441080887078863,3.924204064050012,-0.340086433071707,1.2526526472183233
67.0,22.0,130.00216674804688,0.0489996054288222,2.6268384672741485,-4.042485280253751,-3.692073561714961,-2.1212918791454283,1.5626121662882655,-0.2027104182981284,3.956239069122032,-0.3801179190931734,1.3370669543195632
67.0,22.0,130.02993774414062,-0.1505445086399122,2.6497373825787003,-4.124400967795869,-3.8292359924110713,-1.9194814400266405,1.302137322446829,0.1072663108452626,3.8587075451765513,-0.212077726129934,1.2913623720093168
67.0,22.0,130.265869140625,0.2222307508358337,2.6326280234424724,-4.219749500050234,-3.8714653886263113,-2.1263499175844016,1.438125246175494,-0.23727998849171,3.883883146067622,-0.0116913172980273,1.3744051869872176
67.0,22.0,129.97518920898438,0.0230131715436585,2.6398724093937727,-4.057974831766944,-3.6858664330236377,-2.048438664433752,1.547847595866452,-0.1650331710253939,3.9174166301223794,-0.3092549464485415,1.310456343394514
67.0,22.0,129.9734344482422,0.1141029008600547,2.59255733227688,-4.24804814432176,-3.656642841223067,-1.8979489370131133,1.4464707821494935,-0.1808058965089325,3.838882489124,-0.5167197298425175,1.352040870817089
67.0,22.0,130.24700927734375,-0.1064642111211107,2.686554874028136,-4.413905041225031,-3.855593561557786,-2.056420077800184,1.313728713739493,0.1722264611677526,4.12976248258988,-0.1119708241342637,1.4209756404521678
67.0,22.0,130.07237243652344,0.0678513143177695,2.74742277598768,-3.8288391329890006,-3.71610056115406,-2.051320588959098,1.5761672962460007,0.0098012243213075,3.9433594792942,-0.3682407963617922,1.2942147188335826
67.0,22.0,129.984375,0.0760173601740968,2.600788078454624,-4.073815611681744,-3.658536876001196,-2.081963128290595,1.5380037584234658,-0.1625360533989283,3.9586751454364975,-0.3660906388468812,1.248030214422513
67.0,22.0,130.38514709472656,-0.5824516326730276,2.7458957667559063,-4.292732104560766,-3.725496460399048,-2.103715911574487,1.6386127587281614,0.0631133395277387,3.9543512689615934,-0.4312007072505723,1.1822683457529202
67.0,22.0,130.02255249023438,0.1318090520594539,2.7116425619524787,-4.066127694520797,-3.6734651034008072,-2.1401879255266825,1.534148870660035,0.0177587984041327,3.875936387452824,-0.426766033346629,1.36509048198331
67.0,22.0,130.00030517578125,0.105302159710371,2.637698904293721,-4.210166660940044,-3.798746151994056,-2.080473724550876,1.4570046327010833,0.0270643448107351,3.8498836255969113,-0.3813716150483819,1.3495583987263395
67.0,22.0,130.0261688232422,0.0182410121901389,2.711858831367247,-4.109772724076412,-3.836142168584916,-1.8555393865980143,1.5285153090521075,0.0737720551044928,3.854722233778552,-0.266610408238603,1.3461210989492527
67.0,22.0,129.97402954101562,0.0134873798073689,2.6301168541697098,-4.2120823195685615,-3.838458593712162,-1.9819108644944423,1.4877792432701475,-0.1945566875276165,3.855384269407059,-0.4141923138960031,1.2614325742847912
67.0,22.0,129.980712890625,0.0972578609209516,2.6681901657368363,-4.201746179694412,-3.613849290050912,-1.8197087574212083,1.2917233446567205,-0.184665583662377,3.869050408536935,-0.3182076650675173,1.178090896695481
67.0,22.0,130.2400665283203,-0.0085526200047987,2.5959120241789906,-4.317930880916604,-3.9366480442632086,-1.4920344960918666,1.1780007149896443,-0.1468676100122102,3.962139236867564,-0.2928725748854483,1.2869526717182942
67.0,22.0,130.228515625,0.1046515551806857,2.842661909066331,-4.398514453606096,-3.801168618670069,-1.8929443231464549,1.478932778731476,0.2833453277660658,3.846857011171364,-0.3751205785282528,1.4607034969129398
67.0,22.0,129.9675750732422,0.0686870081286255,2.6950321146612826,-4.189761854311794,-3.659682011915292,-1.9929354916985305,1.5476266258023268,-0.1286299557947356,3.871985989532179,-0.3577259582735723,1.274298168184723
67.0,22.0,130.00607299804688,0.0791277172095699,2.729905685131209,-4.2215410554883945,-3.5387420765492084,-2.0281960634218827,1.514743654140297,0.0497574723701889,4.050762091185118,-0.4377867950329966,1.252694983471732
67.0,22.0,130.03358459472656,0.056170209044145,2.546938210791958,-4.240559636267337,-3.885438963361697,-2.045308385188369,1.4755146173423783,-0.014963049295775,3.912141850338536,-0.3154846791198684,1.244978708982884
67.0,22.0,129.9651641845703,-0.0285458491855554,2.7016924057059044,-4.170678411797415,-3.5201434514002727,-1.9436912213785464,1.5451996417176797,-0.1414721296369006,3.965235091781091,-0.3941042978945824,1.2449315105910217
67.0,22.0,129.97462463378906,0.043767782797706,2.6490817399695747,-4.097146488374296,-3.7198119494530144,-2.0849299263281487,1.5389206093410075,-0.139968808985813,3.876115521869278,-0.3592526879192943,1.3127238000239003
67.0,22.0,130.23716735839844,-0.1344106847222634,2.4271067327116502,-4.152651095545355,-3.9380810782605655,-1.9993440013214767,1.3950832730677618,0.2268255655523623,3.964100461978296,-0.1625070714409693,1.1920250074608114
67.0,22.0,130.0543212890625,0.0434600121576571,2.5657756211160088,-4.129462814377897,-3.88661852489557,-2.047853821108747,1.5745722390058758,-0.2582009740371178,3.870924559259417,-0.4710264017090059,1.267149122800438
67.0,22.0,130.2776641845703,-0.2128277021157684,2.561290516508902,-3.947565475935023,-3.999996040375325,-2.1420560128287343,1.4517752125454877,-0.4250911806625166,3.871230165168105,-0.3007256671031251,1.4758763338199516
67.0,22.0,130.00204467773438,0.0008952578430008,2.652669189786909,-4.070876425775015,-3.718556880945436,-2.1472141827390345,1.5170555751750676,-0.2152008149650056,3.9846813791486726,-0.3155044659371991,1.3687562306639676
67.0,22.0,130.1679229736328,0.0149699612325883,2.470914515871078,-4.503334615982482,-3.6008419292203944,-1.9729101642356008,1.2678561552991034,-0.0068115302550403,3.871269887509861,-0.4687793859946725,1.0893413671172083
67.0,22.0,130.09754943847656,0.0623655605021011,2.582740794064509,-4.048634672620823,-3.62827463137302,-2.0177859843139183,1.5198441168034025,0.0262963048290119,3.781839307289691,-0.1350275558708096,1.2778953355675593
67.0,22.0,129.9947967529297,-0.0368753653482996,2.8058200685814136,-4.207576687706486,-3.698795522168976,-1.9014902781741585,1.5131358970837818,-0.2071984187811497,3.9272036769677903,-0.4031829248065046,1.1183441382661237
67.0,22.0,130.18121337890625,-0.1875236756538279,2.464874401011328,-4.223497818563487,-3.989440368717916,-1.852840982284084,1.5215987283765544,0.1251154795529815,4.022172715822073,-0.2945036331150152,1.244232787026199
67.0,22.0,130.0049591064453,0.1438515448301872,2.6165310797954304,-4.105685854804549,-3.635343350610975,-1.946322787201928,1.598011888390828,-0.1569617964965237,3.932164278250573,-0.3631779286206944,1.2555749697265808
67.0,22.0,130.21615600585938,0.3199787987400182,2.5603770396368883,-4.076908339180928,-3.8855492498920094,-1.8796841086861444,1.6211823403184504,-0.333256959322784,3.934578276847528,-0.4277537637981377,1.226683544797011
67.0,22.0,129.9857635498047,0.1221102393020538,2.6718962459319244,-4.144730034304457,-3.634083953318712,-1.9295373893885632,1.5558219102141708,-0.1890357991907368,3.8564968400024218,-0.3579599010451749,1.3090676114438489
67.0,22.0,129.98214721679688,0.0640159652250787,2.647549909932524,-4.160160015101913,-3.6193935017889127,-1.870645688484557,1.6016015732679234,-0.1268398120205927,3.953603297396407,-0.3978933496540398,1.2379444412315237
67.0,22.0,129.99169921875,0.1488799609526211,2.697635403054593,-4.124384395665409,-3.796844158334925,-1.9188251240003924,1.525162085225744,-0.0229379532120843,3.898668308228959,-0.3671273447983797,1.419005824721322
67.0,22.0,129.99530029296875,-0.02836897684103,2.645249835039932,-3.987275133201424,-3.610010450697711,-2.085022347705569,1.5518532521804198,-0.1838954312717907,3.944021512340524,-0.3391317464854241,1.344729648225571
67.0,22.0,130.00189208984375,0.0688954118187807,2.581313451779955,-4.103131703029351,-3.867285094801738,-1.96980245014443,1.4581092866153738,-0.0092063705605368,3.84592619999513,-0.5967312223904738,1.3117778925193349
67.0,22.0,130.19508361816406,0.3438001239311883,2.5694433531725736,-3.9170440420769066,-3.642157061923134,-1.9847823831025253,1.4966009739958763,0.100359054811659,3.900903089618344,-0.2413666733951782,1.3346135429252628
67.0,22.0,130.1710205078125,-0.1183959947839293,2.661493561758648,-4.280742116891526,-3.613846084549104,-1.6992024517391502,1.541579758173667,-0.186296950871401,3.644999576794528,-0.3614916555580438,1.1217270478486827
67.0,23.0,129.9402618408203,-0.0150926907717681,2.771173200119013,-4.090711268343113,-3.765324789086477,-1.7863360618939663,1.4493494777848523,-0.1199126833655399,3.958998488745637,-0.4239743587281847,1.2328767260114828
67.0,23.0,129.9426727294922,0.0024490680410923,2.728573549136262,-4.113891113112785,-3.529602622672366,-1.8752377261165007,1.2176187863133463,-0.0975153275698894,4.015896578167428,-0.4013571976379079,1.2204104668078493
67.0,23.0,129.99603271484375,0.0402401627277491,2.843048459967015,-4.017444855298441,-3.922915463799854,-1.9312966162619447,1.3650412814209612,-0.0031157898375245,3.9311578133842,-0.4276580895476278,1.3459328762541558
67.0,23.0,129.9708709716797,0.182921961798626,2.6948831063285565,-4.134337698544042,-3.687432657498989,-1.854241861890353,1.261911803615274,-0.1088299251394116,3.903053165247056,-0.4073771143839889,1.176414741964368
67.0,23.0,129.96812438964844,0.0222518189143499,2.5237193955992883,-4.185562913049966,-3.741403106004179,-1.8530111340363065,1.2472786827522273,-0.1337541627575314,3.9649841686441296,-0.585128791272127,1.214644036297035
67.0,23.0,129.98141479492188,0.0393104523719378,2.5773111860832616,-4.211689715725557,-3.682926224098401,-2.098675461642384,1.5059657530384265,-0.0779682078069493,3.8648914589232,-0.3814381903925685,1.3322155057675025
67.0,23.0,130.0445098876953,-0.0135243703297427,2.5910405016346343,-4.162961250691599,-3.8587029951278633,-2.045313203097316,1.4694798999737364,-0.1057720075690077,3.789546119948162,-0.2119756307281623,1.3722031849425416
67.0,23.0,130.0379180908203,0.1219736978052611,2.657704988867745,-4.431558320278963,-3.803640466114627,-1.997163163065392,1.3061616305534285,-0.1390141537367754,3.9056452728891577,-0.4318297541845231,1.358919579725651
67.0,23.0,129.90579223632812,0.0334515069124931,2.710080085975165,-4.152644782866364,-3.725999320376887,-1.924352784147097,1.3523169099132777,-0.1193170359478859,4.005049987163142,-0.3946322993384857,1.2328252278976155
67.0,23.0,130.32029724121094,-0.0464631301100789,2.658434822603743,-4.474625523684623,-3.420304060797032,-1.770421055647152,1.4727779910537295,-0.2930616264321661,3.891233982317048,-0.0931294822195688,1.5020545222670505
67.0,23.0,129.9814910888672,0.0491839426823794,2.621262719298488,-4.042725831410812,-3.715658584087775,-2.060262618559157,1.4994827318249104,-0.1647285451858423,3.8732282846539694,-0.2928939916355629,1.3600784035147462
67.0,23.0,129.93658447265625,0.0856573545080998,2.764558145079786,-4.110799363819407,-3.6707855540727694,-1.8692938353188304,1.44679293557539,-0.0752474045640359,4.021407524628256,-0.4267285799520022,1.2120193622454205
67.0,23.0,129.9558868408203,0.0332226837035057,2.7404114040851453,-4.0206614373663925,-3.7266293245416926,-1.980907231473669,1.1859283426842606,-0.1860962667896013,4.082814925388786,-0.3969246121010967,1.2798028841285036
67.0,23.0,130.02993774414062,-0.1505445086399122,2.6497373825787003,-4.124400967795869,-3.8292359924110713,-1.9194814400266405,1.302137322446829,0.1072663108452626,3.8587075451765513,-0.212077726129934,1.2913623720093168
67.0,23.0,130.1652374267578,0.0709428575207729,2.7558817754909883,-4.205069201744795,-3.824929576488301,-2.0104025743357226,1.1465577964867997,-0.4258031629155887,3.880430187082936,-0.2765791175669918,1.1026958504283582
67.0,23.0,129.9539337158203,0.0397357251269114,2.655707925206477,-4.133858082204193,-3.792211714913184,-1.962405099385372,1.5370907390034907,-0.1456026354169369,3.966174420336039,-0.4194941429431811,1.2339288487828193
67.0,23.0,129.9734344482422,0.1141029008600547,2.59255733227688,-4.24804814432176,-3.656642841223067,-1.8979489370131133,1.4464707821494935,-0.1808058965089325,3.838882489124,-0.5167197298425175,1.352040870817089
67.0,23.0,130.1899871826172,0.1632367394582691,2.5209217181537005,-4.211669627104149,-3.5967365579472728,-1.8625583937560783,1.3154724196115914,0.2163110930680506,4.086053295216251,-0.1516977500181575,1.4632658783130514
67.0,23.0,130.07237243652344,0.0678513143177695,2.74742277598768,-3.8288391329890006,-3.71610056115406,-2.051320588959098,1.5761672962460007,0.0098012243213075,3.9433594792942,-0.3682407963617922,1.2942147188335826
67.0,23.0,129.984375,0.0760173601740968,2.600788078454624,-4.073815611681744,-3.658536876001196,-2.081963128290595,1.5380037584234658,-0.1625360533989283,3.9586751454364975,-0.3660906388468812,1.248030214422513
67.0,23.0,130.38514709472656,-0.5824516326730276,2.7458957667559063,-4.292732104560766,-3.725496460399048,-2.103715911574487,1.6386127587281614,0.0631133395277387,3.9543512689615934,-0.4312007072505723,1.1822683457529202
67.0,23.0,130.0107421875,-0.0296851345518688,2.699699812278567,-4.280282697573925,-3.7539735897116255,-2.145139476401213,1.4919401289095051,-0.1440733905067313,4.075873987466761,-0.4334423409147534,1.2313784763744675
67.0,23.0,129.9916534423828,0.0695314749294135,2.616617691754388,-4.175522891962003,-3.865304937395207,-1.9766106857842216,1.2554161341699837,0.0805187398486943,4.017266629440824,-0.3870745536004578,1.4005346809986867
67.0,23.0,130.0261688232422,0.0182410121901389,2.711858831367247,-4.109772724076412,-3.836142168584916,-1.8555393865980143,1.5285153090521075,0.0737720551044928,3.854722233778552,-0.266610408238603,1.3461210989492527
67.0,23.0,129.9495849609375,0.0259066709251891,2.657331840089056,-4.207821268748694,-3.845993551834729,-1.912770283088125,1.300675930489998,-0.0926853488833859,4.090815325146949,-0.4575803815914253,1.2390813134831735
67.0,23.0,129.980712890625,0.0972578609209516,2.6681901657368363,-4.201746179694412,-3.613849290050912,-1.8197087574212083,1.2917233446567205,-0.184665583662377,3.869050408536935,-0.3182076650675173,1.178090896695481
67.0,23.0,130.2400665283203,-0.0085526200047987,2.5959120241789906,-4.317930880916604,-3.9366480442632086,-1.4920344960918666,1.1780007149896443,-0.1468676100122102,3.962139236867564,-0.2928725748854483,1.2869526717182942
67.0,23.0,130.18800354003906,-0.2076737412618822,2.6194506921316427,-4.306523956023819,-3.654257786676838,-1.9733754370787704,1.4444637437400605,0.2701493803224455,4.2540927817751015,-0.4176434665309556,1.3382549918643585
67.0,23.0,129.93453979492188,0.0326370415227638,2.726862600760478,-4.0972641292177645,-3.7241156165239824,-1.9265840899799271,1.188725769969459,-0.1336495370168879,3.910661687584052,-0.4095857189526423,1.2078874373601536
67.0,23.0,129.9534149169922,0.0299332473188625,2.738466738815846,-4.197190006863562,-3.622256887973478,-1.8284418473331243,1.2421818961101572,-0.0940443635695191,3.9591501038352246,-0.3391653353371849,1.1753565351720856
67.0,23.0,129.99127197265625,0.066814544750308,2.8051285879149748,-4.1788071451912,-3.828470841916329,-1.970506231743082,1.3045894017817474,-0.0993429019884555,4.107888109027646,-0.2805743584936309,1.2529062548920762
67.0,23.0,129.96273803710938,0.0158082100245126,2.6929529695747974,-4.1717768747863815,-3.520550063819095,-1.8623065203488247,1.418950566406473,-0.1042523632302037,4.086478942908502,-0.3429007771352654,1.211923427154989
67.0,23.0,129.97462463378906,0.043767782797706,2.6490817399695747,-4.097146488374296,-3.7198119494530144,-2.0849299263281487,1.5389206093410075,-0.139968808985813,3.876115521869278,-0.3592526879192943,1.3127238000239003
67.0,23.0,130.061767578125,-0.1194792724030389,2.587613332405877,-4.152777943065768,-3.814685987341699,-1.9168127811835125,1.2467041484192571,0.1937943124379475,4.124250877092485,-0.354576909649673,1.2023539163924235
67.0,23.0,130.0543212890625,0.0434600121576571,2.5657756211160088,-4.129462814377897,-3.88661852489557,-2.047853821108747,1.5745722390058758,-0.2582009740371178,3.870924559259417,-0.4710264017090059,1.267149122800438
67.0,23.0,130.2776641845703,-0.2128277021157684,2.561290516508902,-3.947565475935023,-3.999996040375325,-2.1420560128287343,1.4517752125454877,-0.4250911806625166,3.871230165168105,-0.3007256671031251,1.4758763338199516
67.0,23.0,130.0006103515625,0.0571672469910887,2.654328881229347,-3.874655891028579,-3.721914728678753,-2.041104894767282,1.3699880907392223,-0.0889579235377363,4.051251917124938,-0.310102535716233,1.2342944373968023
67.0,23.0,130.1679229736328,0.0149699612325883,2.470914515871078,-4.503334615982482,-3.6008419292203944,-1.9729101642356008,1.2678561552991034,-0.0068115302550403,3.871269887509861,-0.4687793859946725,1.0893413671172083
67.0,23.0,130.09754943847656,0.0623655605021011,2.582740794064509,-4.048634672620823,-3.62827463137302,-2.0177859843139183,1.5198441168034025,0.0262963048290119,3.781839307289691,-0.1350275558708096,1.2778953355675593
67.0,23.0,129.98362731933594,0.0372079231339796,2.800274588707417,-4.10594564295901,-3.694190467122304,-1.846325401288103,1.351324988112574,-0.196847944461754,4.019039960865294,-0.3755210228701271,1.085346675964085
67.0,23.0,130.18121337890625,-0.1875236756538279,2.464874401011328,-4.223497818563487,-3.989440368717916,-1.852840982284084,1.5215987283765544,0.1251154795529815,4.022172715822073,-0.2945036331150152,1.244232787026199
67.0,23.0,129.94017028808594,0.0221357049912878,2.6520711992988755,-4.1547310997762565,-3.8026598308472512,-1.868334798738504,1.4588555310699225,-0.1049850648237833,4.009380765780354,-0.4325074737078236,1.196904091365147
67.0,23.0,130.21615600585938,0.3199787987400182,2.5603770396368883,-4.076908339180928,-3.8855492498920094,-1.8796841086861444,1.6211823403184504,-0.333256959322784,3.934578276847528,-0.4277537637981377,1.226683544797011
67.0,23.0,129.98062133789062,0.1535648765400881,2.7185922979887245,-4.169830544124063,-3.77983311868414,-1.8598207696179296,1.1609375697503146,-0.0617591461158638,3.885217827559499,-0.4126497780279637,1.295111390560542
67.0,23.0,129.93624877929688,0.0587860463906581,2.7122913491800142,-4.1390407876525925,-3.679707508803779,-1.8994844179801271,1.1872913825971705,-0.1370922520174772,4.024907912216677,-0.3996746102340034,1.2204392788715428
67.0,23.0,129.9557342529297,0.1238306313951221,2.738902449412243,-4.146041274520417,-3.637358783225276,-1.9012248452717075,1.430744287422404,-0.1612941583304211,3.90503327196522,-0.4447401754383028,1.1681994287118498
67.0,23.0,129.99530029296875,-0.02836897684103,2.645249835039932,-3.987275133201424,-3.610010450697711,-2.085022347705569,1.5518532521804198,-0.1838954312717907,3.944021512340524,-0.3391317464854241,1.344729648225571
67.0,23.0,130.00189208984375,0.0688954118187807,2.581313451779955,-4.103131703029351,-3.867285094801738,-1.96980245014443,1.4581092866153738,-0.0092063705605368,3.84592619999513,-0.5967312223904738,1.3117778925193349
67.0,23.0,130.07408142089844,0.2215221778530223,2.712193519499528,-4.380897528636605,-3.7340675644035297,-2.0152405005677263,1.3691063208065446,-0.2319715905129379,3.9153396962239913,-0.3066859185232294,1.3581277580497078
67.0,23.0,130.10719299316406,0.1707717451491741,2.6786634143897734,-4.040038341711034,-3.6975902764955033,-2.1176646401073964,1.3634887325187135,-0.2591908881699408,3.736679240032688,-0.4382467155917195,1.0795927731193258
67.0,24.0,129.9402618408203,-0.0150926907717681,2.771173200119013,-4.090711268343113,-3.765324789086477,-1.7863360618939663,1.4493494777848523,-0.1199126833655399,3.958998488745637,-0.4239743587281847,1.2328767260114828
67.0,24.0,129.94064331054688,0.0033232302934777,2.721911477519817,-4.189700930436949,-3.602032505496828,-1.8912090947356923,1.2349212694965326,-0.1671948874211818,4.089400305750809,-0.4144898338444357,1.230182726629644
67.0,24.0,129.9290313720703,-0.0409578902416346,2.808990256526257,-4.159444353829292,-3.776389913547345,-1.982267965973604,1.275942703365267,-0.1414829825112644,4.04301082329991,-0.4059984134284261,1.2890865780626375
67.0,24.0,129.9127655029297,-0.0300548184831789,2.7079168954211483,-4.158934609082229,-3.747662442323066,-1.9264365169917983,1.2536713627626015,-0.0929064592706177,4.040133399730071,-0.4075516199574665,1.2384590232476556
67.0,24.0,129.9387969970703,0.0241562251934664,2.72071980871526,-4.186817421029987,-3.7296699225996086,-1.814889428672587,1.2521828769765475,-0.1596242545745617,3.967069732102813,-0.5402684750906643,1.2279187196869654
67.0,24.0,129.98141479492188,0.0393104523719378,2.5773111860832616,-4.211689715725557,-3.682926224098401,-2.098675461642384,1.5059657530384265,-0.0779682078069493,3.8648914589232,-0.3814381903925685,1.3322155057675025
67.0,24.0,130.0445098876953,-0.0135243703297427,2.5910405016346343,-4.162961250691599,-3.8587029951278633,-2.045313203097316,1.4694798999737364,-0.1057720075690077,3.789546119948162,-0.2119756307281623,1.3722031849425416
67.0,24.0,130.0379180908203,0.1219736978052611,2.657704988867745,-4.431558320278963,-3.803640466114627,-1.997163163065392,1.3061616305534285,-0.1390141537367754,3.9056452728891577,-0.4318297541845231,1.358919579725651
67.0,24.0,129.90579223632812,0.0334515069124931,2.710080085975165,-4.152644782866364,-3.725999320376887,-1.924352784147097,1.3523169099132777,-0.1193170359478859,4.005049987163142,-0.3946322993384857,1.2328252278976155
67.0,24.0,130.32029724121094,-0.0464631301100789,2.658434822603743,-4.474625523684623,-3.420304060797032,-1.770421055647152,1.4727779910537295,-0.2930616264321661,3.891233982317048,-0.0931294822195688,1.5020545222670505
67.0,24.0,129.9814910888672,0.0491839426823794,2.621262719298488,-4.042725831410812,-3.715658584087775,-2.060262618559157,1.4994827318249104,-0.1647285451858423,3.8732282846539694,-0.2928939916355629,1.3600784035147462
67.0,24.0,129.93658447265625,0.0856573545080998,2.764558145079786,-4.110799363819407,-3.6707855540727694,-1.8692938353188304,1.44679293557539,-0.0752474045640359,4.021407524628256,-0.4267285799520022,1.2120193622454205
67.0,24.0,129.9558868408203,0.0332226837035057,2.7404114040851453,-4.0206614373663925,-3.7266293245416926,-1.980907231473669,1.1859283426842606,-0.1860962667896013,4.082814925388786,-0.3969246121010967,1.2798028841285036
67.0,24.0,130.02993774414062,-0.1505445086399122,2.6497373825787003,-4.124400967795869,-3.8292359924110713,-1.9194814400266405,1.302137322446829,0.1072663108452626,3.8587075451765513,-0.212077726129934,1.2913623720093168
67.0,24.0,130.1652374267578,0.0709428575207729,2.7558817754909883,-4.205069201744795,-3.824929576488301,-2.0104025743357226,1.1465577964867997,-0.4258031629155887,3.880430187082936,-0.2765791175669918,1.1026958504283582
67.0,24.0,129.90631103515625,0.0487914605646145,2.6692263864306423,-4.107686508930841,-3.708761311570132,-1.931491632300483,1.357582462583914,-0.0977832214422284,4.011985321846453,-0.4314669953235632,1.2163674452798772
67.0,24.0,129.95419311523438,0.1434283691291547,2.7287564035760568,-4.23970690629624,-3.635748911005369,-1.9221138150745027,1.3988129453332268,-0.0731220317911323,3.988296365611366,-0.3341277212534206,1.2836502391778664
67.0,24.0,130.06304931640625,0.1440543389527571,2.618632418300117,-4.23187451065203,-3.660566718456556,-1.8231066288458608,1.4243530094226171,0.022921218913755,4.0260302932814325,-0.5141186210434567,1.6184420982154806
67.0,24.0,130.07237243652344,0.0678513143177695,2.74742277598768,-3.8288391329890006,-3.71610056115406,-2.051320588959098,1.5761672962460007,0.0098012243213075,3.9433594792942,-0.3682407963617922,1.2942147188335826
67.0,24.0,129.984375,0.0760173601740968,2.600788078454624,-4.073815611681744,-3.658536876001196,-2.081963128290595,1.5380037584234658,-0.1625360533989283,3.9586751454364975,-0.3660906388468812,1.248030214422513
67.0,24.0,130.38514709472656,-0.5824516326730276,2.7458957667559063,-4.292732104560766,-3.725496460399048,-2.103715911574487,1.6386127587281614,0.0631133395277387,3.9543512689615934,-0.4312007072505723,1.1822683457529202
67.0,24.0,129.9797821044922,0.0187329225520221,2.7113911358441047,-4.099786210981478,-3.72819975921036,-1.8371182202195424,1.1809470266632582,-0.1571606987628817,4.132161710349847,-0.3813651851096897,1.179243567977308
67.0,24.0,129.9916534423828,0.0695314749294135,2.616617691754388,-4.175522891962003,-3.865304937395207,-1.9766106857842216,1.2554161341699837,0.0805187398486943,4.017266629440824,-0.3870745536004578,1.4005346809986867
67.0,24.0,130.0261688232422,0.0182410121901389,2.711858831367247,-4.109772724076412,-3.836142168584916,-1.8555393865980143,1.5285153090521075,0.0737720551044928,3.854722233778552,-0.266610408238603,1.3461210989492527
67.0,24.0,129.9495849609375,0.0259066709251891,2.657331840089056,-4.207821268748694,-3.845993551834729,-1.912770283088125,1.300675930489998,-0.0926853488833859,4.090815325146949,-0.4575803815914253,1.2390813134831735
67.0,24.0,129.980712890625,0.0972578609209516,2.6681901657368363,-4.201746179694412,-3.613849290050912,-1.8197087574212083,1.2917233446567205,-0.184665583662377,3.869050408536935,-0.3182076650675173,1.178090896695481
67.0,24.0,130.2400665283203,-0.0085526200047987,2.5959120241789906,-4.317930880916604,-3.9366480442632086,-1.4920344960918666,1.1780007149896443,-0.1468676100122102,3.962139236867564,-0.2928725748854483,1.2869526717182942
67.0,24.0,130.18800354003906,-0.2076737412618822,2.6194506921316427,-4.306523956023819,-3.654257786676838,-1.9733754370787704,1.4444637437400605,0.2701493803224455,4.2540927817751015,-0.4176434665309556,1.3382549918643585
67.0,24.0,129.93453979492188,0.0326370415227638,2.726862600760478,-4.0972641292177645,-3.7241156165239824,-1.9265840899799271,1.188725769969459,-0.1336495370168879,3.910661687584052,-0.4095857189526423,1.2078874373601536
67.0,24.0,129.9534149169922,0.0299332473188625,2.738466738815846,-4.197190006863562,-3.622256887973478,-1.8284418473331243,1.2421818961101572,-0.0940443635695191,3.9591501038352246,-0.3391653353371849,1.1753565351720856
67.0,24.0,129.9667510986328,0.0180291976370095,2.771344231324239,-4.070983174807824,-3.613040873700992,-1.880968423587327,1.2407214793725618,-0.1689557342432486,4.071335098335752,-0.2633830798835303,1.2538631015708728
67.0,24.0,129.92343139648438,0.042855092557196,2.706763046565485,-4.153049970534823,-3.56448497180732,-1.9023143496124253,1.342713690267105,-0.1066674034699726,3.999435494079508,-0.3628150030545491,1.2250522214484905
67.0,24.0,129.97462463378906,0.043767782797706,2.6490817399695747,-4.097146488374296,-3.7198119494530144,-2.0849299263281487,1.5389206093410075,-0.139968808985813,3.876115521869278,-0.3592526879192943,1.3127238000239003
67.0,24.0,130.0067596435547,0.0137318220843905,2.788854651558967,-4.116055596785633,-3.7153158153889465,-1.9139620042083605,1.242015447500179,0.1529584638204173,4.102311401743414,-0.4544110559338268,1.199480560774941
67.0,24.0,129.9606170654297,-0.0352288679347985,2.7523869967177608,-4.145361949967126,-3.654191398471756,-2.1200872022425807,1.1984809415974478,-0.1689696613515677,3.944318543669063,-0.5095973296175834,1.2702959273808356
67.0,24.0,130.2776641845703,-0.2128277021157684,2.561290516508902,-3.947565475935023,-3.999996040375325,-2.1420560128287343,1.4517752125454877,-0.4250911806625166,3.871230165168105,-0.3007256671031251,1.4758763338199516
67.0,24.0,129.9715576171875,0.0392861683154746,2.738148162613605,-3.927816778771762,-3.719634455965199,-1.941333183135714,1.2899709126328087,-0.0681133796875234,4.130427979727925,-0.4922293248882359,1.2311430953986089
67.0,24.0,129.91697692871094,0.0705505436218637,2.670220194424956,-4.0953714022404455,-3.750846857568831,-1.9659466581503169,1.3077883041262566,-0.0875535821060782,4.079083476578677,-0.4371974247918824,1.3235789368612347
67.0,24.0,130.09754943847656,0.0623655605021011,2.582740794064509,-4.048634672620823,-3.62827463137302,-2.0177859843139183,1.5198441168034025,0.0262963048290119,3.781839307289691,-0.1350275558708096,1.2778953355675593
67.0,24.0,129.93545532226562,0.0632743198370651,2.772702688195184,-4.072659810822448,-3.693017988628584,-1.901633700313392,1.2894106430466814,-0.1080381648063499,4.027323767470198,-0.371899873095537,1.185156228015213
67.0,24.0,130.07395935058594,0.1652440754525758,2.4147207517453024,-4.18131681188569,-3.681600906666696,-1.860092295101176,1.4021531565000287,-0.273328442319086,4.059753990349379,-0.3011688983646748,1.249534623677058
67.0,24.0,129.9383087158203,-0.020202274654131,2.7773935340749767,-4.172687301355747,-3.757269023365823,-1.8530356070102465,1.3838058905602426,-0.1023955966711456,4.037736582474717,-0.3831718492092679,1.1825329988865236
67.0,24.0,130.21615600585938,0.3199787987400182,2.5603770396368883,-4.076908339180928,-3.8855492498920094,-1.8796841086861444,1.6211823403184504,-0.333256959322784,3.934578276847528,-0.4277537637981377,1.226683544797011
67.0,24.0,129.94265747070312,0.0241478441837497,2.725792714272651,-4.1561690596762855,-3.750836343465203,-1.8666255257202773,1.1796696171696055,-0.0908107797219286,3.97085281725716,-0.4301888001407531,1.1935040482967836
67.0,24.0,129.91908264160156,0.0548346481036508,2.734377995587685,-4.159570540980326,-3.756372868586587,-1.952800451519732,1.2934505309214417,-0.1109270257142315,4.013153305076994,-0.3914311369531607,1.2331721654321683
67.0,24.0,129.9474334716797,0.0391251116204091,2.7024825990280545,-4.163613065490576,-3.724096276285058,-1.934677599493687,1.2299300983149315,-0.1761189803024515,4.040464605453455,-0.4744745106204779,1.1553910932007492
67.0,24.0,129.98916625976562,-0.005022971297594,2.746004576275892,-3.995391047627333,-3.722936340506272,-1.9164936624098936,1.4638495477856452,-0.1178892941273662,3.885929824041991,-0.3409031178893976,1.5506528088531648
67.0,24.0,130.00189208984375,0.0688954118187807,2.581313451779955,-4.103131703029351,-3.867285094801738,-1.96980245014443,1.4581092866153738,-0.0092063705605368,3.84592619999513,-0.5967312223904738,1.3117778925193349
67.0,24.0,130.07408142089844,0.2215221778530223,2.712193519499528,-4.380897528636605,-3.7340675644035297,-2.0152405005677263,1.3691063208065446,-0.2319715905129379,3.9153396962239913,-0.3066859185232294,1.3581277580497078
67.0,24.0,129.96609497070312,0.0344019563285959,2.7204120417354902,-4.128200648504991,-3.7338196355483113,-2.060757765205796,1.287362396039864,-0.2300626582589293,3.871564256155079,-0.4005768637639912,1.1682666076324173
67.0,25.0,129.91444396972656,0.0408943728254789,2.6942587757822487,-4.081702098304937,-3.710760375024157,-1.8260782222345924,1.3180692158635932,-0.1247672274545088,3.932674220017971,-0.3899648548515064,1.237218020547713
67.0,25.0,129.91639709472656,0.0116443878710863,2.7121241338270083,-4.16992818781924,-3.73075315041337,-1.918064128723407,1.3790856484351073,-0.1910217873180786,4.01920947376012,-0.3873446357698765,1.2356294352888633
67.0,25.0,129.9290313720703,-0.0409578902416346,2.808990256526257,-4.159444353829292,-3.776389913547345,-1.982267965973604,1.275942703365267,-0.1414829825112644,4.04301082329991,-0.4059984134284261,1.2890865780626375
67.0,25.0,129.90834045410156,0.0060906493807687,2.716053144092919,-4.158012562460311,-3.743465262661588,-1.952892741730473,1.2798481393875658,-0.1245650706262148,4.030123045990754,-0.4070620133292725,1.252694852712939
67.0,25.0,129.9387969970703,0.0241562251934664,2.72071980871526,-4.186817421029987,-3.7296699225996086,-1.814889428672587,1.2521828769765475,-0.1596242545745617,3.967069732102813,-0.5402684750906643,1.2279187196869654
67.0,25.0,129.98141479492188,0.0393104523719378,2.5773111860832616,-4.211689715725557,-3.682926224098401,-2.098675461642384,1.5059657530384265,-0.0779682078069493,3.8648914589232,-0.3814381903925685,1.3322155057675025
67.0,25.0,130.0445098876953,-0.0135243703297427,2.5910405016346343,-4.162961250691599,-3.8587029951278633,-2.045313203097316,1.4694798999737364,-0.1057720075690077,3.789546119948162,-0.2119756307281623,1.3722031849425416
67.0,25.0,130.0379180908203,0.1219736978052611,2.657704988867745,-4.431558320278963,-3.803640466114627,-1.997163163065392,1.3061616305534285,-0.1390141537367754,3.9056452728891577,-0.4318297541845231,1.358919579725651
67.0,25.0,129.90579223632812,0.0334515069124931,2.710080085975165,-4.152644782866364,-3.725999320376887,-1.924352784147097,1.3523169099132777,-0.1193170359478859,4.005049987163142,-0.3946322993384857,1.2328252278976155
67.0,25.0,130.32029724121094,-0.0464631301100789,2.658434822603743,-4.474625523684623,-3.420304060797032,-1.770421055647152,1.4727779910537295,-0.2930616264321661,3.891233982317048,-0.0931294822195688,1.5020545222670505
67.0,25.0,129.9814910888672,0.0491839426823794,2.621262719298488,-4.042725831410812,-3.715658584087775,-2.060262618559157,1.4994827318249104,-0.1647285451858423,3.8732282846539694,-0.2928939916355629,1.3600784035147462
67.0,25.0,129.93658447265625,0.0856573545080998,2.764558145079786,-4.110799363819407,-3.6707855540727694,-1.8692938353188304,1.44679293557539,-0.0752474045640359,4.021407524628256,-0.4267285799520022,1.2120193622454205
67.0,25.0,129.92660522460938,0.0378332299327546,2.675331625152826,-4.217575924289648,-3.717377756552268,-1.9772982621719888,1.3371612786605096,-0.1638903858283257,3.891180565436534,-0.3904802426811756,1.2219656587417107
67.0,25.0,129.95236206054688,-0.1764886436955075,2.742481332551364,-4.159077424076748,-3.625736377923989,-1.935473348374011,1.2113916897255768,0.0174097019981048,3.9898872826078025,-0.3573947288434712,1.274493980098305
67.0,25.0,130.09713745117188,0.0051764265862478,2.7079599059147625,-4.045245955198751,-3.784947137318442,-2.245127168891468,1.298877071219834,-0.1783087854357992,3.729964460173551,-0.4136875953074834,1.152534686661216
67.0,25.0,129.90631103515625,0.0487914605646145,2.6692263864306423,-4.107686508930841,-3.708761311570132,-1.931491632300483,1.357582462583914,-0.0977832214422284,4.011985321846453,-0.4314669953235632,1.2163674452798772
67.0,25.0,129.9290313720703,-0.0027338411169326,2.71271742979818,-4.176611761925549,-3.791179285141492,-1.939580140144175,1.3962557351580418,-0.0484374005045415,4.001972423642553,-0.3469316708283924,1.22107963733926
67.0,25.0,129.9890594482422,0.0265816514207412,2.773263753649265,-4.076373968461724,-3.741043325205416,-1.967003748302044,1.3343541192098591,-0.220328106354019,3.9762072145854974,-0.5138153904961368,1.5803553783687934
67.0,25.0,130.06431579589844,0.094689588581404,2.7676715317889875,-3.872744810855049,-3.579124947145049,-1.7721576789732685,1.4384232538412938,-0.3239551852475201,3.94353059400813,-0.3925638420635404,1.30951502565329
67.0,25.0,129.984375,0.0760173601740968,2.600788078454624,-4.073815611681744,-3.658536876001196,-2.081963128290595,1.5380037584234658,-0.1625360533989283,3.9586751454364975,-0.3660906388468812,1.248030214422513
67.0,25.0,130.38514709472656,-0.5824516326730276,2.7458957667559063,-4.292732104560766,-3.725496460399048,-2.103715911574487,1.6386127587281614,0.0631133395277387,3.9543512689615934,-0.4312007072505723,1.1822683457529202
67.0,25.0,129.97438049316406,0.0484171205391895,2.714606391545648,-4.095047397394054,-3.7177963676855614,-1.8437618882148792,1.1811114145765136,-0.1211816308256043,4.1134487732265175,-0.3837081122851555,1.1751173653801787
67.0,25.0,129.9916534423828,0.0695314749294135,2.616617691754388,-4.175522891962003,-3.865304937395207,-1.9766106857842216,1.2554161341699837,0.0805187398486943,4.017266629440824,-0.3870745536004578,1.4005346809986867
67.0,25.0,130.0261688232422,0.0182410121901389,2.711858831367247,-4.109772724076412,-3.836142168584916,-1.8555393865980143,1.5285153090521075,0.0737720551044928,3.854722233778552,-0.266610408238603,1.3461210989492527
67.0,25.0,129.91815185546875,0.0246550713937627,2.680895679518601,-4.165476266785105,-3.784964341305348,-1.932364074391807,1.3050777260570636,-0.1081445484789547,3.870613043241116,-0.4216441975203278,1.243721656541647
67.0,25.0,129.980712890625,0.0972578609209516,2.6681901657368363,-4.201746179694412,-3.613849290050912,-1.8197087574212083,1.2917233446567205,-0.184665583662377,3.869050408536935,-0.3182076650675173,1.178090896695481
67.0,25.0,130.2400665283203,-0.0085526200047987,2.5959120241789906,-4.317930880916604,-3.9366480442632086,-1.4920344960918666,1.1780007149896443,-0.1468676100122102,3.962139236867564,-0.2928725748854483,1.2869526717182942
67.0,25.0,130.0023956298828,-0.0572413985842446,2.732825841456638,-4.10739863598683,-3.6737400773176536,-2.1871111235247045,1.38462120697839,0.0903122178828206,3.993063753501466,-0.382132213042515,1.2526454245051597
67.0,25.0,129.93453979492188,0.0326370415227638,2.726862600760478,-4.0972641292177645,-3.7241156165239824,-1.9265840899799271,1.188725769969459,-0.1336495370168879,3.910661687584052,-0.4095857189526423,1.2078874373601536
67.0,25.0,129.9534149169922,0.0299332473188625,2.738466738815846,-4.197190006863562,-3.622256887973478,-1.8284418473331243,1.2421818961101572,-0.0940443635695191,3.9591501038352246,-0.3391653353371849,1.1753565351720856
67.0,25.0,129.94232177734375,0.0226701592251442,2.7210913279526845,-4.1618965471525655,-3.549343746826429,-1.8596514341541075,1.2711182514192394,-0.1316043475635039,4.041851034751756,-0.5258604107977803,1.2167333510233325
67.0,25.0,129.92343139648438,0.042855092557196,2.706763046565485,-4.153049970534823,-3.56448497180732,-1.9023143496124253,1.342713690267105,-0.1066674034699726,3.999435494079508,-0.3628150030545491,1.2250522214484905
67.0,25.0,129.97462463378906,0.043767782797706,2.6490817399695747,-4.097146488374296,-3.7198119494530144,-2.0849299263281487,1.5389206093410075,-0.139968808985813,3.876115521869278,-0.3592526879192943,1.3127238000239003
67.0,25.0,130.0067596435547,0.0137318220843905,2.788854651558967,-4.116055596785633,-3.7153158153889465,-1.9139620042083605,1.242015447500179,0.1529584638204173,4.102311401743414,-0.4544110559338268,1.199480560774941
67.0,25.0,129.9606170654297,-0.0352288679347985,2.7523869967177608,-4.145361949967126,-3.654191398471756,-2.1200872022425807,1.1984809415974478,-0.1689696613515677,3.944318543669063,-0.5095973296175834,1.2702959273808356
67.0,25.0,130.1371307373047,-0.2883648312405681,2.6742788655559457,-4.081948811731269,-3.3623072193039,-1.993212507426328,1.4590091531999028,0.0380300494105293,3.827584068197805,-0.4622482738740616,1.5024305606735209
67.0,25.0,129.95252990722656,0.0305937290597729,2.747529117062991,-4.065815086781076,-3.719298804241488,-1.882259051817896,1.2666974269818314,-0.1564015890751126,4.140045269428218,-0.5198934123527938,1.2302384845491023
67.0,25.0,129.91697692871094,0.0705505436218637,2.670220194424956,-4.0953714022404455,-3.750846857568831,-1.9659466581503169,1.3077883041262566,-0.0875535821060782,4.079083476578677,-0.4371974247918824,1.3235789368612347
67.0,25.0,130.09754943847656,0.0623655605021011,2.582740794064509,-4.048634672620823,-3.62827463137302,-2.0177859843139183,1.5198441168034025,0.0262963048290119,3.781839307289691,-0.1350275558708096,1.2778953355675593
67.0,25.0,129.92332458496094,0.0561873689423954,2.692839258265913,-4.203970461206546,-3.753762697638428,-1.9648775754602168,1.3830071576355754,-0.0759762156678255,4.029813154422916,-0.397855232663683,1.2383702448521916
67.0,25.0,130.07395935058594,0.1652440754525758,2.4147207517453024,-4.18131681188569,-3.681600906666696,-1.860092295101176,1.4021531565000287,-0.273328442319086,4.059753990349379,-0.3011688983646748,1.249534623677058
67.0,25.0,129.92263793945312,-0.0278768944224874,2.7753015107135406,-4.169819598072162,-3.739437553277416,-1.8840983008557148,1.305201025166557,-0.1224215122939824,4.002008550387455,-0.3849219311079766,1.1997281496972163
67.0,25.0,130.0189971923828,0.1702109595392401,2.553967902608019,-4.089354587462957,-3.92879827252907,-1.899612247687964,1.3729187132366123,-0.1415888375997958,3.999746173924135,-0.425577840107223,1.2341052370300143
67.0,25.0,129.94200134277344,-0.0119194253100291,2.72436070680384,-4.148264345149242,-3.7311424513994726,-1.9693715652671056,1.474355440769065,-0.1154482716213061,4.018445711220279,-0.4117580143075229,1.1551783552853594
67.0,25.0,129.91908264160156,0.0548346481036508,2.734377995587685,-4.159570540980326,-3.756372868586587,-1.952800451519732,1.2934505309214417,-0.1109270257142315,4.013153305076994,-0.3914311369531607,1.2331721654321683
67.0,25.0,129.92977905273438,-0.0008250583655628,2.694425352998941,-4.1622470104982,-3.7591577463213,-1.9473075854633897,1.369019681113364,-0.1747735017975536,4.037011133803852,-0.3774786526828795,1.183681551621618
67.0,25.0,129.96534729003906,0.0440513962636539,2.7043435192817893,-4.3351262004658295,-3.712254974199466,-1.9268535095478416,1.2704166275037212,-0.1064964638958635,3.854172854706788,-0.3717552329162378,1.2705705974603303
67.0,25.0,130.00189208984375,0.0688954118187807,2.581313451779955,-4.103131703029351,-3.867285094801738,-1.96980245014443,1.4581092866153738,-0.0092063705605368,3.84592619999513,-0.5967312223904738,1.3117778925193349
67.0,25.0,130.07225036621094,0.2287643209780024,2.724251153383782,-4.342054159725163,-3.6478321390999247,-1.8756081072310429,1.4573507835295507,-0.1499276301726319,4.112709977745952,-0.312539659594151,1.3976932941197768
67.0,25.0,129.94635009765625,-0.0196531752753208,2.719132066957298,-4.193120496869959,-3.735601773872769,-1.7871621848752797,1.2894902988621444,-0.0031527508275356,4.071721006842985,-0.3757202400599142,1.2551478702261143
67.0,26.0,129.91444396972656,0.0408943728254789,2.6942587757822487,-4.081702098304937,-3.710760375024157,-1.8260782222345924,1.3180692158635932,-0.1247672274545088,3.932674220017971,-0.3899648548515064,1.237218020547713
67.0,26.0,129.91639709472656,0.0116443878710863,2.7121241338270083,-4.16992818781924,-3.73075315041337,-1.918064128723407,1.3790856484351073,-0.1910217873180786,4.01920947376012,-0.3873446357698765,1.2356294352888633
67.0,26.0,129.9290313720703,-0.0409578902416346,2.808990256526257,-4.159444353829292,-3.776389913547345,-1.982267965973604,1.275942703365267,-0.1414829825112644,4.04301082329991,-0.4059984134284261,1.2890865780626375
67.0,26.0,129.90541076660156,0.0355634944349758,2.711343956929721,-4.150795437936099,-3.705096186469836,-1.911459186550068,1.3606245689739551,-0.1344982594593901,4.009712519039214,-0.3861515704407407,1.243026013073124
67.0,26.0,129.9104766845703,0.0370249607900279,2.697639745068791,-4.145217799785257,-3.731940255937403,-1.951387817907399,1.3704759854244577,-0.121709258089564,3.963418711661256,-0.362688457030387,1.2295420262578072
67.0,26.0,129.98141479492188,0.0393104523719378,2.5773111860832616,-4.211689715725557,-3.682926224098401,-2.098675461642384,1.5059657530384265,-0.0779682078069493,3.8648914589232,-0.3814381903925685,1.3322155057675025
67.0,26.0,130.0445098876953,-0.0135243703297427,2.5910405016346343,-4.162961250691599,-3.8587029951278633,-2.045313203097316,1.4694798999737364,-0.1057720075690077,3.789546119948162,-0.2119756307281623,1.3722031849425416
67.0,26.0,130.0379180908203,0.1219736978052611,2.657704988867745,-4.431558320278963,-3.803640466114627,-1.997163163065392,1.3061616305534285,-0.1390141537367754,3.9056452728891577,-0.4318297541845231,1.358919579725651
67.0,26.0,129.90579223632812,0.0334515069124931,2.710080085975165,-4.152644782866364,-3.725999320376887,-1.924352784147097,1.3523169099132777,-0.1193170359478859,4.005049987163142,-0.3946322993384857,1.2328252278976155
67.0,26.0,130.32029724121094,-0.0464631301100789,2.658434822603743,-4.474625523684623,-3.420304060797032,-1.770421055647152,1.4727779910537295,-0.2930616264321661,3.891233982317048,-0.0931294822195688,1.5020545222670505
67.0,26.0,129.9814910888672,0.0491839426823794,2.621262719298488,-4.042725831410812,-3.715658584087775,-2.060262618559157,1.4994827318249104,-0.1647285451858423,3.8732282846539694,-0.2928939916355629,1.3600784035147462
67.0,26.0,129.93658447265625,0.0856573545080998,2.764558145079786,-4.110799363819407,-3.6707855540727694,-1.8692938353188304,1.44679293557539,-0.0752474045640359,4.021407524628256,-0.4267285799520022,1.2120193622454205
67.0,26.0,129.91958618164062,0.0347673060430589,2.656679697902622,-4.180138340648796,-3.7190597095903386,-1.909894096691822,1.3420285699104864,-0.173511049243129,3.855364678270393,-0.3931566797689326,1.2597908826288695
67.0,26.0,129.95236206054688,-0.1764886436955075,2.742481332551364,-4.159077424076748,-3.625736377923989,-1.935473348374011,1.2113916897255768,0.0174097019981048,3.9898872826078025,-0.3573947288434712,1.274493980098305
67.0,26.0,130.09713745117188,0.0051764265862478,2.7079599059147625,-4.045245955198751,-3.784947137318442,-2.245127168891468,1.298877071219834,-0.1783087854357992,3.729964460173551,-0.4136875953074834,1.152534686661216
67.0,26.0,129.90631103515625,0.0487914605646145,2.6692263864306423,-4.107686508930841,-3.708761311570132,-1.931491632300483,1.357582462583914,-0.0977832214422284,4.011985321846453,-0.4314669953235632,1.2163674452798772
67.0,26.0,129.9263458251953,-0.0269670150682336,2.7061701888915435,-4.1329250248176965,-3.834707039713223,-1.9226894583926064,1.3733277784391786,-0.0981873885015069,4.011798108130932,-0.418804034138967,1.2060438095146448
67.0,26.0,129.94088745117188,-0.009762430559001,2.789463381562458,-4.116439845156596,-3.7474340815432856,-1.9710228658005315,1.326760763305403,-0.2304837055870754,3.9830353816925457,-0.5056873308917372,1.1941053899991465
67.0,26.0,129.9478759765625,0.0289095074400715,2.708808454807333,-4.165877064651835,-3.54617972517257,-1.7938626107472135,1.264048323980881,-0.1528553866027208,4.067422353145767,-0.4084993950260293,1.297673728309823
67.0,26.0,129.984375,0.0760173601740968,2.600788078454624,-4.073815611681744,-3.658536876001196,-2.081963128290595,1.5380037584234658,-0.1625360533989283,3.9586751454364975,-0.3660906388468812,1.248030214422513
67.0,26.0,130.38514709472656,-0.5824516326730276,2.7458957667559063,-4.292732104560766,-3.725496460399048,-2.103715911574487,1.6386127587281614,0.0631133395277387,3.9543512689615934,-0.4312007072505723,1.1822683457529202
67.0,26.0,129.95343017578125,0.0328481357635393,2.707744597731633,-4.12702561909322,-3.722086779373962,-1.876719569752889,1.5350617745129989,-0.1051202794388752,4.068341311012482,-0.4032357252300714,1.2251464358793724
67.0,26.0,129.95640563964844,0.0343533029565151,2.708680832141288,-4.164082026394175,-3.725547869590689,-1.990360532581768,1.3721094424062166,0.0281959556273888,4.001784097117164,-0.3871935603143732,1.5139144662690631
67.0,26.0,129.9801483154297,0.1272345583000973,2.7020863903503853,-4.117226885676331,-3.6991758650795328,-1.7546527105074436,1.4652027148560989,-0.2372618394743566,3.955515782890649,-0.511614587733368,1.3195700819021303
67.0,26.0,129.9117431640625,0.0310462199758578,2.6887165255453422,-4.151329245838033,-3.688996765430749,-1.929375642214604,1.342455900308256,-0.1302841875802647,3.846501327043994,-0.3952013494446259,1.2547402872315954
67.0,26.0,129.94427490234375,-0.0222797048398062,2.715959319079869,-4.040329951335833,-3.720868823383187,-1.7864297695729496,1.3279594496724374,-0.0657925290776432,3.8104598815962256,-0.3640825544601033,1.2890065764618353
67.0,26.0,130.2400665283203,-0.0085526200047987,2.5959120241789906,-4.317930880916604,-3.9366480442632086,-1.4920344960918666,1.1780007149896443,-0.1468676100122102,3.962139236867564,-0.2928725748854483,1.2869526717182942
67.0,26.0,130.0023956298828,-0.0572413985842446,2.732825841456638,-4.10739863598683,-3.6737400773176536,-2.1871111235247045,1.38462120697839,0.0903122178828206,3.993063753501466,-0.382132213042515,1.2526454245051597
67.0,26.0,129.93453979492188,0.0326370415227638,2.726862600760478,-4.0972641292177645,-3.7241156165239824,-1.9265840899799271,1.188725769969459,-0.1336495370168879,3.910661687584052,-0.4095857189526423,1.2078874373601536
67.0,26.0,129.9534149169922,0.0299332473188625,2.738466738815846,-4.197190006863562,-3.622256887973478,-1.8284418473331243,1.2421818961101572,-0.0940443635695191,3.9591501038352246,-0.3391653353371849,1.1753565351720856
67.0,26.0,129.91940307617188,0.0347288798209197,2.688072916479576,-4.184581771602113,-3.738854983895132,-1.9437359021912093,1.3266151856447423,-0.1046162202301263,4.025108616631487,-0.5239328780832856,1.2158965397520842
67.0,26.0,129.92343139648438,0.042855092557196,2.706763046565485,-4.153049970534823,-3.56448497180732,-1.9023143496124253,1.342713690267105,-0.1066674034699726,3.999435494079508,-0.3628150030545491,1.2250522214484905
67.0,26.0,129.9309844970703,0.0320458372544838,2.7163813735213784,-4.033092837998745,-3.663900227431391,-1.94458090405254,1.2116883200152129,-0.133430609403137,4.086938756126313,-0.4328650255100778,1.3541483789447142
67.0,26.0,130.0067596435547,0.0137318220843905,2.788854651558967,-4.116055596785633,-3.7153158153889465,-1.9139620042083605,1.242015447500179,0.1529584638204173,4.102311401743414,-0.4544110559338268,1.199480560774941
67.0,26.0,129.9606170654297,-0.0352288679347985,2.7523869967177608,-4.145361949967126,-3.654191398471756,-2.1200872022425807,1.1984809415974478,-0.1689696613515677,3.944318543669063,-0.5095973296175834,1.2702959273808356
67.0,26.0,130.01107788085938,0.0310224326611561,2.6420517881862065,-3.985116843384196,-3.446506427764016,-1.900363509660573,1.4711855775725469,-0.0860519041987763,4.137491075058087,-0.4465171513162723,1.2782857375283534
67.0,26.0,129.93089294433594,0.028810303184566,2.695218203727188,-4.2730052700427565,-3.7253190378097054,-1.9361382852811349,1.3188067930646674,-0.1688009132752929,4.00062763467853,-0.4111305723099873,1.2345701977121362
67.0,26.0,129.91697692871094,0.0705505436218637,2.670220194424956,-4.0953714022404455,-3.750846857568831,-1.9659466581503169,1.3077883041262566,-0.0875535821060782,4.079083476578677,-0.4371974247918824,1.3235789368612347
67.0,26.0,130.09754943847656,0.0623655605021011,2.582740794064509,-4.048634672620823,-3.62827463137302,-2.0177859843139183,1.5198441168034025,0.0262963048290119,3.781839307289691,-0.1350275558708096,1.2778953355675593
67.0,26.0,129.91934204101562,0.0501351641158232,2.693219506455698,-4.181883318855157,-3.7592011073324185,-1.9789083609788505,1.4017008071419863,-0.1102319632166273,4.01959314793738,-0.4029471268693979,1.2474174263859077
67.0,26.0,129.98406982421875,0.0390330079448593,2.7157262102486524,-4.164952400949085,-3.88859824671766,-2.026120363909566,1.3656730316270318,0.0345481159369771,3.977729903365189,-0.3496312978332496,1.2244954173579463
67.0,26.0,129.90606689453125,0.0150524112012973,2.647624357073365,-4.14955412615508,-3.723437700504031,-1.9384533855999693,1.3382021552523893,-0.1270174256039293,3.991908688416432,-0.3982568675841793,1.2155965515394198
67.0,26.0,129.9401092529297,-0.1117279970688187,2.717152683633849,-4.084642496411498,-3.70429576523624,-1.9061787240661328,1.329796187653267,-0.287184067441404,4.025821392362361,-0.4108666354368633,1.2371087470047215
67.0,26.0,129.94200134277344,-0.0119194253100291,2.72436070680384,-4.148264345149242,-3.7311424513994726,-1.9693715652671056,1.474355440769065,-0.1154482716213061,4.018445711220279,-0.4117580143075229,1.1551783552853594
67.0,26.0,129.91908264160156,0.0548346481036508,2.734377995587685,-4.159570540980326,-3.756372868586587,-1.952800451519732,1.2934505309214417,-0.1109270257142315,4.013153305076994,-0.3914311369531607,1.2331721654321683
67.0,26.0,129.90579223632812,-0.0138784144568109,2.7038511289265803,-4.147763947802746,-3.742736517469377,-1.9295487255811363,1.3975078654835815,-0.1108185001840515,4.012143816688554,-0.3561882534877219,1.2707744820522864
67.0,26.0,129.96534729003906,0.0440513962636539,2.7043435192817893,-4.3351262004658295,-3.712254974199466,-1.9268535095478416,1.2704166275037212,-0.1064964638958635,3.854172854706788,-0.3717552329162378,1.2705705974603303
67.0,26.0,130.00189208984375,0.0688954118187807,2.581313451779955,-4.103131703029351,-3.867285094801738,-1.96980245014443,1.4581092866153738,-0.0092063705605368,3.84592619999513,-0.5967312223904738,1.3117778925193349
67.0,26.0,129.9744110107422,0.160323386225627,2.701553113546092,-4.233668103895242,-3.647414665017524,-1.8368988779472395,1.3273447353960075,-0.0459318310466289,3.937150446305526,-0.4081746758918197,1.4755519242624997
67.0,26.0,129.92074584960938,0.0410862744693894,2.699813410291513,-4.211870915498557,-3.715670430969346,-1.9403964077983664,1.3442921373428036,-0.0854516860238156,4.064407038663431,-0.3666192489443547,1.26317217411942
67.0,27.0,129.91444396972656,0.0408943728254789,2.6942587757822487,-4.081702098304937,-3.710760375024157,-1.8260782222345924,1.3180692158635932,-0.1247672274545088,3.932674220017971,-0.3899648548515064,1.237218020547713
67.0,27.0,129.91639709472656,0.0116443878710863,2.7121241338270083,-4.16992818781924,-3.73075315041337,-1.918064128723407,1.3790856484351073,-0.1910217873180786,4.01920947376012,-0.3873446357698765,1.2356294352888633
67.0,27.0,129.9290313720703,-0.0409578902416346,2.808990256526257,-4.159444353829292,-3.776389913547345,-1.982267965973604,1.275942703365267,-0.1414829825112644,4.04301082329991,-0.4059984134284261,1.2890865780626375
67.0,27.0,129.90541076660156,0.0355634944349758,2.711343956929721,-4.150795437936099,-3.705096186469836,-1.911459186550068,1.3606245689739551,-0.1344982594593901,4.009712519039214,-0.3861515704407407,1.243026013073124
67.0,27.0,129.90431213378906,0.0337184623899204,2.6646429922625647,-4.1505701966158295,-3.7133467511302274,-1.859157565272214,1.3413213748020318,-0.1356421504535783,3.9783201506487225,-0.4362497202394008,1.2403846931033362
67.0,27.0,129.98141479492188,0.0393104523719378,2.5773111860832616,-4.211689715725557,-3.682926224098401,-2.098675461642384,1.5059657530384265,-0.0779682078069493,3.8648914589232,-0.3814381903925685,1.3322155057675025
67.0,27.0,130.0445098876953,-0.0135243703297427,2.5910405016346343,-4.162961250691599,-3.8587029951278633,-2.045313203097316,1.4694798999737364,-0.1057720075690077,3.789546119948162,-0.2119756307281623,1.3722031849425416
67.0,27.0,130.0379180908203,0.1219736978052611,2.657704988867745,-4.431558320278963,-3.803640466114627,-1.997163163065392,1.3061616305534285,-0.1390141537367754,3.9056452728891577,-0.4318297541845231,1.358919579725651
67.0,27.0,129.90579223632812,0.0334515069124931,2.710080085975165,-4.152644782866364,-3.725999320376887,-1.924352784147097,1.3523169099132777,-0.1193170359478859,4.005049987163142,-0.3946322993384857,1.2328252278976155
67.0,27.0,130.32029724121094,-0.0464631301100789,2.658434822603743,-4.474625523684623,-3.420304060797032,-1.770421055647152,1.4727779910537295,-0.2930616264321661,3.891233982317048,-0.0931294822195688,1.5020545222670505
67.0,27.0,129.9814910888672,0.0491839426823794,2.621262719298488,-4.042725831410812,-3.715658584087775,-2.060262618559157,1.4994827318249104,-0.1647285451858423,3.8732282846539694,-0.2928939916355629,1.3600784035147462
67.0,27.0,129.93258666992188,0.0812453649798992,2.7097531820884773,-4.087175928279448,-3.798590949838319,-1.889867523229046,1.331746656253585,-0.0592252648057828,4.024197174450862,-0.4081947584157146,1.2166200771376965
67.0,27.0,129.91958618164062,0.0347673060430589,2.656679697902622,-4.180138340648796,-3.7190597095903386,-1.909894096691822,1.3420285699104864,-0.173511049243129,3.855364678270393,-0.3931566797689326,1.2597908826288695
67.0,27.0,129.9254913330078,-0.2120020200852752,2.622928583638413,-4.151982330993905,-3.669539045806452,-1.9108391971473568,1.3146507579587063,-0.0978393521352587,3.9792482422365394,-0.3876420304871205,1.277521953882226
67.0,27.0,130.09713745117188,0.0051764265862478,2.7079599059147625,-4.045245955198751,-3.784947137318442,-2.245127168891468,1.298877071219834,-0.1783087854357992,3.729964460173551,-0.4136875953074834,1.152534686661216
67.0,27.0,129.90631103515625,0.0487914605646145,2.6692263864306423,-4.107686508930841,-3.708761311570132,-1.931491632300483,1.357582462583914,-0.0977832214422284,4.011985321846453,-0.4314669953235632,1.2163674452798772
67.0,27.0,129.9263458251953,-0.0269670150682336,2.7061701888915435,-4.1329250248176965,-3.834707039713223,-1.9226894583926064,1.3733277784391786,-0.0981873885015069,4.011798108130932,-0.418804034138967,1.2060438095146448
67.0,27.0,129.94088745117188,-0.009762430559001,2.789463381562458,-4.116439845156596,-3.7474340815432856,-1.9710228658005315,1.326760763305403,-0.2304837055870754,3.9830353816925457,-0.5056873308917372,1.1941053899991465
67.0,27.0,129.9478759765625,0.0289095074400715,2.708808454807333,-4.165877064651835,-3.54617972517257,-1.7938626107472135,1.264048323980881,-0.1528553866027208,4.067422353145767,-0.4084993950260293,1.297673728309823
67.0,27.0,129.984375,0.0760173601740968,2.600788078454624,-4.073815611681744,-3.658536876001196,-2.081963128290595,1.5380037584234658,-0.1625360533989283,3.9586751454364975,-0.3660906388468812,1.248030214422513
67.0,27.0,130.38514709472656,-0.5824516326730276,2.7458957667559063,-4.292732104560766,-3.725496460399048,-2.103715911574487,1.6386127587281614,0.0631133395277387,3.9543512689615934,-0.4312007072505723,1.1822683457529202
67.0,27.0,129.9026336669922,0.0295822585202757,2.710844311118041,-4.172985844256806,-3.71510707664793,-1.90315404733349,1.3113237723476463,-0.1460538554744347,4.001058882776627,-0.3932272931464997,1.2835150711231682
67.0,27.0,129.92613220214844,0.0360818448252336,2.8184779396073445,-4.170814133764448,-3.6659047422985407,-1.923498441956556,1.331838760313251,-0.1463497251346015,4.014276634899738,-0.3826584772745718,1.4045999559569688
67.0,27.0,129.91586303710938,0.0116960330677694,2.6971190926877155,-4.11327077162,-3.654646901490376,-1.9782970227768173,1.332858908555878,-0.1250862062547997,4.07388706292506,-0.5594097076323499,1.3169856507365645
67.0,27.0,129.90797424316406,0.0418515209808125,2.706554326114918,-4.145066734929383,-3.682747531663353,-1.9274539708888143,1.3918488278312338,-0.1472651236993018,3.9084200484393135,-0.3822892645064887,1.254849267035994
67.0,27.0,129.94427490234375,-0.0222797048398062,2.715959319079869,-4.040329951335833,-3.720868823383187,-1.7864297695729496,1.3279594496724374,-0.0657925290776432,3.8104598815962256,-0.3640825544601033,1.2890065764618353
67.0,27.0,130.2400665283203,-0.0085526200047987,2.5959120241789906,-4.317930880916604,-3.9366480442632086,-1.4920344960918666,1.1780007149896443,-0.1468676100122102,3.962139236867564,-0.2928725748854483,1.2869526717182942
67.0,27.0,129.96900939941406,0.021561274529197,2.6680078984687827,-4.131642497758313,-3.628793636291437,-2.134172074580547,1.3432380877701229,0.0228723925760681,3.8640919288466513,-0.4274386699419945,1.222461882865307
67.0,27.0,129.93453979492188,0.0326370415227638,2.726862600760478,-4.0972641292177645,-3.7241156165239824,-1.9265840899799271,1.188725769969459,-0.1336495370168879,3.910661687584052,-0.4095857189526423,1.2078874373601536
67.0,27.0,129.9534149169922,0.0299332473188625,2.738466738815846,-4.197190006863562,-3.622256887973478,-1.8284418473331243,1.2421818961101572,-0.0940443635695191,3.9591501038352246,-0.3391653353371849,1.1753565351720856
67.0,27.0,129.91940307617188,0.0347288798209197,2.688072916479576,-4.184581771602113,-3.738854983895132,-1.9437359021912093,1.3266151856447423,-0.1046162202301263,4.025108616631487,-0.5239328780832856,1.2158965397520842
67.0,27.0,129.9150390625,0.0352216227375536,2.707359276616226,-4.156688684854422,-3.621244823835977,-1.9064184167461,1.3503085847958207,-0.1081735525668979,4.0080890258554565,-0.3565162763877147,1.2218460538470974
67.0,27.0,129.9309844970703,0.0320458372544838,2.7163813735213784,-4.033092837998745,-3.663900227431391,-1.94458090405254,1.2116883200152129,-0.133430609403137,4.086938756126313,-0.4328650255100778,1.3541483789447142
67.0,27.0,130.0067596435547,0.0137318220843905,2.788854651558967,-4.116055596785633,-3.7153158153889465,-1.9139620042083605,1.242015447500179,0.1529584638204173,4.102311401743414,-0.4544110559338268,1.199480560774941
67.0,27.0,129.91653442382812,0.0324772640088419,2.773876328742188,-4.1496760076735,-3.6745504515877614,-1.862714292042208,1.3224316362450763,-0.1588468711894562,3.974962900906206,-0.4029855711359823,1.2298672707301517
67.0,27.0,129.99769592285156,0.1636375559927499,2.743159257063391,-3.985539107590443,-3.7966000908860216,-1.8791823332221864,1.365875834697207,-0.1957588168401099,3.988095089005992,-0.3806312927475737,1.1724404386602174
67.0,27.0,129.92626953125,0.0330627650267106,2.6849211627132186,-4.192103347955956,-3.7146381319082633,-1.9570319249424533,1.413340962258434,-0.1585212165543975,3.9471300346139326,-0.3274566696149797,1.2401431580888402
67.0,27.0,129.91697692871094,0.0705505436218637,2.670220194424956,-4.0953714022404455,-3.750846857568831,-1.9659466581503169,1.3077883041262566,-0.0875535821060782,4.079083476578677,-0.4371974247918824,1.3235789368612347
67.0,27.0,130.04916381835938,0.0564067250844796,2.724092145381421,-4.084173485555094,-3.8830542777608543,-1.9288514725333767,1.2699515063489857,-0.1498605611024052,3.700896193461082,-0.58131184638385,1.1942815720776476
67.0,27.0,129.90792846679688,0.0333654889272825,2.704857220894425,-4.16892848260795,-3.659607528518983,-1.963697149388462,1.36962424234436,-0.1256273052010138,4.0126390430489725,-0.3804305458411233,1.2449022621304373
67.0,27.0,129.9636688232422,-0.042487190523816,2.6402883199935614,-4.1433842725217565,-3.7239227410346274,-1.9037439395943656,1.3442475981346074,0.1504344963040958,3.981875415972728,-0.418262226662582,1.214727205828707
67.0,27.0,129.90237426757812,0.0430926734203087,2.689429625219968,-4.142400408544818,-3.697185555594279,-1.930623960181053,1.377760154896602,-0.1336070368255725,4.011873176248143,-0.3803645461059384,1.275639822119195
67.0,27.0,129.9109649658203,-0.0315197530525793,2.7728810440967964,-4.125903387665741,-3.61601121346854,-1.9170253402853643,1.3349153320485367,-0.1740774858037795,4.006116452254932,-0.4041788854010964,1.2468964647714036
67.0,27.0,129.90631103515625,-0.0277896887778525,2.70923569688859,-4.148096144738967,-3.691454521420991,-1.934038267818462,1.4447627336103015,-0.1298486065396296,4.003125209050957,-0.3868540108884213,1.2597428677474942
67.0,27.0,129.9014434814453,0.0011214841191709,2.726880117184239,-4.159085403321079,-3.697673370677836,-1.908314887526946,1.3994411031050715,-0.1151042971565108,3.9894760667899294,-0.3916278984794334,1.2546422280654044
67.0,27.0,129.90211486816406,0.0057772392156363,2.72054334729273,-4.143616024045231,-3.683155385520737,-1.9071445408756045,1.38581955079681,-0.0951063296856579,3.9981578856484687,-0.3551665875332828,1.2693184436406275
67.0,27.0,129.96534729003906,0.0440513962636539,2.7043435192817893,-4.3351262004658295,-3.712254974199466,-1.9268535095478416,1.2704166275037212,-0.1064964638958635,3.854172854706788,-0.3717552329162378,1.2705705974603303
67.0,27.0,130.00189208984375,0.0688954118187807,2.581313451779955,-4.103131703029351,-3.867285094801738,-1.96980245014443,1.4581092866153738,-0.0092063705605368,3.84592619999513,-0.5967312223904738,1.3117778925193349
67.0,27.0,129.96533203125,-0.0285477917041694,2.700523741104681,-4.159912538514704,-3.6522489034823207,-1.8385950905350248,1.3116124091119563,-0.1780756609586284,3.923662065167124,-0.4118317379385447,1.075897838912659
67.0,27.0,129.91786193847656,0.0626902423492363,2.699797092226113,-4.18100987413721,-3.6973804465941846,-1.9969785213336084,1.3741566109378167,-0.1303647644165803,3.99147764240718,-0.4004962957479726,1.2259401892977588
67.0,28.0,129.91067504882812,0.0309065360144437,2.7321341365539134,-4.157471837879222,-3.706803918535293,-1.958448906183752,1.2563481289389862,-0.1136995596681935,4.020932742750508,-0.3937393393302996,1.2665131101611244
67.0,28.0,129.91639709472656,0.0116443878710863,2.7121241338270083,-4.16992818781924,-3.73075315041337,-1.918064128723407,1.3790856484351073,-0.1910217873180786,4.01920947376012,-0.3873446357698765,1.2356294352888633
67.0,28.0,129.9290313720703,-0.0409578902416346,2.808990256526257,-4.159444353829292,-3.776389913547345,-1.982267965973604,1.275942703365267,-0.1414829825112644,4.04301082329991,-0.4059984134284261,1.2890865780626375
67.0,28.0,129.90541076660156,0.0355634944349758,2.711343956929721,-4.150795437936099,-3.705096186469836,-1.911459186550068,1.3606245689739551,-0.1344982594593901,4.009712519039214,-0.3861515704407407,1.243026013073124
67.0,28.0,129.89773559570312,0.0010263195992023,2.686635267821311,-4.155378815701633,-3.677222731752173,-1.915053184113967,1.388076742811886,-0.113244871055429,4.008395979782194,-0.3840604640256474,1.269359217970587
67.0,28.0,129.98141479492188,0.0393104523719378,2.5773111860832616,-4.211689715725557,-3.682926224098401,-2.098675461642384,1.5059657530384265,-0.0779682078069493,3.8648914589232,-0.3814381903925685,1.3322155057675025
67.0,28.0,130.0445098876953,-0.0135243703297427,2.5910405016346343,-4.162961250691599,-3.8587029951278633,-2.045313203097316,1.4694798999737364,-0.1057720075690077,3.789546119948162,-0.2119756307281623,1.3722031849425416
67.0,28.0,130.0379180908203,0.1219736978052611,2.657704988867745,-4.431558320278963,-3.803640466114627,-1.997163163065392,1.3061616305534285,-0.1390141537367754,3.9056452728891577,-0.4318297541845231,1.358919579725651
67.0,28.0,129.90579223632812,0.0334515069124931,2.710080085975165,-4.152644782866364,-3.725999320376887,-1.924352784147097,1.3523169099132777,-0.1193170359478859,4.005049987163142,-0.3946322993384857,1.2328252278976155
67.0,28.0,130.32029724121094,-0.0464631301100789,2.658434822603743,-4.474625523684623,-3.420304060797032,-1.770421055647152,1.4727779910537295,-0.2930616264321661,3.891233982317048,-0.0931294822195688,1.5020545222670505
67.0,28.0,129.9814910888672,0.0491839426823794,2.621262719298488,-4.042725831410812,-3.715658584087775,-2.060262618559157,1.4994827318249104,-0.1647285451858423,3.8732282846539694,-0.2928939916355629,1.3600784035147462
67.0,28.0,129.9174346923828,0.0873454183488039,2.7224212823644,-4.187861946650621,-3.673657304216184,-1.9095861744937768,1.2919694348786686,-0.1596898147822922,4.013512943699497,-0.4106003751485756,1.2854106898131248
67.0,28.0,129.91958618164062,0.0347673060430589,2.656679697902622,-4.180138340648796,-3.7190597095903386,-1.909894096691822,1.3420285699104864,-0.173511049243129,3.855364678270393,-0.3931566797689326,1.2597908826288695
67.0,28.0,129.9254913330078,-0.2120020200852752,2.622928583638413,-4.151982330993905,-3.669539045806452,-1.9108391971473568,1.3146507579587063,-0.0978393521352587,3.9792482422365394,-0.3876420304871205,1.277521953882226
67.0,28.0,130.03094482421875,-0.0308887022296735,2.728011062297925,-3.9331678827060776,-3.688152846036859,-1.7886060529782992,1.4217682938804694,-0.0985761002356417,3.7691471412413113,-0.3048421556265027,1.152502353121882
67.0,28.0,129.90631103515625,0.0487914605646145,2.6692263864306423,-4.107686508930841,-3.708761311570132,-1.931491632300483,1.357582462583914,-0.0977832214422284,4.011985321846453,-0.4314669953235632,1.2163674452798772
67.0,28.0,129.91213989257812,-0.1186787005816705,2.7138285448927912,-4.159214690269178,-3.643655400837352,-1.9152298814707511,1.4357295093993894,-0.0532492198742533,3.991891439005588,-0.4003078090408711,1.2618946419226644
67.0,28.0,129.90203857421875,0.0049107156429246,2.740748664495237,-4.155073471986783,-3.667751661027234,-1.946205134805336,1.3643474934277882,-0.1106741941310734,4.000742146812128,-0.3612195472303355,1.276541062691982
67.0,28.0,129.9386749267578,0.0140169967305444,2.7576950675843688,-4.167291848700029,-3.806836680450318,-1.894817521317391,1.3926508123239314,-0.2388419523295777,3.9510294331608855,-0.403990831123755,1.3760506834782222
67.0,28.0,129.984375,0.0760173601740968,2.600788078454624,-4.073815611681744,-3.658536876001196,-2.081963128290595,1.5380037584234658,-0.1625360533989283,3.9586751454364975,-0.3660906388468812,1.248030214422513
67.0,28.0,130.17788696289062,-0.4920599657173082,2.745500550768156,-4.315909222827781,-3.73134394958606,-1.8825345213622204,1.2507471679440718,-0.123109592035247,3.92227458433358,-0.3451496472273135,1.1870251421885514
67.0,28.0,129.89617919921875,0.0066075330749769,2.7154591058443485,-4.168166699641058,-3.6754328157844673,-1.918121464395817,1.311019182531595,-0.1440165559911584,3.954759564771853,-0.3867828208520366,1.3051207129160098
67.0,28.0,129.92613220214844,0.0360818448252336,2.8184779396073445,-4.170814133764448,-3.6659047422985407,-1.923498441956556,1.331838760313251,-0.1463497251346015,4.014276634899738,-0.3826584772745718,1.4045999559569688
67.0,28.0,129.91586303710938,0.0116960330677694,2.6971190926877155,-4.11327077162,-3.654646901490376,-1.9782970227768173,1.332858908555878,-0.1250862062547997,4.07388706292506,-0.5594097076323499,1.3169856507365645
67.0,28.0,129.90797424316406,0.0418515209808125,2.706554326114918,-4.145066734929383,-3.682747531663353,-1.9274539708888143,1.3918488278312338,-0.1472651236993018,3.9084200484393135,-0.3822892645064887,1.254849267035994
67.0,28.0,129.94427490234375,-0.0222797048398062,2.715959319079869,-4.040329951335833,-3.720868823383187,-1.7864297695729496,1.3279594496724374,-0.0657925290776432,3.8104598815962256,-0.3640825544601033,1.2890065764618353
67.0,28.0,130.2400665283203,-0.0085526200047987,2.5959120241789906,-4.317930880916604,-3.9366480442632086,-1.4920344960918666,1.1780007149896443,-0.1468676100122102,3.962139236867564,-0.2928725748854483,1.2869526717182942
67.0,28.0,129.95953369140625,0.0415280186747303,2.629538551729826,-4.192244703537267,-3.667939175630838,-2.060295114022268,1.385333277647006,-0.237973002604721,3.8787872310754143,-0.3750888723911006,1.2264505569528743
67.0,28.0,129.93453979492188,0.0326370415227638,2.726862600760478,-4.0972641292177645,-3.7241156165239824,-1.9265840899799271,1.188725769969459,-0.1336495370168879,3.910661687584052,-0.4095857189526423,1.2078874373601536
67.0,28.0,129.9534149169922,0.0299332473188625,2.738466738815846,-4.197190006863562,-3.622256887973478,-1.8284418473331243,1.2421818961101572,-0.0940443635695191,3.9591501038352246,-0.3391653353371849,1.1753565351720856
67.0,28.0,129.90353393554688,-0.0274235687872792,2.694428571818767,-4.1754155020979296,-3.723844667656176,-1.87891905540724,1.3019871828745824,-0.0866298202526982,4.028254058389945,-0.4378554998730076,1.2452480964489323
67.0,28.0,129.89974975585938,0.0005581980801112,2.718292834910052,-4.159749617221991,-3.6855284214575255,-1.9133089999239752,1.4051864901007884,-0.1062286471531745,3.989134709574659,-0.4217395662959062,1.2466343955836665
67.0,28.0,129.9066925048828,0.0093486160775217,2.716027624133097,-4.049382509209735,-3.683454531940767,-1.958841077882711,1.3654438035423375,-0.0863781989207675,4.011303901721716,-0.3872762950299806,1.2332312633012126
67.0,28.0,130.0067596435547,0.0137318220843905,2.788854651558967,-4.116055596785633,-3.7153158153889465,-1.9139620042083605,1.242015447500179,0.1529584638204173,4.102311401743414,-0.4544110559338268,1.199480560774941
67.0,28.0,129.91653442382812,0.0324772640088419,2.773876328742188,-4.1496760076735,-3.6745504515877614,-1.862714292042208,1.3224316362450763,-0.1588468711894562,3.974962900906206,-0.4029855711359823,1.2298672707301517
67.0,28.0,129.99769592285156,0.1636375559927499,2.743159257063391,-3.985539107590443,-3.7966000908860216,-1.8791823332221864,1.365875834697207,-0.1957588168401099,3.988095089005992,-0.3806312927475737,1.1724404386602174
67.0,28.0,129.9062042236328,-0.032208981620426,2.700814870372534,-4.1111598830714575,-3.700791363262491,-1.919549579119115,1.4428916102590017,-0.0693034116068727,3.9353837145539625,-0.3718284021371053,1.257362740115635
67.0,28.0,129.91697692871094,0.0705505436218637,2.670220194424956,-4.0953714022404455,-3.750846857568831,-1.9659466581503169,1.3077883041262566,-0.0875535821060782,4.079083476578677,-0.4371974247918824,1.3235789368612347
67.0,28.0,130.04916381835938,0.0564067250844796,2.724092145381421,-4.084173485555094,-3.8830542777608543,-1.9288514725333767,1.2699515063489857,-0.1498605611024052,3.700896193461082,-0.58131184638385,1.1942815720776476
67.0,28.0,129.8997344970703,0.0073933946700983,2.7385781838783085,-4.163039050832479,-3.678131563488237,-1.9312979996912727,1.3893999381582418,-0.1148218251995351,3.965990719014602,-0.3948925746374265,1.2636176504611487
67.0,28.0,129.94065856933594,-0.0349611506230766,2.6210048609887115,-4.140013263887671,-3.61175180685929,-1.8562395485864176,1.3923483357065003,-0.283446788796348,3.996257144720018,-0.3973414391921313,1.2654266130942862
67.0,28.0,129.90237426757812,0.0430926734203087,2.689429625219968,-4.142400408544818,-3.697185555594279,-1.930623960181053,1.377760154896602,-0.1336070368255725,4.011873176248143,-0.3803645461059384,1.275639822119195
67.0,28.0,129.9109649658203,-0.0315197530525793,2.7728810440967964,-4.125903387665741,-3.61601121346854,-1.9170253402853643,1.3349153320485367,-0.1740774858037795,4.006116452254932,-0.4041788854010964,1.2468964647714036
67.0,28.0,129.89468383789062,-0.0175445075031959,2.7205963754044773,-4.153400200293471,-3.6908788901248486,-1.9361153163428173,1.3599060601871904,-0.1181558396368183,3.982079777694256,-0.3892429884721616,1.2645623330740046
67.0,28.0,129.9014434814453,0.0011214841191709,2.726880117184239,-4.159085403321079,-3.697673370677836,-1.908314887526946,1.3994411031050715,-0.1151042971565108,3.9894760667899294,-0.3916278984794334,1.2546422280654044
67.0,28.0,129.89955139160156,0.0050716783809105,2.740618407173727,-4.162624178937189,-3.673870913942532,-1.900181406450195,1.3859497691056253,-0.1217197643967429,3.9871653568993977,-0.4237297763747132,1.2580571175613862
67.0,28.0,129.96534729003906,0.0440513962636539,2.7043435192817893,-4.3351262004658295,-3.712254974199466,-1.9268535095478416,1.2704166275037212,-0.1064964638958635,3.854172854706788,-0.3717552329162378,1.2705705974603303
67.0,28.0,130.00189208984375,0.0688954118187807,2.581313451779955,-4.103131703029351,-3.867285094801738,-1.96980245014443,1.4581092866153738,-0.0092063705605368,3.84592619999513,-0.5967312223904738,1.3117778925193349
67.0,28.0,129.9628143310547,-0.0945020891193733,2.7136353135508333,-4.1291920731440825,-3.674969697096435,-1.9558598710214343,1.351718120507785,-0.151980067436447,4.060482083353204,-0.3797332071730229,1.0832543869422435
67.0,28.0,129.909423828125,0.0624216581305364,2.71893654958378,-4.164281598721102,-3.6906420333578778,-1.957514347008763,1.4122417772304718,-0.1266357132554872,3.960940926904722,-0.4032400876771263,1.2651870800342295
67.0,29.0,129.91067504882812,0.0309065360144437,2.7321341365539134,-4.157471837879222,-3.706803918535293,-1.958448906183752,1.2563481289389862,-0.1136995596681935,4.020932742750508,-0.3937393393302996,1.2665131101611244
67.0,29.0,129.90243530273438,0.0154294489000197,2.703384855482716,-4.073093570611902,-3.734565571754388,-1.9509482750639529,1.364906241045292,-0.0625807785893388,4.021312014024134,-0.3907138993235253,1.2770124403853464
67.0,29.0,129.9290313720703,-0.0409578902416346,2.808990256526257,-4.159444353829292,-3.776389913547345,-1.982267965973604,1.275942703365267,-0.1414829825112644,4.04301082329991,-0.4059984134284261,1.2890865780626375
67.0,29.0,129.90541076660156,0.0355634944349758,2.711343956929721,-4.150795437936099,-3.705096186469836,-1.911459186550068,1.3606245689739551,-0.1344982594593901,4.009712519039214,-0.3861515704407407,1.243026013073124
67.0,29.0,129.89773559570312,0.0010263195992023,2.686635267821311,-4.155378815701633,-3.677222731752173,-1.915053184113967,1.388076742811886,-0.113244871055429,4.008395979782194,-0.3840604640256474,1.269359217970587
67.0,29.0,129.98141479492188,0.0393104523719378,2.5773111860832616,-4.211689715725557,-3.682926224098401,-2.098675461642384,1.5059657530384265,-0.0779682078069493,3.8648914589232,-0.3814381903925685,1.3322155057675025
67.0,29.0,130.0445098876953,-0.0135243703297427,2.5910405016346343,-4.162961250691599,-3.8587029951278633,-2.045313203097316,1.4694798999737364,-0.1057720075690077,3.789546119948162,-0.2119756307281623,1.3722031849425416
67.0,29.0,130.0379180908203,0.1219736978052611,2.657704988867745,-4.431558320278963,-3.803640466114627,-1.997163163065392,1.3061616305534285,-0.1390141537367754,3.9056452728891577,-0.4318297541845231,1.358919579725651
67.0,29.0,129.90579223632812,0.0334515069124931,2.710080085975165,-4.152644782866364,-3.725999320376887,-1.924352784147097,1.3523169099132777,-0.1193170359478859,4.005049987163142,-0.3946322993384857,1.2328252278976155
67.0,29.0,130.27117919921875,-0.032977140421139,2.666028807324405,-3.9828049907293854,-3.810198679342754,-1.6581134279775822,1.2819303134102773,-0.2037185146639995,3.4646483497885088,-0.3767957234357309,1.4339825189206776
67.0,29.0,129.9814910888672,0.0491839426823794,2.621262719298488,-4.042725831410812,-3.715658584087775,-2.060262618559157,1.4994827318249104,-0.1647285451858423,3.8732282846539694,-0.2928939916355629,1.3600784035147462
67.0,29.0,129.90724182128906,0.0306367777872042,2.724445145873964,-4.209504115916815,-3.652227936041653,-1.9203616804908803,1.3268249738287892,-0.1558771423473655,3.986401136801164,-0.3921723206043507,1.2930810664702648
67.0,29.0,129.91958618164062,0.0347673060430589,2.656679697902622,-4.180138340648796,-3.7190597095903386,-1.909894096691822,1.3420285699104864,-0.173511049243129,3.855364678270393,-0.3931566797689326,1.2597908826288695
67.0,29.0,129.9254913330078,-0.2120020200852752,2.622928583638413,-4.151982330993905,-3.669539045806452,-1.9108391971473568,1.3146507579587063,-0.0978393521352587,3.9792482422365394,-0.3876420304871205,1.277521953882226
67.0,29.0,129.9644775390625,-0.0246214077523079,2.7387556207143504,-3.890790469788216,-3.684281449642599,-1.963252356007398,1.4318749612720345,-0.0735359741938908,3.852088466449065,-0.3841474295767268,1.3452612221775042
67.0,29.0,129.90631103515625,0.0487914605646145,2.6692263864306423,-4.107686508930841,-3.708761311570132,-1.931491632300483,1.357582462583914,-0.0977832214422284,4.011985321846453,-0.4314669953235632,1.2163674452798772
67.0,29.0,129.91213989257812,-0.1186787005816705,2.7138285448927912,-4.159214690269178,-3.643655400837352,-1.9152298814707511,1.4357295093993894,-0.0532492198742533,3.991891439005588,-0.4003078090408711,1.2618946419226644
67.0,29.0,129.8934783935547,-0.0252147992153897,2.7197877511413764,-4.152403990440039,-3.644335746072695,-1.9822597333621403,1.3670064405290567,-0.0965954652747087,3.974593545826564,-0.4109370127488936,1.3461207195282556
67.0,29.0,129.92416381835938,-0.0297196524526421,2.756756563665231,-4.097835543347458,-3.849471522131963,-1.937890213275289,1.363707158282507,-0.115366970342997,3.9224613322150734,-0.4021116135802462,1.3589810786408754
67.0,29.0,129.984375,0.0760173601740968,2.600788078454624,-4.073815611681744,-3.658536876001196,-2.081963128290595,1.5380037584234658,-0.1625360533989283,3.9586751454364975,-0.3660906388468812,1.248030214422513
67.0,29.0,130.17788696289062,-0.4920599657173082,2.745500550768156,-4.315909222827781,-3.73134394958606,-1.8825345213622204,1.2507471679440718,-0.123109592035247,3.92227458433358,-0.3451496472273135,1.1870251421885514
67.0,29.0,129.89617919921875,0.0066075330749769,2.7154591058443485,-4.168166699641058,-3.6754328157844673,-1.918121464395817,1.311019182531595,-0.1440165559911584,3.954759564771853,-0.3867828208520366,1.3051207129160098
67.0,29.0,129.89517211914062,-0.0107851787211094,2.6617659039829498,-4.146503293995528,-3.657686450307665,-1.9417080098062267,1.2768881004710024,-0.0899501076959111,4.00231415949571,-0.3890244372938295,1.317275305422831
67.0,29.0,129.90924072265625,-0.0148780034769669,2.6995546447169136,-4.133370814426645,-3.650063881270815,-1.8490035254981048,1.372505812143686,-0.1776045605058429,3.925884590051141,-0.3558501315793845,1.3585180006726525
67.0,29.0,129.89633178710938,-0.0180984020745444,2.723056479366268,-4.126285923655242,-3.6875163215756857,-1.9372415023516003,1.3655512640020449,-0.1240143441574743,3.944844631630754,-0.3754972306907273,1.2598482264222175
67.0,29.0,129.92726135253906,-0.0242111320733739,2.7176868290221585,-4.129763999684622,-3.727911978845678,-1.9667994514743743,1.3141287682393872,-0.1089048698125359,4.129973862019165,-0.3688913508232962,1.258969886129773
67.0,29.0,130.2400665283203,-0.0085526200047987,2.5959120241789906,-4.317930880916604,-3.9366480442632086,-1.4920344960918666,1.1780007149896443,-0.1468676100122102,3.962139236867564,-0.2928725748854483,1.2869526717182942
67.0,29.0,129.95953369140625,0.0415280186747303,2.629538551729826,-4.192244703537267,-3.667939175630838,-2.060295114022268,1.385333277647006,-0.237973002604721,3.8787872310754143,-0.3750888723911006,1.2264505569528743
67.0,29.0,129.93453979492188,0.0326370415227638,2.726862600760478,-4.0972641292177645,-3.7241156165239824,-1.9265840899799271,1.188725769969459,-0.1336495370168879,3.910661687584052,-0.4095857189526423,1.2078874373601536
67.0,29.0,129.9322967529297,0.0106970100281389,2.703974866588152,-4.158854114337622,-3.68094841246624,-1.8180964672297293,1.1979463923548928,-0.1374101396778135,4.006292745187755,-0.3809551104272511,1.2542165618453756
67.0,29.0,129.89849853515625,-0.0395234739776462,2.716169580375362,-4.167994454813144,-3.653878096153517,-1.872749503107793,1.2948292751704795,-0.1254927714868734,3.9994340105661874,-0.4072578365967544,1.2781229350442616
67.0,29.0,129.89659118652344,-0.0195681238933286,2.7254943823255187,-4.159617375574604,-3.715447377738418,-1.9474022103337347,1.3858761927719685,-0.1186022010745347,3.977412142606414,-0.3881773797951743,1.286763322390616
67.0,29.0,129.9066925048828,0.0093486160775217,2.716027624133097,-4.049382509209735,-3.683454531940767,-1.958841077882711,1.3654438035423375,-0.0863781989207675,4.011303901721716,-0.3872762950299806,1.2332312633012126
67.0,29.0,130.0067596435547,0.0137318220843905,2.788854651558967,-4.116055596785633,-3.7153158153889465,-1.9139620042083605,1.242015447500179,0.1529584638204173,4.102311401743414,-0.4544110559338268,1.199480560774941
67.0,29.0,129.9021453857422,0.0078407026558051,2.7199230892219584,-4.1496934748940975,-3.6622978256020886,-1.9585135303684964,1.3319997471660137,-0.1810662291623848,3.9680510696596007,-0.4755041468940189,1.2553526327739135
67.0,29.0,129.99769592285156,0.1636375559927499,2.743159257063391,-3.985539107590443,-3.7966000908860216,-1.8791823332221864,1.365875834697207,-0.1957588168401099,3.988095089005992,-0.3806312927475737,1.1724404386602174
67.0,29.0,129.89808654785156,-0.0349924905895282,2.726338225728965,-4.152696165615452,-3.676654319212688,-1.9363034889320063,1.4288904897921677,-0.0908840273263224,3.97130605656394,-0.4130737221208647,1.2772449373257957
67.0,29.0,129.91697692871094,0.0705505436218637,2.670220194424956,-4.0953714022404455,-3.750846857568831,-1.9659466581503169,1.3077883041262566,-0.0875535821060782,4.079083476578677,-0.4371974247918824,1.3235789368612347
67.0,29.0,130.0364990234375,-0.0013810828053141,2.679108024324235,-4.075695973423922,-3.53577896202847,-1.900457712273736,1.311356430473875,-0.1406071124944164,3.662883457464235,-0.3485316607710497,1.161862394808745
67.0,29.0,129.89645385742188,-0.0465976456625256,2.7442933074251465,-4.142248823739965,-3.692023439826397,-1.9260140544437323,1.388585503173494,-0.115349056435147,3.964140913686207,-0.3916460314268543,1.2713049263250211
67.0,29.0,129.91299438476562,-0.0140444206755011,2.81568615647645,-4.140511110400724,-3.710292046883071,-1.9482620993878168,1.3440487770353446,-0.1383356630589287,3.995946337147748,-0.373728746945698,1.2854232086982118
67.0,29.0,129.90237426757812,0.0430926734203087,2.689429625219968,-4.142400408544818,-3.697185555594279,-1.930623960181053,1.377760154896602,-0.1336070368255725,4.011873176248143,-0.3803645461059384,1.275639822119195
67.0,29.0,129.9109649658203,-0.0315197530525793,2.7728810440967964,-4.125903387665741,-3.61601121346854,-1.9170253402853643,1.3349153320485367,-0.1740774858037795,4.006116452254932,-0.4041788854010964,1.2468964647714036
67.0,29.0,129.89468383789062,-0.0175445075031959,2.7205963754044773,-4.153400200293471,-3.6908788901248486,-1.9361153163428173,1.3599060601871904,-0.1181558396368183,3.982079777694256,-0.3892429884721616,1.2645623330740046
67.0,29.0,129.90060424804688,-0.0257906964587498,2.716296985219514,-4.149720222913943,-3.694147024397039,-1.9075509076785515,1.4265442105477115,-0.1143960492495159,3.9761792482671,-0.386380219781461,1.269507435824445
67.0,29.0,129.89479064941406,-0.0232893209792553,2.7183451739327467,-4.1607511696678205,-3.702435831628252,-1.945615638472228,1.3650562914038074,-0.1253731896013485,3.9806436928474938,-0.4027169881027774,1.2648976529206246
67.0,29.0,129.96534729003906,0.0440513962636539,2.7043435192817893,-4.3351262004658295,-3.712254974199466,-1.9268535095478416,1.2704166275037212,-0.1064964638958635,3.854172854706788,-0.3717552329162378,1.2705705974603303
67.0,29.0,130.00189208984375,0.0688954118187807,2.581313451779955,-4.103131703029351,-3.867285094801738,-1.96980245014443,1.4581092866153738,-0.0092063705605368,3.84592619999513,-0.5967312223904738,1.3117778925193349
67.0,29.0,129.93515014648438,-0.0405291190671146,2.733515510235796,-4.16768708981285,-3.703248527918283,-1.9620370492279144,1.3827126377634846,-0.094665786187017,4.077355502421361,-0.3720788841770912,1.4796693976247064
67.0,29.0,129.89976501464844,0.0470552889346871,2.728831478442484,-4.142817717550946,-3.688364958934802,-1.9131619424983564,1.3396793040073387,-0.1130422231726642,3.972922356881205,-0.3830080796677217,1.2805171115593093
67.0,30.0,129.91067504882812,0.0309065360144437,2.7321341365539134,-4.157471837879222,-3.706803918535293,-1.958448906183752,1.2563481289389862,-0.1136995596681935,4.020932742750508,-0.3937393393302996,1.2665131101611244
67.0,30.0,129.90243530273438,0.0154294489000197,2.703384855482716,-4.073093570611902,-3.734565571754388,-1.9509482750639529,1.364906241045292,-0.0625807785893388,4.021312014024134,-0.3907138993235253,1.2770124403853464
67.0,30.0,129.9290313720703,-0.0409578902416346,2.808990256526257,-4.159444353829292,-3.776389913547345,-1.982267965973604,1.275942703365267,-0.1414829825112644,4.04301082329991,-0.4059984134284261,1.2890865780626375
67.0,30.0,129.90541076660156,0.0355634944349758,2.711343956929721,-4.150795437936099,-3.705096186469836,-1.911459186550068,1.3606245689739551,-0.1344982594593901,4.009712519039214,-0.3861515704407407,1.243026013073124
67.0,30.0,129.89723205566406,-0.0314473111580751,2.6972184441107103,-4.155826505996279,-3.61460533548222,-1.9488945755671885,1.3710618357083204,-0.0857933228587722,3.986894295837496,-0.3836836703362237,1.3636824804305827
67.0,30.0,129.98141479492188,0.0393104523719378,2.5773111860832616,-4.211689715725557,-3.682926224098401,-2.098675461642384,1.5059657530384265,-0.0779682078069493,3.8648914589232,-0.3814381903925685,1.3322155057675025
67.0,30.0,130.0445098876953,-0.0135243703297427,2.5910405016346343,-4.162961250691599,-3.8587029951278633,-2.045313203097316,1.4694798999737364,-0.1057720075690077,3.789546119948162,-0.2119756307281623,1.3722031849425416
67.0,30.0,130.0379180908203,0.1219736978052611,2.657704988867745,-4.431558320278963,-3.803640466114627,-1.997163163065392,1.3061616305534285,-0.1390141537367754,3.9056452728891577,-0.4318297541845231,1.358919579725651
67.0,30.0,129.90579223632812,0.0334515069124931,2.710080085975165,-4.152644782866364,-3.725999320376887,-1.924352784147097,1.3523169099132777,-0.1193170359478859,4.005049987163142,-0.3946322993384857,1.2328252278976155
67.0,30.0,130.1167755126953,-0.0267555084591962,2.6607423910703085,-3.775727979636504,-3.709995415363234,-1.989450043205644,1.2625901650438889,0.0119661033277828,3.658387337420693,-0.4395275063530627,1.3350645818898823
67.0,30.0,129.9814910888672,0.0491839426823794,2.621262719298488,-4.042725831410812,-3.715658584087775,-2.060262618559157,1.4994827318249104,-0.1647285451858423,3.8732282846539694,-0.2928939916355629,1.3600784035147462
67.0,30.0,129.89749145507812,-0.0393614683004461,2.724960501916073,-4.168850395042399,-3.637702377067488,-1.939557224593576,1.3907887234080911,-0.0946533111098047,3.951489340464886,-0.3872010898486333,1.3585276722729616
67.0,30.0,129.91690063476562,-0.0521194054534806,2.672765505662349,-4.1448104471101175,-3.6493405348095656,-1.9929197326186496,1.2313677164447432,-0.0732945530175367,3.923800182066304,-0.3999364330321678,1.4249933982311644
67.0,30.0,129.9254913330078,-0.2120020200852752,2.622928583638413,-4.151982330993905,-3.669539045806452,-1.9108391971473568,1.3146507579587063,-0.0978393521352587,3.9792482422365394,-0.3876420304871205,1.277521953882226
67.0,30.0,129.9644775390625,-0.0246214077523079,2.7387556207143504,-3.890790469788216,-3.684281449642599,-1.963252356007398,1.4318749612720345,-0.0735359741938908,3.852088466449065,-0.3841474295767268,1.3452612221775042
67.0,30.0,129.90631103515625,0.0487914605646145,2.6692263864306423,-4.107686508930841,-3.708761311570132,-1.931491632300483,1.357582462583914,-0.0977832214422284,4.011985321846453,-0.4314669953235632,1.2163674452798772
67.0,30.0,129.89700317382812,0.0005576976570602,2.7207604300228234,-4.158933140889146,-3.669440087268869,-1.959816838393552,1.2980284701546176,-0.0578880853426942,4.010204916301912,-0.4117324382761694,1.299451247779872
67.0,30.0,129.8934783935547,-0.0252147992153897,2.7197877511413764,-4.152403990440039,-3.644335746072695,-1.9822597333621403,1.3670064405290567,-0.0965954652747087,3.974593545826564,-0.4109370127488936,1.3461207195282556
67.0,30.0,129.90676879882812,-0.0390883197050635,2.6783320572332627,-4.17493530220294,-3.79164344992683,-1.976231460150732,1.3564338601562032,-0.0513619873598699,3.9552496688752217,-0.4047352652868337,1.3401093321487685
67.0,30.0,129.984375,0.0760173601740968,2.600788078454624,-4.073815611681744,-3.658536876001196,-2.081963128290595,1.5380037584234658,-0.1625360533989283,3.9586751454364975,-0.3660906388468812,1.248030214422513
67.0,30.0,129.9914093017578,-0.0380169038101043,2.729709705014016,-4.336924239500395,-3.6177526612456816,-1.9118066846635968,1.3131883420984016,-0.3161696439311621,3.930562015587752,-0.4129557589152224,1.3707697705931332
67.0,30.0,129.89617919921875,0.0066075330749769,2.7154591058443485,-4.168166699641058,-3.6754328157844673,-1.918121464395817,1.311019182531595,-0.1440165559911584,3.954759564771853,-0.3867828208520366,1.3051207129160098
67.0,30.0,129.89517211914062,-0.0107851787211094,2.6617659039829498,-4.146503293995528,-3.657686450307665,-1.9417080098062267,1.2768881004710024,-0.0899501076959111,4.00231415949571,-0.3890244372938295,1.317275305422831
67.0,30.0,129.9020233154297,-0.0056664118625827,2.67796332126664,-4.164741317970504,-3.6384227159686793,-1.9684659356525696,1.3479087549291608,-0.1647768416539844,3.968015913659496,-0.3966850454992732,1.3918357723025587
67.0,30.0,129.89633178710938,-0.0180984020745444,2.723056479366268,-4.126285923655242,-3.6875163215756857,-1.9372415023516003,1.3655512640020449,-0.1240143441574743,3.944844631630754,-0.3754972306907273,1.2598482264222175
67.0,30.0,129.92697143554688,-0.0324296385772205,2.718680349728499,-4.226605836309097,-3.621178936588854,-2.0347803067628574,1.3484712753348544,-0.0872232324450676,4.049217321999925,-0.3687959767841568,1.357889714048686
67.0,30.0,130.2400665283203,-0.0085526200047987,2.5959120241789906,-4.317930880916604,-3.9366480442632086,-1.4920344960918666,1.1780007149896443,-0.1468676100122102,3.962139236867564,-0.2928725748854483,1.2869526717182942
67.0,30.0,129.95953369140625,0.0415280186747303,2.629538551729826,-4.192244703537267,-3.667939175630838,-2.060295114022268,1.385333277647006,-0.237973002604721,3.8787872310754143,-0.3750888723911006,1.2264505569528743
67.0,30.0,129.93453979492188,0.0326370415227638,2.726862600760478,-4.0972641292177645,-3.7241156165239824,-1.9265840899799271,1.188725769969459,-0.1336495370168879,3.910661687584052,-0.4095857189526423,1.2078874373601536
67.0,30.0,129.9322967529297,0.0106970100281389,2.703974866588152,-4.158854114337622,-3.68094841246624,-1.8180964672297293,1.1979463923548928,-0.1374101396778135,4.006292745187755,-0.3809551104272511,1.2542165618453756
67.0,30.0,129.89849853515625,-0.0395234739776462,2.716169580375362,-4.167994454813144,-3.653878096153517,-1.872749503107793,1.2948292751704795,-0.1254927714868734,3.9994340105661874,-0.4072578365967544,1.2781229350442616
67.0,30.0,129.89288330078125,-0.0277809519285283,2.728317835700714,-4.148033531200923,-3.6251065963809,-1.963594232612924,1.3601204047384643,-0.1215379627143574,3.967695622173601,-0.4222206673182709,1.3345157968390309
67.0,30.0,129.9066925048828,0.0093486160775217,2.716027624133097,-4.049382509209735,-3.683454531940767,-1.958841077882711,1.3654438035423375,-0.0863781989207675,4.011303901721716,-0.3872762950299806,1.2332312633012126
67.0,30.0,129.99020385742188,-0.0605158602766467,2.733438068348429,-4.162703890670114,-3.578455846845127,-1.9435713466906952,1.1629004202290574,-0.289155617044993,3.9607472628457616,-0.3643023866803258,1.1948995749948732
67.0,30.0,129.9021453857422,0.0078407026558051,2.7199230892219584,-4.1496934748940975,-3.6622978256020886,-1.9585135303684964,1.3319997471660137,-0.1810662291623848,3.9680510696596007,-0.4755041468940189,1.2553526327739135
67.0,30.0,129.93014526367188,-0.0145739832651757,2.706907443855892,-4.095097146854114,-3.677760352019277,-1.956855031710912,1.3529148750259854,-0.161874883087365,3.983587730139383,-0.3691368780737533,1.5072430864445967
67.0,30.0,129.89559936523438,-0.0155127858080125,2.729507231767069,-4.168740932116852,-3.617203471740125,-1.951317361570489,1.342138641101474,-0.1089610657028175,3.985620450472465,-0.4281262651068631,1.291902822370751
67.0,30.0,129.91697692871094,0.0705505436218637,2.670220194424956,-4.0953714022404455,-3.750846857568831,-1.9659466581503169,1.3077883041262566,-0.0875535821060782,4.079083476578677,-0.4371974247918824,1.3235789368612347
67.0,30.0,130.0364990234375,-0.0013810828053141,2.679108024324235,-4.075695973423922,-3.53577896202847,-1.900457712273736,1.311356430473875,-0.1406071124944164,3.662883457464235,-0.3485316607710497,1.161862394808745
67.0,30.0,129.89645385742188,-0.0465976456625256,2.7442933074251465,-4.142248823739965,-3.692023439826397,-1.9260140544437323,1.388585503173494,-0.115349056435147,3.964140913686207,-0.3916460314268543,1.2713049263250211
67.0,30.0,129.90829467773438,-0.0239626795538915,2.7078325286370686,-4.155227069498678,-3.689961374327005,-2.041530824182744,1.3373228640754005,-0.0662506257446618,3.985647206701747,-0.4021975481712995,1.396473330112389
67.0,30.0,129.893798828125,0.0144540204584044,2.6806945058570006,-4.1368727772055305,-3.650876465024894,-2.0003710001492903,1.354645223984719,-0.0835427670589643,3.973560890877937,-0.4401370689784287,1.3272183723991349
67.0,30.0,129.90821838378906,-0.0648184205238717,2.694270544789649,-4.173375374717505,-3.745559647382808,-2.025055670465836,1.342444445034941,-0.0792050786049199,4.013682793589557,-0.4153967202859562,1.2738654250273755
67.0,30.0,129.89468383789062,-0.0175445075031959,2.7205963754044773,-4.153400200293471,-3.6908788901248486,-1.9361153163428173,1.3599060601871904,-0.1181558396368183,3.982079777694256,-0.3892429884721616,1.2645623330740046
67.0,30.0,129.90060424804688,-0.0257906964587498,2.716296985219514,-4.149720222913943,-3.694147024397039,-1.9075509076785515,1.4265442105477115,-0.1143960492495159,3.9761792482671,-0.386380219781461,1.269507435824445
67.0,30.0,129.89479064941406,-0.0232893209792553,2.7183451739327467,-4.1607511696678205,-3.702435831628252,-1.945615638472228,1.3650562914038074,-0.1253731896013485,3.9806436928474938,-0.4027169881027774,1.2648976529206246
67.0,30.0,129.9213104248047,0.034483062133799,2.7007413650477425,-4.218265097685872,-3.667537027119139,-2.012582330929824,1.3090342463606748,-0.0162708963853437,4.036175740789945,-0.417522819629139,1.3132021471946214
67.0,30.0,130.00189208984375,0.0688954118187807,2.581313451779955,-4.103131703029351,-3.867285094801738,-1.96980245014443,1.4581092866153738,-0.0092063705605368,3.84592619999513,-0.5967312223904738,1.3117778925193349
67.0,30.0,129.9015350341797,-0.0026351776082565,2.7127545390251,-4.149540190985892,-3.688972731563651,-1.997505996136231,1.3878635718841346,-0.0757140876488137,4.02449826598947,-0.4121971848707184,1.3668385272420525
67.0,30.0,129.8927001953125,-0.0141131065796756,2.7177470639834937,-4.1376600708959,-3.676105148029925,-1.9841431554858164,1.3203195247310908,-0.0903575822966546,3.977768172881703,-0.3991176302243867,1.2982038270471126
67.0,31.0,129.90567016601562,0.0003137848966529,2.7137271685601823,-4.138328866187022,-3.730706087909163,-1.9675004109142329,1.2530258205385678,-0.1001271008894242,4.005708571193547,-0.4017559586757435,1.2637647447615146
67.0,31.0,129.90243530273438,0.0154294489000197,2.703384855482716,-4.073093570611902,-3.734565571754388,-1.9509482750639529,1.364906241045292,-0.0625807785893388,4.021312014024134,-0.3907138993235253,1.2770124403853464
67.0,31.0,129.9290313720703,-0.0409578902416346,2.808990256526257,-4.159444353829292,-3.776389913547345,-1.982267965973604,1.275942703365267,-0.1414829825112644,4.04301082329991,-0.4059984134284261,1.2890865780626375
67.0,31.0,129.90541076660156,0.0355634944349758,2.711343956929721,-4.150795437936099,-3.705096186469836,-1.911459186550068,1.3606245689739551,-0.1344982594593901,4.009712519039214,-0.3861515704407407,1.243026013073124
67.0,31.0,129.89161682128906,-0.0259705119075232,2.7333010641264446,-4.146647947240702,-3.703115072809208,-1.9513534870220963,1.3323007232526982,-0.075375765658982,3.96816944889162,-0.4090316144604453,1.3567458303463844
67.0,31.0,129.98141479492188,0.0393104523719378,2.5773111860832616,-4.211689715725557,-3.682926224098401,-2.098675461642384,1.5059657530384265,-0.0779682078069493,3.8648914589232,-0.3814381903925685,1.3322155057675025
67.0,31.0,130.01710510253906,-0.0327235798028152,2.571219651891408,-4.154841151753655,-3.8738234764345982,-2.011415761345443,1.4391552021363851,-0.0970354374559503,3.7326606300678447,-0.3624680340982921,1.25619089212282
67.0,31.0,130.0379180908203,0.1219736978052611,2.657704988867745,-4.431558320278963,-3.803640466114627,-1.997163163065392,1.3061616305534285,-0.1390141537367754,3.9056452728891577,-0.4318297541845231,1.358919579725651
67.0,31.0,129.90579223632812,0.0334515069124931,2.710080085975165,-4.152644782866364,-3.725999320376887,-1.924352784147097,1.3523169099132777,-0.1193170359478859,4.005049987163142,-0.3946322993384857,1.2328252278976155
67.0,31.0,130.1167755126953,-0.0267555084591962,2.6607423910703085,-3.775727979636504,-3.709995415363234,-1.989450043205644,1.2625901650438889,0.0119661033277828,3.658387337420693,-0.4395275063530627,1.3350645818898823
67.0,31.0,129.93295288085938,0.0547640815953335,2.6373375941625614,-4.142071617116765,-3.693645062146833,-2.049054988086535,1.3662659655569709,-0.137361236523673,4.1056099787958615,-0.4299173230528136,1.3030612237097847
67.0,31.0,129.89552307128906,-0.0196473835139806,2.715985316759447,-4.087962764351317,-3.688629529078164,-1.961437375342597,1.3901204876815472,-0.0635093053082073,3.955962278850259,-0.3879055658415662,1.3604069522943525
67.0,31.0,129.91690063476562,-0.0521194054534806,2.672765505662349,-4.1448104471101175,-3.6493405348095656,-1.9929197326186496,1.2313677164447432,-0.0732945530175367,3.923800182066304,-0.3999364330321678,1.4249933982311644
67.0,31.0,129.888671875,-0.0342493734042951,2.6602524405499124,-4.148401663502101,-3.648268385005912,-1.9119618197503505,1.3626414776015865,-0.0829779553669199,3.9517022729973776,-0.4109588355558278,1.307877727954841
67.0,31.0,129.9644775390625,-0.0246214077523079,2.7387556207143504,-3.890790469788216,-3.684281449642599,-1.963252356007398,1.4318749612720345,-0.0735359741938908,3.852088466449065,-0.3841474295767268,1.3452612221775042
67.0,31.0,129.90631103515625,0.0487914605646145,2.6692263864306423,-4.107686508930841,-3.708761311570132,-1.931491632300483,1.357582462583914,-0.0977832214422284,4.011985321846453,-0.4314669953235632,1.2163674452798772
67.0,31.0,129.89700317382812,0.0005576976570602,2.7207604300228234,-4.158933140889146,-3.669440087268869,-1.959816838393552,1.2980284701546176,-0.0578880853426942,4.010204916301912,-0.4117324382761694,1.299451247779872
67.0,31.0,129.8934783935547,-0.0252147992153897,2.7197877511413764,-4.152403990440039,-3.644335746072695,-1.9822597333621403,1.3670064405290567,-0.0965954652747087,3.974593545826564,-0.4109370127488936,1.3461207195282556
67.0,31.0,129.90676879882812,-0.0390883197050635,2.6783320572332627,-4.17493530220294,-3.79164344992683,-1.976231460150732,1.3564338601562032,-0.0513619873598699,3.9552496688752217,-0.4047352652868337,1.3401093321487685
67.0,31.0,129.984375,0.0760173601740968,2.600788078454624,-4.073815611681744,-3.658536876001196,-2.081963128290595,1.5380037584234658,-0.1625360533989283,3.9586751454364975,-0.3660906388468812,1.248030214422513
67.0,31.0,129.9914093017578,-0.0380169038101043,2.729709705014016,-4.336924239500395,-3.6177526612456816,-1.9118066846635968,1.3131883420984016,-0.3161696439311621,3.930562015587752,-0.4129557589152224,1.3707697705931332
67.0,31.0,129.89617919921875,0.0066075330749769,2.7154591058443485,-4.168166699641058,-3.6754328157844673,-1.918121464395817,1.311019182531595,-0.1440165559911584,3.954759564771853,-0.3867828208520366,1.3051207129160098
67.0,31.0,129.89517211914062,-0.0107851787211094,2.6617659039829498,-4.146503293995528,-3.657686450307665,-1.9417080098062267,1.2768881004710024,-0.0899501076959111,4.00231415949571,-0.3890244372938295,1.317275305422831
67.0,31.0,129.9020233154297,-0.0056664118625827,2.67796332126664,-4.164741317970504,-3.6384227159686793,-1.9684659356525696,1.3479087549291608,-0.1647768416539844,3.968015913659496,-0.3966850454992732,1.3918357723025587
67.0,31.0,129.89633178710938,-0.0180984020745444,2.723056479366268,-4.126285923655242,-3.6875163215756857,-1.9372415023516003,1.3655512640020449,-0.1240143441574743,3.944844631630754,-0.3754972306907273,1.2598482264222175
67.0,31.0,129.89764404296875,-0.0007198332026983,2.717190114745551,-4.116465983987337,-3.675658934172872,-1.958303162244033,1.3457514067441414,-0.0828586596219707,3.8801120878131536,-0.3911470351303301,1.3117357979761124
67.0,31.0,130.2400665283203,-0.0085526200047987,2.5959120241789906,-4.317930880916604,-3.9366480442632086,-1.4920344960918666,1.1780007149896443,-0.1468676100122102,3.962139236867564,-0.2928725748854483,1.2869526717182942
67.0,31.0,129.95953369140625,0.0415280186747303,2.629538551729826,-4.192244703537267,-3.667939175630838,-2.060295114022268,1.385333277647006,-0.237973002604721,3.8787872310754143,-0.3750888723911006,1.2264505569528743
67.0,31.0,129.93453979492188,0.0326370415227638,2.726862600760478,-4.0972641292177645,-3.7241156165239824,-1.9265840899799271,1.188725769969459,-0.1336495370168879,3.910661687584052,-0.4095857189526423,1.2078874373601536
67.0,31.0,129.9322967529297,0.0106970100281389,2.703974866588152,-4.158854114337622,-3.68094841246624,-1.8180964672297293,1.1979463923548928,-0.1374101396778135,4.006292745187755,-0.3809551104272511,1.2542165618453756
67.0,31.0,129.89849853515625,-0.0395234739776462,2.716169580375362,-4.167994454813144,-3.653878096153517,-1.872749503107793,1.2948292751704795,-0.1254927714868734,3.9994340105661874,-0.4072578365967544,1.2781229350442616
67.0,31.0,129.89288330078125,-0.0277809519285283,2.728317835700714,-4.148033531200923,-3.6251065963809,-1.963594232612924,1.3601204047384643,-0.1215379627143574,3.967695622173601,-0.4222206673182709,1.3345157968390309
67.0,31.0,129.9066925048828,0.0093486160775217,2.716027624133097,-4.049382509209735,-3.683454531940767,-1.958841077882711,1.3654438035423375,-0.0863781989207675,4.011303901721716,-0.3872762950299806,1.2332312633012126
67.0,31.0,129.99020385742188,-0.0605158602766467,2.733438068348429,-4.162703890670114,-3.578455846845127,-1.9435713466906952,1.1629004202290574,-0.289155617044993,3.9607472628457616,-0.3643023866803258,1.1948995749948732
67.0,31.0,129.9021453857422,0.0078407026558051,2.7199230892219584,-4.1496934748940975,-3.6622978256020886,-1.9585135303684964,1.3319997471660137,-0.1810662291623848,3.9680510696596007,-0.4755041468940189,1.2553526327739135
67.0,31.0,129.93014526367188,-0.0145739832651757,2.706907443855892,-4.095097146854114,-3.677760352019277,-1.956855031710912,1.3529148750259854,-0.161874883087365,3.983587730139383,-0.3691368780737533,1.5072430864445967
67.0,31.0,129.8944549560547,-0.0068991095368092,2.718245110496037,-4.138045087172043,-3.648566004635637,-1.9751995048140951,1.2798669750037182,-0.1128390926564566,3.984436360944515,-0.433542872338982,1.3095332400239983
67.0,31.0,129.91697692871094,0.0705505436218637,2.670220194424956,-4.0953714022404455,-3.750846857568831,-1.9659466581503169,1.3077883041262566,-0.0875535821060782,4.079083476578677,-0.4371974247918824,1.3235789368612347
67.0,31.0,130.0364990234375,-0.0013810828053141,2.679108024324235,-4.075695973423922,-3.53577896202847,-1.900457712273736,1.311356430473875,-0.1406071124944164,3.662883457464235,-0.3485316607710497,1.161862394808745
67.0,31.0,129.89645385742188,-0.0465976456625256,2.7442933074251465,-4.142248823739965,-3.692023439826397,-1.9260140544437323,1.388585503173494,-0.115349056435147,3.964140913686207,-0.3916460314268543,1.2713049263250211
67.0,31.0,129.89524841308594,-0.0136486103797169,2.6704408899034786,-4.135360819615655,-3.659504348914421,-1.990384264009872,1.3205417785842306,-0.0495236982847256,3.97195691972455,-0.4119055202415619,1.2791988664893577
67.0,31.0,129.893798828125,0.0144540204584044,2.6806945058570006,-4.1368727772055305,-3.650876465024894,-2.0003710001492903,1.354645223984719,-0.0835427670589643,3.973560890877937,-0.4401370689784287,1.3272183723991349
67.0,31.0,129.9064483642578,-0.0042482555544404,2.694864220719034,-4.180925718973342,-3.730474152429802,-2.031548263916524,1.328539492923043,-0.0567698967845405,3.978736295718175,-0.4101394996584088,1.3348755528247738
67.0,31.0,129.89468383789062,-0.0175445075031959,2.7205963754044773,-4.153400200293471,-3.6908788901248486,-1.9361153163428173,1.3599060601871904,-0.1181558396368183,3.982079777694256,-0.3892429884721616,1.2645623330740046
67.0,31.0,129.89932250976562,-0.0062472750658334,2.717439897423642,-4.136991500812312,-3.690198086818796,-1.9457941112860164,1.2418963836479164,-0.08519799444451,3.9680725121613007,-0.3944001638681033,1.321506247094678
67.0,31.0,129.89479064941406,-0.0232893209792553,2.7183451739327467,-4.1607511696678205,-3.702435831628252,-1.945615638472228,1.3650562914038074,-0.1253731896013485,3.9806436928474938,-0.4027169881027774,1.2648976529206246
67.0,31.0,129.9213104248047,0.034483062133799,2.7007413650477425,-4.218265097685872,-3.667537027119139,-2.012582330929824,1.3090342463606748,-0.0162708963853437,4.036175740789945,-0.417522819629139,1.3132021471946214
67.0,31.0,130.00189208984375,0.0688954118187807,2.581313451779955,-4.103131703029351,-3.867285094801738,-1.96980245014443,1.4581092866153738,-0.0092063705605368,3.84592619999513,-0.5967312223904738,1.3117778925193349
67.0,31.0,129.9015350341797,-0.0026351776082565,2.7127545390251,-4.149540190985892,-3.688972731563651,-1.997505996136231,1.3878635718841346,-0.0757140876488137,4.02449826598947,-0.4121971848707184,1.3668385272420525
67.0,31.0,129.8927001953125,-0.0141131065796756,2.7177470639834937,-4.1376600708959,-3.676105148029925,-1.9841431554858164,1.3203195247310908,-0.0903575822966546,3.977768172881703,-0.3991176302243867,1.2982038270471126
67.0,32.0,129.8959503173828,-0.0728981319099446,2.660472638608605,-4.14853563607238,-3.61689657239506,-1.876366486889076,1.3081374378572443,-0.0828233059692676,3.9866919918356913,-0.4159149110162886,1.3022444661328856
67.0,32.0,129.90243530273438,0.0154294489000197,2.703384855482716,-4.073093570611902,-3.734565571754388,-1.9509482750639529,1.364906241045292,-0.0625807785893388,4.021312014024134,-0.3907138993235253,1.2770124403853464
67.0,32.0,129.9290313720703,-0.0409578902416346,2.808990256526257,-4.159444353829292,-3.776389913547345,-1.982267965973604,1.275942703365267,-0.1414829825112644,4.04301082329991,-0.4059984134284261,1.2890865780626375
67.0,32.0,129.90541076660156,0.0355634944349758,2.711343956929721,-4.150795437936099,-3.705096186469836,-1.911459186550068,1.3606245689739551,-0.1344982594593901,4.009712519039214,-0.3861515704407407,1.243026013073124
67.0,32.0,129.89161682128906,-0.0259705119075232,2.7333010641264446,-4.146647947240702,-3.703115072809208,-1.9513534870220963,1.3323007232526982,-0.075375765658982,3.96816944889162,-0.4090316144604453,1.3567458303463844
67.0,32.0,129.98141479492188,0.0393104523719378,2.5773111860832616,-4.211689715725557,-3.682926224098401,-2.098675461642384,1.5059657530384265,-0.0779682078069493,3.8648914589232,-0.3814381903925685,1.3322155057675025
67.0,32.0,130.01710510253906,-0.0327235798028152,2.571219651891408,-4.154841151753655,-3.8738234764345982,-2.011415761345443,1.4391552021363851,-0.0970354374559503,3.7326606300678447,-0.3624680340982921,1.25619089212282
67.0,32.0,129.99913024902344,0.1046714124296339,2.68737832358167,-4.106108490284836,-3.8610728988545047,-1.838413198518508,1.2473226792186785,-0.0942675545423324,4.010200720380692,-0.4097691987803086,1.1166739149770766
67.0,32.0,129.90579223632812,0.0334515069124931,2.710080085975165,-4.152644782866364,-3.725999320376887,-1.924352784147097,1.3523169099132777,-0.1193170359478859,4.005049987163142,-0.3946322993384857,1.2328252278976155
67.0,32.0,130.1167755126953,-0.0267555084591962,2.6607423910703085,-3.775727979636504,-3.709995415363234,-1.989450043205644,1.2625901650438889,0.0119661033277828,3.658387337420693,-0.4395275063530627,1.3350645818898823
67.0,32.0,129.93295288085938,0.0547640815953335,2.6373375941625614,-4.142071617116765,-3.693645062146833,-2.049054988086535,1.3662659655569709,-0.137361236523673,4.1056099787958615,-0.4299173230528136,1.3030612237097847
67.0,32.0,129.89537048339844,-0.0366093577268139,2.6871817833435165,-4.086223679608782,-3.669424695111249,-1.8688378222399853,1.3655940783888332,-0.0930218261558411,3.952536024334047,-0.4168129758566166,1.245990733466014
67.0,32.0,129.91690063476562,-0.0521194054534806,2.672765505662349,-4.1448104471101175,-3.6493405348095656,-1.9929197326186496,1.2313677164447432,-0.0732945530175367,3.923800182066304,-0.3999364330321678,1.4249933982311644
67.0,32.0,129.888671875,-0.0342493734042951,2.6602524405499124,-4.148401663502101,-3.648268385005912,-1.9119618197503505,1.3626414776015865,-0.0829779553669199,3.9517022729973776,-0.4109588355558278,1.307877727954841
67.0,32.0,129.9644775390625,-0.0246214077523079,2.7387556207143504,-3.890790469788216,-3.684281449642599,-1.963252356007398,1.4318749612720345,-0.0735359741938908,3.852088466449065,-0.3841474295767268,1.3452612221775042
67.0,32.0,129.90631103515625,0.0487914605646145,2.6692263864306423,-4.107686508930841,-3.708761311570132,-1.931491632300483,1.357582462583914,-0.0977832214422284,4.011985321846453,-0.4314669953235632,1.2163674452798772
67.0,32.0,129.89700317382812,0.0005576976570602,2.7207604300228234,-4.158933140889146,-3.669440087268869,-1.959816838393552,1.2980284701546176,-0.0578880853426942,4.010204916301912,-0.4117324382761694,1.299451247779872
67.0,32.0,129.8934783935547,-0.0252147992153897,2.7197877511413764,-4.152403990440039,-3.644335746072695,-1.9822597333621403,1.3670064405290567,-0.0965954652747087,3.974593545826564,-0.4109370127488936,1.3461207195282556
67.0,32.0,129.90676879882812,-0.0390883197050635,2.6783320572332627,-4.17493530220294,-3.79164344992683,-1.976231460150732,1.3564338601562032,-0.0513619873598699,3.9552496688752217,-0.4047352652868337,1.3401093321487685
67.0,32.0,129.984375,0.0760173601740968,2.600788078454624,-4.073815611681744,-3.658536876001196,-2.081963128290595,1.5380037584234658,-0.1625360533989283,3.9586751454364975,-0.3660906388468812,1.248030214422513
67.0,32.0,129.9914093017578,-0.0380169038101043,2.729709705014016,-4.336924239500395,-3.6177526612456816,-1.9118066846635968,1.3131883420984016,-0.3161696439311621,3.930562015587752,-0.4129557589152224,1.3707697705931332
67.0,32.0,129.89617919921875,0.0066075330749769,2.7154591058443485,-4.168166699641058,-3.6754328157844673,-1.918121464395817,1.311019182531595,-0.1440165559911584,3.954759564771853,-0.3867828208520366,1.3051207129160098
67.0,32.0,129.89517211914062,-0.0107851787211094,2.6617659039829498,-4.146503293995528,-3.657686450307665,-1.9417080098062267,1.2768881004710024,-0.0899501076959111,4.00231415949571,-0.3890244372938295,1.317275305422831
67.0,32.0,129.9020233154297,-0.0056664118625827,2.67796332126664,-4.164741317970504,-3.6384227159686793,-1.9684659356525696,1.3479087549291608,-0.1647768416539844,3.968015913659496,-0.3966850454992732,1.3918357723025587
67.0,32.0,129.89633178710938,-0.0180984020745444,2.723056479366268,-4.126285923655242,-3.6875163215756857,-1.9372415023516003,1.3655512640020449,-0.1240143441574743,3.944844631630754,-0.3754972306907273,1.2598482264222175
67.0,32.0,129.89764404296875,-0.0007198332026983,2.717190114745551,-4.116465983987337,-3.675658934172872,-1.958303162244033,1.3457514067441414,-0.0828586596219707,3.8801120878131536,-0.3911470351303301,1.3117357979761124
67.0,32.0,130.14891052246094,-0.0175963319886898,2.5931546240092165,-4.383555451509696,-3.896215091671325,-2.2797899457222326,1.3544137556193088,-0.0676896117717127,3.9408187581572167,-0.3738423972530392,1.2452073742458225
67.0,32.0,129.95953369140625,0.0415280186747303,2.629538551729826,-4.192244703537267,-3.667939175630838,-2.060295114022268,1.385333277647006,-0.237973002604721,3.8787872310754143,-0.3750888723911006,1.2264505569528743
67.0,32.0,129.93453979492188,0.0326370415227638,2.726862600760478,-4.0972641292177645,-3.7241156165239824,-1.9265840899799271,1.188725769969459,-0.1336495370168879,3.910661687584052,-0.4095857189526423,1.2078874373601536
67.0,32.0,129.9322967529297,0.0106970100281389,2.703974866588152,-4.158854114337622,-3.68094841246624,-1.8180964672297293,1.1979463923548928,-0.1374101396778135,4.006292745187755,-0.3809551104272511,1.2542165618453756
67.0,32.0,129.89849853515625,-0.0395234739776462,2.716169580375362,-4.167994454813144,-3.653878096153517,-1.872749503107793,1.2948292751704795,-0.1254927714868734,3.9994340105661874,-0.4072578365967544,1.2781229350442616
67.0,32.0,129.89288330078125,-0.0277809519285283,2.728317835700714,-4.148033531200923,-3.6251065963809,-1.963594232612924,1.3601204047384643,-0.1215379627143574,3.967695622173601,-0.4222206673182709,1.3345157968390309
67.0,32.0,129.9066925048828,0.0093486160775217,2.716027624133097,-4.049382509209735,-3.683454531940767,-1.958841077882711,1.3654438035423375,-0.0863781989207675,4.011303901721716,-0.3872762950299806,1.2332312633012126
67.0,32.0,129.99020385742188,-0.0605158602766467,2.733438068348429,-4.162703890670114,-3.578455846845127,-1.9435713466906952,1.1629004202290574,-0.289155617044993,3.9607472628457616,-0.3643023866803258,1.1948995749948732
67.0,32.0,129.9021453857422,0.0078407026558051,2.7199230892219584,-4.1496934748940975,-3.6622978256020886,-1.9585135303684964,1.3319997471660137,-0.1810662291623848,3.9680510696596007,-0.4755041468940189,1.2553526327739135
67.0,32.0,129.93014526367188,-0.0145739832651757,2.706907443855892,-4.095097146854114,-3.677760352019277,-1.956855031710912,1.3529148750259854,-0.161874883087365,3.983587730139383,-0.3691368780737533,1.5072430864445967
67.0,32.0,129.8895721435547,-0.0082801644455658,2.698701309437584,-4.1266675664155,-3.660426793841304,-1.954682807807101,1.3660595829654836,-0.0746299489431384,3.9390379570488543,-0.4052072961367082,1.3158041871571065
67.0,32.0,129.91697692871094,0.0705505436218637,2.670220194424956,-4.0953714022404455,-3.750846857568831,-1.9659466581503169,1.3077883041262566,-0.0875535821060782,4.079083476578677,-0.4371974247918824,1.3235789368612347
67.0,32.0,130.0364990234375,-0.0013810828053141,2.679108024324235,-4.075695973423922,-3.53577896202847,-1.900457712273736,1.311356430473875,-0.1406071124944164,3.662883457464235,-0.3485316607710497,1.161862394808745
67.0,32.0,129.89645385742188,-0.0465976456625256,2.7442933074251465,-4.142248823739965,-3.692023439826397,-1.9260140544437323,1.388585503173494,-0.115349056435147,3.964140913686207,-0.3916460314268543,1.2713049263250211
67.0,32.0,129.8939971923828,-0.0547237114219617,2.6491289409111203,-4.150262431365292,-3.636848732732373,-1.899598399059509,1.3755431213150056,-0.0793830135472521,3.9386038710050335,-0.4145114393742301,1.277844759504981
67.0,32.0,129.893798828125,0.0144540204584044,2.6806945058570006,-4.1368727772055305,-3.650876465024894,-2.0003710001492903,1.354645223984719,-0.0835427670589643,3.973560890877937,-0.4401370689784287,1.3272183723991349
67.0,32.0,129.8917694091797,0.0033995556889284,2.6514031460786787,-4.157131138188277,-3.702736176091841,-1.920303259998553,1.3726100410798898,-0.1053581215028732,3.9635313062250734,-0.4090166326531153,1.3526889597577425
67.0,32.0,129.89468383789062,-0.0175445075031959,2.7205963754044773,-4.153400200293471,-3.6908788901248486,-1.9361153163428173,1.3599060601871904,-0.1181558396368183,3.982079777694256,-0.3892429884721616,1.2645623330740046
67.0,32.0,129.89932250976562,-0.0062472750658334,2.717439897423642,-4.136991500812312,-3.690198086818796,-1.9457941112860164,1.2418963836479164,-0.08519799444451,3.9680725121613007,-0.3944001638681033,1.321506247094678
67.0,32.0,129.89479064941406,-0.0232893209792553,2.7183451739327467,-4.1607511696678205,-3.702435831628252,-1.945615638472228,1.3650562914038074,-0.1253731896013485,3.9806436928474938,-0.4027169881027774,1.2648976529206246
67.0,32.0,129.9213104248047,0.034483062133799,2.7007413650477425,-4.218265097685872,-3.667537027119139,-2.012582330929824,1.3090342463606748,-0.0162708963853437,4.036175740789945,-0.417522819629139,1.3132021471946214
67.0,32.0,130.00189208984375,0.0688954118187807,2.581313451779955,-4.103131703029351,-3.867285094801738,-1.96980245014443,1.4581092866153738,-0.0092063705605368,3.84592619999513,-0.5967312223904738,1.3117778925193349
67.0,32.0,129.9015350341797,-0.0026351776082565,2.7127545390251,-4.149540190985892,-3.688972731563651,-1.997505996136231,1.3878635718841346,-0.0757140876488137,4.02449826598947,-0.4121971848707184,1.3668385272420525
67.0,32.0,129.8927001953125,-0.0141131065796756,2.7177470639834937,-4.1376600708959,-3.676105148029925,-1.9841431554858164,1.3203195247310908,-0.0903575822966546,3.977768172881703,-0.3991176302243867,1.2982038270471126
67.0,33.0,129.8959503173828,-0.0728981319099446,2.660472638608605,-4.14853563607238,-3.61689657239506,-1.876366486889076,1.3081374378572443,-0.0828233059692676,3.9866919918356913,-0.4159149110162886,1.3022444661328856
67.0,33.0,129.90243530273438,0.0154294489000197,2.703384855482716,-4.073093570611902,-3.734565571754388,-1.9509482750639529,1.364906241045292,-0.0625807785893388,4.021312014024134,-0.3907138993235253,1.2770124403853464
67.0,33.0,129.9290313720703,-0.0409578902416346,2.808990256526257,-4.159444353829292,-3.776389913547345,-1.982267965973604,1.275942703365267,-0.1414829825112644,4.04301082329991,-0.4059984134284261,1.2890865780626375
67.0,33.0,129.90541076660156,0.0355634944349758,2.711343956929721,-4.150795437936099,-3.705096186469836,-1.911459186550068,1.3606245689739551,-0.1344982594593901,4.009712519039214,-0.3861515704407407,1.243026013073124
67.0,33.0,129.89161682128906,-0.0259705119075232,2.7333010641264446,-4.146647947240702,-3.703115072809208,-1.9513534870220963,1.3323007232526982,-0.075375765658982,3.96816944889162,-0.4090316144604453,1.3567458303463844
67.0,33.0,129.98141479492188,0.0393104523719378,2.5773111860832616,-4.211689715725557,-3.682926224098401,-2.098675461642384,1.5059657530384265,-0.0779682078069493,3.8648914589232,-0.3814381903925685,1.3322155057675025
67.0,33.0,130.01710510253906,-0.0327235798028152,2.571219651891408,-4.154841151753655,-3.8738234764345982,-2.011415761345443,1.4391552021363851,-0.0970354374559503,3.7326606300678447,-0.3624680340982921,1.25619089212282
67.0,33.0,129.92774963378906,-0.0419157131018909,2.653093232678988,-4.081235726357382,-3.749363737794466,-1.768714563518376,1.3631368738170002,-0.1086231446777211,4.060340119414389,-0.3989605105148565,1.296377166108107
67.0,33.0,129.90579223632812,0.0334515069124931,2.710080085975165,-4.152644782866364,-3.725999320376887,-1.924352784147097,1.3523169099132777,-0.1193170359478859,4.005049987163142,-0.3946322993384857,1.2328252278976155
67.0,33.0,130.1167755126953,-0.0267555084591962,2.6607423910703085,-3.775727979636504,-3.709995415363234,-1.989450043205644,1.2625901650438889,0.0119661033277828,3.658387337420693,-0.4395275063530627,1.3350645818898823
67.0,33.0,129.93295288085938,0.0547640815953335,2.6373375941625614,-4.142071617116765,-3.693645062146833,-2.049054988086535,1.3662659655569709,-0.137361236523673,4.1056099787958615,-0.4299173230528136,1.3030612237097847
67.0,33.0,129.89537048339844,-0.0366093577268139,2.6871817833435165,-4.086223679608782,-3.669424695111249,-1.8688378222399853,1.3655940783888332,-0.0930218261558411,3.952536024334047,-0.4168129758566166,1.245990733466014
67.0,33.0,129.91690063476562,-0.0521194054534806,2.672765505662349,-4.1448104471101175,-3.6493405348095656,-1.9929197326186496,1.2313677164447432,-0.0732945530175367,3.923800182066304,-0.3999364330321678,1.4249933982311644
67.0,33.0,129.888671875,-0.0342493734042951,2.6602524405499124,-4.148401663502101,-3.648268385005912,-1.9119618197503505,1.3626414776015865,-0.0829779553669199,3.9517022729973776,-0.4109588355558278,1.307877727954841
67.0,33.0,129.93167114257812,-0.0156760800690062,2.7082032161488434,-4.078486600399945,-3.6729093546601295,-2.0112612556224594,1.39989130518308,-0.0574092948251511,4.138887335580414,-0.4893524499114827,1.303667628869826
67.0,33.0,129.89578247070312,-0.0410751831359612,2.6574516992349007,-4.14302149828655,-3.691086712762182,-1.9353516547748904,1.3437390784297365,-0.0859588609943878,3.898493194502957,-0.5195521331763737,1.336524049720606
67.0,33.0,129.89700317382812,0.0005576976570602,2.7207604300228234,-4.158933140889146,-3.669440087268869,-1.959816838393552,1.2980284701546176,-0.0578880853426942,4.010204916301912,-0.4117324382761694,1.299451247779872
67.0,33.0,129.8934783935547,-0.0252147992153897,2.7197877511413764,-4.152403990440039,-3.644335746072695,-1.9822597333621403,1.3670064405290567,-0.0965954652747087,3.974593545826564,-0.4109370127488936,1.3461207195282556
67.0,33.0,129.90676879882812,-0.0390883197050635,2.6783320572332627,-4.17493530220294,-3.79164344992683,-1.976231460150732,1.3564338601562032,-0.0513619873598699,3.9552496688752217,-0.4047352652868337,1.3401093321487685
67.0,33.0,129.984375,0.0760173601740968,2.600788078454624,-4.073815611681744,-3.658536876001196,-2.081963128290595,1.5380037584234658,-0.1625360533989283,3.9586751454364975,-0.3660906388468812,1.248030214422513
67.0,33.0,129.9914093017578,-0.0380169038101043,2.729709705014016,-4.336924239500395,-3.6177526612456816,-1.9118066846635968,1.3131883420984016,-0.3161696439311621,3.930562015587752,-0.4129557589152224,1.3707697705931332
67.0,33.0,129.89617919921875,0.0066075330749769,2.7154591058443485,-4.168166699641058,-3.6754328157844673,-1.918121464395817,1.311019182531595,-0.1440165559911584,3.954759564771853,-0.3867828208520366,1.3051207129160098
67.0,33.0,129.89517211914062,-0.0107851787211094,2.6617659039829498,-4.146503293995528,-3.657686450307665,-1.9417080098062267,1.2768881004710024,-0.0899501076959111,4.00231415949571,-0.3890244372938295,1.317275305422831
67.0,33.0,129.90121459960938,-0.0011488052867805,2.684894093384913,-4.159364094605187,-3.649975222469936,-1.940313827838545,1.435929989566427,-0.0920113929487865,3.928691522059284,-0.3979570553134727,1.297141771252945
67.0,33.0,129.89633178710938,-0.0180984020745444,2.723056479366268,-4.126285923655242,-3.6875163215756857,-1.9372415023516003,1.3655512640020449,-0.1240143441574743,3.944844631630754,-0.3754972306907273,1.2598482264222175
67.0,33.0,129.89764404296875,-0.0007198332026983,2.717190114745551,-4.116465983987337,-3.675658934172872,-1.958303162244033,1.3457514067441414,-0.0828586596219707,3.8801120878131536,-0.3911470351303301,1.3117357979761124
67.0,33.0,130.0770721435547,-0.029296601051338,2.5537685792955185,-4.063933565743401,-3.511356498937628,-1.5538478085163274,1.3750911268129078,-0.0568415122700046,3.9514367949245934,-0.3866649758131442,1.3567630178245984
67.0,33.0,129.95953369140625,0.0415280186747303,2.629538551729826,-4.192244703537267,-3.667939175630838,-2.060295114022268,1.385333277647006,-0.237973002604721,3.8787872310754143,-0.3750888723911006,1.2264505569528743
67.0,33.0,129.93453979492188,0.0326370415227638,2.726862600760478,-4.0972641292177645,-3.7241156165239824,-1.9265840899799271,1.188725769969459,-0.1336495370168879,3.910661687584052,-0.4095857189526423,1.2078874373601536
67.0,33.0,129.9322967529297,0.0106970100281389,2.703974866588152,-4.158854114337622,-3.68094841246624,-1.8180964672297293,1.1979463923548928,-0.1374101396778135,4.006292745187755,-0.3809551104272511,1.2542165618453756
67.0,33.0,129.89849853515625,-0.0395234739776462,2.716169580375362,-4.167994454813144,-3.653878096153517,-1.872749503107793,1.2948292751704795,-0.1254927714868734,3.9994340105661874,-0.4072578365967544,1.2781229350442616
67.0,33.0,129.8865966796875,-0.0329050341844034,2.6750907278848914,-4.133726768929593,-3.637972963840137,-1.9298180653521635,1.3636520730621793,-0.0977112499202529,3.957958938242328,-0.4311137841518704,1.3240589131302805
67.0,33.0,129.9066925048828,0.0093486160775217,2.716027624133097,-4.049382509209735,-3.683454531940767,-1.958841077882711,1.3654438035423375,-0.0863781989207675,4.011303901721716,-0.3872762950299806,1.2332312633012126
67.0,33.0,129.99020385742188,-0.0605158602766467,2.733438068348429,-4.162703890670114,-3.578455846845127,-1.9435713466906952,1.1629004202290574,-0.289155617044993,3.9607472628457616,-0.3643023866803258,1.1948995749948732
67.0,33.0,129.9021453857422,0.0078407026558051,2.7199230892219584,-4.1496934748940975,-3.6622978256020886,-1.9585135303684964,1.3319997471660137,-0.1810662291623848,3.9680510696596007,-0.4755041468940189,1.2553526327739135
67.0,33.0,129.93014526367188,-0.0145739832651757,2.706907443855892,-4.095097146854114,-3.677760352019277,-1.956855031710912,1.3529148750259854,-0.161874883087365,3.983587730139383,-0.3691368780737533,1.5072430864445967
67.0,33.0,129.8895721435547,-0.0082801644455658,2.698701309437584,-4.1266675664155,-3.660426793841304,-1.954682807807101,1.3660595829654836,-0.0746299489431384,3.9390379570488543,-0.4052072961367082,1.3158041871571065
67.0,33.0,129.91697692871094,0.0705505436218637,2.670220194424956,-4.0953714022404455,-3.750846857568831,-1.9659466581503169,1.3077883041262566,-0.0875535821060782,4.079083476578677,-0.4371974247918824,1.3235789368612347
67.0,33.0,130.0364990234375,-0.0013810828053141,2.679108024324235,-4.075695973423922,-3.53577896202847,-1.900457712273736,1.311356430473875,-0.1406071124944164,3.662883457464235,-0.3485316607710497,1.161862394808745
67.0,33.0,129.89645385742188,-0.0465976456625256,2.7442933074251465,-4.142248823739965,-3.692023439826397,-1.9260140544437323,1.388585503173494,-0.115349056435147,3.964140913686207,-0.3916460314268543,1.2713049263250211
67.0,33.0,129.8939971923828,-0.0547237114219617,2.6491289409111203,-4.150262431365292,-3.636848732732373,-1.899598399059509,1.3755431213150056,-0.0793830135472521,3.9386038710050335,-0.4145114393742301,1.277844759504981
67.0,33.0,129.893798828125,0.0144540204584044,2.6806945058570006,-4.1368727772055305,-3.650876465024894,-2.0003710001492903,1.354645223984719,-0.0835427670589643,3.973560890877937,-0.4401370689784287,1.3272183723991349
67.0,33.0,129.8917694091797,0.0033995556889284,2.6514031460786787,-4.157131138188277,-3.702736176091841,-1.920303259998553,1.3726100410798898,-0.1053581215028732,3.9635313062250734,-0.4090166326531153,1.3526889597577425
67.0,33.0,129.89468383789062,-0.0175445075031959,2.7205963754044773,-4.153400200293471,-3.6908788901248486,-1.9361153163428173,1.3599060601871904,-0.1181558396368183,3.982079777694256,-0.3892429884721616,1.2645623330740046
67.0,33.0,129.89932250976562,-0.0062472750658334,2.717439897423642,-4.136991500812312,-3.690198086818796,-1.9457941112860164,1.2418963836479164,-0.08519799444451,3.9680725121613007,-0.3944001638681033,1.321506247094678
67.0,33.0,129.89479064941406,-0.0232893209792553,2.7183451739327467,-4.1607511696678205,-3.702435831628252,-1.945615638472228,1.3650562914038074,-0.1253731896013485,3.9806436928474938,-0.4027169881027774,1.2648976529206246
67.0,33.0,129.9213104248047,0.034483062133799,2.7007413650477425,-4.218265097685872,-3.667537027119139,-2.012582330929824,1.3090342463606748,-0.0162708963853437,4.036175740789945,-0.417522819629139,1.3132021471946214
67.0,33.0,129.98561096191406,0.0227115791963862,2.4314131014211977,-4.167747194611776,-3.643579137141304,-1.997131525054029,1.4177934746255076,-0.1268422522403323,3.8331561430522014,-0.4915501966184476,1.3207165113125758
67.0,33.0,129.9015350341797,-0.0026351776082565,2.7127545390251,-4.149540190985892,-3.688972731563651,-1.997505996136231,1.3878635718841346,-0.0757140876488137,4.02449826598947,-0.4121971848707184,1.3668385272420525
67.0,33.0,129.8927001953125,-0.0141131065796756,2.7177470639834937,-4.1376600708959,-3.676105148029925,-1.9841431554858164,1.3203195247310908,-0.0903575822966546,3.977768172881703,-0.3991176302243867,1.2982038270471126
67.0,34.0,129.8959503173828,-0.0728981319099446,2.660472638608605,-4.14853563607238,-3.61689657239506,-1.876366486889076,1.3081374378572443,-0.0828233059692676,3.9866919918356913,-0.4159149110162886,1.3022444661328856
67.0,34.0,129.90243530273438,0.0154294489000197,2.703384855482716,-4.073093570611902,-3.734565571754388,-1.9509482750639529,1.364906241045292,-0.0625807785893388,4.021312014024134,-0.3907138993235253,1.2770124403853464
67.0,34.0,129.9290313720703,-0.0409578902416346,2.808990256526257,-4.159444353829292,-3.776389913547345,-1.982267965973604,1.275942703365267,-0.1414829825112644,4.04301082329991,-0.4059984134284261,1.2890865780626375
67.0,34.0,129.90541076660156,0.0355634944349758,2.711343956929721,-4.150795437936099,-3.705096186469836,-1.911459186550068,1.3606245689739551,-0.1344982594593901,4.009712519039214,-0.3861515704407407,1.243026013073124
67.0,34.0,129.89161682128906,-0.0259705119075232,2.7333010641264446,-4.146647947240702,-3.703115072809208,-1.9513534870220963,1.3323007232526982,-0.075375765658982,3.96816944889162,-0.4090316144604453,1.3567458303463844
67.0,34.0,129.98141479492188,0.0393104523719378,2.5773111860832616,-4.211689715725557,-3.682926224098401,-2.098675461642384,1.5059657530384265,-0.0779682078069493,3.8648914589232,-0.3814381903925685,1.3322155057675025
67.0,34.0,130.01710510253906,-0.0327235798028152,2.571219651891408,-4.154841151753655,-3.8738234764345982,-2.011415761345443,1.4391552021363851,-0.0970354374559503,3.7326606300678447,-0.3624680340982921,1.25619089212282
67.0,34.0,129.92251586914062,-0.0982755744463569,2.6609494046918614,-4.167863483504398,-3.682766209276212,-1.7973624781182242,1.4099921167969895,-0.1034909962692047,3.8975795625245246,-0.4487035773136529,1.4011321782911046
67.0,34.0,129.90579223632812,0.0334515069124931,2.710080085975165,-4.152644782866364,-3.725999320376887,-1.924352784147097,1.3523169099132777,-0.1193170359478859,4.005049987163142,-0.3946322993384857,1.2328252278976155
67.0,34.0,130.1167755126953,-0.0267555084591962,2.6607423910703085,-3.775727979636504,-3.709995415363234,-1.989450043205644,1.2625901650438889,0.0119661033277828,3.658387337420693,-0.4395275063530627,1.3350645818898823
67.0,34.0,129.93295288085938,0.0547640815953335,2.6373375941625614,-4.142071617116765,-3.693645062146833,-2.049054988086535,1.3662659655569709,-0.137361236523673,4.1056099787958615,-0.4299173230528136,1.3030612237097847
67.0,34.0,129.8902587890625,-0.0329551634797592,2.6486616795426867,-4.111497878234229,-3.624594623566633,-1.8902190862943928,1.3622359421636876,-0.0971136858383357,3.950360200508527,-0.4245420163021118,1.3148907097669331
67.0,34.0,129.91690063476562,-0.0521194054534806,2.672765505662349,-4.1448104471101175,-3.6493405348095656,-1.9929197326186496,1.2313677164447432,-0.0732945530175367,3.923800182066304,-0.3999364330321678,1.4249933982311644
67.0,34.0,129.888671875,-0.0342493734042951,2.6602524405499124,-4.148401663502101,-3.648268385005912,-1.9119618197503505,1.3626414776015865,-0.0829779553669199,3.9517022729973776,-0.4109588355558278,1.307877727954841
67.0,34.0,129.93167114257812,-0.0156760800690062,2.7082032161488434,-4.078486600399945,-3.6729093546601295,-2.0112612556224594,1.39989130518308,-0.0574092948251511,4.138887335580414,-0.4893524499114827,1.303667628869826
67.0,34.0,129.89578247070312,-0.0410751831359612,2.6574516992349007,-4.14302149828655,-3.691086712762182,-1.9353516547748904,1.3437390784297365,-0.0859588609943878,3.898493194502957,-0.5195521331763737,1.336524049720606
67.0,34.0,129.89700317382812,0.0005576976570602,2.7207604300228234,-4.158933140889146,-3.669440087268869,-1.959816838393552,1.2980284701546176,-0.0578880853426942,4.010204916301912,-0.4117324382761694,1.299451247779872
67.0,34.0,129.8934783935547,-0.0252147992153897,2.7197877511413764,-4.152403990440039,-3.644335746072695,-1.9822597333621403,1.3670064405290567,-0.0965954652747087,3.974593545826564,-0.4109370127488936,1.3461207195282556
67.0,34.0,129.90676879882812,-0.0390883197050635,2.6783320572332627,-4.17493530220294,-3.79164344992683,-1.976231460150732,1.3564338601562032,-0.0513619873598699,3.9552496688752217,-0.4047352652868337,1.3401093321487685
67.0,34.0,129.984375,0.0760173601740968,2.600788078454624,-4.073815611681744,-3.658536876001196,-2.081963128290595,1.5380037584234658,-0.1625360533989283,3.9586751454364975,-0.3660906388468812,1.248030214422513
67.0,34.0,129.9914093017578,-0.0380169038101043,2.729709705014016,-4.336924239500395,-3.6177526612456816,-1.9118066846635968,1.3131883420984016,-0.3161696439311621,3.930562015587752,-0.4129557589152224,1.3707697705931332
67.0,34.0,129.89617919921875,0.0066075330749769,2.7154591058443485,-4.168166699641058,-3.6754328157844673,-1.918121464395817,1.311019182531595,-0.1440165559911584,3.954759564771853,-0.3867828208520366,1.3051207129160098
67.0,34.0,129.89517211914062,-0.0107851787211094,2.6617659039829498,-4.146503293995528,-3.657686450307665,-1.9417080098062267,1.2768881004710024,-0.0899501076959111,4.00231415949571,-0.3890244372938295,1.317275305422831
67.0,34.0,129.89390563964844,-0.0330720526723263,2.6981232833876314,-4.108077235349303,-3.6256019472177607,-1.9496913071148607,1.4163963205695806,-0.0894757937538531,3.9485060937017753,-0.4329952210622609,1.3086979730161823
67.0,34.0,129.89633178710938,-0.0180984020745444,2.723056479366268,-4.126285923655242,-3.6875163215756857,-1.9372415023516003,1.3655512640020449,-0.1240143441574743,3.944844631630754,-0.3754972306907273,1.2598482264222175
67.0,34.0,129.89764404296875,-0.0007198332026983,2.717190114745551,-4.116465983987337,-3.675658934172872,-1.958303162244033,1.3457514067441414,-0.0828586596219707,3.8801120878131536,-0.3911470351303301,1.3117357979761124
67.0,34.0,130.01235961914062,-0.0411735178040636,2.564875575653863,-3.958083710501586,-3.5815861664156534,-1.6504271646246351,1.3621442852304295,-0.0558419471418636,3.9646616761632254,-0.4747107759431095,1.3612998963843452
67.0,34.0,129.95953369140625,0.0415280186747303,2.629538551729826,-4.192244703537267,-3.667939175630838,-2.060295114022268,1.385333277647006,-0.237973002604721,3.8787872310754143,-0.3750888723911006,1.2264505569528743
67.0,34.0,129.8889923095703,-0.0400481702414285,2.7048934028386715,-4.152894195850621,-3.6676629509322463,-1.9359048396590883,1.3497650019976128,-0.1481350864368301,3.969848251116401,-0.4308867728191285,1.3436974042552792
67.0,34.0,129.9322967529297,0.0106970100281389,2.703974866588152,-4.158854114337622,-3.68094841246624,-1.8180964672297293,1.1979463923548928,-0.1374101396778135,4.006292745187755,-0.3809551104272511,1.2542165618453756
67.0,34.0,129.89849853515625,-0.0395234739776462,2.716169580375362,-4.167994454813144,-3.653878096153517,-1.872749503107793,1.2948292751704795,-0.1254927714868734,3.9994340105661874,-0.4072578365967544,1.2781229350442616
67.0,34.0,129.8865966796875,-0.0329050341844034,2.6750907278848914,-4.133726768929593,-3.637972963840137,-1.9298180653521635,1.3636520730621793,-0.0977112499202529,3.957958938242328,-0.4311137841518704,1.3240589131302805
67.0,34.0,129.9066925048828,0.0093486160775217,2.716027624133097,-4.049382509209735,-3.683454531940767,-1.958841077882711,1.3654438035423375,-0.0863781989207675,4.011303901721716,-0.3872762950299806,1.2332312633012126
67.0,34.0,129.99020385742188,-0.0605158602766467,2.733438068348429,-4.162703890670114,-3.578455846845127,-1.9435713466906952,1.1629004202290574,-0.289155617044993,3.9607472628457616,-0.3643023866803258,1.1948995749948732
67.0,34.0,129.9021453857422,0.0078407026558051,2.7199230892219584,-4.1496934748940975,-3.6622978256020886,-1.9585135303684964,1.3319997471660137,-0.1810662291623848,3.9680510696596007,-0.4755041468940189,1.2553526327739135
67.0,34.0,129.91293334960938,0.0084010797597309,2.705952470419892,-4.243655622381114,-3.668036928327757,-1.9609845889419228,1.365754838651967,-0.1124664349490373,3.955023778994789,-0.3631681638018334,1.2867021780499726
67.0,34.0,129.88685607910156,-0.0293174939781884,2.6909356324379043,-4.13563348534151,-3.635807647264933,-1.934474449110391,1.3402842112897635,-0.0860828777360202,3.9487013147777743,-0.430781429584785,1.327220860643718
67.0,34.0,129.9124298095703,-0.0313272709604718,2.6788226949899587,-4.085967721934679,-3.625533451899314,-1.9199664984648104,1.3486502079505778,-0.0971594536883272,4.102106728525072,-0.3938710916826357,1.3810826174082156
67.0,34.0,130.02349853515625,-0.0287718920096053,2.659155149247804,-4.043245407546094,-3.74196749867134,-1.9617144987957709,1.0929488948319264,-0.2892973978410864,3.8797253600644575,-0.5511303057570816,1.211154754368302
67.0,34.0,129.89645385742188,-0.0465976456625256,2.7442933074251465,-4.142248823739965,-3.692023439826397,-1.9260140544437323,1.388585503173494,-0.115349056435147,3.964140913686207,-0.3916460314268543,1.2713049263250211
67.0,34.0,129.8866729736328,-0.0517499158576586,2.653544342423406,-4.126283531528292,-3.639302855986866,-1.9352617203636788,1.3318623703666823,-0.101898411238405,3.967075060388732,-0.4455238284448691,1.3209229482669154
67.0,34.0,129.893798828125,0.0144540204584044,2.6806945058570006,-4.1368727772055305,-3.650876465024894,-2.0003710001492903,1.354645223984719,-0.0835427670589643,3.973560890877937,-0.4401370689784287,1.3272183723991349
67.0,34.0,129.8882598876953,-0.0381937379853324,2.685415438503176,-4.131140111304605,-3.6302121440395534,-1.9610770533425883,1.3506826045618592,-0.0873848755517324,3.968599415574894,-0.444599959629982,1.3417646880836984
67.0,34.0,129.89468383789062,-0.0175445075031959,2.7205963754044773,-4.153400200293471,-3.6908788901248486,-1.9361153163428173,1.3599060601871904,-0.1181558396368183,3.982079777694256,-0.3892429884721616,1.2645623330740046
67.0,34.0,129.89804077148438,-0.0430164217778785,2.711560733425952,-4.101751318393275,-3.653140333030071,-1.9928168703493216,1.253867913537705,-0.0935027199309853,3.9688231472882576,-0.4285167775829012,1.3381685846960611
67.0,34.0,129.89479064941406,-0.0232893209792553,2.7183451739327467,-4.1607511696678205,-3.702435831628252,-1.945615638472228,1.3650562914038074,-0.1253731896013485,3.9806436928474938,-0.4027169881027774,1.2648976529206246
67.0,34.0,129.9213104248047,0.034483062133799,2.7007413650477425,-4.218265097685872,-3.667537027119139,-2.012582330929824,1.3090342463606748,-0.0162708963853437,4.036175740789945,-0.417522819629139,1.3132021471946214
67.0,34.0,129.9526824951172,-0.0527587037478178,2.7337834328062973,-4.128777388786348,-3.5931709532611484,-1.9422377183950832,1.5371893857387926,-0.148843371015027,3.845458449434184,-0.4943154492149199,1.3037006577578096
67.0,34.0,129.896240234375,-0.0308613746381024,2.734150682075822,-4.12128720365819,-3.640294820932532,-1.9856013872145104,1.3445125892267218,-0.0681068091994644,3.911846699946556,-0.4321195789370541,1.295370369478248
67.0,34.0,129.8927001953125,-0.0141131065796756,2.7177470639834937,-4.1376600708959,-3.676105148029925,-1.9841431554858164,1.3203195247310908,-0.0903575822966546,3.977768172881703,-0.3991176302243867,1.2982038270471126
67.0,35.0,129.8932647705078,-0.0631440577546337,2.694398015466501,-4.14536834442812,-3.635223563327384,-1.9260583218539984,1.4080344676803065,-0.0951437258822966,3.968883950780032,-0.4142472276192752,1.3017782562843268
67.0,35.0,129.90243530273438,0.0154294489000197,2.703384855482716,-4.073093570611902,-3.734565571754388,-1.9509482750639529,1.364906241045292,-0.0625807785893388,4.021312014024134,-0.3907138993235253,1.2770124403853464
67.0,35.0,129.9290313720703,-0.0409578902416346,2.808990256526257,-4.159444353829292,-3.776389913547345,-1.982267965973604,1.275942703365267,-0.1414829825112644,4.04301082329991,-0.4059984134284261,1.2890865780626375
67.0,35.0,129.90541076660156,0.0355634944349758,2.711343956929721,-4.150795437936099,-3.705096186469836,-1.911459186550068,1.3606245689739551,-0.1344982594593901,4.009712519039214,-0.3861515704407407,1.243026013073124
67.0,35.0,129.88851928710938,-0.0304537501449267,2.7074036709885845,-4.1589337492223,-3.69581982252068,-1.9574052774887185,1.3422068689636208,-0.0788497990645805,3.957993970931623,-0.4404045748109564,1.3455513258858642
67.0,35.0,129.98141479492188,0.0393104523719378,2.5773111860832616,-4.211689715725557,-3.682926224098401,-2.098675461642384,1.5059657530384265,-0.0779682078069493,3.8648914589232,-0.3814381903925685,1.3322155057675025
67.0,35.0,130.01710510253906,-0.0327235798028152,2.571219651891408,-4.154841151753655,-3.8738234764345982,-2.011415761345443,1.4391552021363851,-0.0970354374559503,3.7326606300678447,-0.3624680340982921,1.25619089212282
67.0,35.0,129.90895080566406,0.0049601096354915,2.6954339869547104,-4.143905115042943,-3.591663039539283,-1.994712810375508,1.4132765900941788,-0.0953052939994175,3.9345185242117857,-0.4524902548867555,1.383996673526275
67.0,35.0,129.90579223632812,0.0334515069124931,2.710080085975165,-4.152644782866364,-3.725999320376887,-1.924352784147097,1.3523169099132777,-0.1193170359478859,4.005049987163142,-0.3946322993384857,1.2328252278976155
67.0,35.0,130.1167755126953,-0.0267555084591962,2.6607423910703085,-3.775727979636504,-3.709995415363234,-1.989450043205644,1.2625901650438889,0.0119661033277828,3.658387337420693,-0.4395275063530627,1.3350645818898823
67.0,35.0,129.93295288085938,0.0547640815953335,2.6373375941625614,-4.142071617116765,-3.693645062146833,-2.049054988086535,1.3662659655569709,-0.137361236523673,4.1056099787958615,-0.4299173230528136,1.3030612237097847
67.0,35.0,129.89015197753906,-0.0295870326291752,2.672670633965163,-4.070303136787232,-3.624178345152464,-1.9060327194767432,1.3668267173992883,-0.0989157157440376,3.960843139290561,-0.4362745471342936,1.331041963382107
67.0,35.0,129.91519165039062,-0.0324671452098818,2.7042848916524944,-4.14768804752871,-3.658877175474359,-2.025865327475151,1.2428339608514365,-0.0914518816286402,3.919309392571125,-0.389178369638466,1.2536786367164172
67.0,35.0,129.888671875,-0.0342493734042951,2.6602524405499124,-4.148401663502101,-3.648268385005912,-1.9119618197503505,1.3626414776015865,-0.0829779553669199,3.9517022729973776,-0.4109588355558278,1.307877727954841
67.0,35.0,129.92076110839844,-0.0167897746014191,2.7275932765287214,-4.000879763482347,-3.635916266620361,-1.8135163833490269,1.4170551662745647,-0.092214520197945,3.946252671610723,-0.420597054443049,1.3069178157258552
67.0,35.0,129.89161682128906,-0.0310222705974568,2.6279988305815087,-4.127951421891575,-3.6188218371009286,-1.9166941730195304,1.345142054480073,-0.0831184681530042,3.9415276672890425,-0.4304470026883957,1.3269738752108091
67.0,35.0,129.89700317382812,0.0005576976570602,2.7207604300228234,-4.158933140889146,-3.669440087268869,-1.959816838393552,1.2980284701546176,-0.0578880853426942,4.010204916301912,-0.4117324382761694,1.299451247779872
67.0,35.0,129.8934783935547,-0.0252147992153897,2.7197877511413764,-4.152403990440039,-3.644335746072695,-1.9822597333621403,1.3670064405290567,-0.0965954652747087,3.974593545826564,-0.4109370127488936,1.3461207195282556
67.0,35.0,129.9008331298828,-0.0738778679398085,2.678324500372676,-4.103012825686735,-3.673194387019106,-1.9665927493452124,1.3910864312098683,-0.1119064533869912,3.9469550432623146,-0.4450008147598551,1.2184824847587543
67.0,35.0,129.984375,0.0760173601740968,2.600788078454624,-4.073815611681744,-3.658536876001196,-2.081963128290595,1.5380037584234658,-0.1625360533989283,3.9586751454364975,-0.3660906388468812,1.248030214422513
67.0,35.0,129.9914093017578,-0.0380169038101043,2.729709705014016,-4.336924239500395,-3.6177526612456816,-1.9118066846635968,1.3131883420984016,-0.3161696439311621,3.930562015587752,-0.4129557589152224,1.3707697705931332
67.0,35.0,129.89617919921875,0.0066075330749769,2.7154591058443485,-4.168166699641058,-3.6754328157844673,-1.918121464395817,1.311019182531595,-0.1440165559911584,3.954759564771853,-0.3867828208520366,1.3051207129160098
67.0,35.0,129.89517211914062,-0.0107851787211094,2.6617659039829498,-4.146503293995528,-3.657686450307665,-1.9417080098062267,1.2768881004710024,-0.0899501076959111,4.00231415949571,-0.3890244372938295,1.317275305422831
67.0,35.0,129.8887176513672,-0.0453623124317114,2.6617608908383263,-4.127600710332079,-3.6189920641925815,-1.9117030026839976,1.350786724633492,-0.1013915218198895,3.9586130914554376,-0.446026717141856,1.342071217463135
67.0,35.0,129.89633178710938,-0.0180984020745444,2.723056479366268,-4.126285923655242,-3.6875163215756857,-1.9372415023516003,1.3655512640020449,-0.1240143441574743,3.944844631630754,-0.3754972306907273,1.2598482264222175
67.0,35.0,129.89019775390625,-0.0241081877455955,2.727638877834814,-4.077674703917865,-3.650457320364702,-1.9069013476668728,1.3445215159104609,-0.0982699164825035,3.945714364079932,-0.4081619143486644,1.3219666996904778
67.0,35.0,129.8991241455078,-0.0388775854612212,2.696208705234484,-4.21046443755989,-3.6183252012533536,-1.893011909477436,1.357679357861784,-0.1106882263728918,3.965091701900055,-0.4469414012895593,1.2933523585600692
67.0,35.0,129.92227172851562,0.0033907946772941,2.6143773530167698,-4.153454411883946,-3.634743082187192,-1.9442801976047408,1.3138133335124274,-0.0946748093564582,3.9010944091328192,-0.2908656743227333,1.3420299352866696
67.0,35.0,129.8889923095703,-0.0400481702414285,2.7048934028386715,-4.152894195850621,-3.6676629509322463,-1.9359048396590883,1.3497650019976128,-0.1481350864368301,3.969848251116401,-0.4308867728191285,1.3436974042552792
67.0,35.0,129.9322967529297,0.0106970100281389,2.703974866588152,-4.158854114337622,-3.68094841246624,-1.8180964672297293,1.1979463923548928,-0.1374101396778135,4.006292745187755,-0.3809551104272511,1.2542165618453756
67.0,35.0,129.89849853515625,-0.0395234739776462,2.716169580375362,-4.167994454813144,-3.653878096153517,-1.872749503107793,1.2948292751704795,-0.1254927714868734,3.9994340105661874,-0.4072578365967544,1.2781229350442616
67.0,35.0,129.8865966796875,-0.0329050341844034,2.6750907278848914,-4.133726768929593,-3.637972963840137,-1.9298180653521635,1.3636520730621793,-0.0977112499202529,3.957958938242328,-0.4311137841518704,1.3240589131302805
67.0,35.0,129.9066925048828,0.0093486160775217,2.716027624133097,-4.049382509209735,-3.683454531940767,-1.958841077882711,1.3654438035423375,-0.0863781989207675,4.011303901721716,-0.3872762950299806,1.2332312633012126
67.0,35.0,129.99020385742188,-0.0605158602766467,2.733438068348429,-4.162703890670114,-3.578455846845127,-1.9435713466906952,1.1629004202290574,-0.289155617044993,3.9607472628457616,-0.3643023866803258,1.1948995749948732
67.0,35.0,129.9021453857422,0.0078407026558051,2.7199230892219584,-4.1496934748940975,-3.6622978256020886,-1.9585135303684964,1.3319997471660137,-0.1810662291623848,3.9680510696596007,-0.4755041468940189,1.2553526327739135
67.0,35.0,129.89881896972656,-0.0342405905568977,2.6653764767981856,-4.161543723308413,-3.648518380732058,-1.9074497910194164,1.358352783966629,-0.0790706346614507,3.9530972128208175,-0.411603885811809,1.2255621929360965
67.0,35.0,129.8866729736328,-0.0371566871047304,2.689130588501726,-4.131743746626557,-3.634080810832296,-1.9310471950351824,1.32673752140301,-0.1156920266670758,3.962075244059822,-0.4434532569646704,1.3311830193153062
67.0,35.0,129.90097045898438,-0.0788404766236933,2.683501678562413,-4.094848896910993,-3.6304394175051233,-1.945938895594313,1.3804020994577275,-0.1038868793300083,3.8925710727996266,-0.4141292175586675,1.254686144920301
67.0,35.0,129.9797821044922,-0.0468275939424574,2.645505154072732,-4.043240602479826,-3.74564034818425,-1.9250105123023304,1.566719943174654,-0.2620293740726552,3.899177006095548,-0.4776967301036676,1.2772361973898718
67.0,35.0,129.89645385742188,-0.0465976456625256,2.7442933074251465,-4.142248823739965,-3.692023439826397,-1.9260140544437323,1.388585503173494,-0.115349056435147,3.964140913686207,-0.3916460314268543,1.2713049263250211
67.0,35.0,129.8866729736328,-0.0517499158576586,2.653544342423406,-4.126283531528292,-3.639302855986866,-1.9352617203636788,1.3318623703666823,-0.101898411238405,3.967075060388732,-0.4455238284448691,1.3209229482669154
67.0,35.0,129.893798828125,0.0144540204584044,2.6806945058570006,-4.1368727772055305,-3.650876465024894,-2.0003710001492903,1.354645223984719,-0.0835427670589643,3.973560890877937,-0.4401370689784287,1.3272183723991349
67.0,35.0,129.8882598876953,-0.0381937379853324,2.685415438503176,-4.131140111304605,-3.6302121440395534,-1.9610770533425883,1.3506826045618592,-0.0873848755517324,3.968599415574894,-0.444599959629982,1.3417646880836984
67.0,35.0,129.89468383789062,-0.0175445075031959,2.7205963754044773,-4.153400200293471,-3.6908788901248486,-1.9361153163428173,1.3599060601871904,-0.1181558396368183,3.982079777694256,-0.3892429884721616,1.2645623330740046
67.0,35.0,129.89549255371094,-0.0453622865428021,2.675126573337186,-4.149342199636734,-3.6285662995396577,-1.8818411706207727,1.41673086896793,-0.0943088739511843,3.9714216759417327,-0.4342025739092681,1.329226310971909
67.0,35.0,129.89479064941406,-0.0232893209792553,2.7183451739327467,-4.1607511696678205,-3.702435831628252,-1.945615638472228,1.3650562914038074,-0.1253731896013485,3.9806436928474938,-0.4027169881027774,1.2648976529206246
67.0,35.0,129.9213104248047,0.034483062133799,2.7007413650477425,-4.218265097685872,-3.667537027119139,-2.012582330929824,1.3090342463606748,-0.0162708963853437,4.036175740789945,-0.417522819629139,1.3132021471946214
67.0,35.0,129.91893005371094,-0.065968144324594,2.8498700225498927,-4.113616457728799,-3.626452971035758,-1.9074383321239097,1.324953225709719,-0.1315801350713025,3.922354689010142,-0.4482993647342145,1.3164960565765231
67.0,35.0,129.89141845703125,-0.0422621224258647,2.685429436598835,-4.129757418583328,-3.632049173422648,-1.9116613109690008,1.3617181725508305,-0.0990658434630079,3.901775696727375,-0.4362824644658173,1.298925395269091
67.0,35.0,129.8927001953125,-0.0141131065796756,2.7177470639834937,-4.1376600708959,-3.676105148029925,-1.9841431554858164,1.3203195247310908,-0.0903575822966546,3.977768172881703,-0.3991176302243867,1.2982038270471126
67.0,36.0,129.8932647705078,-0.0631440577546337,2.694398015466501,-4.14536834442812,-3.635223563327384,-1.9260583218539984,1.4080344676803065,-0.0951437258822966,3.968883950780032,-0.4142472276192752,1.3017782562843268
67.0,36.0,129.90243530273438,0.0154294489000197,2.703384855482716,-4.073093570611902,-3.734565571754388,-1.9509482750639529,1.364906241045292,-0.0625807785893388,4.021312014024134,-0.3907138993235253,1.2770124403853464
67.0,36.0,129.9290313720703,-0.0409578902416346,2.808990256526257,-4.159444353829292,-3.776389913547345,-1.982267965973604,1.275942703365267,-0.1414829825112644,4.04301082329991,-0.4059984134284261,1.2890865780626375
67.0,36.0,129.90541076660156,0.0355634944349758,2.711343956929721,-4.150795437936099,-3.705096186469836,-1.911459186550068,1.3606245689739551,-0.1344982594593901,4.009712519039214,-0.3861515704407407,1.243026013073124
67.0,36.0,129.88851928710938,-0.0304537501449267,2.7074036709885845,-4.1589337492223,-3.69581982252068,-1.9574052774887185,1.3422068689636208,-0.0788497990645805,3.957993970931623,-0.4404045748109564,1.3455513258858642
67.0,36.0,129.98141479492188,0.0393104523719378,2.5773111860832616,-4.211689715725557,-3.682926224098401,-2.098675461642384,1.5059657530384265,-0.0779682078069493,3.8648914589232,-0.3814381903925685,1.3322155057675025
67.0,36.0,129.98757934570312,0.0017302701777208,2.692284540592947,-4.137891815140329,-3.4424812330031305,-1.9752583052508563,1.4326668547419783,-0.0902415217995661,4.074996150811866,-0.3861354800210871,1.185360317020506
67.0,36.0,129.90521240234375,0.0316340950003273,2.6890367805501127,-4.116590059890336,-3.587401683132865,-1.998672510518705,1.3927292495861778,-0.0948197814325253,3.954439634340751,-0.4485899036184514,1.3189027095333703
67.0,36.0,129.8938446044922,-0.0243167064702032,2.7038989743730246,-4.132788207691245,-3.70818950585347,-1.91501487003209,1.3035468067304845,-0.0708406191324855,3.9319115821539294,-0.3921872318084065,1.3717913635758274
67.0,36.0,130.1167755126953,-0.0267555084591962,2.6607423910703085,-3.775727979636504,-3.709995415363234,-1.989450043205644,1.2625901650438889,0.0119661033277828,3.658387337420693,-0.4395275063530627,1.3350645818898823
67.0,36.0,129.92295837402344,0.005083686164507,2.617957918672727,-4.113269024673609,-3.7162187631244334,-2.095831025584467,1.345777725596376,-0.1380930954346934,3.95083872964991,-0.4335657727714385,1.3581018855181124
67.0,36.0,129.887939453125,-0.0329153316256597,2.6870196373925963,-4.139817468850182,-3.639760975044434,-1.9601789400082328,1.3678489821908215,-0.0973064341374368,3.959235487105608,-0.4381051148226636,1.327038085280806
67.0,36.0,129.91519165039062,-0.0324671452098818,2.7042848916524944,-4.14768804752871,-3.658877175474359,-2.025865327475151,1.2428339608514365,-0.0914518816286402,3.919309392571125,-0.389178369638466,1.2536786367164172
67.0,36.0,129.888671875,-0.0342493734042951,2.6602524405499124,-4.148401663502101,-3.648268385005912,-1.9119618197503505,1.3626414776015865,-0.0829779553669199,3.9517022729973776,-0.4109588355558278,1.307877727954841
67.0,36.0,129.92076110839844,-0.0167897746014191,2.7275932765287214,-4.000879763482347,-3.635916266620361,-1.8135163833490269,1.4170551662745647,-0.092214520197945,3.946252671610723,-0.420597054443049,1.3069178157258552
67.0,36.0,129.88807678222656,-0.0326023176461831,2.693847758439365,-4.132368241972117,-3.630237273474106,-1.9275655020673093,1.349107400363693,-0.1073340202262528,3.9609458671803495,-0.4173817812391251,1.2979669080293257
67.0,36.0,129.89688110351562,0.0119654851692015,2.627840606874193,-4.128987812690752,-3.693380626157213,-1.851909533351981,1.3745840052924116,-0.1115853031965833,3.972524818890801,-0.4299289419377595,1.3031647457040227
67.0,36.0,129.8934783935547,-0.0252147992153897,2.7197877511413764,-4.152403990440039,-3.644335746072695,-1.9822597333621403,1.3670064405290567,-0.0965954652747087,3.974593545826564,-0.4109370127488936,1.3461207195282556
67.0,36.0,129.9008331298828,-0.0738778679398085,2.678324500372676,-4.103012825686735,-3.673194387019106,-1.9665927493452124,1.3910864312098683,-0.1119064533869912,3.9469550432623146,-0.4450008147598551,1.2184824847587543
67.0,36.0,129.984375,0.0760173601740968,2.600788078454624,-4.073815611681744,-3.658536876001196,-2.081963128290595,1.5380037584234658,-0.1625360533989283,3.9586751454364975,-0.3660906388468812,1.248030214422513
67.0,36.0,129.9914093017578,-0.0380169038101043,2.729709705014016,-4.336924239500395,-3.6177526612456816,-1.9118066846635968,1.3131883420984016,-0.3161696439311621,3.930562015587752,-0.4129557589152224,1.3707697705931332
67.0,36.0,129.89617919921875,0.0066075330749769,2.7154591058443485,-4.168166699641058,-3.6754328157844673,-1.918121464395817,1.311019182531595,-0.1440165559911584,3.954759564771853,-0.3867828208520366,1.3051207129160098
67.0,36.0,129.89517211914062,-0.0107851787211094,2.6617659039829498,-4.146503293995528,-3.657686450307665,-1.9417080098062267,1.2768881004710024,-0.0899501076959111,4.00231415949571,-0.3890244372938295,1.317275305422831
67.0,36.0,129.88624572753906,-0.0457951642818131,2.670222961258436,-4.13687922718017,-3.6457046248018607,-1.918554531436112,1.3329609153775472,-0.1052795402873766,3.961873033540391,-0.4355046882660597,1.3450424120427646
67.0,36.0,129.89633178710938,-0.0180984020745444,2.723056479366268,-4.126285923655242,-3.6875163215756857,-1.9372415023516003,1.3655512640020449,-0.1240143441574743,3.944844631630754,-0.3754972306907273,1.2598482264222175
67.0,36.0,129.89019775390625,-0.0241081877455955,2.727638877834814,-4.077674703917865,-3.650457320364702,-1.9069013476668728,1.3445215159104609,-0.0982699164825035,3.945714364079932,-0.4081619143486644,1.3219666996904778
67.0,36.0,129.8991241455078,-0.0388775854612212,2.696208705234484,-4.21046443755989,-3.6183252012533536,-1.893011909477436,1.357679357861784,-0.1106882263728918,3.965091701900055,-0.4469414012895593,1.2933523585600692
67.0,36.0,129.92227172851562,0.0033907946772941,2.6143773530167698,-4.153454411883946,-3.634743082187192,-1.9442801976047408,1.3138133335124274,-0.0946748093564582,3.9010944091328192,-0.2908656743227333,1.3420299352866696
67.0,36.0,129.8889923095703,-0.0400481702414285,2.7048934028386715,-4.152894195850621,-3.6676629509322463,-1.9359048396590883,1.3497650019976128,-0.1481350864368301,3.969848251116401,-0.4308867728191285,1.3436974042552792
67.0,36.0,129.9322967529297,0.0106970100281389,2.703974866588152,-4.158854114337622,-3.68094841246624,-1.8180964672297293,1.1979463923548928,-0.1374101396778135,4.006292745187755,-0.3809551104272511,1.2542165618453756
67.0,36.0,129.89849853515625,-0.0395234739776462,2.716169580375362,-4.167994454813144,-3.653878096153517,-1.872749503107793,1.2948292751704795,-0.1254927714868734,3.9994340105661874,-0.4072578365967544,1.2781229350442616
67.0,36.0,129.8865966796875,-0.0329050341844034,2.6750907278848914,-4.133726768929593,-3.637972963840137,-1.9298180653521635,1.3636520730621793,-0.0977112499202529,3.957958938242328,-0.4311137841518704,1.3240589131302805
67.0,36.0,129.9066925048828,0.0093486160775217,2.716027624133097,-4.049382509209735,-3.683454531940767,-1.958841077882711,1.3654438035423375,-0.0863781989207675,4.011303901721716,-0.3872762950299806,1.2332312633012126
67.0,36.0,129.97300720214844,-0.0621918698116042,2.5996935189930546,-4.190345318481095,-3.665293442165981,-1.8422927158949816,1.2775223806985532,-0.3372681999312875,4.018775604109456,-0.4325603066665468,1.250608396812431
67.0,36.0,129.9021453857422,0.0078407026558051,2.7199230892219584,-4.1496934748940975,-3.6622978256020886,-1.9585135303684964,1.3319997471660137,-0.1810662291623848,3.9680510696596007,-0.4755041468940189,1.2553526327739135
67.0,36.0,129.8950958251953,-0.0505998883295151,2.6653097435235464,-4.096985814400061,-3.63754357419028,-1.89427422216792,1.3648431204437783,-0.0739378965423173,3.9587612344487817,-0.4444369514367741,1.4042257912783644
67.0,36.0,129.8863525390625,-0.0355626941848525,2.668701865849351,-4.130796593344567,-3.633932090531916,-1.9292648712026208,1.3461877612145794,-0.1007114400221246,3.9595944660604734,-0.4363509008810972,1.325723878281108
67.0,36.0,129.90097045898438,-0.0788404766236933,2.683501678562413,-4.094848896910993,-3.6304394175051233,-1.945938895594313,1.3804020994577275,-0.1038868793300083,3.8925710727996266,-0.4141292175586675,1.254686144920301
67.0,36.0,129.95001220703125,-0.0373036342116554,2.6621431838581584,-4.165536083578058,-3.641301290450745,-1.917739967358528,1.5709883556072437,-0.114807338271218,3.997327444502636,-0.3576725318761085,1.312486624854286
67.0,36.0,129.89645385742188,-0.0465976456625256,2.7442933074251465,-4.142248823739965,-3.692023439826397,-1.9260140544437323,1.388585503173494,-0.115349056435147,3.964140913686207,-0.3916460314268543,1.2713049263250211
67.0,36.0,129.8866729736328,-0.0517499158576586,2.653544342423406,-4.126283531528292,-3.639302855986866,-1.9352617203636788,1.3318623703666823,-0.101898411238405,3.967075060388732,-0.4455238284448691,1.3209229482669154
67.0,36.0,129.8907470703125,-0.0247588394204712,2.6569475958596973,-4.128077437991923,-3.672277105084389,-1.979267713117921,1.3623184011396696,-0.0486310060660087,3.9674120952880383,-0.4321868732514523,1.3281116330061131
67.0,36.0,129.8882598876953,-0.0381937379853324,2.685415438503176,-4.131140111304605,-3.6302121440395534,-1.9610770533425883,1.3506826045618592,-0.0873848755517324,3.968599415574894,-0.444599959629982,1.3417646880836984
67.0,36.0,129.89468383789062,-0.0175445075031959,2.7205963754044773,-4.153400200293471,-3.6908788901248486,-1.9361153163428173,1.3599060601871904,-0.1181558396368183,3.982079777694256,-0.3892429884721616,1.2645623330740046
67.0,36.0,129.89549255371094,-0.0453622865428021,2.675126573337186,-4.149342199636734,-3.6285662995396577,-1.8818411706207727,1.41673086896793,-0.0943088739511843,3.9714216759417327,-0.4342025739092681,1.329226310971909
67.0,36.0,129.89479064941406,-0.0232893209792553,2.7183451739327467,-4.1607511696678205,-3.702435831628252,-1.945615638472228,1.3650562914038074,-0.1253731896013485,3.9806436928474938,-0.4027169881027774,1.2648976529206246
67.0,36.0,129.9213104248047,0.034483062133799,2.7007413650477425,-4.218265097685872,-3.667537027119139,-2.012582330929824,1.3090342463606748,-0.0162708963853437,4.036175740789945,-0.417522819629139,1.3132021471946214
67.0,36.0,129.89491271972656,-0.0548826539677971,2.592157884481272,-4.113714175412848,-3.652135295756074,-1.916427938738663,1.3195227681519657,-0.1102339003025923,3.962670383526368,-0.4075884024827024,1.330657451515452
67.0,36.0,129.89141845703125,-0.0422621224258647,2.685429436598835,-4.129757418583328,-3.632049173422648,-1.9116613109690008,1.3617181725508305,-0.0990658434630079,3.901775696727375,-0.4362824644658173,1.298925395269091
67.0,36.0,129.8923797607422,-0.020146414335557,2.7400938437059343,-4.121827861203672,-3.646345026954082,-1.94647802433667,1.3199004067472293,-0.0951977842916179,3.9453072281829247,-0.4885926721172245,1.2983265856075166
67.0,37.0,129.8932647705078,-0.0631440577546337,2.694398015466501,-4.14536834442812,-3.635223563327384,-1.9260583218539984,1.4080344676803065,-0.0951437258822966,3.968883950780032,-0.4142472276192752,1.3017782562843268
67.0,37.0,129.90243530273438,0.0154294489000197,2.703384855482716,-4.073093570611902,-3.734565571754388,-1.9509482750639529,1.364906241045292,-0.0625807785893388,4.021312014024134,-0.3907138993235253,1.2770124403853464
67.0,37.0,129.8989715576172,-0.0402957799239377,2.658466427819022,-4.1347040083609015,-3.6534870036224953,-1.8836375765387448,1.2801063053584167,-0.1816215195663837,3.9853466387177368,-0.4338827394335889,1.3517285515599649
67.0,37.0,129.90541076660156,0.0355634944349758,2.711343956929721,-4.150795437936099,-3.705096186469836,-1.911459186550068,1.3606245689739551,-0.1344982594593901,4.009712519039214,-0.3861515704407407,1.243026013073124
67.0,37.0,129.88851928710938,-0.0304537501449267,2.7074036709885845,-4.1589337492223,-3.69581982252068,-1.9574052774887185,1.3422068689636208,-0.0788497990645805,3.957993970931623,-0.4404045748109564,1.3455513258858642
67.0,37.0,129.98141479492188,0.0393104523719378,2.5773111860832616,-4.211689715725557,-3.682926224098401,-2.098675461642384,1.5059657530384265,-0.0779682078069493,3.8648914589232,-0.3814381903925685,1.3322155057675025
67.0,37.0,129.98667907714844,-0.0749069106092766,2.704181019134459,-4.129338578551023,-3.40616927160627,-1.949943586671929,1.3978293841097598,-0.089062069865292,4.109972496846527,-0.4127935477739528,1.323058592907703
67.0,37.0,129.90478515625,0.0032347538210037,2.6528927453052544,-4.146822667769095,-3.5917730599462243,-1.8322406425241409,1.3295083584994791,-0.1132514137042928,3.9767999611837466,-0.4251797213188066,1.3397609581157854
67.0,37.0,129.8938446044922,-0.0243167064702032,2.7038989743730246,-4.132788207691245,-3.70818950585347,-1.91501487003209,1.3035468067304845,-0.0708406191324855,3.9319115821539294,-0.3921872318084065,1.3717913635758274
67.0,37.0,130.1167755126953,-0.0267555084591962,2.6607423910703085,-3.775727979636504,-3.709995415363234,-1.989450043205644,1.2625901650438889,0.0119661033277828,3.658387337420693,-0.4395275063530627,1.3350645818898823
67.0,37.0,129.8934783935547,0.0265628658206295,2.7050225462176423,-4.122554581536482,-3.680715879954812,-1.9509541754241544,1.3471793869610895,-0.1355416639851188,3.939405261692064,-0.4439854129911099,1.3728363852548862
67.0,37.0,129.887939453125,-0.0329153316256597,2.6870196373925963,-4.139817468850182,-3.639760975044434,-1.9601789400082328,1.3678489821908215,-0.0973064341374368,3.959235487105608,-0.4381051148226636,1.327038085280806
67.0,37.0,129.91519165039062,-0.0324671452098818,2.7042848916524944,-4.14768804752871,-3.658877175474359,-2.025865327475151,1.2428339608514365,-0.0914518816286402,3.919309392571125,-0.389178369638466,1.2536786367164172
67.0,37.0,129.888671875,-0.0342493734042951,2.6602524405499124,-4.148401663502101,-3.648268385005912,-1.9119618197503505,1.3626414776015865,-0.0829779553669199,3.9517022729973776,-0.4109588355558278,1.307877727954841
67.0,37.0,129.92076110839844,-0.0167897746014191,2.7275932765287214,-4.000879763482347,-3.635916266620361,-1.8135163833490269,1.4170551662745647,-0.092214520197945,3.946252671610723,-0.420597054443049,1.3069178157258552
67.0,37.0,129.88665771484375,-0.0565900917519878,2.697214403619244,-4.136798490652345,-3.656477999325386,-1.9225224642195973,1.3168392024807647,-0.1126902771350461,3.9700523272148898,-0.422513746745714,1.333451332392659
67.0,37.0,129.8955078125,0.0054725984982555,2.6072373117822405,-4.135275332688904,-3.650526544253153,-1.909819717523966,1.3763684673559091,-0.1217836549639377,3.945221976836229,-0.433781338370782,1.2987759365017897
67.0,37.0,129.8934783935547,-0.0252147992153897,2.7197877511413764,-4.152403990440039,-3.644335746072695,-1.9822597333621403,1.3670064405290567,-0.0965954652747087,3.974593545826564,-0.4109370127488936,1.3461207195282556
67.0,37.0,129.8939208984375,0.0284243633618026,2.6701090866165287,-4.080396592629373,-3.624861046421248,-1.9505083427477417,1.3328027070324455,-0.1030722284000467,3.9439306416048936,-0.4357550968839027,1.304609556334151
67.0,37.0,129.984375,0.0760173601740968,2.600788078454624,-4.073815611681744,-3.658536876001196,-2.081963128290595,1.5380037584234658,-0.1625360533989283,3.9586751454364975,-0.3660906388468812,1.248030214422513
67.0,37.0,129.9914093017578,-0.0380169038101043,2.729709705014016,-4.336924239500395,-3.6177526612456816,-1.9118066846635968,1.3131883420984016,-0.3161696439311621,3.930562015587752,-0.4129557589152224,1.3707697705931332
67.0,37.0,129.89617919921875,0.0066075330749769,2.7154591058443485,-4.168166699641058,-3.6754328157844673,-1.918121464395817,1.311019182531595,-0.1440165559911584,3.954759564771853,-0.3867828208520366,1.3051207129160098
67.0,37.0,129.89517211914062,-0.0107851787211094,2.6617659039829498,-4.146503293995528,-3.657686450307665,-1.9417080098062267,1.2768881004710024,-0.0899501076959111,4.00231415949571,-0.3890244372938295,1.317275305422831
67.0,37.0,129.88624572753906,-0.0457951642818131,2.670222961258436,-4.13687922718017,-3.6457046248018607,-1.918554531436112,1.3329609153775472,-0.1052795402873766,3.961873033540391,-0.4355046882660597,1.3450424120427646
67.0,37.0,129.89427185058594,0.0421480776890878,2.738319696164279,-4.107932125022408,-3.665356763835768,-1.928105500661128,1.3207536825790234,-0.1050362217827835,3.958548976708912,-0.4421228715146044,1.3420260103660775
67.0,37.0,129.89019775390625,-0.0241081877455955,2.727638877834814,-4.077674703917865,-3.650457320364702,-1.9069013476668728,1.3445215159104609,-0.0982699164825035,3.945714364079932,-0.4081619143486644,1.3219666996904778
67.0,37.0,129.8991241455078,-0.0388775854612212,2.696208705234484,-4.21046443755989,-3.6183252012533536,-1.893011909477436,1.357679357861784,-0.1106882263728918,3.965091701900055,-0.4469414012895593,1.2933523585600692
67.0,37.0,129.92227172851562,0.0033907946772941,2.6143773530167698,-4.153454411883946,-3.634743082187192,-1.9442801976047408,1.3138133335124274,-0.0946748093564582,3.9010944091328192,-0.2908656743227333,1.3420299352866696
67.0,37.0,129.8889923095703,-0.0400481702414285,2.7048934028386715,-4.152894195850621,-3.6676629509322463,-1.9359048396590883,1.3497650019976128,-0.1481350864368301,3.969848251116401,-0.4308867728191285,1.3436974042552792
67.0,37.0,129.9322967529297,0.0106970100281389,2.703974866588152,-4.158854114337622,-3.68094841246624,-1.8180964672297293,1.1979463923548928,-0.1374101396778135,4.006292745187755,-0.3809551104272511,1.2542165618453756
67.0,37.0,129.89849853515625,-0.0395234739776462,2.716169580375362,-4.167994454813144,-3.653878096153517,-1.872749503107793,1.2948292751704795,-0.1254927714868734,3.9994340105661874,-0.4072578365967544,1.2781229350442616
67.0,37.0,129.8865966796875,-0.0329050341844034,2.6750907278848914,-4.133726768929593,-3.637972963840137,-1.9298180653521635,1.3636520730621793,-0.0977112499202529,3.957958938242328,-0.4311137841518704,1.3240589131302805
67.0,37.0,129.9066925048828,0.0093486160775217,2.716027624133097,-4.049382509209735,-3.683454531940767,-1.958841077882711,1.3654438035423375,-0.0863781989207675,4.011303901721716,-0.3872762950299806,1.2332312633012126
67.0,37.0,129.91641235351562,-0.0383965712625348,2.724691141528337,-4.098998372025329,-3.6625278772264993,-1.8433193703523063,1.205864159796766,-0.1161414824744866,3.932035827182449,-0.4687757162293284,1.2648885172649478
67.0,37.0,129.89439392089844,-0.0583495575425277,2.7247360152103,-4.143013188089914,-3.6627549961849417,-1.9620457944777672,1.4107794632267805,-0.1142554988726696,3.985630972204257,-0.4412194691030089,1.345261934393089
67.0,37.0,129.8923797607422,-0.0499500966095501,2.6676850817573503,-4.100995513003688,-3.635121921494613,-1.9088835048542,1.29790418712711,-0.0751380046897012,3.961242164577479,-0.4537276722985097,1.3806874908630788
67.0,37.0,129.8863525390625,-0.0355626941848525,2.668701865849351,-4.130796593344567,-3.633932090531916,-1.9292648712026208,1.3461877612145794,-0.1007114400221246,3.9595944660604734,-0.4363509008810972,1.325723878281108
67.0,37.0,129.90097045898438,-0.0788404766236933,2.683501678562413,-4.094848896910993,-3.6304394175051233,-1.945938895594313,1.3804020994577275,-0.1038868793300083,3.8925710727996266,-0.4141292175586675,1.254686144920301
67.0,37.0,129.91651916503906,-0.0491936272428722,2.68438408268394,-4.16863335879064,-3.6064962224082233,-1.916313852860628,1.412250505774755,-0.0458910405177907,4.010443798338027,-0.3460752203188545,1.3923472315823775
67.0,37.0,129.89645385742188,-0.0465976456625256,2.7442933074251465,-4.142248823739965,-3.692023439826397,-1.9260140544437323,1.388585503173494,-0.115349056435147,3.964140913686207,-0.3916460314268543,1.2713049263250211
67.0,37.0,129.8866729736328,-0.0517499158576586,2.653544342423406,-4.126283531528292,-3.639302855986866,-1.9352617203636788,1.3318623703666823,-0.101898411238405,3.967075060388732,-0.4455238284448691,1.3209229482669154
67.0,37.0,129.89028930664062,-0.0744233726634404,2.663964483617528,-4.13116678861272,-3.668095193808619,-1.941326008701832,1.3228281089152782,-0.158630857174966,3.9662215544249104,-0.4348431904257797,1.3404793229607372
67.0,37.0,129.8882598876953,-0.0381937379853324,2.685415438503176,-4.131140111304605,-3.6302121440395534,-1.9610770533425883,1.3506826045618592,-0.0873848755517324,3.968599415574894,-0.444599959629982,1.3417646880836984
67.0,37.0,129.89468383789062,-0.0175445075031959,2.7205963754044773,-4.153400200293471,-3.6908788901248486,-1.9361153163428173,1.3599060601871904,-0.1181558396368183,3.982079777694256,-0.3892429884721616,1.2645623330740046
67.0,37.0,129.89549255371094,-0.0453622865428021,2.675126573337186,-4.149342199636734,-3.6285662995396577,-1.8818411706207727,1.41673086896793,-0.0943088739511843,3.9714216759417327,-0.4342025739092681,1.329226310971909
67.0,37.0,129.89479064941406,-0.0232893209792553,2.7183451739327467,-4.1607511696678205,-3.702435831628252,-1.945615638472228,1.3650562914038074,-0.1253731896013485,3.9806436928474938,-0.4027169881027774,1.2648976529206246
67.0,37.0,129.9213104248047,0.034483062133799,2.7007413650477425,-4.218265097685872,-3.667537027119139,-2.012582330929824,1.3090342463606748,-0.0162708963853437,4.036175740789945,-0.417522819629139,1.3132021471946214
67.0,37.0,129.89491271972656,-0.0548826539677971,2.592157884481272,-4.113714175412848,-3.652135295756074,-1.916427938738663,1.3195227681519657,-0.1102339003025923,3.962670383526368,-0.4075884024827024,1.330657451515452
67.0,37.0,129.8889923095703,-0.05576338984017,2.676951600600684,-4.132681419970244,-3.655114697695223,-1.918961255946296,1.3415965758729582,-0.0929147508752993,3.921583384712119,-0.442493520799594,1.368936549765613
67.0,37.0,129.8892822265625,-0.0581904530068309,2.675808992500345,-4.13954730865777,-3.6478639930748367,-1.9320596643370755,1.3146207988476573,-0.0962358442185265,3.947160943659695,-0.3939529896270576,1.3212967143280776
67.0,38.0,129.8932647705078,-0.0631440577546337,2.694398015466501,-4.14536834442812,-3.635223563327384,-1.9260583218539984,1.4080344676803065,-0.0951437258822966,3.968883950780032,-0.4142472276192752,1.3017782562843268
67.0,38.0,129.90243530273438,0.0154294489000197,2.703384855482716,-4.073093570611902,-3.734565571754388,-1.9509482750639529,1.364906241045292,-0.0625807785893388,4.021312014024134,-0.3907138993235253,1.2770124403853464
67.0,38.0,129.8989715576172,-0.0402957799239377,2.658466427819022,-4.1347040083609015,-3.6534870036224953,-1.8836375765387448,1.2801063053584167,-0.1816215195663837,3.9853466387177368,-0.4338827394335889,1.3517285515599649
67.0,38.0,129.9005126953125,0.0314885728227596,2.676938388687742,-4.079867971383122,-3.696855899944596,-1.9995519284539287,1.2944482056160298,-0.0679132767199926,3.943857294634904,-0.441433001151988,1.361878554107371
67.0,38.0,129.88851928710938,-0.0304537501449267,2.7074036709885845,-4.1589337492223,-3.69581982252068,-1.9574052774887185,1.3422068689636208,-0.0788497990645805,3.957993970931623,-0.4404045748109564,1.3455513258858642
67.0,38.0,129.98141479492188,0.0393104523719378,2.5773111860832616,-4.211689715725557,-3.682926224098401,-2.098675461642384,1.5059657530384265,-0.0779682078069493,3.8648914589232,-0.3814381903925685,1.3322155057675025
67.0,38.0,129.9014129638672,-0.0482163916946108,2.6827778931426125,-4.1326343854384655,-3.6925176666603248,-1.93338966316988,1.3294467090749251,-0.0915549542514887,4.072822667166444,-0.4555196377227358,1.393816556517267
67.0,38.0,129.89341735839844,-0.0920173900257035,2.65738561578174,-4.139872993496928,-3.6372240323659706,-1.8852543887246684,1.3070040414234227,-0.1046636727627063,3.9676582848074906,-0.4386597115162196,1.3524121338857602
67.0,38.0,129.89306640625,-0.0224162731292436,2.7050316562312995,-4.134774940510533,-3.645897049014029,-1.9098807250091845,1.3000992589053435,-0.1016374403263181,3.9343777170246,-0.3849754595986716,1.351942122329406
67.0,38.0,130.1167755126953,-0.0267555084591962,2.6607423910703085,-3.775727979636504,-3.709995415363234,-1.989450043205644,1.2625901650438889,0.0119661033277828,3.658387337420693,-0.4395275063530627,1.3350645818898823
67.0,38.0,129.8934783935547,0.0265628658206295,2.7050225462176423,-4.122554581536482,-3.680715879954812,-1.9509541754241544,1.3471793869610895,-0.1355416639851188,3.939405261692064,-0.4439854129911099,1.3728363852548862
67.0,38.0,129.8865509033203,-0.039534514018934,2.6904657230093827,-4.11354535949924,-3.646880545871206,-1.933000837130307,1.3709325314175211,-0.0866478476605968,3.960835908584781,-0.4356746709515459,1.3004928326957212
67.0,38.0,129.91519165039062,-0.0324671452098818,2.7042848916524944,-4.14768804752871,-3.658877175474359,-2.025865327475151,1.2428339608514365,-0.0914518816286402,3.919309392571125,-0.389178369638466,1.2536786367164172
67.0,38.0,129.888671875,-0.0342493734042951,2.6602524405499124,-4.148401663502101,-3.648268385005912,-1.9119618197503505,1.3626414776015865,-0.0829779553669199,3.9517022729973776,-0.4109588355558278,1.307877727954841
67.0,38.0,129.92076110839844,-0.0167897746014191,2.7275932765287214,-4.000879763482347,-3.635916266620361,-1.8135163833490269,1.4170551662745647,-0.092214520197945,3.946252671610723,-0.420597054443049,1.3069178157258552
67.0,38.0,129.88665771484375,-0.0565900917519878,2.697214403619244,-4.136798490652345,-3.656477999325386,-1.9225224642195973,1.3168392024807647,-0.1126902771350461,3.9700523272148898,-0.422513746745714,1.333451332392659
67.0,38.0,129.88870239257812,-0.0611926215298475,2.67068097865656,-4.140882799730218,-3.6312279182036105,-1.946626417214604,1.319786680950083,-0.0954998325065358,3.946262636770987,-0.4391529553098333,1.331052857336769
67.0,38.0,129.8934783935547,-0.0252147992153897,2.7197877511413764,-4.152403990440039,-3.644335746072695,-1.9822597333621403,1.3670064405290567,-0.0965954652747087,3.974593545826564,-0.4109370127488936,1.3461207195282556
67.0,38.0,129.89317321777344,-0.0070556329981379,2.6698976404415142,-4.146425669929601,-3.661855954684394,-1.8935214617274327,1.32131173685676,-0.1007803727436741,3.973414654164872,-0.4351132804695659,1.3974885002249464
67.0,38.0,129.984375,0.0760173601740968,2.600788078454624,-4.073815611681744,-3.658536876001196,-2.081963128290595,1.5380037584234658,-0.1625360533989283,3.9586751454364975,-0.3660906388468812,1.248030214422513
67.0,38.0,129.9914093017578,-0.0380169038101043,2.729709705014016,-4.336924239500395,-3.6177526612456816,-1.9118066846635968,1.3131883420984016,-0.3161696439311621,3.930562015587752,-0.4129557589152224,1.3707697705931332
67.0,38.0,129.89617919921875,0.0066075330749769,2.7154591058443485,-4.168166699641058,-3.6754328157844673,-1.918121464395817,1.311019182531595,-0.1440165559911584,3.954759564771853,-0.3867828208520366,1.3051207129160098
67.0,38.0,129.89517211914062,-0.0107851787211094,2.6617659039829498,-4.146503293995528,-3.657686450307665,-1.9417080098062267,1.2768881004710024,-0.0899501076959111,4.00231415949571,-0.3890244372938295,1.317275305422831
67.0,38.0,129.88624572753906,-0.0457951642818131,2.670222961258436,-4.13687922718017,-3.6457046248018607,-1.918554531436112,1.3329609153775472,-0.1052795402873766,3.961873033540391,-0.4355046882660597,1.3450424120427646
67.0,38.0,129.890869140625,-0.0837272554551509,2.702437843816717,-4.115194786074922,-3.646069561703768,-1.920056301487045,1.312597762757472,-0.0909309604936751,3.9372133357667343,-0.4483851023283439,1.3659032307872163
67.0,38.0,129.89019775390625,-0.0241081877455955,2.727638877834814,-4.077674703917865,-3.650457320364702,-1.9069013476668728,1.3445215159104609,-0.0982699164825035,3.945714364079932,-0.4081619143486644,1.3219666996904778
67.0,38.0,129.8991241455078,-0.0388775854612212,2.696208705234484,-4.21046443755989,-3.6183252012533536,-1.893011909477436,1.357679357861784,-0.1106882263728918,3.965091701900055,-0.4469414012895593,1.2933523585600692
67.0,38.0,129.91595458984375,0.0014274164171058,2.661703478428384,-4.152037698649011,-3.659451522918864,-2.040682943494105,1.3166233691720026,-0.1682558319034086,3.914503159594631,-0.5170490262100688,1.3689704835642211
67.0,38.0,129.8889923095703,-0.0400481702414285,2.7048934028386715,-4.152894195850621,-3.6676629509322463,-1.9359048396590883,1.3497650019976128,-0.1481350864368301,3.969848251116401,-0.4308867728191285,1.3436974042552792
67.0,38.0,129.9322967529297,0.0106970100281389,2.703974866588152,-4.158854114337622,-3.68094841246624,-1.8180964672297293,1.1979463923548928,-0.1374101396778135,4.006292745187755,-0.3809551104272511,1.2542165618453756
67.0,38.0,129.8973388671875,-0.0466868672321667,2.6853163597098346,-4.127251857279257,-3.6453194958789297,-1.90985062919815,1.3336055223023695,-0.0918967477689444,3.975191041117861,-0.3866189416599015,1.4151574735741186
67.0,38.0,129.8865966796875,-0.0329050341844034,2.6750907278848914,-4.133726768929593,-3.637972963840137,-1.9298180653521635,1.3636520730621793,-0.0977112499202529,3.957958938242328,-0.4311137841518704,1.3240589131302805
67.0,38.0,129.9066925048828,0.0093486160775217,2.716027624133097,-4.049382509209735,-3.683454531940767,-1.958841077882711,1.3654438035423375,-0.0863781989207675,4.011303901721716,-0.3872762950299806,1.2332312633012126
67.0,38.0,129.9037322998047,-0.0350227266882771,2.7455179535755576,-4.112740150974576,-3.639139580175424,-1.9202447475821909,1.3929459701902245,-0.0036396148734137,3.935967038966084,-0.4648166223172461,1.287507207252223
67.0,38.0,129.89439392089844,-0.0583495575425277,2.7247360152103,-4.143013188089914,-3.6627549961849417,-1.9620457944777672,1.4107794632267805,-0.1142554988726696,3.985630972204257,-0.4412194691030089,1.345261934393089
67.0,38.0,129.88711547851562,-0.0493252860806497,2.671705470543768,-4.150243287802597,-3.65416741413707,-1.932605388878216,1.3112968597711163,-0.1168196217351324,3.963507055890206,-0.4378864584123301,1.31806130967654
67.0,38.0,129.8863525390625,-0.0355626941848525,2.668701865849351,-4.130796593344567,-3.633932090531916,-1.9292648712026208,1.3461877612145794,-0.1007114400221246,3.9595944660604734,-0.4363509008810972,1.325723878281108
67.0,38.0,129.90097045898438,-0.0788404766236933,2.683501678562413,-4.094848896910993,-3.6304394175051233,-1.945938895594313,1.3804020994577275,-0.1038868793300083,3.8925710727996266,-0.4141292175586675,1.254686144920301
67.0,38.0,129.9048614501953,-0.0492339017278468,2.673656118796079,-4.115397595715993,-3.661236475216437,-1.916480919048298,1.2647893314341792,-0.1137524985838758,4.015239095435999,-0.3878853891267963,1.4170323332242618
67.0,38.0,129.89645385742188,-0.0465976456625256,2.7442933074251465,-4.142248823739965,-3.692023439826397,-1.9260140544437323,1.388585503173494,-0.115349056435147,3.964140913686207,-0.3916460314268543,1.2713049263250211
67.0,38.0,129.8866729736328,-0.0517499158576586,2.653544342423406,-4.126283531528292,-3.639302855986866,-1.9352617203636788,1.3318623703666823,-0.101898411238405,3.967075060388732,-0.4455238284448691,1.3209229482669154
67.0,38.0,129.888916015625,-0.0324567971705583,2.673032120810152,-4.134018423531584,-3.65618665796141,-1.893867694636446,1.3200384707153383,-0.1397522261173442,3.958413527186073,-0.4360745264665406,1.3547934408923654
67.0,38.0,129.8882598876953,-0.0381937379853324,2.685415438503176,-4.131140111304605,-3.6302121440395534,-1.9610770533425883,1.3506826045618592,-0.0873848755517324,3.968599415574894,-0.444599959629982,1.3417646880836984
67.0,38.0,129.88677978515625,-0.0192685843912971,2.700468918575327,-4.145775298795584,-3.6662710509262855,-1.896514481993006,1.335279000825632,-0.1088725200972522,3.98081964077635,-0.4364338958441156,1.3258041038899642
67.0,38.0,129.89549255371094,-0.0453622865428021,2.675126573337186,-4.149342199636734,-3.6285662995396577,-1.8818411706207727,1.41673086896793,-0.0943088739511843,3.9714216759417327,-0.4342025739092681,1.329226310971909
67.0,38.0,129.89479064941406,-0.0232893209792553,2.7183451739327467,-4.1607511696678205,-3.702435831628252,-1.945615638472228,1.3650562914038074,-0.1253731896013485,3.9806436928474938,-0.4027169881027774,1.2648976529206246
67.0,38.0,129.9213104248047,0.034483062133799,2.7007413650477425,-4.218265097685872,-3.667537027119139,-2.012582330929824,1.3090342463606748,-0.0162708963853437,4.036175740789945,-0.417522819629139,1.3132021471946214
67.0,38.0,129.89491271972656,-0.0548826539677971,2.592157884481272,-4.113714175412848,-3.652135295756074,-1.916427938738663,1.3195227681519657,-0.1102339003025923,3.962670383526368,-0.4075884024827024,1.330657451515452
67.0,38.0,129.88612365722656,-0.0613047510440217,2.6793086178066603,-4.130391465991559,-3.659770231954935,-1.9262873827785605,1.326400636934163,-0.1037413499991216,3.9540692327209537,-0.4435381215458353,1.3527893659272876
67.0,38.0,129.8892822265625,-0.0581904530068309,2.675808992500345,-4.13954730865777,-3.6478639930748367,-1.9320596643370755,1.3146207988476573,-0.0962358442185265,3.947160943659695,-0.3939529896270576,1.3212967143280776
67.0,39.0,129.88693237304688,-0.0589385623199985,2.697583524307109,-4.14584761973896,-3.657135611608803,-1.928769992537147,1.3505477842506164,-0.0873363742896321,3.9525175441715095,-0.4173654136897851,1.3264044984294348
67.0,39.0,129.90243530273438,0.0154294489000197,2.703384855482716,-4.073093570611902,-3.734565571754388,-1.9509482750639529,1.364906241045292,-0.0625807785893388,4.021312014024134,-0.3907138993235253,1.2770124403853464
67.0,39.0,129.8922576904297,-0.065033689507196,2.661801288377463,-4.13433861330641,-3.6848319091161232,-1.965312033905836,1.2967616350217033,-0.1299816660784751,4.005450503367361,-0.4381308618299445,1.3516860423996342
67.0,39.0,129.9005126953125,0.0314885728227596,2.676938388687742,-4.079867971383122,-3.696855899944596,-1.9995519284539287,1.2944482056160298,-0.0679132767199926,3.943857294634904,-0.441433001151988,1.361878554107371
67.0,39.0,129.88851928710938,-0.0304537501449267,2.7074036709885845,-4.1589337492223,-3.69581982252068,-1.9574052774887185,1.3422068689636208,-0.0788497990645805,3.957993970931623,-0.4404045748109564,1.3455513258858642
67.0,39.0,129.98141479492188,0.0393104523719378,2.5773111860832616,-4.211689715725557,-3.682926224098401,-2.098675461642384,1.5059657530384265,-0.0779682078069493,3.8648914589232,-0.3814381903925685,1.3322155057675025
67.0,39.0,129.9014129638672,-0.0482163916946108,2.6827778931426125,-4.1326343854384655,-3.6925176666603248,-1.93338966316988,1.3294467090749251,-0.0915549542514887,4.072822667166444,-0.4555196377227358,1.393816556517267
67.0,39.0,129.89198303222656,-0.0862012938981463,2.6717053862824693,-4.124795660676682,-3.66485143870536,-1.9904193079957528,1.3382192235511114,-0.1010497541105605,3.963136300346782,-0.4541221797661914,1.3574664580823164
67.0,39.0,129.89306640625,-0.0224162731292436,2.7050316562312995,-4.134774940510533,-3.645897049014029,-1.9098807250091845,1.3000992589053435,-0.1016374403263181,3.9343777170246,-0.3849754595986716,1.351942122329406
67.0,39.0,130.1167755126953,-0.0267555084591962,2.6607423910703085,-3.775727979636504,-3.709995415363234,-1.989450043205644,1.2625901650438889,0.0119661033277828,3.658387337420693,-0.4395275063530627,1.3350645818898823
67.0,39.0,129.8934783935547,0.0265628658206295,2.7050225462176423,-4.122554581536482,-3.680715879954812,-1.9509541754241544,1.3471793869610895,-0.1355416639851188,3.939405261692064,-0.4439854129911099,1.3728363852548862
67.0,39.0,129.8860626220703,-0.0642239521418666,2.7017239515408176,-4.101078061349722,-3.6735936301759926,-1.9245005727661808,1.35782811251414,-0.0884323994398575,3.957525085958372,-0.4397169030601647,1.2994891491974965
67.0,39.0,129.91519165039062,-0.0324671452098818,2.7042848916524944,-4.14768804752871,-3.658877175474359,-2.025865327475151,1.2428339608514365,-0.0914518816286402,3.919309392571125,-0.389178369638466,1.2536786367164172
67.0,39.0,129.888671875,-0.0342493734042951,2.6602524405499124,-4.148401663502101,-3.648268385005912,-1.9119618197503505,1.3626414776015865,-0.0829779553669199,3.9517022729973776,-0.4109588355558278,1.307877727954841
67.0,39.0,129.92076110839844,-0.0167897746014191,2.7275932765287214,-4.000879763482347,-3.635916266620361,-1.8135163833490269,1.4170551662745647,-0.092214520197945,3.946252671610723,-0.420597054443049,1.3069178157258552
67.0,39.0,129.88665771484375,-0.0565900917519878,2.697214403619244,-4.136798490652345,-3.656477999325386,-1.9225224642195973,1.3168392024807647,-0.1126902771350461,3.9700523272148898,-0.422513746745714,1.333451332392659
67.0,39.0,129.88870239257812,-0.0611926215298475,2.67068097865656,-4.140882799730218,-3.6312279182036105,-1.946626417214604,1.319786680950083,-0.0954998325065358,3.946262636770987,-0.4391529553098333,1.331052857336769
67.0,39.0,129.8934783935547,-0.0252147992153897,2.7197877511413764,-4.152403990440039,-3.644335746072695,-1.9822597333621403,1.3670064405290567,-0.0965954652747087,3.974593545826564,-0.4109370127488936,1.3461207195282556
67.0,39.0,129.89317321777344,-0.0070556329981379,2.6698976404415142,-4.146425669929601,-3.661855954684394,-1.8935214617274327,1.32131173685676,-0.1007803727436741,3.973414654164872,-0.4351132804695659,1.3974885002249464
67.0,39.0,129.984375,0.0760173601740968,2.600788078454624,-4.073815611681744,-3.658536876001196,-2.081963128290595,1.5380037584234658,-0.1625360533989283,3.9586751454364975,-0.3660906388468812,1.248030214422513
67.0,39.0,129.9914093017578,-0.0380169038101043,2.729709705014016,-4.336924239500395,-3.6177526612456816,-1.9118066846635968,1.3131883420984016,-0.3161696439311621,3.930562015587752,-0.4129557589152224,1.3707697705931332
67.0,39.0,129.89097595214844,-0.002499377841319,2.673884067130226,-4.137609993213012,-3.640301542471191,-1.9492806253295183,1.3288396312474335,-0.1277182471694357,3.94943406154903,-0.4239335788999586,1.2805979728611885
67.0,39.0,129.89393615722656,-0.0700144644381398,2.711878780274605,-4.1445857307763365,-3.650512379253255,-1.902661811468918,1.3074117690309266,-0.0819462374725128,3.945169687499933,-0.384398946756246,1.2956508219014435
67.0,39.0,129.88624572753906,-0.0457951642818131,2.670222961258436,-4.13687922718017,-3.6457046248018607,-1.918554531436112,1.3329609153775472,-0.1052795402873766,3.961873033540391,-0.4355046882660597,1.3450424120427646
67.0,39.0,129.890869140625,-0.0837272554551509,2.702437843816717,-4.115194786074922,-3.646069561703768,-1.920056301487045,1.312597762757472,-0.0909309604936751,3.9372133357667343,-0.4483851023283439,1.3659032307872163
67.0,39.0,129.89019775390625,-0.0241081877455955,2.727638877834814,-4.077674703917865,-3.650457320364702,-1.9069013476668728,1.3445215159104609,-0.0982699164825035,3.945714364079932,-0.4081619143486644,1.3219666996904778
67.0,39.0,129.8991241455078,-0.0388775854612212,2.696208705234484,-4.21046443755989,-3.6183252012533536,-1.893011909477436,1.357679357861784,-0.1106882263728918,3.965091701900055,-0.4469414012895593,1.2933523585600692
67.0,39.0,129.90228271484375,-0.1116183888654398,2.6768907373898894,-4.113675734808258,-3.648475812630259,-1.9264943627768192,1.3334258621087438,-0.0895844883759762,3.918563791067585,-0.3708771966883361,1.390318822825383
67.0,39.0,129.8889923095703,-0.0400481702414285,2.7048934028386715,-4.152894195850621,-3.6676629509322463,-1.9359048396590883,1.3497650019976128,-0.1481350864368301,3.969848251116401,-0.4308867728191285,1.3436974042552792
67.0,39.0,129.9322967529297,0.0106970100281389,2.703974866588152,-4.158854114337622,-3.68094841246624,-1.8180964672297293,1.1979463923548928,-0.1374101396778135,4.006292745187755,-0.3809551104272511,1.2542165618453756
67.0,39.0,129.8883819580078,-0.0661348907820504,2.672521950739528,-4.111960965281424,-3.67661969040762,-1.9039539598582795,1.3845755844908294,-0.096585752094684,3.956988419344887,-0.4794102678646164,1.3271127547440211
67.0,39.0,129.8865966796875,-0.0329050341844034,2.6750907278848914,-4.133726768929593,-3.637972963840137,-1.9298180653521635,1.3636520730621793,-0.0977112499202529,3.957958938242328,-0.4311137841518704,1.3240589131302805
67.0,39.0,129.9066925048828,0.0093486160775217,2.716027624133097,-4.049382509209735,-3.683454531940767,-1.958841077882711,1.3654438035423375,-0.0863781989207675,4.011303901721716,-0.3872762950299806,1.2332312633012126
67.0,39.0,129.9037322998047,-0.0350227266882771,2.7455179535755576,-4.112740150974576,-3.639139580175424,-1.9202447475821909,1.3929459701902245,-0.0036396148734137,3.935967038966084,-0.4648166223172461,1.287507207252223
67.0,39.0,129.89439392089844,-0.0583495575425277,2.7247360152103,-4.143013188089914,-3.6627549961849417,-1.9620457944777672,1.4107794632267805,-0.1142554988726696,3.985630972204257,-0.4412194691030089,1.345261934393089
67.0,39.0,129.88711547851562,-0.0493252860806497,2.671705470543768,-4.150243287802597,-3.65416741413707,-1.932605388878216,1.3112968597711163,-0.1168196217351324,3.963507055890206,-0.4378864584123301,1.31806130967654
67.0,39.0,129.88571166992188,-0.0417827783044059,2.6798426662926547,-4.135044233946968,-3.648486759327056,-1.9251561823867225,1.3213386534982343,-0.1044633562198981,3.949839626710509,-0.4429733485908095,1.3219689135767954
67.0,39.0,129.90097045898438,-0.0788404766236933,2.683501678562413,-4.094848896910993,-3.6304394175051233,-1.945938895594313,1.3804020994577275,-0.1038868793300083,3.8925710727996266,-0.4141292175586675,1.254686144920301
67.0,39.0,129.8951416015625,-0.0563194660587553,2.669673440052074,-4.098113721995852,-3.681319733854069,-1.934608232119277,1.2853549573252148,-0.119729097826258,4.0057301486075545,-0.4580279668266855,1.3948534718040309
67.0,39.0,129.89645385742188,-0.0465976456625256,2.7442933074251465,-4.142248823739965,-3.692023439826397,-1.9260140544437323,1.388585503173494,-0.115349056435147,3.964140913686207,-0.3916460314268543,1.2713049263250211
67.0,39.0,129.88560485839844,-0.051841795015191,2.6823741447949865,-4.12444008646393,-3.6427473691484695,-1.937562272341722,1.341055078838675,-0.1015528546400155,3.9552554073337736,-0.4481668996779643,1.3203932497614257
67.0,39.0,129.88768005371094,-0.0446766827161259,2.689378979140111,-4.1274574394664825,-3.651836872488493,-1.8993699585428991,1.3234731762562544,-0.0755481533597447,3.953073137462164,-0.4484979619702722,1.358438388842493
67.0,39.0,129.8882598876953,-0.0381937379853324,2.685415438503176,-4.131140111304605,-3.6302121440395534,-1.9610770533425883,1.3506826045618592,-0.0873848755517324,3.968599415574894,-0.444599959629982,1.3417646880836984
67.0,39.0,129.88677978515625,-0.0192685843912971,2.700468918575327,-4.145775298795584,-3.6662710509262855,-1.896514481993006,1.335279000825632,-0.1088725200972522,3.98081964077635,-0.4364338958441156,1.3258041038899642
67.0,39.0,129.89549255371094,-0.0453622865428021,2.675126573337186,-4.149342199636734,-3.6285662995396577,-1.8818411706207727,1.41673086896793,-0.0943088739511843,3.9714216759417327,-0.4342025739092681,1.329226310971909
67.0,39.0,129.89479064941406,-0.0232893209792553,2.7183451739327467,-4.1607511696678205,-3.702435831628252,-1.945615638472228,1.3650562914038074,-0.1253731896013485,3.9806436928474938,-0.4027169881027774,1.2648976529206246
67.0,39.0,129.9213104248047,0.034483062133799,2.7007413650477425,-4.218265097685872,-3.667537027119139,-2.012582330929824,1.3090342463606748,-0.0162708963853437,4.036175740789945,-0.417522819629139,1.3132021471946214
67.0,39.0,129.89297485351562,-0.0708665238331461,2.7522757958824293,-4.117463590733646,-3.6516585310794496,-1.93587895684876,1.3225186896273018,-0.0959541395188176,3.955277400534442,-0.403737819782141,1.341305040862088
67.0,39.0,129.88612365722656,-0.0613047510440217,2.6793086178066603,-4.130391465991559,-3.659770231954935,-1.9262873827785605,1.326400636934163,-0.1037413499991216,3.9540692327209537,-0.4435381215458353,1.3527893659272876
67.0,39.0,129.8869171142578,-0.0692686757217071,2.7020543591473,-4.119888898944904,-3.673927918399507,-1.949869057614948,1.325091807147082,-0.0957412935029243,3.947162384043954,-0.4286475429007357,1.3032590317455337
67.0,40.0,129.88693237304688,-0.0589385623199985,2.697583524307109,-4.14584761973896,-3.657135611608803,-1.928769992537147,1.3505477842506164,-0.0873363742896321,3.9525175441715095,-0.4173654136897851,1.3264044984294348
67.0,40.0,129.90243530273438,0.0154294489000197,2.703384855482716,-4.073093570611902,-3.734565571754388,-1.9509482750639529,1.364906241045292,-0.0625807785893388,4.021312014024134,-0.3907138993235253,1.2770124403853464
67.0,40.0,129.8922576904297,-0.065033689507196,2.661801288377463,-4.13433861330641,-3.6848319091161232,-1.965312033905836,1.2967616350217033,-0.1299816660784751,4.005450503367361,-0.4381308618299445,1.3516860423996342
67.0,40.0,129.9005126953125,0.0314885728227596,2.676938388687742,-4.079867971383122,-3.696855899944596,-1.9995519284539287,1.2944482056160298,-0.0679132767199926,3.943857294634904,-0.441433001151988,1.361878554107371
67.0,40.0,129.88851928710938,-0.0304537501449267,2.7074036709885845,-4.1589337492223,-3.69581982252068,-1.9574052774887185,1.3422068689636208,-0.0788497990645805,3.957993970931623,-0.4404045748109564,1.3455513258858642
67.0,40.0,129.98141479492188,0.0393104523719378,2.5773111860832616,-4.211689715725557,-3.682926224098401,-2.098675461642384,1.5059657530384265,-0.0779682078069493,3.8648914589232,-0.3814381903925685,1.3322155057675025
67.0,40.0,129.9014129638672,-0.0482163916946108,2.6827778931426125,-4.1326343854384655,-3.6925176666603248,-1.93338966316988,1.3294467090749251,-0.0915549542514887,4.072822667166444,-0.4555196377227358,1.393816556517267
67.0,40.0,129.8865203857422,-0.0102467884309089,2.6789071393116783,-4.118213072203167,-3.6646718567000978,-1.954136958312276,1.3564064487077685,-0.1002340787572836,3.958832501237411,-0.4600573480519563,1.3453005823639077
67.0,40.0,129.89112854003906,-0.0106061750566968,2.7267111389863827,-4.132855628741202,-3.678946856957911,-1.8897839434376305,1.374942493385773,-0.0965281145668943,3.9364846790068007,-0.4111181523968454,1.3330636604867525
67.0,40.0,130.1167755126953,-0.0267555084591962,2.6607423910703085,-3.775727979636504,-3.709995415363234,-1.989450043205644,1.2625901650438889,0.0119661033277828,3.658387337420693,-0.4395275063530627,1.3350645818898823
67.0,40.0,129.8934783935547,0.0265628658206295,2.7050225462176423,-4.122554581536482,-3.680715879954812,-1.9509541754241544,1.3471793869610895,-0.1355416639851188,3.939405261692064,-0.4439854129911099,1.3728363852548862
67.0,40.0,129.8860626220703,-0.0642239521418666,2.7017239515408176,-4.101078061349722,-3.6735936301759926,-1.9245005727661808,1.35782811251414,-0.0884323994398575,3.957525085958372,-0.4397169030601647,1.2994891491974965
67.0,40.0,129.91519165039062,-0.0324671452098818,2.7042848916524944,-4.14768804752871,-3.658877175474359,-2.025865327475151,1.2428339608514365,-0.0914518816286402,3.919309392571125,-0.389178369638466,1.2536786367164172
67.0,40.0,129.888671875,-0.0342493734042951,2.6602524405499124,-4.148401663502101,-3.648268385005912,-1.9119618197503505,1.3626414776015865,-0.0829779553669199,3.9517022729973776,-0.4109588355558278,1.307877727954841
67.0,40.0,129.92076110839844,-0.0167897746014191,2.7275932765287214,-4.000879763482347,-3.635916266620361,-1.8135163833490269,1.4170551662745647,-0.092214520197945,3.946252671610723,-0.420597054443049,1.3069178157258552
67.0,40.0,129.88650512695312,-0.0497724639259216,2.7014421904002712,-4.12646440636064,-3.648177107826216,-1.9412391583627693,1.3410836341072987,-0.1209223363844544,3.948680442483313,-0.4552735364353098,1.3147754811815386
67.0,40.0,129.88804626464844,-0.0600287386245264,2.687244992225796,-4.123183180797367,-3.634801375189879,-1.9398867781738545,1.337327815583533,-0.1003956302649284,3.9518160099753374,-0.4390802696029647,1.2864183218397751
67.0,40.0,129.8934783935547,-0.0252147992153897,2.7197877511413764,-4.152403990440039,-3.644335746072695,-1.9822597333621403,1.3670064405290567,-0.0965954652747087,3.974593545826564,-0.4109370127488936,1.3461207195282556
67.0,40.0,129.89093017578125,-0.1072520741427488,2.6713021799347856,-4.098152926455851,-3.648869178569376,-1.946825013649805,1.3302143606762398,-0.1062145991729493,3.974622224781072,-0.4320577897568635,1.3106781724910226
67.0,40.0,129.984375,0.0760173601740968,2.600788078454624,-4.073815611681744,-3.658536876001196,-2.081963128290595,1.5380037584234658,-0.1625360533989283,3.9586751454364975,-0.3660906388468812,1.248030214422513
67.0,40.0,129.96046447753906,-0.0564567229401592,2.7378855142177665,-4.024393238853399,-3.619643060063909,-1.995365843961274,1.3337451051814644,-0.3129489181881872,3.952056565912328,-0.4690137245022922,1.222941670232577
67.0,40.0,129.89097595214844,-0.002499377841319,2.673884067130226,-4.137609993213012,-3.640301542471191,-1.9492806253295183,1.3288396312474335,-0.1277182471694357,3.94943406154903,-0.4239335788999586,1.2805979728611885
67.0,40.0,129.8893585205078,-0.0515599980184173,2.631973435688669,-4.108225036435874,-3.649112333553179,-1.9089488309799665,1.339142710101513,-0.0661016896994935,3.970454004928344,-0.4457512863298239,1.2997503729733422
67.0,40.0,129.88624572753906,-0.0457951642818131,2.670222961258436,-4.13687922718017,-3.6457046248018607,-1.918554531436112,1.3329609153775472,-0.1052795402873766,3.961873033540391,-0.4355046882660597,1.3450424120427646
67.0,40.0,129.88975524902344,-0.0388040109494164,2.7262554744313743,-4.11610252133237,-3.6418404603134302,-1.952460124929696,1.351626576387785,-0.086808294268022,3.950717361491993,-0.4500267354001424,1.284584966548158
67.0,40.0,129.89019775390625,-0.0241081877455955,2.727638877834814,-4.077674703917865,-3.650457320364702,-1.9069013476668728,1.3445215159104609,-0.0982699164825035,3.945714364079932,-0.4081619143486644,1.3219666996904778
67.0,40.0,129.89341735839844,-0.0520052383193271,2.672551477438528,-4.072531859349647,-3.6215246018951257,-1.9094415290736264,1.3392676451903305,-0.0374288328425838,3.955228503907416,-0.4489961884802114,1.3180431023106096
67.0,40.0,129.89573669433594,-0.0672204650660297,2.685342126457245,-4.107134963525628,-3.6385327149320776,-1.888468910299508,1.3536580219912744,-0.073679285662584,3.921022532095251,-0.3778255040902972,1.2921250387333874
67.0,40.0,129.8889923095703,-0.0400481702414285,2.7048934028386715,-4.152894195850621,-3.6676629509322463,-1.9359048396590883,1.3497650019976128,-0.1481350864368301,3.969848251116401,-0.4308867728191285,1.3436974042552792
67.0,40.0,129.9322967529297,0.0106970100281389,2.703974866588152,-4.158854114337622,-3.68094841246624,-1.8180964672297293,1.1979463923548928,-0.1374101396778135,4.006292745187755,-0.3809551104272511,1.2542165618453756
67.0,40.0,129.8883819580078,-0.0661348907820504,2.672521950739528,-4.111960965281424,-3.67661969040762,-1.9039539598582795,1.3845755844908294,-0.096585752094684,3.956988419344887,-0.4794102678646164,1.3271127547440211
67.0,40.0,129.8865966796875,-0.0329050341844034,2.6750907278848914,-4.133726768929593,-3.637972963840137,-1.9298180653521635,1.3636520730621793,-0.0977112499202529,3.957958938242328,-0.4311137841518704,1.3240589131302805
67.0,40.0,129.9066925048828,0.0093486160775217,2.716027624133097,-4.049382509209735,-3.683454531940767,-1.958841077882711,1.3654438035423375,-0.0863781989207675,4.011303901721716,-0.3872762950299806,1.2332312633012126
67.0,40.0,129.9037322998047,-0.0350227266882771,2.7455179535755576,-4.112740150974576,-3.639139580175424,-1.9202447475821909,1.3929459701902245,-0.0036396148734137,3.935967038966084,-0.4648166223172461,1.287507207252223
67.0,40.0,129.89166259765625,-0.0548245228577782,2.6884989466062583,-4.131434253130792,-3.624783264642751,-1.974524049211727,1.3459552609034633,-0.0910632032445315,4.004456182073967,-0.4389660555496724,1.3391038675217235
67.0,40.0,129.88711547851562,-0.0493252860806497,2.671705470543768,-4.150243287802597,-3.65416741413707,-1.932605388878216,1.3112968597711163,-0.1168196217351324,3.963507055890206,-0.4378864584123301,1.31806130967654
67.0,40.0,129.88571166992188,-0.0417827783044059,2.6798426662926547,-4.135044233946968,-3.648486759327056,-1.9251561823867225,1.3213386534982343,-0.1044633562198981,3.949839626710509,-0.4429733485908095,1.3219689135767954
67.0,40.0,129.90097045898438,-0.0788404766236933,2.683501678562413,-4.094848896910993,-3.6304394175051233,-1.945938895594313,1.3804020994577275,-0.1038868793300083,3.8925710727996266,-0.4141292175586675,1.254686144920301
67.0,40.0,129.8919219970703,-0.0556368573902471,2.6773858876659933,-4.140583569033926,-3.635971112381104,-1.9477379503313743,1.334978647294771,-0.1012979805244957,3.905371303454837,-0.4796945356562027,1.3271580367327422
67.0,40.0,129.89645385742188,-0.0465976456625256,2.7442933074251465,-4.142248823739965,-3.692023439826397,-1.9260140544437323,1.388585503173494,-0.115349056435147,3.964140913686207,-0.3916460314268543,1.2713049263250211
67.0,40.0,129.88560485839844,-0.051841795015191,2.6823741447949865,-4.12444008646393,-3.6427473691484695,-1.937562272341722,1.341055078838675,-0.1015528546400155,3.9552554073337736,-0.4481668996779643,1.3203932497614257
67.0,40.0,129.887451171875,-0.0558409892089746,2.6856063571579987,-4.118273710103657,-3.633499923252381,-1.9116728016135216,1.3434549361213584,-0.0898022274835401,3.952442596339999,-0.4529447517410516,1.295845373586752
67.0,40.0,129.8882598876953,-0.0381937379853324,2.685415438503176,-4.131140111304605,-3.6302121440395534,-1.9610770533425883,1.3506826045618592,-0.0873848755517324,3.968599415574894,-0.444599959629982,1.3417646880836984
67.0,40.0,129.88677978515625,-0.0192685843912971,2.700468918575327,-4.145775298795584,-3.6662710509262855,-1.896514481993006,1.335279000825632,-0.1088725200972522,3.98081964077635,-0.4364338958441156,1.3258041038899642
67.0,40.0,129.89549255371094,-0.0453622865428021,2.675126573337186,-4.149342199636734,-3.6285662995396577,-1.8818411706207727,1.41673086896793,-0.0943088739511843,3.9714216759417327,-0.4342025739092681,1.329226310971909
67.0,40.0,129.89479064941406,-0.0232893209792553,2.7183451739327467,-4.1607511696678205,-3.702435831628252,-1.945615638472228,1.3650562914038074,-0.1253731896013485,3.9806436928474938,-0.4027169881027774,1.2648976529206246
67.0,40.0,129.9213104248047,0.034483062133799,2.7007413650477425,-4.218265097685872,-3.667537027119139,-2.012582330929824,1.3090342463606748,-0.0162708963853437,4.036175740789945,-0.417522819629139,1.3132021471946214
67.0,40.0,129.89035034179688,-0.0528856320933741,2.695898028145967,-4.124327178129231,-3.6464836272536254,-1.9453550438470888,1.369120756899876,-0.0930581274988561,3.960079478199965,-0.503242590140017,1.339172362838184
67.0,40.0,129.88612365722656,-0.0613047510440217,2.6793086178066603,-4.130391465991559,-3.659770231954935,-1.9262873827785605,1.326400636934163,-0.1037413499991216,3.9540692327209537,-0.4435381215458353,1.3527893659272876
67.0,40.0,129.8869171142578,-0.0692686757217071,2.7020543591473,-4.119888898944904,-3.673927918399507,-1.949869057614948,1.325091807147082,-0.0957412935029243,3.947162384043954,-0.4286475429007357,1.3032590317455337
67.0,41.0,129.88693237304688,-0.0589385623199985,2.697583524307109,-4.14584761973896,-3.657135611608803,-1.928769992537147,1.3505477842506164,-0.0873363742896321,3.9525175441715095,-0.4173654136897851,1.3264044984294348
67.0,41.0,129.90243530273438,0.0154294489000197,2.703384855482716,-4.073093570611902,-3.734565571754388,-1.9509482750639529,1.364906241045292,-0.0625807785893388,4.021312014024134,-0.3907138993235253,1.2770124403853464
67.0,41.0,129.8922576904297,-0.065033689507196,2.661801288377463,-4.13433861330641,-3.6848319091161232,-1.965312033905836,1.2967616350217033,-0.1299816660784751,4.005450503367361,-0.4381308618299445,1.3516860423996342
67.0,41.0,129.9005126953125,0.0314885728227596,2.676938388687742,-4.079867971383122,-3.696855899944596,-1.9995519284539287,1.2944482056160298,-0.0679132767199926,3.943857294634904,-0.441433001151988,1.361878554107371
67.0,41.0,129.88851928710938,-0.0304537501449267,2.7074036709885845,-4.1589337492223,-3.69581982252068,-1.9574052774887185,1.3422068689636208,-0.0788497990645805,3.957993970931623,-0.4404045748109564,1.3455513258858642
67.0,41.0,129.94752502441406,0.0122025176169488,2.7745023337028734,-4.2146869950209815,-3.685168211268025,-1.7272361045361264,1.2894797780889335,-0.0960114738256242,3.9658813864576095,-0.4729765966932754,1.3209861120103394
67.0,41.0,129.9014129638672,-0.0482163916946108,2.6827778931426125,-4.1326343854384655,-3.6925176666603248,-1.93338966316988,1.3294467090749251,-0.0915549542514887,4.072822667166444,-0.4555196377227358,1.393816556517267
67.0,41.0,129.8865203857422,-0.0102467884309089,2.6789071393116783,-4.118213072203167,-3.6646718567000978,-1.954136958312276,1.3564064487077685,-0.1002340787572836,3.958832501237411,-0.4600573480519563,1.3453005823639077
67.0,41.0,129.89112854003906,-0.0106061750566968,2.7267111389863827,-4.132855628741202,-3.678946856957911,-1.8897839434376305,1.374942493385773,-0.0965281145668943,3.9364846790068007,-0.4111181523968454,1.3330636604867525
67.0,41.0,130.1167755126953,-0.0267555084591962,2.6607423910703085,-3.775727979636504,-3.709995415363234,-1.989450043205644,1.2625901650438889,0.0119661033277828,3.658387337420693,-0.4395275063530627,1.3350645818898823
67.0,41.0,129.89041137695312,-0.0357921299203773,2.731487677151207,-4.13386029313289,-3.685385853156583,-1.8950135514135933,1.3517036349896263,-0.1122898467039813,3.968873610708876,-0.4377314352657068,1.37409147613773
67.0,41.0,129.8860626220703,-0.0642239521418666,2.7017239515408176,-4.101078061349722,-3.6735936301759926,-1.9245005727661808,1.35782811251414,-0.0884323994398575,3.957525085958372,-0.4397169030601647,1.2994891491974965
67.0,41.0,129.91519165039062,-0.0324671452098818,2.7042848916524944,-4.14768804752871,-3.658877175474359,-2.025865327475151,1.2428339608514365,-0.0914518816286402,3.919309392571125,-0.389178369638466,1.2536786367164172
67.0,41.0,129.888671875,-0.0342493734042951,2.6602524405499124,-4.148401663502101,-3.648268385005912,-1.9119618197503505,1.3626414776015865,-0.0829779553669199,3.9517022729973776,-0.4109588355558278,1.307877727954841
67.0,41.0,129.9187774658203,-0.0743941411456894,2.680116279825153,-4.1204062313333,-3.6204914194452527,-1.8436249507161613,1.4891476132368195,-0.0698816889711218,3.960436498065065,-0.4354879175736733,1.3009545239667937
67.0,41.0,129.8860626220703,-0.0494638564623015,2.70253561151969,-4.119870358479735,-3.648070321572441,-1.943105472979032,1.3488370232614653,-0.0962202891092448,3.9576902971768746,-0.4497089454871417,1.304756429315532
67.0,41.0,129.88613891601562,-0.0345148838177534,2.6759576374877203,-4.117816653780392,-3.6546857516283255,-1.9369375388359888,1.348601917952822,-0.1033530890932448,3.955883436029132,-0.4508847292846046,1.285117143491766
67.0,41.0,129.8934783935547,-0.0252147992153897,2.7197877511413764,-4.152403990440039,-3.644335746072695,-1.9822597333621403,1.3670064405290567,-0.0965954652747087,3.974593545826564,-0.4109370127488936,1.3461207195282556
67.0,41.0,129.89093017578125,-0.1072520741427488,2.6713021799347856,-4.098152926455851,-3.648869178569376,-1.946825013649805,1.3302143606762398,-0.1062145991729493,3.974622224781072,-0.4320577897568635,1.3106781724910226
67.0,41.0,129.984375,0.0760173601740968,2.600788078454624,-4.073815611681744,-3.658536876001196,-2.081963128290595,1.5380037584234658,-0.1625360533989283,3.9586751454364975,-0.3660906388468812,1.248030214422513
67.0,41.0,129.96046447753906,-0.0564567229401592,2.7378855142177665,-4.024393238853399,-3.619643060063909,-1.995365843961274,1.3337451051814644,-0.3129489181881872,3.952056565912328,-0.4690137245022922,1.222941670232577
67.0,41.0,129.89097595214844,-0.002499377841319,2.673884067130226,-4.137609993213012,-3.640301542471191,-1.9492806253295183,1.3288396312474335,-0.1277182471694357,3.94943406154903,-0.4239335788999586,1.2805979728611885
67.0,41.0,129.88888549804688,-0.044549944764759,2.69669585471217,-4.126475903145561,-3.6387963023892063,-1.945317891352316,1.3557381089490326,-0.063399441006705,3.95445431038623,-0.4747539847965193,1.309147328647544
67.0,41.0,129.88624572753906,-0.0457951642818131,2.670222961258436,-4.13687922718017,-3.6457046248018607,-1.918554531436112,1.3329609153775472,-0.1052795402873766,3.961873033540391,-0.4355046882660597,1.3450424120427646
67.0,41.0,129.8875732421875,-0.0199471726953466,2.6675984573063056,-4.124478763274237,-3.643112706573786,-1.9396557451037515,1.3619659909094604,-0.0983789067925858,3.9470411658874287,-0.4498185985196112,1.292146376985616
67.0,41.0,129.89019775390625,-0.0241081877455955,2.727638877834814,-4.077674703917865,-3.650457320364702,-1.9069013476668728,1.3445215159104609,-0.0982699164825035,3.945714364079932,-0.4081619143486644,1.3219666996904778
67.0,41.0,129.89341735839844,-0.0520052383193271,2.672551477438528,-4.072531859349647,-3.6215246018951257,-1.9094415290736264,1.3392676451903305,-0.0374288328425838,3.955228503907416,-0.4489961884802114,1.3180431023106096
67.0,41.0,129.8896484375,-0.0388961794968895,2.6868248073586423,-4.107651449859493,-3.641478707276944,-1.901976777984441,1.3342767935319726,-0.0791770683430779,3.933941335073504,-0.459643749791689,1.2758980999696468
67.0,41.0,129.8889923095703,-0.0400481702414285,2.7048934028386715,-4.152894195850621,-3.6676629509322463,-1.9359048396590883,1.3497650019976128,-0.1481350864368301,3.969848251116401,-0.4308867728191285,1.3436974042552792
67.0,41.0,129.9322967529297,0.0106970100281389,2.703974866588152,-4.158854114337622,-3.68094841246624,-1.8180964672297293,1.1979463923548928,-0.1374101396778135,4.006292745187755,-0.3809551104272511,1.2542165618453756
67.0,41.0,129.8883819580078,-0.0661348907820504,2.672521950739528,-4.111960965281424,-3.67661969040762,-1.9039539598582795,1.3845755844908294,-0.096585752094684,3.956988419344887,-0.4794102678646164,1.3271127547440211
67.0,41.0,129.8865966796875,-0.0329050341844034,2.6750907278848914,-4.133726768929593,-3.637972963840137,-1.9298180653521635,1.3636520730621793,-0.0977112499202529,3.957958938242328,-0.4311137841518704,1.3240589131302805
67.0,41.0,129.9066925048828,0.0093486160775217,2.716027624133097,-4.049382509209735,-3.683454531940767,-1.958841077882711,1.3654438035423375,-0.0863781989207675,4.011303901721716,-0.3872762950299806,1.2332312633012126
67.0,41.0,129.89857482910156,-0.0157832967932405,2.7194069410107407,-4.098287401545507,-3.6390247055133456,-1.917223700628748,1.3376003546399993,-0.1737622953217092,3.9693052364062527,-0.4758913792702392,1.2570074214334677
67.0,41.0,129.89071655273438,-0.0466798794247141,2.676245767153865,-4.116932746666865,-3.607874226436848,-1.9471360428401567,1.312731633346311,-0.0893839975810928,3.978912856259356,-0.4540895840084576,1.33244167071967
67.0,41.0,129.88711547851562,-0.0493252860806497,2.671705470543768,-4.150243287802597,-3.65416741413707,-1.932605388878216,1.3112968597711163,-0.1168196217351324,3.963507055890206,-0.4378864584123301,1.31806130967654
67.0,41.0,129.88571166992188,-0.0417827783044059,2.6798426662926547,-4.135044233946968,-3.648486759327056,-1.9251561823867225,1.3213386534982343,-0.1044633562198981,3.949839626710509,-0.4429733485908095,1.3219689135767954
67.0,41.0,129.90097045898438,-0.0788404766236933,2.683501678562413,-4.094848896910993,-3.6304394175051233,-1.945938895594313,1.3804020994577275,-0.1038868793300083,3.8925710727996266,-0.4141292175586675,1.254686144920301
67.0,41.0,129.89016723632812,-0.0553150847771336,2.6845232750091665,-4.147616372396578,-3.6270995043113663,-1.951966526881759,1.3648841213447418,-0.094259756022693,3.957380563361376,-0.4535213225676212,1.2931609172277625
67.0,41.0,129.89645385742188,-0.0465976456625256,2.7442933074251465,-4.142248823739965,-3.692023439826397,-1.9260140544437323,1.388585503173494,-0.115349056435147,3.964140913686207,-0.3916460314268543,1.2713049263250211
67.0,41.0,129.88560485839844,-0.051841795015191,2.6823741447949865,-4.12444008646393,-3.6427473691484695,-1.937562272341722,1.341055078838675,-0.1015528546400155,3.9552554073337736,-0.4481668996779643,1.3203932497614257
67.0,41.0,129.887451171875,-0.0558409892089746,2.6856063571579987,-4.118273710103657,-3.633499923252381,-1.9116728016135216,1.3434549361213584,-0.0898022274835401,3.952442596339999,-0.4529447517410516,1.295845373586752
67.0,41.0,129.8882598876953,-0.0381937379853324,2.685415438503176,-4.131140111304605,-3.6302121440395534,-1.9610770533425883,1.3506826045618592,-0.0873848755517324,3.968599415574894,-0.444599959629982,1.3417646880836984
67.0,41.0,129.88677978515625,-0.0192685843912971,2.700468918575327,-4.145775298795584,-3.6662710509262855,-1.896514481993006,1.335279000825632,-0.1088725200972522,3.98081964077635,-0.4364338958441156,1.3258041038899642
67.0,41.0,129.89549255371094,-0.0453622865428021,2.675126573337186,-4.149342199636734,-3.6285662995396577,-1.8818411706207727,1.41673086896793,-0.0943088739511843,3.9714216759417327,-0.4342025739092681,1.329226310971909
67.0,41.0,129.89479064941406,-0.0232893209792553,2.7183451739327467,-4.1607511696678205,-3.702435831628252,-1.945615638472228,1.3650562914038074,-0.1253731896013485,3.9806436928474938,-0.4027169881027774,1.2648976529206246
67.0,41.0,129.9213104248047,0.034483062133799,2.7007413650477425,-4.218265097685872,-3.667537027119139,-2.012582330929824,1.3090342463606748,-0.0162708963853437,4.036175740789945,-0.417522819629139,1.3132021471946214
67.0,41.0,129.88955688476562,-0.0445786767766797,2.64900591204119,-4.127104492684967,-3.6435097496561055,-1.9329994716028032,1.3807910309763012,-0.10401905369127,3.953787172636301,-0.4748716655084187,1.3009183374175413
67.0,41.0,129.88612365722656,-0.0613047510440217,2.6793086178066603,-4.130391465991559,-3.659770231954935,-1.9262873827785605,1.326400636934163,-0.1037413499991216,3.9540692327209537,-0.4435381215458353,1.3527893659272876
67.0,41.0,129.8869171142578,-0.0692686757217071,2.7020543591473,-4.119888898944904,-3.673927918399507,-1.949869057614948,1.325091807147082,-0.0957412935029243,3.947162384043954,-0.4286475429007357,1.3032590317455337
67.0,42.0,129.8868865966797,-0.0667920939122453,2.68143120972362,-4.123728539548771,-3.642574212247255,-1.9121039658437708,1.3423705839652915,-0.1049477157661749,3.945371599067285,-0.4292329180961683,1.3320961100932598
67.0,42.0,129.90138244628906,-0.0322975632359191,2.6336450095817536,-4.132246571986653,-3.677374703327787,-1.9495124001702613,1.3197484070149246,-0.060695397017854,4.073113834289647,-0.4356812204175736,1.2975603692053552
67.0,42.0,129.8922576904297,-0.065033689507196,2.661801288377463,-4.13433861330641,-3.6848319091161232,-1.965312033905836,1.2967616350217033,-0.1299816660784751,4.005450503367361,-0.4381308618299445,1.3516860423996342
67.0,42.0,129.9005126953125,0.0314885728227596,2.676938388687742,-4.079867971383122,-3.696855899944596,-1.9995519284539287,1.2944482056160298,-0.0679132767199926,3.943857294634904,-0.441433001151988,1.361878554107371
67.0,42.0,129.88851928710938,-0.0304537501449267,2.7074036709885845,-4.1589337492223,-3.69581982252068,-1.9574052774887185,1.3422068689636208,-0.0788497990645805,3.957993970931623,-0.4404045748109564,1.3455513258858642
67.0,42.0,129.94752502441406,0.0122025176169488,2.7745023337028734,-4.2146869950209815,-3.685168211268025,-1.7272361045361264,1.2894797780889335,-0.0960114738256242,3.9658813864576095,-0.4729765966932754,1.3209861120103394
67.0,42.0,129.9014129638672,-0.0482163916946108,2.6827778931426125,-4.1326343854384655,-3.6925176666603248,-1.93338966316988,1.3294467090749251,-0.0915549542514887,4.072822667166444,-0.4555196377227358,1.393816556517267
67.0,42.0,129.88600158691406,-0.0217989095984,2.672189371423472,-4.119490914761933,-3.669783455103869,-1.9612409976190883,1.344524302477712,-0.1019887596507725,3.9577919585293735,-0.4613971539994229,1.3374247948125302
67.0,42.0,129.89112854003906,-0.0106061750566968,2.7267111389863827,-4.132855628741202,-3.678946856957911,-1.8897839434376305,1.374942493385773,-0.0965281145668943,3.9364846790068007,-0.4111181523968454,1.3330636604867525
67.0,42.0,130.1167755126953,-0.0267555084591962,2.6607423910703085,-3.775727979636504,-3.709995415363234,-1.989450043205644,1.2625901650438889,0.0119661033277828,3.658387337420693,-0.4395275063530627,1.3350645818898823
67.0,42.0,129.8880157470703,-0.083443266375186,2.706522784810783,-4.122939593049352,-3.681447460520298,-1.916351297753923,1.3390458565680778,-0.0706809580802111,3.970737127633038,-0.4331953555956961,1.345472802174431
67.0,42.0,129.88575744628906,-0.0512859879790101,2.6614782214563784,-4.133580669028821,-3.697538916040664,-1.927195019856336,1.3609510305864263,-0.0852856577047356,3.955906433806217,-0.4400643267121146,1.3133927665168603
67.0,42.0,129.91519165039062,-0.0324671452098818,2.7042848916524944,-4.14768804752871,-3.658877175474359,-2.025865327475151,1.2428339608514365,-0.0914518816286402,3.919309392571125,-0.389178369638466,1.2536786367164172
67.0,42.0,129.888671875,-0.0342493734042951,2.6602524405499124,-4.148401663502101,-3.648268385005912,-1.9119618197503505,1.3626414776015865,-0.0829779553669199,3.9517022729973776,-0.4109588355558278,1.307877727954841
67.0,42.0,129.9187774658203,-0.0743941411456894,2.680116279825153,-4.1204062313333,-3.6204914194452527,-1.8436249507161613,1.4891476132368195,-0.0698816889711218,3.960436498065065,-0.4354879175736733,1.3009545239667937
67.0,42.0,129.88560485839844,-0.0505283081728488,2.6897103145629773,-4.118573925030658,-3.644541370355393,-1.9345416044780053,1.3506373068145578,-0.0891581194528635,3.9562615185860337,-0.4448715759460146,1.3328670057286611
67.0,42.0,129.88613891601562,-0.0345148838177534,2.6759576374877203,-4.117816653780392,-3.6546857516283255,-1.9369375388359888,1.348601917952822,-0.1033530890932448,3.955883436029132,-0.4508847292846046,1.285117143491766
67.0,42.0,129.8934783935547,-0.0252147992153897,2.7197877511413764,-4.152403990440039,-3.644335746072695,-1.9822597333621403,1.3670064405290567,-0.0965954652747087,3.974593545826564,-0.4109370127488936,1.3461207195282556
67.0,42.0,129.886474609375,-0.0676656620215352,2.674113046618248,-4.103008874376034,-3.6495420402454775,-1.9371196515247584,1.3480297478480086,-0.102145850283585,3.968673022418333,-0.4399342076287552,1.345665511144621
67.0,42.0,129.984375,0.0760173601740968,2.600788078454624,-4.073815611681744,-3.658536876001196,-2.081963128290595,1.5380037584234658,-0.1625360533989283,3.9586751454364975,-0.3660906388468812,1.248030214422513
67.0,42.0,129.96046447753906,-0.0564567229401592,2.7378855142177665,-4.024393238853399,-3.619643060063909,-1.995365843961274,1.3337451051814644,-0.3129489181881872,3.952056565912328,-0.4690137245022922,1.222941670232577
67.0,42.0,129.89097595214844,-0.002499377841319,2.673884067130226,-4.137609993213012,-3.640301542471191,-1.9492806253295183,1.3288396312474335,-0.1277182471694357,3.94943406154903,-0.4239335788999586,1.2805979728611885
67.0,42.0,129.88861083984375,-0.0466537608566882,2.7138238596504656,-4.133016233992947,-3.638538994867136,-1.9456316619578136,1.352741617449479,-0.1035212514166374,3.9487977720847054,-0.4720646108817061,1.337557698578098
67.0,42.0,129.88624572753906,-0.0457951642818131,2.670222961258436,-4.13687922718017,-3.6457046248018607,-1.918554531436112,1.3329609153775472,-0.1052795402873766,3.961873033540391,-0.4355046882660597,1.3450424120427646
67.0,42.0,129.88563537597656,-0.041688184629494,2.6733187048482026,-4.127798204247708,-3.643019341631829,-1.9340726587664008,1.3460382523124317,-0.1052532707198471,3.962928602428248,-0.4484909386459347,1.3361490946873973
67.0,42.0,129.88909912109375,-0.0297566405297026,2.6579334702775625,-4.146998068153407,-3.674741979898042,-1.8830795224968289,1.3504676962292796,-0.0996621890784181,3.9395815583726574,-0.4503817104406759,1.3567726850515054
67.0,42.0,129.89341735839844,-0.0520052383193271,2.672551477438528,-4.072531859349647,-3.6215246018951257,-1.9094415290736264,1.3392676451903305,-0.0374288328425838,3.955228503907416,-0.4489961884802114,1.3180431023106096
67.0,42.0,129.8896484375,-0.0388961794968895,2.6868248073586423,-4.107651449859493,-3.641478707276944,-1.901976777984441,1.3342767935319726,-0.0791770683430779,3.933941335073504,-0.459643749791689,1.2758980999696468
67.0,42.0,129.8889923095703,-0.0400481702414285,2.7048934028386715,-4.152894195850621,-3.6676629509322463,-1.9359048396590883,1.3497650019976128,-0.1481350864368301,3.969848251116401,-0.4308867728191285,1.3436974042552792
67.0,42.0,129.9322967529297,0.0106970100281389,2.703974866588152,-4.158854114337622,-3.68094841246624,-1.8180964672297293,1.1979463923548928,-0.1374101396778135,4.006292745187755,-0.3809551104272511,1.2542165618453756
67.0,42.0,129.8883819580078,-0.0661348907820504,2.672521950739528,-4.111960965281424,-3.67661969040762,-1.9039539598582795,1.3845755844908294,-0.096585752094684,3.956988419344887,-0.4794102678646164,1.3271127547440211
67.0,42.0,129.8865966796875,-0.0329050341844034,2.6750907278848914,-4.133726768929593,-3.637972963840137,-1.9298180653521635,1.3636520730621793,-0.0977112499202529,3.957958938242328,-0.4311137841518704,1.3240589131302805
67.0,42.0,129.9066925048828,0.0093486160775217,2.716027624133097,-4.049382509209735,-3.683454531940767,-1.958841077882711,1.3654438035423375,-0.0863781989207675,4.011303901721716,-0.3872762950299806,1.2332312633012126
67.0,42.0,129.89857482910156,-0.0157832967932405,2.7194069410107407,-4.098287401545507,-3.6390247055133456,-1.917223700628748,1.3376003546399993,-0.1737622953217092,3.9693052364062527,-0.4758913792702392,1.2570074214334677
67.0,42.0,129.88479614257812,-0.0488766755353883,2.680209675946388,-4.122837682229062,-3.658609560862548,-1.9314056122627936,1.330109931250541,-0.0941774876121408,3.962163149772522,-0.4566795660179371,1.3120511729470998
67.0,42.0,129.88711547851562,-0.0493252860806497,2.671705470543768,-4.150243287802597,-3.65416741413707,-1.932605388878216,1.3112968597711163,-0.1168196217351324,3.963507055890206,-0.4378864584123301,1.31806130967654
67.0,42.0,129.8854217529297,-0.0379644106651739,2.679295037958255,-4.1313301375221005,-3.650404639209112,-1.917451511032893,1.3336859852347092,-0.1004229987943195,3.9450878792614303,-0.4421016624448803,1.3130567600488028
67.0,42.0,129.90097045898438,-0.0788404766236933,2.683501678562413,-4.094848896910993,-3.6304394175051233,-1.945938895594313,1.3804020994577275,-0.1038868793300083,3.8925710727996266,-0.4141292175586675,1.254686144920301
67.0,42.0,129.8865966796875,-0.0530505588594629,2.6852616744436504,-4.109022918654112,-3.637907509105184,-1.9249448469147985,1.3569260747995568,-0.097765053931719,3.975973111947068,-0.4378800356346332,1.302203415675825
67.0,42.0,129.89645385742188,-0.0465976456625256,2.7442933074251465,-4.142248823739965,-3.692023439826397,-1.9260140544437323,1.388585503173494,-0.115349056435147,3.964140913686207,-0.3916460314268543,1.2713049263250211
67.0,42.0,129.88560485839844,-0.051841795015191,2.6823741447949865,-4.12444008646393,-3.6427473691484695,-1.937562272341722,1.341055078838675,-0.1015528546400155,3.9552554073337736,-0.4481668996779643,1.3203932497614257
67.0,42.0,129.887451171875,-0.0558409892089746,2.6856063571579987,-4.118273710103657,-3.633499923252381,-1.9116728016135216,1.3434549361213584,-0.0898022274835401,3.952442596339999,-0.4529447517410516,1.295845373586752
67.0,42.0,129.88690185546875,-0.0783344751642266,2.692115060087171,-4.126377721916951,-3.65694882294072,-1.897878890600064,1.3422829508746337,-0.099846521989296,3.966995747365848,-0.4460539038494055,1.3252675328973929
67.0,42.0,129.88677978515625,-0.0192685843912971,2.700468918575327,-4.145775298795584,-3.6662710509262855,-1.896514481993006,1.335279000825632,-0.1088725200972522,3.98081964077635,-0.4364338958441156,1.3258041038899642
67.0,42.0,129.89549255371094,-0.0453622865428021,2.675126573337186,-4.149342199636734,-3.6285662995396577,-1.8818411706207727,1.41673086896793,-0.0943088739511843,3.9714216759417327,-0.4342025739092681,1.329226310971909
67.0,42.0,129.89479064941406,-0.0232893209792553,2.7183451739327467,-4.1607511696678205,-3.702435831628252,-1.945615638472228,1.3650562914038074,-0.1253731896013485,3.9806436928474938,-0.4027169881027774,1.2648976529206246
67.0,42.0,129.9213104248047,0.034483062133799,2.7007413650477425,-4.218265097685872,-3.667537027119139,-2.012582330929824,1.3090342463606748,-0.0162708963853437,4.036175740789945,-0.417522819629139,1.3132021471946214
67.0,42.0,129.888671875,-0.0490476692189722,2.635335655804848,-4.127542958369397,-3.640983025034884,-1.9342121736937368,1.3303044510171411,-0.1046208727242976,3.951937754680423,-0.4192758414995869,1.328353963266551
67.0,42.0,129.88612365722656,-0.0613047510440217,2.6793086178066603,-4.130391465991559,-3.659770231954935,-1.9262873827785605,1.326400636934163,-0.1037413499991216,3.9540692327209537,-0.4435381215458353,1.3527893659272876
67.0,42.0,129.8869171142578,-0.0692686757217071,2.7020543591473,-4.119888898944904,-3.673927918399507,-1.949869057614948,1.325091807147082,-0.0957412935029243,3.947162384043954,-0.4286475429007357,1.3032590317455337
67.0,43.0,129.8868865966797,-0.0667920939122453,2.68143120972362,-4.123728539548771,-3.642574212247255,-1.9121039658437708,1.3423705839652915,-0.1049477157661749,3.945371599067285,-0.4292329180961683,1.3320961100932598
67.0,43.0,129.90138244628906,-0.0322975632359191,2.6336450095817536,-4.132246571986653,-3.677374703327787,-1.9495124001702613,1.3197484070149246,-0.060695397017854,4.073113834289647,-0.4356812204175736,1.2975603692053552
67.0,43.0,129.8922576904297,-0.065033689507196,2.661801288377463,-4.13433861330641,-3.6848319091161232,-1.965312033905836,1.2967616350217033,-0.1299816660784751,4.005450503367361,-0.4381308618299445,1.3516860423996342
67.0,43.0,129.9005126953125,0.0314885728227596,2.676938388687742,-4.079867971383122,-3.696855899944596,-1.9995519284539287,1.2944482056160298,-0.0679132767199926,3.943857294634904,-0.441433001151988,1.361878554107371
67.0,43.0,129.88851928710938,-0.0304537501449267,2.7074036709885845,-4.1589337492223,-3.69581982252068,-1.9574052774887185,1.3422068689636208,-0.0788497990645805,3.957993970931623,-0.4404045748109564,1.3455513258858642
67.0,43.0,129.8949737548828,-0.0503833609690245,2.6001870351717145,-4.132294193539618,-3.662368383098359,-1.9190154184859696,1.2996263182731649,-0.0841900918243053,4.006800139781673,-0.4422818985318721,1.3176274237840129
67.0,43.0,129.9014129638672,-0.0482163916946108,2.6827778931426125,-4.1326343854384655,-3.6925176666603248,-1.93338966316988,1.3294467090749251,-0.0915549542514887,4.072822667166444,-0.4555196377227358,1.393816556517267
67.0,43.0,129.88600158691406,-0.0217989095984,2.672189371423472,-4.119490914761933,-3.669783455103869,-1.9612409976190883,1.344524302477712,-0.1019887596507725,3.9577919585293735,-0.4613971539994229,1.3374247948125302
67.0,43.0,129.8910369873047,-0.0271604689819845,2.6798778462763133,-4.13568365532724,-3.660395764999787,-1.869922797821725,1.288282586906773,-0.0869477814447465,3.947164627166517,-0.4424782366468994,1.3124110947128238
67.0,43.0,130.1167755126953,-0.0267555084591962,2.6607423910703085,-3.775727979636504,-3.709995415363234,-1.989450043205644,1.2625901650438889,0.0119661033277828,3.658387337420693,-0.4395275063530627,1.3350645818898823
67.0,43.0,129.8880157470703,-0.083443266375186,2.706522784810783,-4.122939593049352,-3.681447460520298,-1.916351297753923,1.3390458565680778,-0.0706809580802111,3.970737127633038,-0.4331953555956961,1.345472802174431
67.0,43.0,129.88499450683594,-0.0456288516613673,2.6759248361662107,-4.135261774793776,-3.666642370939436,-1.922324138992482,1.362231289763409,-0.0885906649139726,3.969962031218804,-0.4438028185758499,1.3221549153110663
67.0,43.0,129.91519165039062,-0.0324671452098818,2.7042848916524944,-4.14768804752871,-3.658877175474359,-2.025865327475151,1.2428339608514365,-0.0914518816286402,3.919309392571125,-0.389178369638466,1.2536786367164172
67.0,43.0,129.88681030273438,-0.0471750532843528,2.6833683602080143,-4.144366458706665,-3.661560979970064,-1.923881425838437,1.3676915540008638,-0.0661158040602015,3.968862184085465,-0.4464233878875277,1.3206127908004297
67.0,43.0,129.9187774658203,-0.0743941411456894,2.680116279825153,-4.1204062313333,-3.6204914194452527,-1.8436249507161613,1.4891476132368195,-0.0698816889711218,3.960436498065065,-0.4354879175736733,1.3009545239667937
67.0,43.0,129.88560485839844,-0.0505283081728488,2.6897103145629773,-4.118573925030658,-3.644541370355393,-1.9345416044780053,1.3506373068145578,-0.0891581194528635,3.9562615185860337,-0.4448715759460146,1.3328670057286611
67.0,43.0,129.88613891601562,-0.0345148838177534,2.6759576374877203,-4.117816653780392,-3.6546857516283255,-1.9369375388359888,1.348601917952822,-0.1033530890932448,3.955883436029132,-0.4508847292846046,1.285117143491766
67.0,43.0,129.8934783935547,-0.0252147992153897,2.7197877511413764,-4.152403990440039,-3.644335746072695,-1.9822597333621403,1.3670064405290567,-0.0965954652747087,3.974593545826564,-0.4109370127488936,1.3461207195282556
67.0,43.0,129.8860626220703,-0.0275704550091115,2.674877115781164,-4.112574538304526,-3.661847164125936,-1.9211933322512016,1.32163618051653,-0.0925768651280484,3.972178236481368,-0.4695391770284016,1.3501076319913867
67.0,43.0,129.984375,0.0760173601740968,2.600788078454624,-4.073815611681744,-3.658536876001196,-2.081963128290595,1.5380037584234658,-0.1625360533989283,3.9586751454364975,-0.3660906388468812,1.248030214422513
67.0,43.0,129.96046447753906,-0.0564567229401592,2.7378855142177665,-4.024393238853399,-3.619643060063909,-1.995365843961274,1.3337451051814644,-0.3129489181881872,3.952056565912328,-0.4690137245022922,1.222941670232577
67.0,43.0,129.89097595214844,-0.002499377841319,2.673884067130226,-4.137609993213012,-3.640301542471191,-1.9492806253295183,1.3288396312474335,-0.1277182471694357,3.94943406154903,-0.4239335788999586,1.2805979728611885
67.0,43.0,129.88645935058594,-0.051482679786963,2.704811240513752,-4.125470550406557,-3.640300271908567,-1.927346446928068,1.3252177901141295,-0.1027009227936392,3.968229679976498,-0.4515998274963123,1.3152829663029473
67.0,43.0,129.88624572753906,-0.0457951642818131,2.670222961258436,-4.13687922718017,-3.6457046248018607,-1.918554531436112,1.3329609153775472,-0.1052795402873766,3.961873033540391,-0.4355046882660597,1.3450424120427646
67.0,43.0,129.88563537597656,-0.041688184629494,2.6733187048482026,-4.127798204247708,-3.643019341631829,-1.9340726587664008,1.3460382523124317,-0.1052532707198471,3.962928602428248,-0.4484909386459347,1.3361490946873973
67.0,43.0,129.88909912109375,-0.0297566405297026,2.6579334702775625,-4.146998068153407,-3.674741979898042,-1.8830795224968289,1.3504676962292796,-0.0996621890784181,3.9395815583726574,-0.4503817104406759,1.3567726850515054
67.0,43.0,129.89341735839844,-0.0520052383193271,2.672551477438528,-4.072531859349647,-3.6215246018951257,-1.9094415290736264,1.3392676451903305,-0.0374288328425838,3.955228503907416,-0.4489961884802114,1.3180431023106096
67.0,43.0,129.88621520996094,-0.0244892389585169,2.685323002840413,-4.122697293409805,-3.6476106388050207,-1.9251397593011168,1.332172042284367,-0.0978418591291303,3.946219961336977,-0.4226834826670019,1.3430275065819333
67.0,43.0,129.8889923095703,-0.0400481702414285,2.7048934028386715,-4.152894195850621,-3.6676629509322463,-1.9359048396590883,1.3497650019976128,-0.1481350864368301,3.969848251116401,-0.4308867728191285,1.3436974042552792
67.0,43.0,129.916259765625,0.0172994606525151,2.6899176017779376,-4.113741683068644,-3.692139024513523,-1.7815063836690612,1.291762635913757,-0.1279826200869967,3.980021627817863,-0.4261125743680294,1.254154577908539
67.0,43.0,129.88583374023438,-0.043314106572961,2.6754163406531304,-4.110776552038261,-3.699594579899417,-1.9440929851767108,1.358147065307494,-0.1091728377631987,3.966305614972481,-0.4708162500704856,1.310249322104858
67.0,43.0,129.8865966796875,-0.0329050341844034,2.6750907278848914,-4.133726768929593,-3.637972963840137,-1.9298180653521635,1.3636520730621793,-0.0977112499202529,3.957958938242328,-0.4311137841518704,1.3240589131302805
67.0,43.0,129.9066925048828,0.0093486160775217,2.716027624133097,-4.049382509209735,-3.683454531940767,-1.958841077882711,1.3654438035423375,-0.0863781989207675,4.011303901721716,-0.3872762950299806,1.2332312633012126
67.0,43.0,129.8878631591797,-0.0431697188240214,2.6962702034762223,-4.095971086372223,-3.63923295625876,-1.9225003071798488,1.303209693411976,-0.0825508044560959,3.969078171203797,-0.4348179832711521,1.334603672868143
67.0,43.0,129.88479614257812,-0.0488766755353883,2.680209675946388,-4.122837682229062,-3.658609560862548,-1.9314056122627936,1.330109931250541,-0.0941774876121408,3.962163149772522,-0.4566795660179371,1.3120511729470998
67.0,43.0,129.88536071777344,-0.0498924958331762,2.6685298974005,-4.140850976804367,-3.691883002552606,-1.9309852756176853,1.326120747903317,-0.1138647633388517,3.963810106240217,-0.4465510939572507,1.3164880807777624
67.0,43.0,129.88473510742188,-0.0490481334936383,2.6801263838847187,-4.119725360909856,-3.669649027169093,-1.9150753686859552,1.3384309928074132,-0.0914117524603944,3.958440839546339,-0.446001503219527,1.2995365628449946
67.0,43.0,129.89117431640625,-0.0449129281311451,2.69380577955848,-4.079623388885175,-3.675154386126003,-1.897005532882421,1.2814049415477444,-0.0848919146664783,3.991311625352947,-0.4559087572284778,1.2990555276914992
67.0,43.0,129.8848114013672,-0.0457394528618203,2.68121090770886,-4.118957722233893,-3.656174823645651,-1.9212087573391103,1.351525866539535,-0.0975263446985729,3.980241302790636,-0.4445263199339178,1.313397299514634
67.0,43.0,129.89645385742188,-0.0465976456625256,2.7442933074251465,-4.142248823739965,-3.692023439826397,-1.9260140544437323,1.388585503173494,-0.115349056435147,3.964140913686207,-0.3916460314268543,1.2713049263250211
67.0,43.0,129.88560485839844,-0.051841795015191,2.6823741447949865,-4.12444008646393,-3.6427473691484695,-1.937562272341722,1.341055078838675,-0.1015528546400155,3.9552554073337736,-0.4481668996779643,1.3203932497614257
67.0,43.0,129.887451171875,-0.0558409892089746,2.6856063571579987,-4.118273710103657,-3.633499923252381,-1.9116728016135216,1.3434549361213584,-0.0898022274835401,3.952442596339999,-0.4529447517410516,1.295845373586752
67.0,43.0,129.8866729736328,-0.0708411343571795,2.6946424492803773,-4.123057218323675,-3.672057700917296,-1.9273209908212603,1.3157651251353126,-0.0923143582195025,3.9671424055633504,-0.4563552999259674,1.2957764788684574
67.0,43.0,129.88677978515625,-0.0192685843912971,2.700468918575327,-4.145775298795584,-3.6662710509262855,-1.896514481993006,1.335279000825632,-0.1088725200972522,3.98081964077635,-0.4364338958441156,1.3258041038899642
67.0,43.0,129.89549255371094,-0.0453622865428021,2.675126573337186,-4.149342199636734,-3.6285662995396577,-1.8818411706207727,1.41673086896793,-0.0943088739511843,3.9714216759417327,-0.4342025739092681,1.329226310971909
67.0,43.0,129.89479064941406,-0.0232893209792553,2.7183451739327467,-4.1607511696678205,-3.702435831628252,-1.945615638472228,1.3650562914038074,-0.1253731896013485,3.9806436928474938,-0.4027169881027774,1.2648976529206246
67.0,43.0,129.9213104248047,0.034483062133799,2.7007413650477425,-4.218265097685872,-3.667537027119139,-2.012582330929824,1.3090342463606748,-0.0162708963853437,4.036175740789945,-0.417522819629139,1.3132021471946214
67.0,43.0,129.88584899902344,-0.0504808321630993,2.654157146017942,-4.1230304260399,-3.6733462471848304,-1.9301641341707192,1.3101548834062928,-0.0995126375949595,3.963406068540765,-0.4397870241873765,1.3120160606456783
67.0,43.0,129.88552856445312,-0.059977741067154,2.6801682030994374,-4.12322036909697,-3.667438580385225,-1.914417139537977,1.3155343296952362,-0.0966879218742781,3.9565260306619305,-0.460172764875933,1.3223014185279856
67.0,43.0,129.8869171142578,-0.0692686757217071,2.7020543591473,-4.119888898944904,-3.673927918399507,-1.949869057614948,1.325091807147082,-0.0957412935029243,3.947162384043954,-0.4286475429007357,1.3032590317455337
67.0,44.0,129.8868865966797,-0.0667920939122453,2.68143120972362,-4.123728539548771,-3.642574212247255,-1.9121039658437708,1.3423705839652915,-0.1049477157661749,3.945371599067285,-0.4292329180961683,1.3320961100932598
67.0,44.0,129.90138244628906,-0.0322975632359191,2.6336450095817536,-4.132246571986653,-3.677374703327787,-1.9495124001702613,1.3197484070149246,-0.060695397017854,4.073113834289647,-0.4356812204175736,1.2975603692053552
67.0,44.0,129.8922576904297,-0.065033689507196,2.661801288377463,-4.13433861330641,-3.6848319091161232,-1.965312033905836,1.2967616350217033,-0.1299816660784751,4.005450503367361,-0.4381308618299445,1.3516860423996342
67.0,44.0,129.9005126953125,0.0314885728227596,2.676938388687742,-4.079867971383122,-3.696855899944596,-1.9995519284539287,1.2944482056160298,-0.0679132767199926,3.943857294634904,-0.441433001151988,1.361878554107371
67.0,44.0,129.88851928710938,-0.0304537501449267,2.7074036709885845,-4.1589337492223,-3.69581982252068,-1.9574052774887185,1.3422068689636208,-0.0788497990645805,3.957993970931623,-0.4404045748109564,1.3455513258858642
67.0,44.0,129.8949737548828,-0.0503833609690245,2.6001870351717145,-4.132294193539618,-3.662368383098359,-1.9190154184859696,1.2996263182731649,-0.0841900918243053,4.006800139781673,-0.4422818985318721,1.3176274237840129
67.0,44.0,129.89511108398438,-0.0476107406512749,2.6833144012781216,-4.111020425829001,-3.6945707814076383,-1.9195799758800367,1.3784272488546505,-0.0806032048669525,4.0555119185366975,-0.4179977325793332,1.341117045642803
67.0,44.0,129.88522338867188,-0.0240375962152403,2.671214362017752,-4.115308096170972,-3.665096364599772,-1.9392079565733589,1.3447969188436066,-0.0951481728388091,3.957424107855108,-0.4548358276064033,1.3481329505699664
67.0,44.0,129.887939453125,-0.0198275743309499,2.664552653630238,-4.1304523967482805,-3.6895493709991904,-1.8856105038158528,1.3597744976242443,-0.0812393052227083,3.970761504800525,-0.4495450753445996,1.292536172180079
67.0,44.0,129.96437072753906,-0.0240836395035316,2.667171176539878,-4.07292150596804,-3.703955867755687,-2.010957725716493,1.3092611834721504,-0.0979647198431994,3.7805728375612935,-0.4240349084474311,1.134799534945008
67.0,44.0,129.8880157470703,-0.083443266375186,2.706522784810783,-4.122939593049352,-3.681447460520298,-1.916351297753923,1.3390458565680778,-0.0706809580802111,3.970737127633038,-0.4331953555956961,1.345472802174431
67.0,44.0,129.88499450683594,-0.0456288516613673,2.6759248361662107,-4.135261774793776,-3.666642370939436,-1.922324138992482,1.362231289763409,-0.0885906649139726,3.969962031218804,-0.4438028185758499,1.3221549153110663
67.0,44.0,129.91519165039062,-0.0324671452098818,2.7042848916524944,-4.14768804752871,-3.658877175474359,-2.025865327475151,1.2428339608514365,-0.0914518816286402,3.919309392571125,-0.389178369638466,1.2536786367164172
67.0,44.0,129.88653564453125,-0.0456621740557124,2.6985549340307875,-4.115811741496673,-3.678928350968961,-1.9104283441755925,1.3288097235100655,-0.0650696359089504,3.971040618143949,-0.4627803079352735,1.2992208175160525
67.0,44.0,129.9187774658203,-0.0743941411456894,2.680116279825153,-4.1204062313333,-3.6204914194452527,-1.8436249507161613,1.4891476132368195,-0.0698816889711218,3.960436498065065,-0.4354879175736733,1.3009545239667937
67.0,44.0,129.8852081298828,-0.0500894430004007,2.682010401527591,-4.117184494080751,-3.652716959788281,-1.9240596565721464,1.3558870847521305,-0.0940560224011095,3.95472178737501,-0.4276745797855207,1.325492105422014
67.0,44.0,129.88613891601562,-0.0345148838177534,2.6759576374877203,-4.117816653780392,-3.6546857516283255,-1.9369375388359888,1.348601917952822,-0.1033530890932448,3.955883436029132,-0.4508847292846046,1.285117143491766
67.0,44.0,129.8934783935547,-0.0252147992153897,2.7197877511413764,-4.152403990440039,-3.644335746072695,-1.9822597333621403,1.3670064405290567,-0.0965954652747087,3.974593545826564,-0.4109370127488936,1.3461207195282556
67.0,44.0,129.8860626220703,-0.0275704550091115,2.674877115781164,-4.112574538304526,-3.661847164125936,-1.9211933322512016,1.32163618051653,-0.0925768651280484,3.972178236481368,-0.4695391770284016,1.3501076319913867
67.0,44.0,129.984375,0.0760173601740968,2.600788078454624,-4.073815611681744,-3.658536876001196,-2.081963128290595,1.5380037584234658,-0.1625360533989283,3.9586751454364975,-0.3660906388468812,1.248030214422513
67.0,44.0,129.96046447753906,-0.0564567229401592,2.7378855142177665,-4.024393238853399,-3.619643060063909,-1.995365843961274,1.3337451051814644,-0.3129489181881872,3.952056565912328,-0.4690137245022922,1.222941670232577
67.0,44.0,129.89097595214844,-0.002499377841319,2.673884067130226,-4.137609993213012,-3.640301542471191,-1.9492806253295183,1.3288396312474335,-0.1277182471694357,3.94943406154903,-0.4239335788999586,1.2805979728611885
67.0,44.0,129.88645935058594,-0.051482679786963,2.704811240513752,-4.125470550406557,-3.640300271908567,-1.927346446928068,1.3252177901141295,-0.1027009227936392,3.968229679976498,-0.4515998274963123,1.3152829663029473
67.0,44.0,129.88624572753906,-0.0457951642818131,2.670222961258436,-4.13687922718017,-3.6457046248018607,-1.918554531436112,1.3329609153775472,-0.1052795402873766,3.961873033540391,-0.4355046882660597,1.3450424120427646
67.0,44.0,129.88563537597656,-0.041688184629494,2.6733187048482026,-4.127798204247708,-3.643019341631829,-1.9340726587664008,1.3460382523124317,-0.1052532707198471,3.962928602428248,-0.4484909386459347,1.3361490946873973
67.0,44.0,129.88644409179688,-0.0327223298439229,2.6586858007049528,-4.134687359257113,-3.6681343270774978,-1.8943095151666955,1.332535021803214,-0.0889173771973844,3.955811446739028,-0.4310520465517167,1.3068597217970983
67.0,44.0,129.89244079589844,-0.0653384006918351,2.6686214103486208,-4.148138036913909,-3.662898280009537,-1.93363673182886,1.3402171039978286,-0.0221877026489224,3.953188170409717,-0.4382938826090704,1.3059968930244144
67.0,44.0,129.88528442382812,-0.0299266617866653,2.675782860175412,-4.12294055859656,-3.677524823072584,-1.8891098542105536,1.33749508485004,-0.0964280587556275,3.958427800886328,-0.4386514931980343,1.3229749305398468
67.0,44.0,129.8889923095703,-0.0400481702414285,2.7048934028386715,-4.152894195850621,-3.6676629509322463,-1.9359048396590883,1.3497650019976128,-0.1481350864368301,3.969848251116401,-0.4308867728191285,1.3436974042552792
67.0,44.0,129.91429138183594,0.0051365791909812,2.6664259230663467,-4.097730810799797,-3.701659221987659,-1.872498943183592,1.384499808163255,-0.0519625711114691,3.949224117429848,-0.4769628154290276,1.4625048875341131
67.0,44.0,129.88583374023438,-0.043314106572961,2.6754163406531304,-4.110776552038261,-3.699594579899417,-1.9440929851767108,1.358147065307494,-0.1091728377631987,3.966305614972481,-0.4708162500704856,1.310249322104858
67.0,44.0,129.8865966796875,-0.0329050341844034,2.6750907278848914,-4.133726768929593,-3.637972963840137,-1.9298180653521635,1.3636520730621793,-0.0977112499202529,3.957958938242328,-0.4311137841518704,1.3240589131302805
67.0,44.0,129.8984832763672,0.0081819821729019,2.7153790391486248,-4.076341334847158,-3.638637729448001,-1.9496435148959588,1.3373699059890485,-0.0892580715219284,4.017650436553174,-0.3976230082260059,1.2703619028187416
67.0,44.0,129.8878631591797,-0.0431697188240214,2.6962702034762223,-4.095971086372223,-3.63923295625876,-1.9225003071798488,1.303209693411976,-0.0825508044560959,3.969078171203797,-0.4348179832711521,1.334603672868143
67.0,44.0,129.88479614257812,-0.0488766755353883,2.680209675946388,-4.122837682229062,-3.658609560862548,-1.9314056122627936,1.330109931250541,-0.0941774876121408,3.962163149772522,-0.4566795660179371,1.3120511729470998
67.0,44.0,129.88536071777344,-0.0498924958331762,2.6685298974005,-4.140850976804367,-3.691883002552606,-1.9309852756176853,1.326120747903317,-0.1138647633388517,3.963810106240217,-0.4465510939572507,1.3164880807777624
67.0,44.0,129.88473510742188,-0.0490481334936383,2.6801263838847187,-4.119725360909856,-3.669649027169093,-1.9150753686859552,1.3384309928074132,-0.0914117524603944,3.958440839546339,-0.446001503219527,1.2995365628449946
67.0,44.0,129.89117431640625,-0.0449129281311451,2.69380577955848,-4.079623388885175,-3.675154386126003,-1.897005532882421,1.2814049415477444,-0.0848919146664783,3.991311625352947,-0.4559087572284778,1.2990555276914992
67.0,44.0,129.88478088378906,-0.0466760027241096,2.677657267672606,-4.124089940322755,-3.664937617001732,-1.9094209253594483,1.336239580993246,-0.0868447206626744,3.9585801688694713,-0.4495792974366966,1.3100224714685833
67.0,44.0,129.89645385742188,-0.0465976456625256,2.7442933074251465,-4.142248823739965,-3.692023439826397,-1.9260140544437323,1.388585503173494,-0.115349056435147,3.964140913686207,-0.3916460314268543,1.2713049263250211
67.0,44.0,129.88560485839844,-0.051841795015191,2.6823741447949865,-4.12444008646393,-3.6427473691484695,-1.937562272341722,1.341055078838675,-0.1015528546400155,3.9552554073337736,-0.4481668996779643,1.3203932497614257
67.0,44.0,129.8870086669922,-0.0553975074183005,2.678759525874051,-4.119404396439341,-3.6737808452393,-1.876832421344073,1.3568117754446394,-0.1072438947816281,3.960802852033312,-0.4483527707556205,1.3359931491040278
67.0,44.0,129.88525390625,-0.0432693191599139,2.6915934046868304,-4.116170863368386,-3.675988072031354,-1.925656971096308,1.339726643821331,-0.0877689832140121,3.965122861344703,-0.4378171657526124,1.2875812439404912
67.0,44.0,129.88677978515625,-0.0192685843912971,2.700468918575327,-4.145775298795584,-3.6662710509262855,-1.896514481993006,1.335279000825632,-0.1088725200972522,3.98081964077635,-0.4364338958441156,1.3258041038899642
67.0,44.0,129.89549255371094,-0.0453622865428021,2.675126573337186,-4.149342199636734,-3.6285662995396577,-1.8818411706207727,1.41673086896793,-0.0943088739511843,3.9714216759417327,-0.4342025739092681,1.329226310971909
67.0,44.0,129.89479064941406,-0.0232893209792553,2.7183451739327467,-4.1607511696678205,-3.702435831628252,-1.945615638472228,1.3650562914038074,-0.1253731896013485,3.9806436928474938,-0.4027169881027774,1.2648976529206246
67.0,44.0,129.9213104248047,0.034483062133799,2.7007413650477425,-4.218265097685872,-3.667537027119139,-2.012582330929824,1.3090342463606748,-0.0162708963853437,4.036175740789945,-0.417522819629139,1.3132021471946214
67.0,44.0,129.88584899902344,-0.0504808321630993,2.654157146017942,-4.1230304260399,-3.6733462471848304,-1.9301641341707192,1.3101548834062928,-0.0995126375949595,3.963406068540765,-0.4397870241873765,1.3120160606456783
67.0,44.0,129.88552856445312,-0.059977741067154,2.6801682030994374,-4.12322036909697,-3.667438580385225,-1.914417139537977,1.3155343296952362,-0.0966879218742781,3.9565260306619305,-0.460172764875933,1.3223014185279856
67.0,44.0,129.8869171142578,-0.0692686757217071,2.7020543591473,-4.119888898944904,-3.673927918399507,-1.949869057614948,1.325091807147082,-0.0957412935029243,3.947162384043954,-0.4286475429007357,1.3032590317455337
67.0,45.0,129.8868865966797,-0.0667920939122453,2.68143120972362,-4.123728539548771,-3.642574212247255,-1.9121039658437708,1.3423705839652915,-0.1049477157661749,3.945371599067285,-0.4292329180961683,1.3320961100932598
67.0,45.0,129.90138244628906,-0.0322975632359191,2.6336450095817536,-4.132246571986653,-3.677374703327787,-1.9495124001702613,1.3197484070149246,-0.060695397017854,4.073113834289647,-0.4356812204175736,1.2975603692053552
67.0,45.0,129.8918914794922,-0.0307235956964515,2.6952943125919133,-4.138975715109329,-3.7166016933057255,-1.9813430916047576,1.2892984271856196,-0.0942176646067502,3.947295052843218,-0.4428343557333448,1.3227169058029935
67.0,45.0,129.9005126953125,0.0314885728227596,2.676938388687742,-4.079867971383122,-3.696855899944596,-1.9995519284539287,1.2944482056160298,-0.0679132767199926,3.943857294634904,-0.441433001151988,1.361878554107371
67.0,45.0,129.88851928710938,-0.0304537501449267,2.7074036709885845,-4.1589337492223,-3.69581982252068,-1.9574052774887185,1.3422068689636208,-0.0788497990645805,3.957993970931623,-0.4404045748109564,1.3455513258858642
67.0,45.0,129.89022827148438,-0.048766346849555,2.6553531004803883,-4.111820922036821,-3.666456677079928,-1.990051812635516,1.320795989436166,-0.1030941105663637,3.991214500314764,-0.4434526521507673,1.3077536745072462
67.0,45.0,129.89511108398438,-0.0476107406512749,2.6833144012781216,-4.111020425829001,-3.6945707814076383,-1.9195799758800367,1.3784272488546505,-0.0806032048669525,4.0555119185366975,-0.4179977325793332,1.341117045642803
67.0,45.0,129.88522338867188,-0.0240375962152403,2.671214362017752,-4.115308096170972,-3.665096364599772,-1.9392079565733589,1.3447969188436066,-0.0951481728388091,3.957424107855108,-0.4548358276064033,1.3481329505699664
67.0,45.0,129.8853759765625,-0.0352199418079214,2.6797959685229835,-4.11315592954609,-3.672486918481816,-1.914633926747766,1.3443828679051095,-0.0977818894020493,3.96305635453202,-0.4521817175310738,1.2856575988040777
67.0,45.0,129.9549560546875,-0.0286098891779953,2.688650374720095,-4.129588932620714,-3.695473333589153,-2.0123547432616866,1.3079380328155443,-0.1131780020867175,4.167628340438417,-0.4577884706516923,1.180118733883935
67.0,45.0,129.8880157470703,-0.083443266375186,2.706522784810783,-4.122939593049352,-3.681447460520298,-1.916351297753923,1.3390458565680778,-0.0706809580802111,3.970737127633038,-0.4331953555956961,1.345472802174431
67.0,45.0,129.88499450683594,-0.0456288516613673,2.6759248361662107,-4.135261774793776,-3.666642370939436,-1.922324138992482,1.362231289763409,-0.0885906649139726,3.969962031218804,-0.4438028185758499,1.3221549153110663
67.0,45.0,129.91519165039062,-0.0324671452098818,2.7042848916524944,-4.14768804752871,-3.658877175474359,-2.025865327475151,1.2428339608514365,-0.0914518816286402,3.919309392571125,-0.389178369638466,1.2536786367164172
67.0,45.0,129.88653564453125,-0.0456621740557124,2.6985549340307875,-4.115811741496673,-3.678928350968961,-1.9104283441755925,1.3288097235100655,-0.0650696359089504,3.971040618143949,-0.4627803079352735,1.2992208175160525
67.0,45.0,129.9007110595703,-0.0712165337990908,2.665194334709609,-4.036086949270424,-3.609850747689877,-1.960063436630755,1.324552611711764,-0.0942590186470845,3.947071265662667,-0.4864942719614543,1.293964747662651
67.0,45.0,129.8851776123047,-0.048608211391676,2.682766196807352,-4.115580902574469,-3.666711411013647,-1.913723744778013,1.3563932272618122,-0.093766548141138,3.9570015987472935,-0.4441786452077318,1.2964492824207987
67.0,45.0,129.88613891601562,-0.0345148838177534,2.6759576374877203,-4.117816653780392,-3.6546857516283255,-1.9369375388359888,1.348601917952822,-0.1033530890932448,3.955883436029132,-0.4508847292846046,1.285117143491766
67.0,45.0,129.8934783935547,-0.0252147992153897,2.7197877511413764,-4.152403990440039,-3.644335746072695,-1.9822597333621403,1.3670064405290567,-0.0965954652747087,3.974593545826564,-0.4109370127488936,1.3461207195282556
67.0,45.0,129.8860626220703,-0.0275704550091115,2.674877115781164,-4.112574538304526,-3.661847164125936,-1.9211933322512016,1.32163618051653,-0.0925768651280484,3.972178236481368,-0.4695391770284016,1.3501076319913867
67.0,45.0,129.97811889648438,-0.1579162315751619,2.433152995464344,-4.143446784390983,-3.693086386165528,-2.0439578474765905,1.3817942789073072,-0.1211347535073038,3.960365875077909,-0.4433223374810371,1.2958814564113872
67.0,45.0,129.96046447753906,-0.0564567229401592,2.7378855142177665,-4.024393238853399,-3.619643060063909,-1.995365843961274,1.3337451051814644,-0.3129489181881872,3.952056565912328,-0.4690137245022922,1.222941670232577
67.0,45.0,129.89097595214844,-0.002499377841319,2.673884067130226,-4.137609993213012,-3.640301542471191,-1.9492806253295183,1.3288396312474335,-0.1277182471694357,3.94943406154903,-0.4239335788999586,1.2805979728611885
67.0,45.0,129.8848876953125,-0.0437697631180942,2.669700649404516,-4.126053407956642,-3.679079297339412,-1.932600543731425,1.3452512424501362,-0.0830972588513255,3.971769923363448,-0.4612146024181126,1.3091673370379815
67.0,45.0,129.88624572753906,-0.0457951642818131,2.670222961258436,-4.13687922718017,-3.6457046248018607,-1.918554531436112,1.3329609153775472,-0.1052795402873766,3.961873033540391,-0.4355046882660597,1.3450424120427646
67.0,45.0,129.88563537597656,-0.041688184629494,2.6733187048482026,-4.127798204247708,-3.643019341631829,-1.9340726587664008,1.3460382523124317,-0.1052532707198471,3.962928602428248,-0.4484909386459347,1.3361490946873973
67.0,45.0,129.88644409179688,-0.0327223298439229,2.6586858007049528,-4.134687359257113,-3.6681343270774978,-1.8943095151666955,1.332535021803214,-0.0889173771973844,3.955811446739028,-0.4310520465517167,1.3068597217970983
67.0,45.0,129.88978576660156,-0.0388907187412042,2.670964620072248,-4.139612864091607,-3.661309150277836,-1.948615631087623,1.3509370590139431,-0.0417270641911428,3.9586059959548,-0.4409904683770602,1.2903074619828554
67.0,45.0,129.88528442382812,-0.0299266617866653,2.675782860175412,-4.12294055859656,-3.677524823072584,-1.8891098542105536,1.33749508485004,-0.0964280587556275,3.958427800886328,-0.4386514931980343,1.3229749305398468
67.0,45.0,129.8889923095703,-0.0400481702414285,2.7048934028386715,-4.152894195850621,-3.6676629509322463,-1.9359048396590883,1.3497650019976128,-0.1481350864368301,3.969848251116401,-0.4308867728191285,1.3436974042552792
67.0,45.0,129.90753173828125,-0.121042551992686,2.679418159550287,-4.092214656710167,-3.654250728671018,-1.9892954303346453,1.3849991645557,-0.0719833707549261,3.94520294962206,-0.4598102801256961,1.2319223301810935
67.0,45.0,129.885498046875,-0.0434303932826589,2.67240731496277,-4.127605913904202,-3.682952073305648,-1.9050303822821504,1.3648949872595555,-0.0862904160072616,3.960557392154004,-0.4595444203825333,1.3155325397223845
67.0,45.0,129.8865966796875,-0.0329050341844034,2.6750907278848914,-4.133726768929593,-3.637972963840137,-1.9298180653521635,1.3636520730621793,-0.0977112499202529,3.957958938242328,-0.4311137841518704,1.3240589131302805
67.0,45.0,129.8984832763672,0.0081819821729019,2.7153790391486248,-4.076341334847158,-3.638637729448001,-1.9496435148959588,1.3373699059890485,-0.0892580715219284,4.017650436553174,-0.3976230082260059,1.2703619028187416
67.0,45.0,129.8878631591797,-0.0431697188240214,2.6962702034762223,-4.095971086372223,-3.63923295625876,-1.9225003071798488,1.303209693411976,-0.0825508044560959,3.969078171203797,-0.4348179832711521,1.334603672868143
67.0,45.0,129.88479614257812,-0.0488766755353883,2.680209675946388,-4.122837682229062,-3.658609560862548,-1.9314056122627936,1.330109931250541,-0.0941774876121408,3.962163149772522,-0.4566795660179371,1.3120511729470998
67.0,45.0,129.88536071777344,-0.0498924958331762,2.6685298974005,-4.140850976804367,-3.691883002552606,-1.9309852756176853,1.326120747903317,-0.1138647633388517,3.963810106240217,-0.4465510939572507,1.3164880807777624
67.0,45.0,129.88473510742188,-0.0490481334936383,2.6801263838847187,-4.119725360909856,-3.669649027169093,-1.9150753686859552,1.3384309928074132,-0.0914117524603944,3.958440839546339,-0.446001503219527,1.2995365628449946
67.0,45.0,129.89117431640625,-0.0449129281311451,2.69380577955848,-4.079623388885175,-3.675154386126003,-1.897005532882421,1.2814049415477444,-0.0848919146664783,3.991311625352947,-0.4559087572284778,1.2990555276914992
67.0,45.0,129.88478088378906,-0.0466760027241096,2.677657267672606,-4.124089940322755,-3.664937617001732,-1.9094209253594483,1.336239580993246,-0.0868447206626744,3.9585801688694713,-0.4495792974366966,1.3100224714685833
67.0,45.0,129.89645385742188,-0.0465976456625256,2.7442933074251465,-4.142248823739965,-3.692023439826397,-1.9260140544437323,1.388585503173494,-0.115349056435147,3.964140913686207,-0.3916460314268543,1.2713049263250211
67.0,45.0,129.88560485839844,-0.051841795015191,2.6823741447949865,-4.12444008646393,-3.6427473691484695,-1.937562272341722,1.341055078838675,-0.1015528546400155,3.9552554073337736,-0.4481668996779643,1.3203932497614257
67.0,45.0,129.8870086669922,-0.0553975074183005,2.678759525874051,-4.119404396439341,-3.6737808452393,-1.876832421344073,1.3568117754446394,-0.1072438947816281,3.960802852033312,-0.4483527707556205,1.3359931491040278
67.0,45.0,129.8848114013672,-0.0428130504963786,2.6667265364845307,-4.114257165668321,-3.6664865421876094,-1.9194856744182287,1.348459109903789,-0.0863147361110731,3.960144495964504,-0.440109742397834,1.3035477186316884
67.0,45.0,129.8849639892578,-0.0455344808082961,2.672721190116786,-4.098181901562255,-3.6663264017020687,-1.9106335468526032,1.3358026656837432,-0.0990671066117184,3.961176413594686,-0.4505920511546575,1.341070452210804
67.0,45.0,129.89549255371094,-0.0453622865428021,2.675126573337186,-4.149342199636734,-3.6285662995396577,-1.8818411706207727,1.41673086896793,-0.0943088739511843,3.9714216759417327,-0.4342025739092681,1.329226310971909
67.0,45.0,129.89273071289062,-0.041919181469685,2.742991330592567,-4.133906547916806,-3.730700557621408,-1.9035095035021248,1.351399828415688,-0.0812027052897193,3.996890556606697,-0.4248015788095204,1.3177992698389662
67.0,45.0,129.89698791503906,0.0266815437936212,2.662461680183609,-4.123730992481901,-3.671916185009008,-1.840501864229513,1.3393292845966662,-0.0835261217493549,3.959167515442555,-0.412079552968893,1.333521135871032
67.0,45.0,129.88584899902344,-0.0504808321630993,2.654157146017942,-4.1230304260399,-3.6733462471848304,-1.9301641341707192,1.3101548834062928,-0.0995126375949595,3.963406068540765,-0.4397870241873765,1.3120160606456783
67.0,45.0,129.88552856445312,-0.059977741067154,2.6801682030994374,-4.12322036909697,-3.667438580385225,-1.914417139537977,1.3155343296952362,-0.0966879218742781,3.9565260306619305,-0.460172764875933,1.3223014185279856
67.0,45.0,129.8868408203125,-0.0673103160397408,2.701309010263293,-4.119527497496904,-3.6894761659245767,-1.9175464004140883,1.334450439047992,-0.0906896905078117,3.9519082198006887,-0.4147469686041425,1.2984885369935666
67.0,46.0,129.8868865966797,-0.0667920939122453,2.68143120972362,-4.123728539548771,-3.642574212247255,-1.9121039658437708,1.3423705839652915,-0.1049477157661749,3.945371599067285,-0.4292329180961683,1.3320961100932598
67.0,46.0,129.90138244628906,-0.0322975632359191,2.6336450095817536,-4.132246571986653,-3.677374703327787,-1.9495124001702613,1.3197484070149246,-0.060695397017854,4.073113834289647,-0.4356812204175736,1.2975603692053552
67.0,46.0,129.8918914794922,-0.0307235956964515,2.6952943125919133,-4.138975715109329,-3.7166016933057255,-1.9813430916047576,1.2892984271856196,-0.0942176646067502,3.947295052843218,-0.4428343557333448,1.3227169058029935
67.0,46.0,129.9005126953125,0.0314885728227596,2.676938388687742,-4.079867971383122,-3.696855899944596,-1.9995519284539287,1.2944482056160298,-0.0679132767199926,3.943857294634904,-0.441433001151988,1.361878554107371
67.0,46.0,129.88851928710938,-0.0304537501449267,2.7074036709885845,-4.1589337492223,-3.69581982252068,-1.9574052774887185,1.3422068689636208,-0.0788497990645805,3.957993970931623,-0.4404045748109564,1.3455513258858642
67.0,46.0,129.88919067382812,-0.0489158454047831,2.685592214953464,-4.106332229776568,-3.669549018311329,-1.979869625845688,1.3373124322577574,-0.0878296171014135,4.0005820790890425,-0.4471218840375887,1.2950161419595283
67.0,46.0,129.88827514648438,-0.0493073495662587,2.6802136981086333,-4.121787017672627,-3.675819585982521,-1.918478750890348,1.3659654673872976,-0.0829490636475026,4.014989451246952,-0.443102277150695,1.293615764609882
67.0,46.0,129.88522338867188,-0.0240375962152403,2.671214362017752,-4.115308096170972,-3.665096364599772,-1.9392079565733589,1.3447969188436066,-0.0951481728388091,3.957424107855108,-0.4548358276064033,1.3481329505699664
67.0,46.0,129.8853759765625,-0.0352199418079214,2.6797959685229835,-4.11315592954609,-3.672486918481816,-1.914633926747766,1.3443828679051095,-0.0977818894020493,3.96305635453202,-0.4521817175310738,1.2856575988040777
67.0,46.0,129.9549560546875,-0.0286098891779953,2.688650374720095,-4.129588932620714,-3.695473333589153,-2.0123547432616866,1.3079380328155443,-0.1131780020867175,4.167628340438417,-0.4577884706516923,1.180118733883935
67.0,46.0,129.8880157470703,-0.083443266375186,2.706522784810783,-4.122939593049352,-3.681447460520298,-1.916351297753923,1.3390458565680778,-0.0706809580802111,3.970737127633038,-0.4331953555956961,1.345472802174431
67.0,46.0,129.88499450683594,-0.0456288516613673,2.6759248361662107,-4.135261774793776,-3.666642370939436,-1.922324138992482,1.362231289763409,-0.0885906649139726,3.969962031218804,-0.4438028185758499,1.3221549153110663
67.0,46.0,129.91519165039062,-0.0324671452098818,2.7042848916524944,-4.14768804752871,-3.658877175474359,-2.025865327475151,1.2428339608514365,-0.0914518816286402,3.919309392571125,-0.389178369638466,1.2536786367164172
67.0,46.0,129.8852081298828,-0.0534826538258554,2.6760782522828266,-4.116709972111655,-3.660615864741091,-1.9165710134361345,1.337782525481897,-0.1021130774561518,3.9564565619502745,-0.4278719424259113,1.302141924843035
67.0,46.0,129.9007110595703,-0.0712165337990908,2.665194334709609,-4.036086949270424,-3.609850747689877,-1.960063436630755,1.324552611711764,-0.0942590186470845,3.947071265662667,-0.4864942719614543,1.293964747662651
67.0,46.0,129.8851776123047,-0.048608211391676,2.682766196807352,-4.115580902574469,-3.666711411013647,-1.913723744778013,1.3563932272618122,-0.093766548141138,3.9570015987472935,-0.4441786452077318,1.2964492824207987
67.0,46.0,129.88613891601562,-0.0345148838177534,2.6759576374877203,-4.117816653780392,-3.6546857516283255,-1.9369375388359888,1.348601917952822,-0.1033530890932448,3.955883436029132,-0.4508847292846046,1.285117143491766
67.0,46.0,129.8934783935547,-0.0252147992153897,2.7197877511413764,-4.152403990440039,-3.644335746072695,-1.9822597333621403,1.3670064405290567,-0.0965954652747087,3.974593545826564,-0.4109370127488936,1.3461207195282556
67.0,46.0,129.8860626220703,-0.0275704550091115,2.674877115781164,-4.112574538304526,-3.661847164125936,-1.9211933322512016,1.32163618051653,-0.0925768651280484,3.972178236481368,-0.4695391770284016,1.3501076319913867
67.0,46.0,129.9395294189453,-0.2128839212133766,2.7622749496067547,-4.165472654805818,-3.6578060359097417,-1.9925966725315367,1.25227380834711,-0.0440910096010476,3.957599241943132,-0.4535887314954455,1.3100830257025575
67.0,46.0,129.96046447753906,-0.0564567229401592,2.7378855142177665,-4.024393238853399,-3.619643060063909,-1.995365843961274,1.3337451051814644,-0.3129489181881872,3.952056565912328,-0.4690137245022922,1.222941670232577
67.0,46.0,129.89097595214844,-0.002499377841319,2.673884067130226,-4.137609993213012,-3.640301542471191,-1.9492806253295183,1.3288396312474335,-0.1277182471694357,3.94943406154903,-0.4239335788999586,1.2805979728611885
67.0,46.0,129.8848876953125,-0.0437697631180942,2.669700649404516,-4.126053407956642,-3.679079297339412,-1.932600543731425,1.3452512424501362,-0.0830972588513255,3.971769923363448,-0.4612146024181126,1.3091673370379815
67.0,46.0,129.88624572753906,-0.0457951642818131,2.670222961258436,-4.13687922718017,-3.6457046248018607,-1.918554531436112,1.3329609153775472,-0.1052795402873766,3.961873033540391,-0.4355046882660597,1.3450424120427646
67.0,46.0,129.88563537597656,-0.041688184629494,2.6733187048482026,-4.127798204247708,-3.643019341631829,-1.9340726587664008,1.3460382523124317,-0.1052532707198471,3.962928602428248,-0.4484909386459347,1.3361490946873973
67.0,46.0,129.88644409179688,-0.0327223298439229,2.6586858007049528,-4.134687359257113,-3.6681343270774978,-1.8943095151666955,1.332535021803214,-0.0889173771973844,3.955811446739028,-0.4310520465517167,1.3068597217970983
67.0,46.0,129.8854522705078,-0.0292905921834808,2.6864137819870386,-4.104230732820776,-3.674383464472671,-1.9212921486595784,1.3399501402337293,-0.0920488467957222,3.96071790150312,-0.4495709224276004,1.2856653653160572
67.0,46.0,129.88528442382812,-0.0299266617866653,2.675782860175412,-4.12294055859656,-3.677524823072584,-1.8891098542105536,1.33749508485004,-0.0964280587556275,3.958427800886328,-0.4386514931980343,1.3229749305398468
67.0,46.0,129.8889923095703,-0.0400481702414285,2.7048934028386715,-4.152894195850621,-3.6676629509322463,-1.9359048396590883,1.3497650019976128,-0.1481350864368301,3.969848251116401,-0.4308867728191285,1.3436974042552792
67.0,46.0,129.90753173828125,-0.121042551992686,2.679418159550287,-4.092214656710167,-3.654250728671018,-1.9892954303346453,1.3849991645557,-0.0719833707549261,3.94520294962206,-0.4598102801256961,1.2319223301810935
67.0,46.0,129.885498046875,-0.0434303932826589,2.67240731496277,-4.127605913904202,-3.682952073305648,-1.9050303822821504,1.3648949872595555,-0.0862904160072616,3.960557392154004,-0.4595444203825333,1.3155325397223845
67.0,46.0,129.8865966796875,-0.0329050341844034,2.6750907278848914,-4.133726768929593,-3.637972963840137,-1.9298180653521635,1.3636520730621793,-0.0977112499202529,3.957958938242328,-0.4311137841518704,1.3240589131302805
67.0,46.0,129.8984832763672,0.0081819821729019,2.7153790391486248,-4.076341334847158,-3.638637729448001,-1.9496435148959588,1.3373699059890485,-0.0892580715219284,4.017650436553174,-0.3976230082260059,1.2703619028187416
67.0,46.0,129.8878631591797,-0.0431697188240214,2.6962702034762223,-4.095971086372223,-3.63923295625876,-1.9225003071798488,1.303209693411976,-0.0825508044560959,3.969078171203797,-0.4348179832711521,1.334603672868143
67.0,46.0,129.88479614257812,-0.0488766755353883,2.680209675946388,-4.122837682229062,-3.658609560862548,-1.9314056122627936,1.330109931250541,-0.0941774876121408,3.962163149772522,-0.4566795660179371,1.3120511729470998
67.0,46.0,129.88536071777344,-0.0498924958331762,2.6685298974005,-4.140850976804367,-3.691883002552606,-1.9309852756176853,1.326120747903317,-0.1138647633388517,3.963810106240217,-0.4465510939572507,1.3164880807777624
67.0,46.0,129.88473510742188,-0.0490481334936383,2.6801263838847187,-4.119725360909856,-3.669649027169093,-1.9150753686859552,1.3384309928074132,-0.0914117524603944,3.958440839546339,-0.446001503219527,1.2995365628449946
67.0,46.0,129.88807678222656,-0.0537477380217831,2.684797254608073,-4.096292269013935,-3.6746649812411856,-1.9038130565917413,1.3025708603140906,-0.0968006955626353,3.993118451676682,-0.4556722626577526,1.2945216101237151
67.0,46.0,129.88470458984375,-0.0486457551822262,2.680300884871768,-4.118655766767558,-3.6693771492721297,-1.9152703764873813,1.3374279662170143,-0.0902811794127265,3.9678079584651536,-0.4484382628428427,1.2999408873283955
67.0,46.0,129.88919067382812,-0.0412952594340559,2.6681418939717267,-4.122523780156327,-3.6874238286743584,-1.9150397085461404,1.3014202675119502,-0.1094350690060695,3.964051330944028,-0.451611103141175,1.2653309502611203
67.0,46.0,129.88560485839844,-0.051841795015191,2.6823741447949865,-4.12444008646393,-3.6427473691484695,-1.937562272341722,1.341055078838675,-0.1015528546400155,3.9552554073337736,-0.4481668996779643,1.3203932497614257
67.0,46.0,129.8870086669922,-0.0553975074183005,2.678759525874051,-4.119404396439341,-3.6737808452393,-1.876832421344073,1.3568117754446394,-0.1072438947816281,3.960802852033312,-0.4483527707556205,1.3359931491040278
67.0,46.0,129.8848114013672,-0.0428130504963786,2.6667265364845307,-4.114257165668321,-3.6664865421876094,-1.9194856744182287,1.348459109903789,-0.0863147361110731,3.960144495964504,-0.440109742397834,1.3035477186316884
67.0,46.0,129.8849639892578,-0.0455344808082961,2.672721190116786,-4.098181901562255,-3.6663264017020687,-1.9106335468526032,1.3358026656837432,-0.0990671066117184,3.961176413594686,-0.4505920511546575,1.341070452210804
67.0,46.0,129.89549255371094,-0.0453622865428021,2.675126573337186,-4.149342199636734,-3.6285662995396577,-1.8818411706207727,1.41673086896793,-0.0943088739511843,3.9714216759417327,-0.4342025739092681,1.329226310971909
67.0,46.0,129.89273071289062,-0.041919181469685,2.742991330592567,-4.133906547916806,-3.730700557621408,-1.9035095035021248,1.351399828415688,-0.0812027052897193,3.996890556606697,-0.4248015788095204,1.3177992698389662
67.0,46.0,129.89698791503906,0.0266815437936212,2.662461680183609,-4.123730992481901,-3.671916185009008,-1.840501864229513,1.3393292845966662,-0.0835261217493549,3.959167515442555,-0.412079552968893,1.333521135871032
67.0,46.0,129.88478088378906,-0.0524834118778097,2.661707046284317,-4.120926628229961,-3.6737584767890654,-1.924645436304113,1.3250358654126204,-0.1022876487137728,3.971318339397982,-0.4364044665437324,1.319348157408213
67.0,46.0,129.88552856445312,-0.059977741067154,2.6801682030994374,-4.12322036909697,-3.667438580385225,-1.914417139537977,1.3155343296952362,-0.0966879218742781,3.9565260306619305,-0.460172764875933,1.3223014185279856
67.0,46.0,129.8868408203125,-0.0673103160397408,2.701309010263293,-4.119527497496904,-3.6894761659245767,-1.9175464004140883,1.334450439047992,-0.0906896905078117,3.9519082198006887,-0.4147469686041425,1.2984885369935666
67.0,47.0,129.88644409179688,-0.0589647082850269,2.6810194995727,-4.120146629022222,-3.655357218322763,-1.9474544028243552,1.3464966507776126,-0.0807274835471852,3.9480956213089455,-0.4646720240027421,1.3122053562741829
67.0,47.0,129.90138244628906,-0.0322975632359191,2.6336450095817536,-4.132246571986653,-3.677374703327787,-1.9495124001702613,1.3197484070149246,-0.060695397017854,4.073113834289647,-0.4356812204175736,1.2975603692053552
67.0,47.0,129.8918914794922,-0.0307235956964515,2.6952943125919133,-4.138975715109329,-3.7166016933057255,-1.9813430916047576,1.2892984271856196,-0.0942176646067502,3.947295052843218,-0.4428343557333448,1.3227169058029935
67.0,47.0,129.89991760253906,-0.051161623509652,2.6785299266347105,-4.080400325378175,-3.655369710197661,-1.840001010297212,1.2726120106775465,-0.0977885437724718,3.952705726268383,-0.4434770525987092,1.3684761480063337
67.0,47.0,129.8870086669922,-0.0524071159767854,2.6811994937765866,-4.087799080335758,-3.6520709485619895,-1.9607818472919607,1.3531048156070782,-0.109751790459481,3.962623171787527,-0.4359404272197459,1.3266735056666896
67.0,47.0,129.8855743408203,-0.0486051058095321,2.6909784523487787,-4.11598021782662,-3.670753174477799,-1.927727126836727,1.34387237176051,-0.0865616142927125,3.98808963527653,-0.4507076308339247,1.2944290105583196
67.0,47.0,129.8872528076172,-0.0488414716375029,2.679564895139519,-4.121184407658367,-3.677341102324154,-1.9186171555806808,1.309826416037703,-0.0929136398936899,4.008796915853284,-0.4551584110839446,1.3076888181953683
67.0,47.0,129.88522338867188,-0.0240375962152403,2.671214362017752,-4.115308096170972,-3.665096364599772,-1.9392079565733589,1.3447969188436066,-0.0951481728388091,3.957424107855108,-0.4548358276064033,1.3481329505699664
67.0,47.0,129.8853759765625,-0.0352199418079214,2.6797959685229835,-4.11315592954609,-3.672486918481816,-1.914633926747766,1.3443828679051095,-0.0977818894020493,3.96305635453202,-0.4521817175310738,1.2856575988040777
67.0,47.0,129.94482421875,-0.0307412946324676,2.684860779287092,-4.140796444545888,-3.7188424911487656,-1.844973601030544,1.311298991808503,-0.1161088465643595,3.750651608488036,-0.4480672728021183,1.249064973649169
67.0,47.0,129.8880157470703,-0.083443266375186,2.706522784810783,-4.122939593049352,-3.681447460520298,-1.916351297753923,1.3390458565680778,-0.0706809580802111,3.970737127633038,-0.4331953555956961,1.345472802174431
67.0,47.0,129.88499450683594,-0.0456288516613673,2.6759248361662107,-4.135261774793776,-3.666642370939436,-1.922324138992482,1.362231289763409,-0.0885906649139726,3.969962031218804,-0.4438028185758499,1.3221549153110663
67.0,47.0,129.900146484375,-0.0461146907877043,2.6934379958733268,-4.164625213562137,-3.654814827260943,-1.8902995269584169,1.2820157967994923,-0.0932709407463007,3.9655802673702096,-0.4067456777774463,1.407203778893594
67.0,47.0,129.8852081298828,-0.0534826538258554,2.6760782522828266,-4.116709972111655,-3.660615864741091,-1.9165710134361345,1.337782525481897,-0.1021130774561518,3.9564565619502745,-0.4278719424259113,1.302141924843035
67.0,47.0,129.89759826660156,-0.1034829621211818,2.684327069260867,-4.17426688826385,-3.6394415359951,-1.876627166646712,1.3747276658901293,-0.0937129170737461,3.952096378818052,-0.4488389996329884,1.2974652320571851
67.0,47.0,129.8847198486328,-0.0486145450931824,2.681008648084138,-4.1193237063548,-3.669294062923024,-1.919558979968392,1.3257366302951032,-0.0905883741472447,3.95955482446678,-0.4337770459970945,1.305555002543941
67.0,47.0,129.88613891601562,-0.0345148838177534,2.6759576374877203,-4.117816653780392,-3.6546857516283255,-1.9369375388359888,1.348601917952822,-0.1033530890932448,3.955883436029132,-0.4508847292846046,1.285117143491766
67.0,47.0,129.8934783935547,-0.0252147992153897,2.7197877511413764,-4.152403990440039,-3.644335746072695,-1.9822597333621403,1.3670064405290567,-0.0965954652747087,3.974593545826564,-0.4109370127488936,1.3461207195282556
67.0,47.0,129.8860626220703,-0.0275704550091115,2.674877115781164,-4.112574538304526,-3.661847164125936,-1.9211933322512016,1.32163618051653,-0.0925768651280484,3.972178236481368,-0.4695391770284016,1.3501076319913867
67.0,47.0,129.91720581054688,-0.0002954227792859,2.826894789253761,-4.101065688449207,-3.6547700790830064,-1.832925744862177,1.3733541526048871,-0.1014301395641189,3.958239986858992,-0.4568129454851835,1.30105015767573
67.0,47.0,129.96046447753906,-0.0564567229401592,2.7378855142177665,-4.024393238853399,-3.619643060063909,-1.995365843961274,1.3337451051814644,-0.3129489181881872,3.952056565912328,-0.4690137245022922,1.222941670232577
67.0,47.0,129.89097595214844,-0.002499377841319,2.673884067130226,-4.137609993213012,-3.640301542471191,-1.9492806253295183,1.3288396312474335,-0.1277182471694357,3.94943406154903,-0.4239335788999586,1.2805979728611885
67.0,47.0,129.8848876953125,-0.0437697631180942,2.669700649404516,-4.126053407956642,-3.679079297339412,-1.932600543731425,1.3452512424501362,-0.0830972588513255,3.971769923363448,-0.4612146024181126,1.3091673370379815
67.0,47.0,129.88624572753906,-0.0457951642818131,2.670222961258436,-4.13687922718017,-3.6457046248018607,-1.918554531436112,1.3329609153775472,-0.1052795402873766,3.961873033540391,-0.4355046882660597,1.3450424120427646
67.0,47.0,129.88563537597656,-0.041688184629494,2.6733187048482026,-4.127798204247708,-3.643019341631829,-1.9340726587664008,1.3460382523124317,-0.1052532707198471,3.962928602428248,-0.4484909386459347,1.3361490946873973
67.0,47.0,129.88644409179688,-0.0327223298439229,2.6586858007049528,-4.134687359257113,-3.6681343270774978,-1.8943095151666955,1.332535021803214,-0.0889173771973844,3.955811446739028,-0.4310520465517167,1.3068597217970983
67.0,47.0,129.8854522705078,-0.0292905921834808,2.6864137819870386,-4.104230732820776,-3.674383464472671,-1.9212921486595784,1.3399501402337293,-0.0920488467957222,3.96071790150312,-0.4495709224276004,1.2856653653160572
67.0,47.0,129.88528442382812,-0.0299266617866653,2.675782860175412,-4.12294055859656,-3.677524823072584,-1.8891098542105536,1.33749508485004,-0.0964280587556275,3.958427800886328,-0.4386514931980343,1.3229749305398468
67.0,47.0,129.8889923095703,-0.0400481702414285,2.7048934028386715,-4.152894195850621,-3.6676629509322463,-1.9359048396590883,1.3497650019976128,-0.1481350864368301,3.969848251116401,-0.4308867728191285,1.3436974042552792
67.0,47.0,129.90753173828125,-0.121042551992686,2.679418159550287,-4.092214656710167,-3.654250728671018,-1.9892954303346453,1.3849991645557,-0.0719833707549261,3.94520294962206,-0.4598102801256961,1.2319223301810935
67.0,47.0,129.88507080078125,-0.0499503412400924,2.6587351684909466,-4.121452515671875,-3.671301657149793,-1.926402065563022,1.345353714524779,-0.0959242688548325,3.976518965735483,-0.4305557605937354,1.308984761022907
67.0,47.0,129.8865966796875,-0.0329050341844034,2.6750907278848914,-4.133726768929593,-3.637972963840137,-1.9298180653521635,1.3636520730621793,-0.0977112499202529,3.957958938242328,-0.4311137841518704,1.3240589131302805
67.0,47.0,129.8984832763672,0.0081819821729019,2.7153790391486248,-4.076341334847158,-3.638637729448001,-1.9496435148959588,1.3373699059890485,-0.0892580715219284,4.017650436553174,-0.3976230082260059,1.2703619028187416
67.0,47.0,129.8878631591797,-0.0431697188240214,2.6962702034762223,-4.095971086372223,-3.63923295625876,-1.9225003071798488,1.303209693411976,-0.0825508044560959,3.969078171203797,-0.4348179832711521,1.334603672868143
67.0,47.0,129.88462829589844,-0.0482492066990067,2.680363919501872,-4.123999218264774,-3.681462409077616,-1.929224520325972,1.333413177593041,-0.0928712992960093,3.965687057869786,-0.4668567414155942,1.313430832353529
67.0,47.0,129.88536071777344,-0.0498924958331762,2.6685298974005,-4.140850976804367,-3.691883002552606,-1.9309852756176853,1.326120747903317,-0.1138647633388517,3.963810106240217,-0.4465510939572507,1.3164880807777624
67.0,47.0,129.88473510742188,-0.0490481334936383,2.6801263838847187,-4.119725360909856,-3.669649027169093,-1.9150753686859552,1.3384309928074132,-0.0914117524603944,3.958440839546339,-0.446001503219527,1.2995365628449946
67.0,47.0,129.88807678222656,-0.0537477380217831,2.684797254608073,-4.096292269013935,-3.6746649812411856,-1.9038130565917413,1.3025708603140906,-0.0968006955626353,3.993118451676682,-0.4556722626577526,1.2945216101237151
67.0,47.0,129.88470458984375,-0.0486457551822262,2.680300884871768,-4.118655766767558,-3.6693771492721297,-1.9152703764873813,1.3374279662170143,-0.0902811794127265,3.9678079584651536,-0.4484382628428427,1.2999408873283955
67.0,47.0,129.88919067382812,-0.0412952594340559,2.6681418939717267,-4.122523780156327,-3.6874238286743584,-1.9150397085461404,1.3014202675119502,-0.1094350690060695,3.964051330944028,-0.451611103141175,1.2653309502611203
67.0,47.0,129.88560485839844,-0.051841795015191,2.6823741447949865,-4.12444008646393,-3.6427473691484695,-1.937562272341722,1.341055078838675,-0.1015528546400155,3.9552554073337736,-0.4481668996779643,1.3203932497614257
67.0,47.0,129.88499450683594,-0.0445323853563981,2.6804932741515946,-4.117269304617022,-3.699940590595173,-1.9040937380616232,1.3417064867620747,-0.0868448643677688,3.964973741412537,-0.4480150761287994,1.3371129003299298
67.0,47.0,129.8848114013672,-0.0428130504963786,2.6667265364845307,-4.114257165668321,-3.6664865421876094,-1.9194856744182287,1.348459109903789,-0.0863147361110731,3.960144495964504,-0.440109742397834,1.3035477186316884
67.0,47.0,129.88417053222656,-0.0412632872511318,2.6888003627926222,-4.112845585476975,-3.686236370857622,-1.9131572263045933,1.3368231400263677,-0.0902809190461166,3.960032675281317,-0.4534326505826925,1.3219637553531465
67.0,47.0,129.89434814453125,-0.0445087960804715,2.6799410050295864,-4.162722042701422,-3.626978044740693,-1.891644974599184,1.2788659410644123,-0.0899240563761919,3.978008500703487,-0.4603228467532179,1.3194934545905446
67.0,47.0,129.89273071289062,-0.041919181469685,2.742991330592567,-4.133906547916806,-3.730700557621408,-1.9035095035021248,1.351399828415688,-0.0812027052897193,3.996890556606697,-0.4248015788095204,1.3177992698389662
67.0,47.0,129.89698791503906,0.0266815437936212,2.662461680183609,-4.123730992481901,-3.671916185009008,-1.840501864229513,1.3393292845966662,-0.0835261217493549,3.959167515442555,-0.412079552968893,1.333521135871032
67.0,47.0,129.88478088378906,-0.0524834118778097,2.661707046284317,-4.120926628229961,-3.6737584767890654,-1.924645436304113,1.3250358654126204,-0.1022876487137728,3.971318339397982,-0.4364044665437324,1.319348157408213
67.0,47.0,129.88552856445312,-0.059977741067154,2.6801682030994374,-4.12322036909697,-3.667438580385225,-1.914417139537977,1.3155343296952362,-0.0966879218742781,3.9565260306619305,-0.460172764875933,1.3223014185279856
67.0,47.0,129.8868408203125,-0.0673103160397408,2.701309010263293,-4.119527497496904,-3.6894761659245767,-1.9175464004140883,1.334450439047992,-0.0906896905078117,3.9519082198006887,-0.4147469686041425,1.2984885369935666
67.0,48.0,129.8854522705078,-0.024913178451968,2.6860798871689724,-4.116955728203013,-3.6732630272646016,-1.9500856693940591,1.351441959202703,-0.0741397555146345,3.976496470107653,-0.4514977238147504,1.3207495542655825
67.0,48.0,129.90138244628906,-0.0322975632359191,2.6336450095817536,-4.132246571986653,-3.677374703327787,-1.9495124001702613,1.3197484070149246,-0.060695397017854,4.073113834289647,-0.4356812204175736,1.2975603692053552
67.0,48.0,129.886962890625,-0.0211384218729158,2.6827400107194603,-4.138734804281767,-3.692578847270555,-1.9252911723096209,1.294325515853007,-0.0986595330308875,3.958400126901228,-0.4500603632580915,1.3294484148972536
67.0,48.0,129.88841247558594,-0.0471375373482696,2.6780282799143484,-4.126829859672054,-3.70542089051957,-1.9012788410035333,1.3304702282450735,-0.0754762056066577,3.966407856841228,-0.4511759952348548,1.2731663510823847
67.0,48.0,129.8870086669922,-0.0524071159767854,2.6811994937765866,-4.087799080335758,-3.6520709485619895,-1.9607818472919607,1.3531048156070782,-0.109751790459481,3.962623171787527,-0.4359404272197459,1.3266735056666896
67.0,48.0,129.8855743408203,-0.0486051058095321,2.6909784523487787,-4.11598021782662,-3.670753174477799,-1.927727126836727,1.34387237176051,-0.0865616142927125,3.98808963527653,-0.4507076308339247,1.2944290105583196
67.0,48.0,129.8851776123047,-0.0476414907724311,2.680879238885648,-4.1069893494577885,-3.691960013548493,-1.911860534398616,1.3474143860385996,-0.0915762460528247,3.950897517565865,-0.4583841661293629,1.3445347917014272
67.0,48.0,129.88522338867188,-0.0240375962152403,2.671214362017752,-4.115308096170972,-3.665096364599772,-1.9392079565733589,1.3447969188436066,-0.0951481728388091,3.957424107855108,-0.4548358276064033,1.3481329505699664
67.0,48.0,129.8853759765625,-0.0352199418079214,2.6797959685229835,-4.11315592954609,-3.672486918481816,-1.914633926747766,1.3443828679051095,-0.0977818894020493,3.96305635453202,-0.4521817175310738,1.2856575988040777
67.0,48.0,129.94482421875,-0.0307412946324676,2.684860779287092,-4.140796444545888,-3.7188424911487656,-1.844973601030544,1.311298991808503,-0.1161088465643595,3.750651608488036,-0.4480672728021183,1.249064973649169
67.0,48.0,129.8880157470703,-0.083443266375186,2.706522784810783,-4.122939593049352,-3.681447460520298,-1.916351297753923,1.3390458565680778,-0.0706809580802111,3.970737127633038,-0.4331953555956961,1.345472802174431
67.0,48.0,129.88436889648438,-0.0440759035319768,2.669229651702812,-4.13042327481322,-3.683888946809247,-1.916476066600569,1.3386697208775238,-0.0884868709992701,3.9637701711371465,-0.4440870115860612,1.321163409672685
67.0,48.0,129.88836669921875,-0.0442707747263782,2.6991780508333862,-4.072474504806709,-3.7142298108975287,-1.9168491523919489,1.3576018727094703,-0.0890374435064243,3.959870030920512,-0.4203113419578682,1.3398416933549822
67.0,48.0,129.8852081298828,-0.0534826538258554,2.6760782522828266,-4.116709972111655,-3.660615864741091,-1.9165710134361345,1.337782525481897,-0.1021130774561518,3.9564565619502745,-0.4278719424259113,1.302141924843035
67.0,48.0,129.89759826660156,-0.1034829621211818,2.684327069260867,-4.17426688826385,-3.6394415359951,-1.876627166646712,1.3747276658901293,-0.0937129170737461,3.952096378818052,-0.4488389996329884,1.2974652320571851
67.0,48.0,129.8844757080078,-0.0388754483528564,2.683914093211798,-4.117912563149305,-3.681705410523589,-1.9159951767483647,1.3358941147416574,-0.0893300376985392,3.959688143313587,-0.4563656935647099,1.3423463962040791
67.0,48.0,129.88613891601562,-0.0345148838177534,2.6759576374877203,-4.117816653780392,-3.6546857516283255,-1.9369375388359888,1.348601917952822,-0.1033530890932448,3.955883436029132,-0.4508847292846046,1.285117143491766
67.0,48.0,129.8934783935547,-0.0252147992153897,2.7197877511413764,-4.152403990440039,-3.644335746072695,-1.9822597333621403,1.3670064405290567,-0.0965954652747087,3.974593545826564,-0.4109370127488936,1.3461207195282556
67.0,48.0,129.8856964111328,-0.0233833798265756,2.6863935704277098,-4.103957062433953,-3.6811703485491,-1.925022361210167,1.313299994247375,-0.0957024706133664,3.953948126263436,-0.4661588951660857,1.3397351491331562
67.0,48.0,129.91720581054688,-0.0002954227792859,2.826894789253761,-4.101065688449207,-3.6547700790830064,-1.832925744862177,1.3733541526048871,-0.1014301395641189,3.958239986858992,-0.4568129454851835,1.30105015767573
67.0,48.0,129.96046447753906,-0.0564567229401592,2.7378855142177665,-4.024393238853399,-3.619643060063909,-1.995365843961274,1.3337451051814644,-0.3129489181881872,3.952056565912328,-0.4690137245022922,1.222941670232577
67.0,48.0,129.88934326171875,0.011790047059982,2.673641658762293,-4.13622813044309,-3.66604890578774,-1.9281151012047872,1.3374330012555051,-0.1195288743820329,3.9359091535607793,-0.4110040875325563,1.3371830990537037
67.0,48.0,129.8848876953125,-0.0437697631180942,2.669700649404516,-4.126053407956642,-3.679079297339412,-1.932600543731425,1.3452512424501362,-0.0830972588513255,3.971769923363448,-0.4612146024181126,1.3091673370379815
67.0,48.0,129.88624572753906,-0.0457951642818131,2.670222961258436,-4.13687922718017,-3.6457046248018607,-1.918554531436112,1.3329609153775472,-0.1052795402873766,3.961873033540391,-0.4355046882660597,1.3450424120427646
67.0,48.0,129.88563537597656,-0.041688184629494,2.6733187048482026,-4.127798204247708,-3.643019341631829,-1.9340726587664008,1.3460382523124317,-0.1052532707198471,3.962928602428248,-0.4484909386459347,1.3361490946873973
67.0,48.0,129.88551330566406,-0.041027815679138,2.6704558084327443,-4.109084832257966,-3.6969295394627273,-1.8959440861316847,1.3347515891742323,-0.0891010975179192,3.960864783142729,-0.4582373244795079,1.3137879298341142
67.0,48.0,129.8854522705078,-0.0292905921834808,2.6864137819870386,-4.104230732820776,-3.674383464472671,-1.9212921486595784,1.3399501402337293,-0.0920488467957222,3.96071790150312,-0.4495709224276004,1.2856653653160572
67.0,48.0,129.88528442382812,-0.0299266617866653,2.675782860175412,-4.12294055859656,-3.677524823072584,-1.8891098542105536,1.33749508485004,-0.0964280587556275,3.958427800886328,-0.4386514931980343,1.3229749305398468
67.0,48.0,129.8887176513672,-0.0349365858952231,2.6803251586557977,-4.083836933052187,-3.70001391578013,-1.9303770436635777,1.3527404341485594,-0.0641125109792173,3.9513982539174974,-0.4348053766352734,1.3675988902552474
67.0,48.0,129.90753173828125,-0.121042551992686,2.679418159550287,-4.092214656710167,-3.654250728671018,-1.9892954303346453,1.3849991645557,-0.0719833707549261,3.94520294962206,-0.4598102801256961,1.2319223301810935
67.0,48.0,129.88507080078125,-0.0499503412400924,2.6587351684909466,-4.121452515671875,-3.671301657149793,-1.926402065563022,1.345353714524779,-0.0959242688548325,3.976518965735483,-0.4305557605937354,1.308984761022907
67.0,48.0,129.8865966796875,-0.0329050341844034,2.6750907278848914,-4.133726768929593,-3.637972963840137,-1.9298180653521635,1.3636520730621793,-0.0977112499202529,3.957958938242328,-0.4311137841518704,1.3240589131302805
67.0,48.0,129.8984832763672,0.0081819821729019,2.7153790391486248,-4.076341334847158,-3.638637729448001,-1.9496435148959588,1.3373699059890485,-0.0892580715219284,4.017650436553174,-0.3976230082260059,1.2703619028187416
67.0,48.0,129.8873291015625,-0.0381055999885196,2.6996862972238422,-4.099610209296432,-3.70282225081146,-1.9243661118546456,1.3067590568776926,-0.1341357794028467,3.9613720249271807,-0.4441491469638188,1.334961801968692
67.0,48.0,129.88414001464844,-0.0447665918815395,2.692038166788336,-4.114076423664156,-3.689054874503873,-1.916507759529112,1.339169104306315,-0.0921296766616064,3.965978638457711,-0.4361754255701797,1.3204820824584156
67.0,48.0,129.88536071777344,-0.0498924958331762,2.6685298974005,-4.140850976804367,-3.691883002552606,-1.9309852756176853,1.326120747903317,-0.1138647633388517,3.963810106240217,-0.4465510939572507,1.3164880807777624
67.0,48.0,129.88473510742188,-0.0490481334936383,2.6801263838847187,-4.119725360909856,-3.669649027169093,-1.9150753686859552,1.3384309928074132,-0.0914117524603944,3.958440839546339,-0.446001503219527,1.2995365628449946
67.0,48.0,129.88807678222656,-0.0537477380217831,2.684797254608073,-4.096292269013935,-3.6746649812411856,-1.9038130565917413,1.3025708603140906,-0.0968006955626353,3.993118451676682,-0.4556722626577526,1.2945216101237151
67.0,48.0,129.88470458984375,-0.0486457551822262,2.680300884871768,-4.118655766767558,-3.6693771492721297,-1.9152703764873813,1.3374279662170143,-0.0902811794127265,3.9678079584651536,-0.4484382628428427,1.2999408873283955
67.0,48.0,129.88662719726562,-0.0340667090154688,2.6736285044530894,-4.117073476312946,-3.667083855537159,-1.9133201110760767,1.3521983150991668,-0.1171889816216412,3.962216196287223,-0.4556501023736765,1.2791891768658004
67.0,48.0,129.88560485839844,-0.051841795015191,2.6823741447949865,-4.12444008646393,-3.6427473691484695,-1.937562272341722,1.341055078838675,-0.1015528546400155,3.9552554073337736,-0.4481668996779643,1.3203932497614257
67.0,48.0,129.88499450683594,-0.0445323853563981,2.6804932741515946,-4.117269304617022,-3.699940590595173,-1.9040937380616232,1.3417064867620747,-0.0868448643677688,3.964973741412537,-0.4480150761287994,1.3371129003299298
67.0,48.0,129.8848114013672,-0.0428130504963786,2.6667265364845307,-4.114257165668321,-3.6664865421876094,-1.9194856744182287,1.348459109903789,-0.0863147361110731,3.960144495964504,-0.440109742397834,1.3035477186316884
67.0,48.0,129.88417053222656,-0.0412632872511318,2.6888003627926222,-4.112845585476975,-3.686236370857622,-1.9131572263045933,1.3368231400263677,-0.0902809190461166,3.960032675281317,-0.4534326505826925,1.3219637553531465
67.0,48.0,129.8852996826172,-0.0390415859901292,2.684964124344922,-4.126708464333008,-3.664384480527461,-1.9250066907572856,1.337291735822271,-0.0903916736911087,3.950699722227693,-0.4659302633576181,1.3442629374563908
67.0,48.0,129.8913116455078,-0.0188964676933939,2.7218449598713845,-4.128455930079335,-3.7256211463296256,-1.902608435268612,1.3580112127238262,-0.0732992264806391,3.9989117946238495,-0.4190704247905561,1.3117245894788154
67.0,48.0,129.89698791503906,0.0266815437936212,2.662461680183609,-4.123730992481901,-3.671916185009008,-1.840501864229513,1.3393292845966662,-0.0835261217493549,3.959167515442555,-0.412079552968893,1.333521135871032
67.0,48.0,129.88433837890625,-0.0412490499754514,2.6773797736434544,-4.121144386637854,-3.6885876834797,-1.9081010987134783,1.335809242336787,-0.0931033004959126,3.9546613922643057,-0.4405038939387359,1.326628740400859
67.0,48.0,129.88552856445312,-0.059977741067154,2.6801682030994374,-4.12322036909697,-3.667438580385225,-1.914417139537977,1.3155343296952362,-0.0966879218742781,3.9565260306619305,-0.460172764875933,1.3223014185279856
67.0,48.0,129.8868408203125,-0.0673103160397408,2.701309010263293,-4.119527497496904,-3.6894761659245767,-1.9175464004140883,1.334450439047992,-0.0906896905078117,3.9519082198006887,-0.4147469686041425,1.2984885369935666
67.0,49.0,129.8854522705078,-0.024913178451968,2.6860798871689724,-4.116955728203013,-3.6732630272646016,-1.9500856693940591,1.351441959202703,-0.0741397555146345,3.976496470107653,-0.4514977238147504,1.3207495542655825
67.0,49.0,129.90138244628906,-0.0322975632359191,2.6336450095817536,-4.132246571986653,-3.677374703327787,-1.9495124001702613,1.3197484070149246,-0.060695397017854,4.073113834289647,-0.4356812204175736,1.2975603692053552
67.0,49.0,129.88609313964844,-0.0151656804741312,2.696355658787015,-4.114912856692654,-3.702035275908871,-1.9240521453807,1.3713305478461204,-0.0859625530854703,3.954846122481146,-0.4436353267389297,1.3242336998881798
67.0,49.0,129.88841247558594,-0.0471375373482696,2.6780282799143484,-4.126829859672054,-3.70542089051957,-1.9012788410035333,1.3304702282450735,-0.0754762056066577,3.966407856841228,-0.4511759952348548,1.2731663510823847
67.0,49.0,129.8870086669922,-0.0524071159767854,2.6811994937765866,-4.087799080335758,-3.6520709485619895,-1.9607818472919607,1.3531048156070782,-0.109751790459481,3.962623171787527,-0.4359404272197459,1.3266735056666896
67.0,49.0,129.8855743408203,-0.0486051058095321,2.6909784523487787,-4.11598021782662,-3.670753174477799,-1.927727126836727,1.34387237176051,-0.0865616142927125,3.98808963527653,-0.4507076308339247,1.2944290105583196
67.0,49.0,129.8851776123047,-0.0476414907724311,2.680879238885648,-4.1069893494577885,-3.691960013548493,-1.911860534398616,1.3474143860385996,-0.0915762460528247,3.950897517565865,-0.4583841661293629,1.3445347917014272
67.0,49.0,129.88522338867188,-0.0240375962152403,2.671214362017752,-4.115308096170972,-3.665096364599772,-1.9392079565733589,1.3447969188436066,-0.0951481728388091,3.957424107855108,-0.4548358276064033,1.3481329505699664
67.0,49.0,129.8853759765625,-0.0352199418079214,2.6797959685229835,-4.11315592954609,-3.672486918481816,-1.914633926747766,1.3443828679051095,-0.0977818894020493,3.96305635453202,-0.4521817175310738,1.2856575988040777
67.0,49.0,129.94482421875,-0.0307412946324676,2.684860779287092,-4.140796444545888,-3.7188424911487656,-1.844973601030544,1.311298991808503,-0.1161088465643595,3.750651608488036,-0.4480672728021183,1.249064973649169
67.0,49.0,129.8880157470703,-0.083443266375186,2.706522784810783,-4.122939593049352,-3.681447460520298,-1.916351297753923,1.3390458565680778,-0.0706809580802111,3.970737127633038,-0.4331953555956961,1.345472802174431
67.0,49.0,129.88436889648438,-0.0440759035319768,2.669229651702812,-4.13042327481322,-3.683888946809247,-1.916476066600569,1.3386697208775238,-0.0884868709992701,3.9637701711371465,-0.4440870115860612,1.321163409672685
67.0,49.0,129.88836669921875,-0.0442707747263782,2.6991780508333862,-4.072474504806709,-3.7142298108975287,-1.9168491523919489,1.3576018727094703,-0.0890374435064243,3.959870030920512,-0.4203113419578682,1.3398416933549822
67.0,49.0,129.8852081298828,-0.0534826538258554,2.6760782522828266,-4.116709972111655,-3.660615864741091,-1.9165710134361345,1.337782525481897,-0.1021130774561518,3.9564565619502745,-0.4278719424259113,1.302141924843035
67.0,49.0,129.89462280273438,-0.0064241286964915,2.677809640993185,-4.065475728563111,-3.6595592259922096,-1.923319494616719,1.268233950520443,-0.0988219871499109,3.972145318415216,-0.402209759086634,1.3270351206820472
67.0,49.0,129.8844757080078,-0.0388754483528564,2.683914093211798,-4.117912563149305,-3.681705410523589,-1.9159951767483647,1.3358941147416574,-0.0893300376985392,3.959688143313587,-0.4563656935647099,1.3423463962040791
67.0,49.0,129.88613891601562,-0.0345148838177534,2.6759576374877203,-4.117816653780392,-3.6546857516283255,-1.9369375388359888,1.348601917952822,-0.1033530890932448,3.955883436029132,-0.4508847292846046,1.285117143491766
67.0,49.0,129.8934783935547,-0.0252147992153897,2.7197877511413764,-4.152403990440039,-3.644335746072695,-1.9822597333621403,1.3670064405290567,-0.0965954652747087,3.974593545826564,-0.4109370127488936,1.3461207195282556
67.0,49.0,129.8850860595703,-0.0517175663770025,2.6974031983384443,-4.1047738736078125,-3.671469725652203,-1.9229681797418128,1.3289417368039915,-0.0959703932989852,3.9573088922570094,-0.4222954921394624,1.3336247949611637
67.0,49.0,129.91720581054688,-0.0002954227792859,2.826894789253761,-4.101065688449207,-3.6547700790830064,-1.832925744862177,1.3733541526048871,-0.1014301395641189,3.958239986858992,-0.4568129454851835,1.30105015767573
67.0,49.0,129.9075164794922,-0.0566694657031186,2.696985208102941,-4.074130507596021,-3.714105402540474,-1.951695074977857,1.33772652272024,-0.2348699000882907,3.945602437748179,-0.4502791198385338,1.2941661277050664
67.0,49.0,129.88624572753906,-0.0541252636795967,2.703367602122944,-4.1075377100274775,-3.699463835421361,-1.9299184088938564,1.342704239412308,-0.127862212719389,3.959435942830837,-0.4219733537582418,1.3286375743870815
67.0,49.0,129.8848876953125,-0.0437697631180942,2.669700649404516,-4.126053407956642,-3.679079297339412,-1.932600543731425,1.3452512424501362,-0.0830972588513255,3.971769923363448,-0.4612146024181126,1.3091673370379815
67.0,49.0,129.88624572753906,-0.0457951642818131,2.670222961258436,-4.13687922718017,-3.6457046248018607,-1.918554531436112,1.3329609153775472,-0.1052795402873766,3.961873033540391,-0.4355046882660597,1.3450424120427646
67.0,49.0,129.88563537597656,-0.041688184629494,2.6733187048482026,-4.127798204247708,-3.643019341631829,-1.9340726587664008,1.3460382523124317,-0.1052532707198471,3.962928602428248,-0.4484909386459347,1.3361490946873973
67.0,49.0,129.88551330566406,-0.041027815679138,2.6704558084327443,-4.109084832257966,-3.6969295394627273,-1.8959440861316847,1.3347515891742323,-0.0891010975179192,3.960864783142729,-0.4582373244795079,1.3137879298341142
67.0,49.0,129.8854522705078,-0.0292905921834808,2.6864137819870386,-4.104230732820776,-3.674383464472671,-1.9212921486595784,1.3399501402337293,-0.0920488467957222,3.96071790150312,-0.4495709224276004,1.2856653653160572
67.0,49.0,129.88528442382812,-0.0299266617866653,2.675782860175412,-4.12294055859656,-3.677524823072584,-1.8891098542105536,1.33749508485004,-0.0964280587556275,3.958427800886328,-0.4386514931980343,1.3229749305398468
67.0,49.0,129.88682556152344,-0.0487375268308807,2.6818585071033776,-4.087063452918108,-3.68874606326952,-1.9129388999899053,1.331298891160992,-0.1227885653882119,3.957312403083943,-0.436107895956575,1.3576445836025717
67.0,49.0,129.90753173828125,-0.121042551992686,2.679418159550287,-4.092214656710167,-3.654250728671018,-1.9892954303346453,1.3849991645557,-0.0719833707549261,3.94520294962206,-0.4598102801256961,1.2319223301810935
67.0,49.0,129.88507080078125,-0.0499503412400924,2.6587351684909466,-4.121452515671875,-3.671301657149793,-1.926402065563022,1.345353714524779,-0.0959242688548325,3.976518965735483,-0.4305557605937354,1.308984761022907
67.0,49.0,129.8865966796875,-0.0329050341844034,2.6750907278848914,-4.133726768929593,-3.637972963840137,-1.9298180653521635,1.3636520730621793,-0.0977112499202529,3.957958938242328,-0.4311137841518704,1.3240589131302805
67.0,49.0,129.8984832763672,0.0081819821729019,2.7153790391486248,-4.076341334847158,-3.638637729448001,-1.9496435148959588,1.3373699059890485,-0.0892580715219284,4.017650436553174,-0.3976230082260059,1.2703619028187416
67.0,49.0,129.88648986816406,-0.0362838756514099,2.6982130816274963,-4.102758087943513,-3.708550070702469,-1.9143581530107807,1.3407656042688012,-0.0691236183624416,3.962874019611529,-0.4428750769880828,1.345771654333996
67.0,49.0,129.88414001464844,-0.0447665918815395,2.692038166788336,-4.114076423664156,-3.689054874503873,-1.916507759529112,1.339169104306315,-0.0921296766616064,3.965978638457711,-0.4361754255701797,1.3204820824584156
67.0,49.0,129.88536071777344,-0.0498924958331762,2.6685298974005,-4.140850976804367,-3.691883002552606,-1.9309852756176853,1.326120747903317,-0.1138647633388517,3.963810106240217,-0.4465510939572507,1.3164880807777624
67.0,49.0,129.88473510742188,-0.0490481334936383,2.6801263838847187,-4.119725360909856,-3.669649027169093,-1.9150753686859552,1.3384309928074132,-0.0914117524603944,3.958440839546339,-0.446001503219527,1.2995365628449946
67.0,49.0,129.88807678222656,-0.0537477380217831,2.684797254608073,-4.096292269013935,-3.6746649812411856,-1.9038130565917413,1.3025708603140906,-0.0968006955626353,3.993118451676682,-0.4556722626577526,1.2945216101237151
67.0,49.0,129.88470458984375,-0.0486457551822262,2.680300884871768,-4.118655766767558,-3.6693771492721297,-1.9152703764873813,1.3374279662170143,-0.0902811794127265,3.9678079584651536,-0.4484382628428427,1.2999408873283955
67.0,49.0,129.88491821289062,-0.0481878088705568,2.6717287590842784,-4.115474997262052,-3.698773220875804,-1.9180120959728424,1.3509512827540897,-0.0883603453086489,3.963389707733473,-0.4392206402056832,1.3047225995628682
67.0,49.0,129.88560485839844,-0.051841795015191,2.6823741447949865,-4.12444008646393,-3.6427473691484695,-1.937562272341722,1.341055078838675,-0.1015528546400155,3.9552554073337736,-0.4481668996779643,1.3203932497614257
67.0,49.0,129.88499450683594,-0.0445323853563981,2.6804932741515946,-4.117269304617022,-3.699940590595173,-1.9040937380616232,1.3417064867620747,-0.0868448643677688,3.964973741412537,-0.4480150761287994,1.3371129003299298
67.0,49.0,129.88478088378906,-0.0413563361459449,2.698235818715912,-4.111544415375447,-3.666310347105864,-1.920155646650093,1.3478712921068523,-0.0917936847285675,3.960419406863144,-0.4252839132384144,1.3346617788445532
67.0,49.0,129.88417053222656,-0.0412632872511318,2.6888003627926222,-4.112845585476975,-3.686236370857622,-1.9131572263045933,1.3368231400263677,-0.0902809190461166,3.960032675281317,-0.4534326505826925,1.3219637553531465
67.0,49.0,129.8852996826172,-0.0390415859901292,2.684964124344922,-4.126708464333008,-3.664384480527461,-1.9250066907572856,1.337291735822271,-0.0903916736911087,3.950699722227693,-0.4659302633576181,1.3442629374563908
67.0,49.0,129.88963317871094,-0.053218129017623,2.7174336225504336,-4.116465295345288,-3.695812618680833,-1.9140155711818776,1.3676532896267035,-0.0948888733244439,3.984787484771289,-0.4148091773574843,1.2776427485869692
67.0,49.0,129.89698791503906,0.0266815437936212,2.662461680183609,-4.123730992481901,-3.671916185009008,-1.840501864229513,1.3393292845966662,-0.0835261217493549,3.959167515442555,-0.412079552968893,1.333521135871032
67.0,49.0,129.88427734375,-0.0440440319855652,2.6789119306751714,-4.120164558262442,-3.694386279433283,-1.9231270801762648,1.3399311482661311,-0.0907771698178042,3.970603936511925,-0.4326791326018273,1.329903238019378
67.0,49.0,129.88552856445312,-0.059977741067154,2.6801682030994374,-4.12322036909697,-3.667438580385225,-1.914417139537977,1.3155343296952362,-0.0966879218742781,3.9565260306619305,-0.460172764875933,1.3223014185279856
67.0,49.0,129.8868408203125,-0.0673103160397408,2.701309010263293,-4.119527497496904,-3.6894761659245767,-1.9175464004140883,1.334450439047992,-0.0906896905078117,3.9519082198006887,-0.4147469686041425,1.2984885369935666
67.0,50.0,129.8854522705078,-0.024913178451968,2.6860798871689724,-4.116955728203013,-3.6732630272646016,-1.9500856693940591,1.351441959202703,-0.0741397555146345,3.976496470107653,-0.4514977238147504,1.3207495542655825
67.0,50.0,129.90138244628906,-0.0322975632359191,2.6336450095817536,-4.132246571986653,-3.677374703327787,-1.9495124001702613,1.3197484070149246,-0.060695397017854,4.073113834289647,-0.4356812204175736,1.2975603692053552
67.0,50.0,129.8848419189453,-0.0208720574806316,2.6937595445554727,-4.105180698227165,-3.690050440796613,-1.9156432743681324,1.3549117078700192,-0.094476130215225,3.973538674392551,-0.4344630887074067,1.317065422244771
67.0,50.0,129.88841247558594,-0.0471375373482696,2.6780282799143484,-4.126829859672054,-3.70542089051957,-1.9012788410035333,1.3304702282450735,-0.0754762056066577,3.966407856841228,-0.4511759952348548,1.2731663510823847
67.0,50.0,129.8870086669922,-0.0524071159767854,2.6811994937765866,-4.087799080335758,-3.6520709485619895,-1.9607818472919607,1.3531048156070782,-0.109751790459481,3.962623171787527,-0.4359404272197459,1.3266735056666896
67.0,50.0,129.8855743408203,-0.0486051058095321,2.6909784523487787,-4.11598021782662,-3.670753174477799,-1.927727126836727,1.34387237176051,-0.0865616142927125,3.98808963527653,-0.4507076308339247,1.2944290105583196
67.0,50.0,129.8848419189453,-0.0531311456698241,2.69167229468256,-4.133057320350973,-3.688152422844525,-1.9163681696959345,1.3353013712499435,-0.0918079514815393,3.967344335165717,-0.4438219764270919,1.3382992007378731
67.0,50.0,129.8844451904297,-0.0540746609150622,2.6785815655622582,-4.114020325536017,-3.675456754579051,-1.9181075442008373,1.3390781654009725,-0.0938727683118716,3.963304845966574,-0.4518351152134285,1.3396985987173198
67.0,50.0,129.8850860595703,-0.0455775792657222,2.685974477375264,-4.102547207913591,-3.677031249694184,-1.921646397431661,1.3535548800355863,-0.0911907015862526,3.9602354631201138,-0.47314854235943,1.3193446871614622
67.0,50.0,129.94482421875,-0.0307412946324676,2.684860779287092,-4.140796444545888,-3.7188424911487656,-1.844973601030544,1.311298991808503,-0.1161088465643595,3.750651608488036,-0.4480672728021183,1.249064973649169
67.0,50.0,129.8880157470703,-0.083443266375186,2.706522784810783,-4.122939593049352,-3.681447460520298,-1.916351297753923,1.3390458565680778,-0.0706809580802111,3.970737127633038,-0.4331953555956961,1.345472802174431
67.0,50.0,129.88436889648438,-0.0440759035319768,2.669229651702812,-4.13042327481322,-3.683888946809247,-1.916476066600569,1.3386697208775238,-0.0884868709992701,3.9637701711371465,-0.4440870115860612,1.321163409672685
67.0,50.0,129.88836669921875,-0.0442707747263782,2.6991780508333862,-4.072474504806709,-3.7142298108975287,-1.9168491523919489,1.3576018727094703,-0.0890374435064243,3.959870030920512,-0.4203113419578682,1.3398416933549822
67.0,50.0,129.8852081298828,-0.0534826538258554,2.6760782522828266,-4.116709972111655,-3.660615864741091,-1.9165710134361345,1.337782525481897,-0.1021130774561518,3.9564565619502745,-0.4278719424259113,1.302141924843035
67.0,50.0,129.89462280273438,-0.0064241286964915,2.677809640993185,-4.065475728563111,-3.6595592259922096,-1.923319494616719,1.268233950520443,-0.0988219871499109,3.972145318415216,-0.402209759086634,1.3270351206820472
67.0,50.0,129.8844757080078,-0.0388754483528564,2.683914093211798,-4.117912563149305,-3.681705410523589,-1.9159951767483647,1.3358941147416574,-0.0893300376985392,3.959688143313587,-0.4563656935647099,1.3423463962040791
67.0,50.0,129.88497924804688,-0.0506800343368345,2.688159136311901,-4.115085430765444,-3.6670551072495607,-1.9105691703024537,1.3387701843671809,-0.0914358357524319,3.9521789151448834,-0.4381854085184614,1.3441194478813772
67.0,50.0,129.8934783935547,-0.0252147992153897,2.7197877511413764,-4.152403990440039,-3.644335746072695,-1.9822597333621403,1.3670064405290567,-0.0965954652747087,3.974593545826564,-0.4109370127488936,1.3461207195282556
67.0,50.0,129.8850860595703,-0.0517175663770025,2.6974031983384443,-4.1047738736078125,-3.671469725652203,-1.9229681797418128,1.3289417368039915,-0.0959703932989852,3.9573088922570094,-0.4222954921394624,1.3336247949611637
67.0,50.0,129.91720581054688,-0.0002954227792859,2.826894789253761,-4.101065688449207,-3.6547700790830064,-1.832925744862177,1.3733541526048871,-0.1014301395641189,3.958239986858992,-0.4568129454851835,1.30105015767573
67.0,50.0,129.9075164794922,-0.0566694657031186,2.696985208102941,-4.074130507596021,-3.714105402540474,-1.951695074977857,1.33772652272024,-0.2348699000882907,3.945602437748179,-0.4502791198385338,1.2941661277050664
67.0,50.0,129.88624572753906,-0.0541252636795967,2.703367602122944,-4.1075377100274775,-3.699463835421361,-1.9299184088938564,1.342704239412308,-0.127862212719389,3.959435942830837,-0.4219733537582418,1.3286375743870815
67.0,50.0,129.8848876953125,-0.0437697631180942,2.669700649404516,-4.126053407956642,-3.679079297339412,-1.932600543731425,1.3452512424501362,-0.0830972588513255,3.971769923363448,-0.4612146024181126,1.3091673370379815
67.0,50.0,129.88624572753906,-0.0457951642818131,2.670222961258436,-4.13687922718017,-3.6457046248018607,-1.918554531436112,1.3329609153775472,-0.1052795402873766,3.961873033540391,-0.4355046882660597,1.3450424120427646
67.0,50.0,129.88522338867188,-0.0448440079687599,2.6644225431154926,-4.110267696094871,-3.701073223458779,-1.9294660869918243,1.3377293935788952,-0.0906472786629071,3.957555580896586,-0.4596142878678542,1.3396733183030165
67.0,50.0,129.8853302001953,-0.0418397291814495,2.6569575894873108,-4.136815504401698,-3.671026599876938,-1.9145596778089933,1.3376531336070387,-0.0876465830545851,3.959842313009789,-0.4438618204889206,1.3109793858226046
67.0,50.0,129.8854522705078,-0.0292905921834808,2.6864137819870386,-4.104230732820776,-3.674383464472671,-1.9212921486595784,1.3399501402337293,-0.0920488467957222,3.96071790150312,-0.4495709224276004,1.2856653653160572
67.0,50.0,129.88528442382812,-0.0299266617866653,2.675782860175412,-4.12294055859656,-3.677524823072584,-1.8891098542105536,1.33749508485004,-0.0964280587556275,3.958427800886328,-0.4386514931980343,1.3229749305398468
67.0,50.0,129.88682556152344,-0.0487375268308807,2.6818585071033776,-4.087063452918108,-3.68874606326952,-1.9129388999899053,1.331298891160992,-0.1227885653882119,3.957312403083943,-0.436107895956575,1.3576445836025717
67.0,50.0,129.88998413085938,-0.0335983669652051,2.68313873101214,-4.109231437717799,-3.678723460418504,-1.919346821715438,1.306039384444517,-0.0828578630021187,3.956586437247279,-0.4527842428757749,1.3907477386463811
67.0,50.0,129.88458251953125,-0.0467681089617137,2.685385412523225,-4.111301048704163,-3.70642769591567,-1.9304049447275795,1.338249231122529,-0.097572539955528,3.964715066765975,-0.4452848585763227,1.3183588352591984
67.0,50.0,129.8865966796875,-0.0329050341844034,2.6750907278848914,-4.133726768929593,-3.637972963840137,-1.9298180653521635,1.3636520730621793,-0.0977112499202529,3.957958938242328,-0.4311137841518704,1.3240589131302805
67.0,50.0,129.8984832763672,0.0081819821729019,2.7153790391486248,-4.076341334847158,-3.638637729448001,-1.9496435148959588,1.3373699059890485,-0.0892580715219284,4.017650436553174,-0.3976230082260059,1.2703619028187416
67.0,50.0,129.88565063476562,-0.0411348267948775,2.6849812307436927,-4.120018129447279,-3.6767976713368897,-1.9122130679476912,1.3531910036502843,-0.0678024586131457,3.967303534080441,-0.4411188480323487,1.2991700631590084
67.0,50.0,129.88414001464844,-0.0447665918815395,2.692038166788336,-4.114076423664156,-3.689054874503873,-1.916507759529112,1.339169104306315,-0.0921296766616064,3.965978638457711,-0.4361754255701797,1.3204820824584156
67.0,50.0,129.88536071777344,-0.0498924958331762,2.6685298974005,-4.140850976804367,-3.691883002552606,-1.9309852756176853,1.326120747903317,-0.1138647633388517,3.963810106240217,-0.4465510939572507,1.3164880807777624
67.0,50.0,129.88473510742188,-0.0490481334936383,2.6801263838847187,-4.119725360909856,-3.669649027169093,-1.9150753686859552,1.3384309928074132,-0.0914117524603944,3.958440839546339,-0.446001503219527,1.2995365628449946
67.0,50.0,129.88807678222656,-0.0537477380217831,2.684797254608073,-4.096292269013935,-3.6746649812411856,-1.9038130565917413,1.3025708603140906,-0.0968006955626353,3.993118451676682,-0.4556722626577526,1.2945216101237151
67.0,50.0,129.88470458984375,-0.0486457551822262,2.680300884871768,-4.118655766767558,-3.6693771492721297,-1.9152703764873813,1.3374279662170143,-0.0902811794127265,3.9678079584651536,-0.4484382628428427,1.2999408873283955
67.0,50.0,129.88491821289062,-0.0481878088705568,2.6717287590842784,-4.115474997262052,-3.698773220875804,-1.9180120959728424,1.3509512827540897,-0.0883603453086489,3.963389707733473,-0.4392206402056832,1.3047225995628682
67.0,50.0,129.88560485839844,-0.051841795015191,2.6823741447949865,-4.12444008646393,-3.6427473691484695,-1.937562272341722,1.341055078838675,-0.1015528546400155,3.9552554073337736,-0.4481668996779643,1.3203932497614257
67.0,50.0,129.88427734375,-0.0508328152444778,2.683259239133771,-4.116610431204582,-3.684783240508991,-1.911500545086836,1.33969543000974,-0.0909185762289121,3.970192072895178,-0.4365860718237564,1.3190150773272522
67.0,50.0,129.88478088378906,-0.0413563361459449,2.698235818715912,-4.111544415375447,-3.666310347105864,-1.920155646650093,1.3478712921068523,-0.0917936847285675,3.960419406863144,-0.4252839132384144,1.3346617788445532
67.0,50.0,129.88417053222656,-0.0412632872511318,2.6888003627926222,-4.112845585476975,-3.686236370857622,-1.9131572263045933,1.3368231400263677,-0.0902809190461166,3.960032675281317,-0.4534326505826925,1.3219637553531465
67.0,50.0,129.8852996826172,-0.0390415859901292,2.684964124344922,-4.126708464333008,-3.664384480527461,-1.9250066907572856,1.337291735822271,-0.0903916736911087,3.950699722227693,-0.4659302633576181,1.3442629374563908
67.0,50.0,129.88555908203125,-0.0644617296419268,2.6578154160037752,-4.111132956718669,-3.679976091595984,-1.922610237156272,1.3488525082177278,-0.0977869591861049,3.977217393158066,-0.4321678468305516,1.334950990620537
67.0,50.0,129.88827514648438,-0.0534534082250875,2.6626084972989643,-4.11538349253237,-3.6719047627859296,-1.942894128429484,1.349313027752396,-0.0637527244887927,3.917215459411282,-0.4429779378861842,1.318047616844516
67.0,50.0,129.88427734375,-0.0440440319855652,2.6789119306751714,-4.120164558262442,-3.694386279433283,-1.9231270801762648,1.3399311482661311,-0.0907771698178042,3.970603936511925,-0.4326791326018273,1.329903238019378
67.0,50.0,129.88552856445312,-0.059977741067154,2.6801682030994374,-4.12322036909697,-3.667438580385225,-1.914417139537977,1.3155343296952362,-0.0966879218742781,3.9565260306619305,-0.460172764875933,1.3223014185279856
67.0,50.0,129.8863983154297,-0.068014249206057,2.6866099486277486,-4.11565159025046,-3.693696059548219,-1.9154901305743703,1.318539780503444,-0.0898534829225895,3.9699548578873087,-0.4689630285572062,1.3090420258289004
67.0,51.0,129.8854522705078,-0.024913178451968,2.6860798871689724,-4.116955728203013,-3.6732630272646016,-1.9500856693940591,1.351441959202703,-0.0741397555146345,3.976496470107653,-0.4514977238147504,1.3207495542655825
67.0,51.0,129.90138244628906,-0.0322975632359191,2.6336450095817536,-4.132246571986653,-3.677374703327787,-1.9495124001702613,1.3197484070149246,-0.060695397017854,4.073113834289647,-0.4356812204175736,1.2975603692053552
67.0,51.0,129.8848419189453,-0.0208720574806316,2.6937595445554727,-4.105180698227165,-3.690050440796613,-1.9156432743681324,1.3549117078700192,-0.094476130215225,3.973538674392551,-0.4344630887074067,1.317065422244771
67.0,51.0,129.88816833496094,-0.0473435977209793,2.686473248810892,-4.1039717983215285,-3.6901812998420698,-1.872562957708628,1.3388915133199133,-0.0676284094749684,3.961842397242792,-0.4531822488031384,1.3087292598784108
67.0,51.0,129.8870086669922,-0.0524071159767854,2.6811994937765866,-4.087799080335758,-3.6520709485619895,-1.9607818472919607,1.3531048156070782,-0.109751790459481,3.962623171787527,-0.4359404272197459,1.3266735056666896
67.0,51.0,129.8855743408203,-0.0486051058095321,2.6909784523487787,-4.11598021782662,-3.670753174477799,-1.927727126836727,1.34387237176051,-0.0865616142927125,3.98808963527653,-0.4507076308339247,1.2944290105583196
67.0,51.0,129.8844451904297,-0.0460665097829494,2.6877939466826004,-4.120174301512902,-3.685529760421532,-1.91820631091658,1.332009027528793,-0.0922983961023492,3.980151376533653,-0.4338787407064767,1.3308490141597895
67.0,51.0,129.8844451904297,-0.0540746609150622,2.6785815655622582,-4.114020325536017,-3.675456754579051,-1.9181075442008373,1.3390781654009725,-0.0938727683118716,3.963304845966574,-0.4518351152134285,1.3396985987173198
67.0,51.0,129.8850860595703,-0.0455775792657222,2.685974477375264,-4.102547207913591,-3.677031249694184,-1.921646397431661,1.3535548800355863,-0.0911907015862526,3.9602354631201138,-0.47314854235943,1.3193446871614622
67.0,51.0,129.904296875,-0.030035394603956,2.6971480731813764,-4.099346384503199,-3.709609982746256,-1.8955404761200805,1.323086738393281,-0.1048874230656417,3.8427904977154697,-0.4289426996934197,1.3769066835164792
67.0,51.0,129.8847198486328,-0.0436521475954159,2.705487301206372,-4.113821131812626,-3.679262118137234,-1.9134998782270232,1.3407210392920168,-0.0955044846934185,3.9648792872159393,-0.4306628686295275,1.3335821439343825
67.0,51.0,129.88436889648438,-0.0440759035319768,2.669229651702812,-4.13042327481322,-3.683888946809247,-1.916476066600569,1.3386697208775238,-0.0884868709992701,3.9637701711371465,-0.4440870115860612,1.321163409672685
67.0,51.0,129.88836669921875,-0.0442707747263782,2.6991780508333862,-4.072474504806709,-3.7142298108975287,-1.9168491523919489,1.3576018727094703,-0.0890374435064243,3.959870030920512,-0.4203113419578682,1.3398416933549822
67.0,51.0,129.8852081298828,-0.0534826538258554,2.6760782522828266,-4.116709972111655,-3.660615864741091,-1.9165710134361345,1.337782525481897,-0.1021130774561518,3.9564565619502745,-0.4278719424259113,1.302141924843035
67.0,51.0,129.89462280273438,-0.0064241286964915,2.677809640993185,-4.065475728563111,-3.6595592259922096,-1.923319494616719,1.268233950520443,-0.0988219871499109,3.972145318415216,-0.402209759086634,1.3270351206820472
67.0,51.0,129.8844757080078,-0.0388754483528564,2.683914093211798,-4.117912563149305,-3.681705410523589,-1.9159951767483647,1.3358941147416574,-0.0893300376985392,3.959688143313587,-0.4563656935647099,1.3423463962040791
67.0,51.0,129.88497924804688,-0.0506800343368345,2.688159136311901,-4.115085430765444,-3.6670551072495607,-1.9105691703024537,1.3387701843671809,-0.0914358357524319,3.9521789151448834,-0.4381854085184614,1.3441194478813772
67.0,51.0,129.8934783935547,-0.0252147992153897,2.7197877511413764,-4.152403990440039,-3.644335746072695,-1.9822597333621403,1.3670064405290567,-0.0965954652747087,3.974593545826564,-0.4109370127488936,1.3461207195282556
67.0,51.0,129.8850860595703,-0.0517175663770025,2.6974031983384443,-4.1047738736078125,-3.671469725652203,-1.9229681797418128,1.3289417368039915,-0.0959703932989852,3.9573088922570094,-0.4222954921394624,1.3336247949611637
67.0,51.0,129.91720581054688,-0.0002954227792859,2.826894789253761,-4.101065688449207,-3.6547700790830064,-1.832925744862177,1.3733541526048871,-0.1014301395641189,3.958239986858992,-0.4568129454851835,1.30105015767573
67.0,51.0,129.9075164794922,-0.0566694657031186,2.696985208102941,-4.074130507596021,-3.714105402540474,-1.951695074977857,1.33772652272024,-0.2348699000882907,3.945602437748179,-0.4502791198385338,1.2941661277050664
67.0,51.0,129.88565063476562,-0.032946248119842,2.691867664652498,-4.116014405544598,-3.7004817617157246,-1.9324465263170585,1.3441902645529007,-0.0719650862757959,3.940874832654074,-0.4379159468591342,1.3183282790678688
67.0,51.0,129.8848876953125,-0.0437697631180942,2.669700649404516,-4.126053407956642,-3.679079297339412,-1.932600543731425,1.3452512424501362,-0.0830972588513255,3.971769923363448,-0.4612146024181126,1.3091673370379815
67.0,51.0,129.88624572753906,-0.0457951642818131,2.670222961258436,-4.13687922718017,-3.6457046248018607,-1.918554531436112,1.3329609153775472,-0.1052795402873766,3.961873033540391,-0.4355046882660597,1.3450424120427646
67.0,51.0,129.8847198486328,-0.0450504484815402,2.6783300203563294,-4.115397790798402,-3.70712748213388,-1.926639473616336,1.3390550508018295,-0.0903209649925679,3.969011253279615,-0.4503653360052832,1.3305489002566933
67.0,51.0,129.88465881347656,-0.0437244612961254,2.684886872641463,-4.092422913347367,-3.689006195223264,-1.917867100840687,1.3380324514864563,-0.0869780516664319,3.955245873430832,-0.4451479521678679,1.3230210719163296
67.0,51.0,129.8846435546875,-0.0384337479222639,2.6897883150928603,-4.117440369732728,-3.6728876968126856,-1.91280853817486,1.3380757587705294,-0.0935658245920895,3.96912890219044,-0.4683484313292813,1.320696517821317
67.0,51.0,129.88528442382812,-0.0299266617866653,2.675782860175412,-4.12294055859656,-3.677524823072584,-1.8891098542105536,1.33749508485004,-0.0964280587556275,3.958427800886328,-0.4386514931980343,1.3229749305398468
67.0,51.0,129.88682556152344,-0.0487375268308807,2.6818585071033776,-4.087063452918108,-3.68874606326952,-1.9129388999899053,1.331298891160992,-0.1227885653882119,3.957312403083943,-0.436107895956575,1.3576445836025717
67.0,51.0,129.88661193847656,-0.0110644912287359,2.6884886593661474,-4.116164799487732,-3.688592626908159,-1.888184619772592,1.3357232074066814,-0.1053360777169129,3.963362945600988,-0.425193496578668,1.3399126787010152
67.0,51.0,129.88427734375,-0.0459394852290621,2.689536608356228,-4.107178230292268,-3.695026500856323,-1.91684623173148,1.3373800849662814,-0.0952256009037039,3.9576715455725378,-0.443523936183346,1.320544375810245
67.0,51.0,129.8865966796875,-0.0329050341844034,2.6750907278848914,-4.133726768929593,-3.637972963840137,-1.9298180653521635,1.3636520730621793,-0.0977112499202529,3.957958938242328,-0.4311137841518704,1.3240589131302805
67.0,51.0,129.8984832763672,0.0081819821729019,2.7153790391486248,-4.076341334847158,-3.638637729448001,-1.9496435148959588,1.3373699059890485,-0.0892580715219284,4.017650436553174,-0.3976230082260059,1.2703619028187416
67.0,51.0,129.88455200195312,-0.0513779198147367,2.6858246736288,-4.11806574660557,-3.675623525446954,-1.9152879971890515,1.34321846138232,-0.0803428065049223,3.9660895256822575,-0.439705618482696,1.311393025045696
67.0,51.0,129.88414001464844,-0.0447665918815395,2.692038166788336,-4.114076423664156,-3.689054874503873,-1.916507759529112,1.339169104306315,-0.0921296766616064,3.965978638457711,-0.4361754255701797,1.3204820824584156
67.0,51.0,129.88536071777344,-0.0498924958331762,2.6685298974005,-4.140850976804367,-3.691883002552606,-1.9309852756176853,1.326120747903317,-0.1138647633388517,3.963810106240217,-0.4465510939572507,1.3164880807777624
67.0,51.0,129.88473510742188,-0.0490481334936383,2.6801263838847187,-4.119725360909856,-3.669649027169093,-1.9150753686859552,1.3384309928074132,-0.0914117524603944,3.958440839546339,-0.446001503219527,1.2995365628449946
67.0,51.0,129.88807678222656,-0.0537477380217831,2.684797254608073,-4.096292269013935,-3.6746649812411856,-1.9038130565917413,1.3025708603140906,-0.0968006955626353,3.993118451676682,-0.4556722626577526,1.2945216101237151
67.0,51.0,129.88470458984375,-0.0486457551822262,2.680300884871768,-4.118655766767558,-3.6693771492721297,-1.9152703764873813,1.3374279662170143,-0.0902811794127265,3.9678079584651536,-0.4484382628428427,1.2999408873283955
67.0,51.0,129.88491821289062,-0.0481878088705568,2.6717287590842784,-4.115474997262052,-3.698773220875804,-1.9180120959728424,1.3509512827540897,-0.0883603453086489,3.963389707733473,-0.4392206402056832,1.3047225995628682
67.0,51.0,129.8846893310547,-0.0534909658072408,2.6838303232357577,-4.110392483892943,-3.682513266591779,-1.9189584557840544,1.3324231766195658,-0.0923515882762839,3.9470452666731264,-0.4309884461478972,1.3314027179556958
67.0,51.0,129.88417053222656,-0.040330824775596,2.682469881125652,-4.111240618982444,-3.694416158070888,-1.918485415447717,1.333675339226378,-0.089436636896566,3.966657075471916,-0.4381583515536829,1.3211821687623475
67.0,51.0,129.88478088378906,-0.0413563361459449,2.698235818715912,-4.111544415375447,-3.666310347105864,-1.920155646650093,1.3478712921068523,-0.0917936847285675,3.960419406863144,-0.4252839132384144,1.3346617788445532
67.0,51.0,129.88417053222656,-0.0412632872511318,2.6888003627926222,-4.112845585476975,-3.686236370857622,-1.9131572263045933,1.3368231400263677,-0.0902809190461166,3.960032675281317,-0.4534326505826925,1.3219637553531465
67.0,51.0,129.8852996826172,-0.0390415859901292,2.684964124344922,-4.126708464333008,-3.664384480527461,-1.9250066907572856,1.337291735822271,-0.0903916736911087,3.950699722227693,-0.4659302633576181,1.3442629374563908
67.0,51.0,129.88555908203125,-0.0644617296419268,2.6578154160037752,-4.111132956718669,-3.679976091595984,-1.922610237156272,1.3488525082177278,-0.0977869591861049,3.977217393158066,-0.4321678468305516,1.334950990620537
67.0,51.0,129.88827514648438,-0.0534534082250875,2.6626084972989643,-4.11538349253237,-3.6719047627859296,-1.942894128429484,1.349313027752396,-0.0637527244887927,3.917215459411282,-0.4429779378861842,1.318047616844516
67.0,51.0,129.88406372070312,-0.0420112517604875,2.679852173634206,-4.11715069259902,-3.6899305580431374,-1.9184696287213407,1.337849771421121,-0.0925829673007536,3.9724574318389294,-0.4362331809367505,1.326466179248151
67.0,51.0,129.88552856445312,-0.059977741067154,2.6801682030994374,-4.12322036909697,-3.667438580385225,-1.914417139537977,1.3155343296952362,-0.0966879218742781,3.9565260306619305,-0.460172764875933,1.3223014185279856
67.0,51.0,129.8863525390625,-0.0622732801687786,2.708654583824568,-4.111856908394991,-3.69658256722816,-1.9178266413982024,1.3125653455798345,-0.0923821020321819,3.965940624543604,-0.4331951031199849,1.3281047906694483
67.0,52.0,129.8854522705078,-0.024913178451968,2.6860798871689724,-4.116955728203013,-3.6732630272646016,-1.9500856693940591,1.351441959202703,-0.0741397555146345,3.976496470107653,-0.4514977238147504,1.3207495542655825
67.0,52.0,129.90138244628906,-0.0322975632359191,2.6336450095817536,-4.132246571986653,-3.677374703327787,-1.9495124001702613,1.3197484070149246,-0.060695397017854,4.073113834289647,-0.4356812204175736,1.2975603692053552
67.0,52.0,129.8848419189453,-0.0208720574806316,2.6937595445554727,-4.105180698227165,-3.690050440796613,-1.9156432743681324,1.3549117078700192,-0.094476130215225,3.973538674392551,-0.4344630887074067,1.317065422244771
67.0,52.0,129.88742065429688,-0.0476252661756377,2.682637849895364,-4.136374701155494,-3.696191788323023,-1.9076302882995888,1.3455715107650263,-0.0683845677998231,3.971785618257913,-0.4226084525047321,1.3563541895626972
67.0,52.0,129.8870086669922,-0.0524071159767854,2.6811994937765866,-4.087799080335758,-3.6520709485619895,-1.9607818472919607,1.3531048156070782,-0.109751790459481,3.962623171787527,-0.4359404272197459,1.3266735056666896
67.0,52.0,129.8855743408203,-0.0486051058095321,2.6909784523487787,-4.11598021782662,-3.670753174477799,-1.927727126836727,1.34387237176051,-0.0865616142927125,3.98808963527653,-0.4507076308339247,1.2944290105583196
67.0,52.0,129.88441467285156,-0.0427594642178656,2.6791638111579315,-4.112199546254203,-3.6880170101277847,-1.9193691904731256,1.3393426170084306,-0.092847697576265,3.9851423357514566,-0.434954359605556,1.3256861252985126
67.0,52.0,129.8844451904297,-0.0540746609150622,2.6785815655622582,-4.114020325536017,-3.675456754579051,-1.9181075442008373,1.3390781654009725,-0.0938727683118716,3.963304845966574,-0.4518351152134285,1.3396985987173198
67.0,52.0,129.884765625,-0.0515371673835972,2.665966901688265,-4.108764682671881,-3.67782460848624,-1.9125592399291715,1.3396406128355824,-0.0955358362744996,3.962482747702434,-0.431538768578817,1.3082774184893755
67.0,52.0,129.8961944580078,-0.0301014597058556,2.6627377229330182,-4.098763503489904,-3.683809888691359,-1.9399349669240973,1.318502912326895,-0.0878950688959659,4.062570806095176,-0.4358669265668954,1.3586956714379437
67.0,52.0,129.8847198486328,-0.0436521475954159,2.705487301206372,-4.113821131812626,-3.679262118137234,-1.9134998782270232,1.3407210392920168,-0.0955044846934185,3.9648792872159393,-0.4306628686295275,1.3335821439343825
67.0,52.0,129.88436889648438,-0.0440759035319768,2.669229651702812,-4.13042327481322,-3.683888946809247,-1.916476066600569,1.3386697208775238,-0.0884868709992701,3.9637701711371465,-0.4440870115860612,1.321163409672685
67.0,52.0,129.88836669921875,-0.0442707747263782,2.6991780508333862,-4.072474504806709,-3.7142298108975287,-1.9168491523919489,1.3576018727094703,-0.0890374435064243,3.959870030920512,-0.4203113419578682,1.3398416933549822
67.0,52.0,129.8852081298828,-0.0534826538258554,2.6760782522828266,-4.116709972111655,-3.660615864741091,-1.9165710134361345,1.337782525481897,-0.1021130774561518,3.9564565619502745,-0.4278719424259113,1.302141924843035
67.0,52.0,129.88938903808594,-0.0641806879279972,2.65880931370364,-4.127844051196393,-3.626167715894736,-1.913961360281486,1.3633814834758475,-0.1000395786197361,3.9663390485515126,-0.4693937828036921,1.332300361542644
67.0,52.0,129.8844757080078,-0.0388754483528564,2.683914093211798,-4.117912563149305,-3.681705410523589,-1.9159951767483647,1.3358941147416574,-0.0893300376985392,3.959688143313587,-0.4563656935647099,1.3423463962040791
67.0,52.0,129.88462829589844,-0.0334997515488933,2.6714753942877665,-4.116583348033137,-3.680042173750593,-1.910765762993084,1.3488124780010091,-0.0917635160312404,3.9674049282199055,-0.4370018403890953,1.3029668829783845
67.0,52.0,129.8934783935547,-0.0252147992153897,2.7197877511413764,-4.152403990440039,-3.644335746072695,-1.9822597333621403,1.3670064405290567,-0.0965954652747087,3.974593545826564,-0.4109370127488936,1.3461207195282556
67.0,52.0,129.88442993164062,-0.0413839065645601,2.686047860550975,-4.107414565227406,-3.6875471377265048,-1.928288720291636,1.3296362104918091,-0.1018641919765701,3.967720732908687,-0.4281590707597042,1.3091046888616047
67.0,52.0,129.91720581054688,-0.0002954227792859,2.826894789253761,-4.101065688449207,-3.6547700790830064,-1.832925744862177,1.3733541526048871,-0.1014301395641189,3.958239986858992,-0.4568129454851835,1.30105015767573
67.0,52.0,129.89828491210938,-0.0421071278382473,2.6536334368471253,-4.157439153132585,-3.705915855280427,-1.931642322948619,1.3373762496739208,-0.1913735779318543,3.929647262316912,-0.4647716082929599,1.2904954711158578
67.0,52.0,129.88565063476562,-0.032946248119842,2.691867664652498,-4.116014405544598,-3.7004817617157246,-1.9324465263170585,1.3441902645529007,-0.0719650862757959,3.940874832654074,-0.4379159468591342,1.3183282790678688
67.0,52.0,129.8848876953125,-0.0437697631180942,2.669700649404516,-4.126053407956642,-3.679079297339412,-1.932600543731425,1.3452512424501362,-0.0830972588513255,3.971769923363448,-0.4612146024181126,1.3091673370379815
67.0,52.0,129.88624572753906,-0.0457951642818131,2.670222961258436,-4.13687922718017,-3.6457046248018607,-1.918554531436112,1.3329609153775472,-0.1052795402873766,3.961873033540391,-0.4355046882660597,1.3450424120427646
67.0,52.0,129.884521484375,-0.0446645796695481,2.6864972505600853,-4.118684209330072,-3.673993638381369,-1.9070844885511964,1.337488140033341,-0.0907546815936474,3.9807996622612287,-0.4403937059275748,1.324609253651046
67.0,52.0,129.88465881347656,-0.0437244612961254,2.684886872641463,-4.092422913347367,-3.689006195223264,-1.917867100840687,1.3380324514864563,-0.0869780516664319,3.955245873430832,-0.4451479521678679,1.3230210719163296
67.0,52.0,129.8846435546875,-0.0384337479222639,2.6897883150928603,-4.117440369732728,-3.6728876968126856,-1.91280853817486,1.3380757587705294,-0.0935658245920895,3.96912890219044,-0.4683484313292813,1.320696517821317
67.0,52.0,129.88528442382812,-0.0299266617866653,2.675782860175412,-4.12294055859656,-3.677524823072584,-1.8891098542105536,1.33749508485004,-0.0964280587556275,3.958427800886328,-0.4386514931980343,1.3229749305398468
67.0,52.0,129.88682556152344,-0.0487375268308807,2.6818585071033776,-4.087063452918108,-3.68874606326952,-1.9129388999899053,1.331298891160992,-0.1227885653882119,3.957312403083943,-0.436107895956575,1.3576445836025717
67.0,52.0,129.8856201171875,-0.0570160707016077,2.6750314439181286,-4.119660392409067,-3.6937040907189753,-1.9203248148129823,1.3515460346676402,-0.0965635030075491,3.979496126540904,-0.4382475026013954,1.2936222280276837
67.0,52.0,129.88427734375,-0.0459394852290621,2.689536608356228,-4.107178230292268,-3.695026500856323,-1.91684623173148,1.3373800849662814,-0.0952256009037039,3.9576715455725378,-0.443523936183346,1.320544375810245
67.0,52.0,129.8865966796875,-0.0329050341844034,2.6750907278848914,-4.133726768929593,-3.637972963840137,-1.9298180653521635,1.3636520730621793,-0.0977112499202529,3.957958938242328,-0.4311137841518704,1.3240589131302805
67.0,52.0,129.8984832763672,0.0081819821729019,2.7153790391486248,-4.076341334847158,-3.638637729448001,-1.9496435148959588,1.3373699059890485,-0.0892580715219284,4.017650436553174,-0.3976230082260059,1.2703619028187416
67.0,52.0,129.88455200195312,-0.0513779198147367,2.6858246736288,-4.11806574660557,-3.675623525446954,-1.9152879971890515,1.34321846138232,-0.0803428065049223,3.9660895256822575,-0.439705618482696,1.311393025045696
67.0,52.0,129.88414001464844,-0.0447665918815395,2.692038166788336,-4.114076423664156,-3.689054874503873,-1.916507759529112,1.339169104306315,-0.0921296766616064,3.965978638457711,-0.4361754255701797,1.3204820824584156
67.0,52.0,129.88536071777344,-0.0498924958331762,2.6685298974005,-4.140850976804367,-3.691883002552606,-1.9309852756176853,1.326120747903317,-0.1138647633388517,3.963810106240217,-0.4465510939572507,1.3164880807777624
67.0,52.0,129.88473510742188,-0.0490481334936383,2.6801263838847187,-4.119725360909856,-3.669649027169093,-1.9150753686859552,1.3384309928074132,-0.0914117524603944,3.958440839546339,-0.446001503219527,1.2995365628449946
67.0,52.0,129.88807678222656,-0.0537477380217831,2.684797254608073,-4.096292269013935,-3.6746649812411856,-1.9038130565917413,1.3025708603140906,-0.0968006955626353,3.993118451676682,-0.4556722626577526,1.2945216101237151
67.0,52.0,129.88470458984375,-0.0486457551822262,2.680300884871768,-4.118655766767558,-3.6693771492721297,-1.9152703764873813,1.3374279662170143,-0.0902811794127265,3.9678079584651536,-0.4484382628428427,1.2999408873283955
67.0,52.0,129.88491821289062,-0.0481878088705568,2.6717287590842784,-4.115474997262052,-3.698773220875804,-1.9180120959728424,1.3509512827540897,-0.0883603453086489,3.963389707733473,-0.4392206402056832,1.3047225995628682
67.0,52.0,129.8846893310547,-0.0534909658072408,2.6838303232357577,-4.110392483892943,-3.682513266591779,-1.9189584557840544,1.3324231766195658,-0.0923515882762839,3.9470452666731264,-0.4309884461478972,1.3314027179556958
67.0,52.0,129.88417053222656,-0.040330824775596,2.682469881125652,-4.111240618982444,-3.694416158070888,-1.918485415447717,1.333675339226378,-0.089436636896566,3.966657075471916,-0.4381583515536829,1.3211821687623475
67.0,52.0,129.88467407226562,-0.0454368732955948,2.702628501574018,-4.1163071495446015,-3.6714802187124858,-1.916679453426493,1.3315276058883447,-0.0917072714281089,3.963854678890939,-0.4315238313093014,1.3154889974995208
67.0,52.0,129.88417053222656,-0.0412632872511318,2.6888003627926222,-4.112845585476975,-3.686236370857622,-1.9131572263045933,1.3368231400263677,-0.0902809190461166,3.960032675281317,-0.4534326505826925,1.3219637553531465
67.0,52.0,129.8852996826172,-0.0390415859901292,2.684964124344922,-4.126708464333008,-3.664384480527461,-1.9250066907572856,1.337291735822271,-0.0903916736911087,3.950699722227693,-0.4659302633576181,1.3442629374563908
67.0,52.0,129.88555908203125,-0.0644617296419268,2.6578154160037752,-4.111132956718669,-3.679976091595984,-1.922610237156272,1.3488525082177278,-0.0977869591861049,3.977217393158066,-0.4321678468305516,1.334950990620537
67.0,52.0,129.88560485839844,-0.0464911443968209,2.676529606725093,-4.1254734004374285,-3.69086546149419,-1.9181480492816367,1.334613425926634,-0.074567627967216,3.936921216931963,-0.4339804243684649,1.3274585287796583
67.0,52.0,129.88406372070312,-0.0420112517604875,2.679852173634206,-4.11715069259902,-3.6899305580431374,-1.9184696287213407,1.337849771421121,-0.0925829673007536,3.9724574318389294,-0.4362331809367505,1.326466179248151
67.0,52.0,129.88552856445312,-0.059977741067154,2.6801682030994374,-4.12322036909697,-3.667438580385225,-1.914417139537977,1.3155343296952362,-0.0966879218742781,3.9565260306619305,-0.460172764875933,1.3223014185279856
67.0,52.0,129.8853759765625,-0.038548026816117,2.673823955849852,-4.119687321173414,-3.691989950394929,-1.9188170888746727,1.36518869822755,-0.0937768652300361,3.9792296337969537,-0.4225373584426444,1.3331148399650468
67.0,53.0,129.8854522705078,-0.024913178451968,2.6860798871689724,-4.116955728203013,-3.6732630272646016,-1.9500856693940591,1.351441959202703,-0.0741397555146345,3.976496470107653,-0.4514977238147504,1.3207495542655825
67.0,53.0,129.898681640625,-0.0428406909139762,2.6662257100284497,-4.108921277000894,-3.655570399234123,-1.973200895096148,1.3384218228773015,-0.0805421964523931,3.8574745130422574,-0.4422683419571087,1.3282345139182896
67.0,53.0,129.88473510742188,-0.0197356933827081,2.6947842276715344,-4.1114973156146375,-3.687540821438114,-1.915541158687421,1.350494484468399,-0.0931933901409082,3.973786454733194,-0.435468278505722,1.3335338340017096
67.0,53.0,129.8850860595703,-0.0355793770214709,2.677821043887119,-4.104469416882389,-3.688973277252152,-1.934915528111595,1.345392606559994,-0.1047994928396391,3.97684830736154,-0.4143481760461873,1.3213341713945723
67.0,53.0,129.8870086669922,-0.0524071159767854,2.6811994937765866,-4.087799080335758,-3.6520709485619895,-1.9607818472919607,1.3531048156070782,-0.109751790459481,3.962623171787527,-0.4359404272197459,1.3266735056666896
67.0,53.0,129.8855743408203,-0.0486051058095321,2.6909784523487787,-4.11598021782662,-3.670753174477799,-1.927727126836727,1.34387237176051,-0.0865616142927125,3.98808963527653,-0.4507076308339247,1.2944290105583196
67.0,53.0,129.884033203125,-0.0405395853238237,2.676308276682645,-4.117327906887575,-3.69017735583792,-1.9181288522331847,1.3420637962274733,-0.092594257790104,3.959406102133228,-0.4371775760276193,1.323869628067004
67.0,53.0,129.88414001464844,-0.0405514980639499,2.6687014027998344,-4.118163426005302,-3.680230654490659,-1.918133721814397,1.339686366529871,-0.0932496274599194,3.9717637954294975,-0.4527818490841929,1.3196452137885104
67.0,53.0,129.884765625,-0.0515371673835972,2.665966901688265,-4.108764682671881,-3.67782460848624,-1.9125592399291715,1.3396406128355824,-0.0955358362744996,3.962482747702434,-0.431538768578817,1.3082774184893755
67.0,53.0,129.88580322265625,-0.0388162402953477,2.661786765029545,-4.118703698097978,-3.6841441531588304,-1.9364867286092708,1.350669909349647,-0.0920354972329542,3.989249018572504,-0.4387184096620438,1.3505314226384442
67.0,53.0,129.88438415527344,-0.0456926242661948,2.69759936054439,-4.117121754134438,-3.670354224149563,-1.9261015038723088,1.340278196156863,-0.0939700149965048,3.963746600291136,-0.4347760441871148,1.3093381161272346
67.0,53.0,129.88418579101562,-0.0428880580778564,2.6749911889832334,-4.126416222118216,-3.679366960736286,-1.9236998600638984,1.3397467091116633,-0.0854130082202202,3.967559091838609,-0.4363274670002161,1.3176256242904203
67.0,53.0,129.88836669921875,-0.0442707747263782,2.6991780508333862,-4.072474504806709,-3.7142298108975287,-1.9168491523919489,1.3576018727094703,-0.0890374435064243,3.959870030920512,-0.4203113419578682,1.3398416933549822
67.0,53.0,129.8852081298828,-0.0534826538258554,2.6760782522828266,-4.116709972111655,-3.660615864741091,-1.9165710134361345,1.337782525481897,-0.1021130774561518,3.9564565619502745,-0.4278719424259113,1.302141924843035
67.0,53.0,129.88938903808594,-0.0641806879279972,2.65880931370364,-4.127844051196393,-3.626167715894736,-1.913961360281486,1.3633814834758475,-0.1000395786197361,3.9663390485515126,-0.4693937828036921,1.332300361542644
67.0,53.0,129.88446044921875,-0.0255472746577773,2.679297308616746,-4.112025301051849,-3.675132392527889,-1.91355759557348,1.3323946777905986,-0.0918506160923599,3.9739330658558862,-0.4557922351298965,1.3314869828632456
67.0,53.0,129.88453674316406,-0.0313265026143697,2.6750298558494783,-4.118841537875842,-3.6983501300584014,-1.9146072967159111,1.3481787903853826,-0.0934231571408923,3.971242898526431,-0.4372999002083728,1.3136929803939632
67.0,53.0,129.8934783935547,-0.0252147992153897,2.7197877511413764,-4.152403990440039,-3.644335746072695,-1.9822597333621403,1.3670064405290567,-0.0965954652747087,3.974593545826564,-0.4109370127488936,1.3461207195282556
67.0,53.0,129.88442993164062,-0.0413839065645601,2.686047860550975,-4.107414565227406,-3.6875471377265048,-1.928288720291636,1.3296362104918091,-0.1018641919765701,3.967720732908687,-0.4281590707597042,1.3091046888616047
67.0,53.0,129.91720581054688,-0.0002954227792859,2.826894789253761,-4.101065688449207,-3.6547700790830064,-1.832925744862177,1.3733541526048871,-0.1014301395641189,3.958239986858992,-0.4568129454851835,1.30105015767573
67.0,53.0,129.8873291015625,-0.0399615793527593,2.68993376273296,-4.109018323259302,-3.715105073524444,-1.935791656957635,1.3376903606321096,-0.0971250878807202,3.947682871622826,-0.4191608971999739,1.358793807589443
67.0,53.0,129.88525390625,-0.0425889993430106,2.674752174158382,-4.1122227664496025,-3.7037917291812,-1.9248103581488705,1.339246548571888,-0.1203077313947471,3.984749865303172,-0.4394077018060978,1.3248456676998142
67.0,53.0,129.8848876953125,-0.0437697631180942,2.669700649404516,-4.126053407956642,-3.679079297339412,-1.932600543731425,1.3452512424501362,-0.0830972588513255,3.971769923363448,-0.4612146024181126,1.3091673370379815
67.0,53.0,129.88600158691406,-0.0401929403240308,2.690190823589159,-4.129236689000055,-3.672991488340878,-1.9253925926450983,1.3360639917223491,-0.0911855257152746,3.9312753505495865,-0.4329110177907579,1.3494488968566491
67.0,53.0,129.88418579101562,-0.038867468788086,2.6870592113295624,-4.117824221541382,-3.676263873030399,-1.9121333164606928,1.336894154506266,-0.0929688351520937,3.975939000633909,-0.4351128695035886,1.3237685486709734
67.0,53.0,129.88421630859375,-0.0433220312320466,2.670781532023,-4.117829590190565,-3.686745331319445,-1.917849809051608,1.3374074293592482,-0.0896680643461073,3.954924721587824,-0.4410415222577684,1.3288113807843238
67.0,53.0,129.88462829589844,-0.040174618346641,2.6741270812241145,-4.116474303879678,-3.681173889102323,-1.913053027868982,1.3382466166386924,-0.0936421793006265,3.970611484000265,-0.4222367030983847,1.3356934117594406
67.0,53.0,129.88528442382812,-0.0299266617866653,2.675782860175412,-4.12294055859656,-3.677524823072584,-1.8891098542105536,1.33749508485004,-0.0964280587556275,3.958427800886328,-0.4386514931980343,1.3229749305398468
67.0,53.0,129.88682556152344,-0.0487375268308807,2.6818585071033776,-4.087063452918108,-3.68874606326952,-1.9129388999899053,1.331298891160992,-0.1227885653882119,3.957312403083943,-0.436107895956575,1.3576445836025717
67.0,53.0,129.88453674316406,-0.0449766405795307,2.679996136965984,-4.11690522216721,-3.6924296473301377,-1.9318624975631007,1.3476263500736232,-0.0921456427765317,3.979347433413185,-0.4403600811290261,1.307405825156772
67.0,53.0,129.8841552734375,-0.0436559923196689,2.674206500433705,-4.12231307844539,-3.690994665238731,-1.9212561364903864,1.338188755115696,-0.0988941636380622,3.97454983969054,-0.4403394540742736,1.3295555091746631
67.0,53.0,129.8865966796875,-0.0329050341844034,2.6750907278848914,-4.133726768929593,-3.637972963840137,-1.9298180653521635,1.3636520730621793,-0.0977112499202529,3.957958938242328,-0.4311137841518704,1.3240589131302805
67.0,53.0,129.89573669433594,-0.052255654567608,2.6315896626786355,-4.149446961949737,-3.659635482808413,-1.9184016345065888,1.3383042698750178,-0.0906410860984459,3.992036645397372,-0.3706001800875902,1.285167936188779
67.0,53.0,129.88455200195312,-0.0513779198147367,2.6858246736288,-4.11806574660557,-3.675623525446954,-1.9152879971890515,1.34321846138232,-0.0803428065049223,3.9660895256822575,-0.439705618482696,1.311393025045696
67.0,53.0,129.88414001464844,-0.0447665918815395,2.692038166788336,-4.114076423664156,-3.689054874503873,-1.916507759529112,1.339169104306315,-0.0921296766616064,3.965978638457711,-0.4361754255701797,1.3204820824584156
67.0,53.0,129.88536071777344,-0.0498924958331762,2.6685298974005,-4.140850976804367,-3.691883002552606,-1.9309852756176853,1.326120747903317,-0.1138647633388517,3.963810106240217,-0.4465510939572507,1.3164880807777624
67.0,53.0,129.88473510742188,-0.0490481334936383,2.6801263838847187,-4.119725360909856,-3.669649027169093,-1.9150753686859552,1.3384309928074132,-0.0914117524603944,3.958440839546339,-0.446001503219527,1.2995365628449946
67.0,53.0,129.88807678222656,-0.0537477380217831,2.684797254608073,-4.096292269013935,-3.6746649812411856,-1.9038130565917413,1.3025708603140906,-0.0968006955626353,3.993118451676682,-0.4556722626577526,1.2945216101237151
67.0,53.0,129.88470458984375,-0.0486457551822262,2.680300884871768,-4.118655766767558,-3.6693771492721297,-1.9152703764873813,1.3374279662170143,-0.0902811794127265,3.9678079584651536,-0.4484382628428427,1.2999408873283955
67.0,53.0,129.88491821289062,-0.0481878088705568,2.6717287590842784,-4.115474997262052,-3.698773220875804,-1.9180120959728424,1.3509512827540897,-0.0883603453086489,3.963389707733473,-0.4392206402056832,1.3047225995628682
67.0,53.0,129.88438415527344,-0.049171166365374,2.6865937789283043,-4.124158470961282,-3.69590283210737,-1.93457142081287,1.337574719412256,-0.0932157637504689,3.970835917188555,-0.4402540962330251,1.32608908261478
67.0,53.0,129.88414001464844,-0.0443271536822819,2.681951058289689,-4.109371644056104,-3.687850976619704,-1.9151170404247788,1.3378935256642674,-0.0891556812770729,3.965854552380238,-0.4365258333082191,1.319259378373598
67.0,53.0,129.8843536376953,-0.0483670696549904,2.673472978427972,-4.1185698811760165,-3.676900238894912,-1.9187206448432903,1.3221879223107924,-0.0930030041600711,3.966034242903661,-0.4431058952831198,1.321924817455878
67.0,53.0,129.88417053222656,-0.0412632872511318,2.6888003627926222,-4.112845585476975,-3.686236370857622,-1.9131572263045933,1.3368231400263677,-0.0902809190461166,3.960032675281317,-0.4534326505826925,1.3219637553531465
67.0,53.0,129.8852996826172,-0.0390415859901292,2.684964124344922,-4.126708464333008,-3.664384480527461,-1.9250066907572856,1.337291735822271,-0.0903916736911087,3.950699722227693,-0.4659302633576181,1.3442629374563908
67.0,53.0,129.88555908203125,-0.0644617296419268,2.6578154160037752,-4.111132956718669,-3.679976091595984,-1.922610237156272,1.3488525082177278,-0.0977869591861049,3.977217393158066,-0.4321678468305516,1.334950990620537
67.0,53.0,129.88560485839844,-0.0464911443968209,2.676529606725093,-4.1254734004374285,-3.69086546149419,-1.9181480492816367,1.334613425926634,-0.074567627967216,3.936921216931963,-0.4339804243684649,1.3274585287796583
67.0,53.0,129.88406372070312,-0.0420112517604875,2.679852173634206,-4.11715069259902,-3.6899305580431374,-1.9184696287213407,1.337849771421121,-0.0925829673007536,3.9724574318389294,-0.4362331809367505,1.326466179248151
67.0,53.0,129.88552856445312,-0.059977741067154,2.6801682030994374,-4.12322036909697,-3.667438580385225,-1.914417139537977,1.3155343296952362,-0.0966879218742781,3.9565260306619305,-0.460172764875933,1.3223014185279856
67.0,53.0,129.8853759765625,-0.038548026816117,2.673823955849852,-4.119687321173414,-3.691989950394929,-1.9188170888746727,1.36518869822755,-0.0937768652300361,3.9792296337969537,-0.4225373584426444,1.3331148399650468
67.0,54.0,129.8854522705078,-0.024913178451968,2.6860798871689724,-4.116955728203013,-3.6732630272646016,-1.9500856693940591,1.351441959202703,-0.0741397555146345,3.976496470107653,-0.4514977238147504,1.3207495542655825
67.0,54.0,129.898681640625,-0.0428406909139762,2.6662257100284497,-4.108921277000894,-3.655570399234123,-1.973200895096148,1.3384218228773015,-0.0805421964523931,3.8574745130422574,-0.4422683419571087,1.3282345139182896
67.0,54.0,129.88430786132812,-0.0341406287132143,2.664720059027,-4.119119256797025,-3.689987034986953,-1.9195361003270384,1.3366077720510166,-0.0932144559387951,3.970105882235569,-0.4364437588308227,1.3225228144735088
67.0,54.0,129.8850860595703,-0.0355793770214709,2.677821043887119,-4.104469416882389,-3.688973277252152,-1.934915528111595,1.345392606559994,-0.1047994928396391,3.97684830736154,-0.4143481760461873,1.3213341713945723
67.0,54.0,129.8870086669922,-0.0524071159767854,2.6811994937765866,-4.087799080335758,-3.6520709485619895,-1.9607818472919607,1.3531048156070782,-0.109751790459481,3.962623171787527,-0.4359404272197459,1.3266735056666896
67.0,54.0,129.8855743408203,-0.0486051058095321,2.6909784523487787,-4.11598021782662,-3.670753174477799,-1.927727126836727,1.34387237176051,-0.0865616142927125,3.98808963527653,-0.4507076308339247,1.2944290105583196
67.0,54.0,129.884033203125,-0.0405395853238237,2.676308276682645,-4.117327906887575,-3.69017735583792,-1.9181288522331847,1.3420637962274733,-0.092594257790104,3.959406102133228,-0.4371775760276193,1.323869628067004
67.0,54.0,129.88414001464844,-0.0405514980639499,2.6687014027998344,-4.118163426005302,-3.680230654490659,-1.918133721814397,1.339686366529871,-0.0932496274599194,3.9717637954294975,-0.4527818490841929,1.3196452137885104
67.0,54.0,129.884765625,-0.0515371673835972,2.665966901688265,-4.108764682671881,-3.67782460848624,-1.9125592399291715,1.3396406128355824,-0.0955358362744996,3.962482747702434,-0.431538768578817,1.3082774184893755
67.0,54.0,129.88580322265625,-0.0388162402953477,2.661786765029545,-4.118703698097978,-3.6841441531588304,-1.9364867286092708,1.350669909349647,-0.0920354972329542,3.989249018572504,-0.4387184096620438,1.3505314226384442
67.0,54.0,129.88409423828125,-0.0387485612461685,2.6942842953742123,-4.117868686799439,-3.675208955920005,-1.9217001206987527,1.3429033762225455,-0.0885068195751997,3.957870355610129,-0.4423931209424421,1.3164501289284936
67.0,54.0,129.88418579101562,-0.0428880580778564,2.6749911889832334,-4.126416222118216,-3.679366960736286,-1.9236998600638984,1.3397467091116633,-0.0854130082202202,3.967559091838609,-0.4363274670002161,1.3176256242904203
67.0,54.0,129.88836669921875,-0.0442707747263782,2.6991780508333862,-4.072474504806709,-3.7142298108975287,-1.9168491523919489,1.3576018727094703,-0.0890374435064243,3.959870030920512,-0.4203113419578682,1.3398416933549822
67.0,54.0,129.8852081298828,-0.0534826538258554,2.6760782522828266,-4.116709972111655,-3.660615864741091,-1.9165710134361345,1.337782525481897,-0.1021130774561518,3.9564565619502745,-0.4278719424259113,1.302141924843035
67.0,54.0,129.88938903808594,-0.0641806879279972,2.65880931370364,-4.127844051196393,-3.626167715894736,-1.913961360281486,1.3633814834758475,-0.1000395786197361,3.9663390485515126,-0.4693937828036921,1.332300361542644
67.0,54.0,129.88401794433594,-0.036178038040835,2.67885372793204,-4.120599099792893,-3.683618292997432,-1.9211237568392427,1.3281822321112622,-0.0927570555456235,3.9592801043152326,-0.4400528252196674,1.3242551498315736
67.0,54.0,129.88442993164062,-0.0320496538320629,2.6780427805004976,-4.118361683379872,-3.692861722550591,-1.921318162728387,1.3467294745610912,-0.0936681500607174,3.947500134248612,-0.4371995276281598,1.332195434474695
67.0,54.0,129.8934783935547,-0.0252147992153897,2.7197877511413764,-4.152403990440039,-3.644335746072695,-1.9822597333621403,1.3670064405290567,-0.0965954652747087,3.974593545826564,-0.4109370127488936,1.3461207195282556
67.0,54.0,129.88442993164062,-0.0413839065645601,2.686047860550975,-4.107414565227406,-3.6875471377265048,-1.928288720291636,1.3296362104918091,-0.1018641919765701,3.967720732908687,-0.4281590707597042,1.3091046888616047
67.0,54.0,129.91720581054688,-0.0002954227792859,2.826894789253761,-4.101065688449207,-3.6547700790830064,-1.832925744862177,1.3733541526048871,-0.1014301395641189,3.958239986858992,-0.4568129454851835,1.30105015767573
67.0,54.0,129.8873291015625,-0.0399615793527593,2.68993376273296,-4.109018323259302,-3.715105073524444,-1.935791656957635,1.3376903606321096,-0.0971250878807202,3.947682871622826,-0.4191608971999739,1.358793807589443
67.0,54.0,129.88525390625,-0.0425889993430106,2.674752174158382,-4.1122227664496025,-3.7037917291812,-1.9248103581488705,1.339246548571888,-0.1203077313947471,3.984749865303172,-0.4394077018060978,1.3248456676998142
67.0,54.0,129.8848876953125,-0.0437697631180942,2.669700649404516,-4.126053407956642,-3.679079297339412,-1.932600543731425,1.3452512424501362,-0.0830972588513255,3.971769923363448,-0.4612146024181126,1.3091673370379815
67.0,54.0,129.88600158691406,-0.0401929403240308,2.690190823589159,-4.129236689000055,-3.672991488340878,-1.9253925926450983,1.3360639917223491,-0.0911855257152746,3.9312753505495865,-0.4329110177907579,1.3494488968566491
67.0,54.0,129.88418579101562,-0.038867468788086,2.6870592113295624,-4.117824221541382,-3.676263873030399,-1.9121333164606928,1.336894154506266,-0.0929688351520937,3.975939000633909,-0.4351128695035886,1.3237685486709734
67.0,54.0,129.88421630859375,-0.0433220312320466,2.670781532023,-4.117829590190565,-3.686745331319445,-1.917849809051608,1.3374074293592482,-0.0896680643461073,3.954924721587824,-0.4410415222577684,1.3288113807843238
67.0,54.0,129.88394165039062,-0.0410262206066073,2.678191243810551,-4.114643144805708,-3.678013794199491,-1.919131696716006,1.3441200594635658,-0.0934769339566367,3.958823520246322,-0.4416859784194457,1.31349369208945
67.0,54.0,129.88528442382812,-0.0299266617866653,2.675782860175412,-4.12294055859656,-3.677524823072584,-1.8891098542105536,1.33749508485004,-0.0964280587556275,3.958427800886328,-0.4386514931980343,1.3229749305398468
67.0,54.0,129.88682556152344,-0.0487375268308807,2.6818585071033776,-4.087063452918108,-3.68874606326952,-1.9129388999899053,1.331298891160992,-0.1227885653882119,3.957312403083943,-0.436107895956575,1.3576445836025717
67.0,54.0,129.88414001464844,-0.0350272844327897,2.6776333622653508,-4.116186922309083,-3.689910520992018,-1.93223835593729,1.339505211573946,-0.0912192754614372,3.952767668657753,-0.4408576837712754,1.330757953173494
67.0,54.0,129.8841552734375,-0.0436559923196689,2.674206500433705,-4.12231307844539,-3.690994665238731,-1.9212561364903864,1.338188755115696,-0.0988941636380622,3.97454983969054,-0.4403394540742736,1.3295555091746631
67.0,54.0,129.8865966796875,-0.0329050341844034,2.6750907278848914,-4.133726768929593,-3.637972963840137,-1.9298180653521635,1.3636520730621793,-0.0977112499202529,3.957958938242328,-0.4311137841518704,1.3240589131302805
67.0,54.0,129.89573669433594,-0.052255654567608,2.6315896626786355,-4.149446961949737,-3.659635482808413,-1.9184016345065888,1.3383042698750178,-0.0906410860984459,3.992036645397372,-0.3706001800875902,1.285167936188779
67.0,54.0,129.88455200195312,-0.0513779198147367,2.6858246736288,-4.11806574660557,-3.675623525446954,-1.9152879971890515,1.34321846138232,-0.0803428065049223,3.9660895256822575,-0.439705618482696,1.311393025045696
67.0,54.0,129.88414001464844,-0.0447665918815395,2.692038166788336,-4.114076423664156,-3.689054874503873,-1.916507759529112,1.339169104306315,-0.0921296766616064,3.965978638457711,-0.4361754255701797,1.3204820824584156
67.0,54.0,129.88536071777344,-0.0498924958331762,2.6685298974005,-4.140850976804367,-3.691883002552606,-1.9309852756176853,1.326120747903317,-0.1138647633388517,3.963810106240217,-0.4465510939572507,1.3164880807777624
67.0,54.0,129.88473510742188,-0.0490481334936383,2.6801263838847187,-4.119725360909856,-3.669649027169093,-1.9150753686859552,1.3384309928074132,-0.0914117524603944,3.958440839546339,-0.446001503219527,1.2995365628449946
67.0,54.0,129.88807678222656,-0.0537477380217831,2.684797254608073,-4.096292269013935,-3.6746649812411856,-1.9038130565917413,1.3025708603140906,-0.0968006955626353,3.993118451676682,-0.4556722626577526,1.2945216101237151
67.0,54.0,129.88470458984375,-0.0486457551822262,2.680300884871768,-4.118655766767558,-3.6693771492721297,-1.9152703764873813,1.3374279662170143,-0.0902811794127265,3.9678079584651536,-0.4484382628428427,1.2999408873283955
67.0,54.0,129.88491821289062,-0.0481878088705568,2.6717287590842784,-4.115474997262052,-3.698773220875804,-1.9180120959728424,1.3509512827540897,-0.0883603453086489,3.963389707733473,-0.4392206402056832,1.3047225995628682
67.0,54.0,129.88438415527344,-0.049171166365374,2.6865937789283043,-4.124158470961282,-3.69590283210737,-1.93457142081287,1.337574719412256,-0.0932157637504689,3.970835917188555,-0.4402540962330251,1.32608908261478
67.0,54.0,129.884033203125,-0.0448028979797939,2.6814549380020227,-4.109073301296797,-3.685803561576837,-1.919715216879413,1.3442847660918549,-0.0903974681979288,3.957837333030752,-0.4380654952160689,1.3261788268691683
67.0,54.0,129.8843536376953,-0.0483670696549904,2.673472978427972,-4.1185698811760165,-3.676900238894912,-1.9187206448432903,1.3221879223107924,-0.0930030041600711,3.966034242903661,-0.4431058952831198,1.321924817455878
67.0,54.0,129.88417053222656,-0.0412632872511318,2.6888003627926222,-4.112845585476975,-3.686236370857622,-1.9131572263045933,1.3368231400263677,-0.0902809190461166,3.960032675281317,-0.4534326505826925,1.3219637553531465
67.0,54.0,129.8852996826172,-0.0390415859901292,2.684964124344922,-4.126708464333008,-3.664384480527461,-1.9250066907572856,1.337291735822271,-0.0903916736911087,3.950699722227693,-0.4659302633576181,1.3442629374563908
67.0,54.0,129.88504028320312,-0.0399170530036995,2.666216855548056,-4.11793848039266,-3.6678994065515695,-1.9274261076695864,1.3406928914622556,-0.0876159835802102,3.9368252137878,-0.44473593098525,1.328738820951869
67.0,54.0,129.88531494140625,-0.0376704764732162,2.6764347296684567,-4.111443105417502,-3.6904545791215098,-1.9423174508694168,1.3395887033521936,-0.1036484982220354,3.931681092760298,-0.4343831349605753,1.32428341386532
67.0,54.0,129.88406372070312,-0.0420112517604875,2.679852173634206,-4.11715069259902,-3.6899305580431374,-1.9184696287213407,1.337849771421121,-0.0925829673007536,3.9724574318389294,-0.4362331809367505,1.326466179248151
67.0,54.0,129.88552856445312,-0.059977741067154,2.6801682030994374,-4.12322036909697,-3.667438580385225,-1.914417139537977,1.3155343296952362,-0.0966879218742781,3.9565260306619305,-0.460172764875933,1.3223014185279856
67.0,54.0,129.8853759765625,-0.038548026816117,2.673823955849852,-4.119687321173414,-3.691989950394929,-1.9188170888746727,1.36518869822755,-0.0937768652300361,3.9792296337969537,-0.4225373584426444,1.3331148399650468
67.0,55.0,129.8854522705078,-0.024913178451968,2.6860798871689724,-4.116955728203013,-3.6732630272646016,-1.9500856693940591,1.351441959202703,-0.0741397555146345,3.976496470107653,-0.4514977238147504,1.3207495542655825
67.0,55.0,129.8870086669922,-0.0362150704766244,2.6792376035132035,-4.112733915296204,-3.660844894006461,-1.9360378086680248,1.3290736861281374,-0.0699537299052414,4.00303504801914,-0.457678215387942,1.3099296482543012
67.0,55.0,129.88404846191406,-0.0426815269887688,2.677822406565206,-4.118998053659497,-3.6688371260669648,-1.920769641854196,1.3460455396765,-0.0933699055863165,3.9676552269235454,-0.4460175716777814,1.3148717870254156
67.0,55.0,129.88400268554688,-0.0407813229360429,2.6830856050701453,-4.111136486322199,-3.681840822836742,-1.934247218206404,1.3442911033788083,-0.0920010433474128,3.954913595597877,-0.4381493775488366,1.3200236493678534
67.0,55.0,129.8870086669922,-0.0524071159767854,2.6811994937765866,-4.087799080335758,-3.6520709485619895,-1.9607818472919607,1.3531048156070782,-0.109751790459481,3.962623171787527,-0.4359404272197459,1.3266735056666896
67.0,55.0,129.8855743408203,-0.0486051058095321,2.6909784523487787,-4.11598021782662,-3.670753174477799,-1.927727126836727,1.34387237176051,-0.0865616142927125,3.98808963527653,-0.4507076308339247,1.2944290105583196
67.0,55.0,129.884033203125,-0.0405395853238237,2.676308276682645,-4.117327906887575,-3.69017735583792,-1.9181288522331847,1.3420637962274733,-0.092594257790104,3.959406102133228,-0.4371775760276193,1.323869628067004
67.0,55.0,129.884033203125,-0.0510438141759068,2.685554183426411,-4.1156853990782745,-3.679351046928232,-1.920872251818956,1.3433388775957735,-0.0943951145022087,3.9619775174386,-0.4459812089654207,1.3141676217330964
67.0,55.0,129.884765625,-0.0515371673835972,2.665966901688265,-4.108764682671881,-3.67782460848624,-1.9125592399291715,1.3396406128355824,-0.0955358362744996,3.962482747702434,-0.431538768578817,1.3082774184893755
67.0,55.0,129.88580322265625,-0.0388162402953477,2.661786765029545,-4.118703698097978,-3.6841441531588304,-1.9364867286092708,1.350669909349647,-0.0920354972329542,3.989249018572504,-0.4387184096620438,1.3505314226384442
67.0,55.0,129.8839569091797,-0.0369185676120986,2.6813980603224614,-4.1126473503150365,-3.683534930046069,-1.919686593347812,1.344495402276988,-0.0897050294123446,3.957401562825508,-0.4445154097139079,1.316290616386406
67.0,55.0,129.88418579101562,-0.0428880580778564,2.6749911889832334,-4.126416222118216,-3.679366960736286,-1.9236998600638984,1.3397467091116633,-0.0854130082202202,3.967559091838609,-0.4363274670002161,1.3176256242904203
67.0,55.0,129.88600158691406,-0.0365630246479893,2.712202195516876,-4.138789352553506,-3.682799737197863,-1.918318633506026,1.3524493599689975,-0.1045581165174854,3.957418321041093,-0.425432005274915,1.307641993603458
67.0,55.0,129.8852081298828,-0.0534826538258554,2.6760782522828266,-4.116709972111655,-3.660615864741091,-1.9165710134361345,1.337782525481897,-0.1021130774561518,3.9564565619502745,-0.4278719424259113,1.302141924843035
67.0,55.0,129.88478088378906,-0.0529013928789766,2.6712595776332395,-4.118941773792248,-3.6610580631264,-1.925698326227804,1.3402842635016985,-0.1088848557598951,3.951303115577968,-0.4405384866287796,1.3141720326373387
67.0,55.0,129.88401794433594,-0.036178038040835,2.67885372793204,-4.120599099792893,-3.683618292997432,-1.9211237568392427,1.3281822321112622,-0.0927570555456235,3.9592801043152326,-0.4400528252196674,1.3242551498315736
67.0,55.0,129.88442993164062,-0.0320496538320629,2.6780427805004976,-4.118361683379872,-3.692861722550591,-1.921318162728387,1.3467294745610912,-0.0936681500607174,3.947500134248612,-0.4371995276281598,1.332195434474695
67.0,55.0,129.8934783935547,-0.0252147992153897,2.7197877511413764,-4.152403990440039,-3.644335746072695,-1.9822597333621403,1.3670064405290567,-0.0965954652747087,3.974593545826564,-0.4109370127488936,1.3461207195282556
67.0,55.0,129.88442993164062,-0.0413839065645601,2.686047860550975,-4.107414565227406,-3.6875471377265048,-1.928288720291636,1.3296362104918091,-0.1018641919765701,3.967720732908687,-0.4281590707597042,1.3091046888616047
67.0,55.0,129.9106903076172,0.0176050220618106,2.792009957632491,-4.091106081352304,-3.762504027819141,-1.8725421620805431,1.3611358827501796,-0.1005684076648423,3.960549246441064,-0.4438573362344586,1.2882542187050376
67.0,55.0,129.8871307373047,-0.0400651098952483,2.662901695071223,-4.122214661754178,-3.690588713055824,-1.9275681785841143,1.3342586417858469,-0.1269589421744427,3.963675856781866,-0.4857274585915268,1.3057868553238838
67.0,55.0,129.8842315673828,-0.0353032103570106,2.682441382754348,-4.114217497381234,-3.693747669850461,-1.924015300206712,1.344119831348246,-0.0954130670382548,3.9590777956252863,-0.4446954925055421,1.3066915058765156
67.0,55.0,129.8848876953125,-0.0437697631180942,2.669700649404516,-4.126053407956642,-3.679079297339412,-1.932600543731425,1.3452512424501362,-0.0830972588513255,3.971769923363448,-0.4612146024181126,1.3091673370379815
67.0,55.0,129.88600158691406,-0.0401929403240308,2.690190823589159,-4.129236689000055,-3.672991488340878,-1.9253925926450983,1.3360639917223491,-0.0911855257152746,3.9312753505495865,-0.4329110177907579,1.3494488968566491
67.0,55.0,129.88406372070312,-0.0419254348739312,2.6822147201107533,-4.1141207624345135,-3.6748781031115607,-1.9182470448684776,1.3372270239498854,-0.0936799406829634,3.962001586160108,-0.4354924122850929,1.310722008605886
67.0,55.0,129.8839874267578,-0.0413076931584702,2.679427446249297,-4.1101893248984185,-3.6720800940641305,-1.9189109114200409,1.345076691051878,-0.0907155708539745,3.959235627219362,-0.4454869872789624,1.3184826680288877
67.0,55.0,129.88394165039062,-0.0410262206066073,2.678191243810551,-4.114643144805708,-3.678013794199491,-1.919131696716006,1.3441200594635658,-0.0934769339566367,3.958823520246322,-0.4416859784194457,1.31349369208945
67.0,55.0,129.88528442382812,-0.0299266617866653,2.675782860175412,-4.12294055859656,-3.677524823072584,-1.8891098542105536,1.33749508485004,-0.0964280587556275,3.958427800886328,-0.4386514931980343,1.3229749305398468
67.0,55.0,129.88682556152344,-0.0487375268308807,2.6818585071033776,-4.087063452918108,-3.68874606326952,-1.9129388999899053,1.331298891160992,-0.1227885653882119,3.957312403083943,-0.436107895956575,1.3576445836025717
67.0,55.0,129.88414001464844,-0.0350272844327897,2.6776333622653508,-4.116186922309083,-3.689910520992018,-1.93223835593729,1.339505211573946,-0.0912192754614372,3.952767668657753,-0.4408576837712754,1.330757953173494
67.0,55.0,129.88406372070312,-0.0452611851582087,2.686058661164819,-4.11003333371653,-3.671189158484752,-1.9213709736040223,1.3406616289928082,-0.10845291963291,3.972634392253588,-0.4426400048102529,1.3269827811540629
67.0,55.0,129.8865966796875,-0.0329050341844034,2.6750907278848914,-4.133726768929593,-3.637972963840137,-1.9298180653521635,1.3636520730621793,-0.0977112499202529,3.957958938242328,-0.4311137841518704,1.3240589131302805
67.0,55.0,129.88815307617188,-0.0475771691191515,2.6572532429676228,-4.130526421198701,-3.630753632280437,-1.9060214396469524,1.3409088528958462,-0.0876931755111106,3.97430660158975,-0.4621166383430745,1.3351896463878212
67.0,55.0,129.88455200195312,-0.0513779198147367,2.6858246736288,-4.11806574660557,-3.675623525446954,-1.9152879971890515,1.34321846138232,-0.0803428065049223,3.9660895256822575,-0.439705618482696,1.311393025045696
67.0,55.0,129.88414001464844,-0.0447665918815395,2.692038166788336,-4.114076423664156,-3.689054874503873,-1.916507759529112,1.339169104306315,-0.0921296766616064,3.965978638457711,-0.4361754255701797,1.3204820824584156
67.0,55.0,129.88458251953125,-0.0364039330315571,2.674829060283838,-4.10040307636466,-3.689491357017524,-1.9395787019956388,1.3399132059067331,-0.0944835896938814,3.953263881981096,-0.4498192971012038,1.3113628084484488
67.0,55.0,129.88473510742188,-0.0490481334936383,2.6801263838847187,-4.119725360909856,-3.669649027169093,-1.9150753686859552,1.3384309928074132,-0.0914117524603944,3.958440839546339,-0.446001503219527,1.2995365628449946
67.0,55.0,129.88807678222656,-0.0537477380217831,2.684797254608073,-4.096292269013935,-3.6746649812411856,-1.9038130565917413,1.3025708603140906,-0.0968006955626353,3.993118451676682,-0.4556722626577526,1.2945216101237151
67.0,55.0,129.88470458984375,-0.0486457551822262,2.680300884871768,-4.118655766767558,-3.6693771492721297,-1.9152703764873813,1.3374279662170143,-0.0902811794127265,3.9678079584651536,-0.4484382628428427,1.2999408873283955
67.0,55.0,129.88491821289062,-0.0481878088705568,2.6717287590842784,-4.115474997262052,-3.698773220875804,-1.9180120959728424,1.3509512827540897,-0.0883603453086489,3.963389707733473,-0.4392206402056832,1.3047225995628682
67.0,55.0,129.88427734375,-0.0405112106129977,2.6816068655815952,-4.110058060083249,-3.678065855896365,-1.933809553813156,1.3435253003051413,-0.0932943951538266,3.968444031449751,-0.4464004641081328,1.302662934551044
67.0,55.0,129.88394165039062,-0.0412441978321716,2.676584903774696,-4.10959447095714,-3.6757770071383296,-1.921032452600921,1.346778364599989,-0.0972687031378169,3.956505425539243,-0.4461043247998545,1.3283352172514669
67.0,55.0,129.8843536376953,-0.0483670696549904,2.673472978427972,-4.1185698811760165,-3.676900238894912,-1.9187206448432903,1.3221879223107924,-0.0930030041600711,3.966034242903661,-0.4431058952831198,1.321924817455878
67.0,55.0,129.88417053222656,-0.0412632872511318,2.6888003627926222,-4.112845585476975,-3.686236370857622,-1.9131572263045933,1.3368231400263677,-0.0902809190461166,3.960032675281317,-0.4534326505826925,1.3219637553531465
67.0,55.0,129.8852996826172,-0.0390415859901292,2.684964124344922,-4.126708464333008,-3.664384480527461,-1.9250066907572856,1.337291735822271,-0.0903916736911087,3.950699722227693,-0.4659302633576181,1.3442629374563908
67.0,55.0,129.88502502441406,-0.0318500182736109,2.6782852278870104,-4.118180427888896,-3.669174364569512,-1.91846180905801,1.3395286803906503,-0.0838629915500787,3.975363638346771,-0.4409499974513418,1.2956695766102078
67.0,55.0,129.88531494140625,-0.0376704764732162,2.6764347296684567,-4.111443105417502,-3.6904545791215098,-1.9423174508694168,1.3395887033521936,-0.1036484982220354,3.931681092760298,-0.4343831349605753,1.32428341386532
67.0,55.0,129.88406372070312,-0.0420112517604875,2.679852173634206,-4.11715069259902,-3.6899305580431374,-1.9184696287213407,1.337849771421121,-0.0925829673007536,3.9724574318389294,-0.4362331809367505,1.326466179248151
67.0,55.0,129.88552856445312,-0.059977741067154,2.6801682030994374,-4.12322036909697,-3.667438580385225,-1.914417139537977,1.3155343296952362,-0.0966879218742781,3.9565260306619305,-0.460172764875933,1.3223014185279856
67.0,55.0,129.8853759765625,-0.038548026816117,2.673823955849852,-4.119687321173414,-3.691989950394929,-1.9188170888746727,1.36518869822755,-0.0937768652300361,3.9792296337969537,-0.4225373584426444,1.3331148399650468
67.0,56.0,129.8854522705078,-0.024913178451968,2.6860798871689724,-4.116955728203013,-3.6732630272646016,-1.9500856693940591,1.351441959202703,-0.0741397555146345,3.976496470107653,-0.4514977238147504,1.3207495542655825
67.0,56.0,129.88682556152344,-0.0350538793447956,2.68046381760358,-4.116596190241423,-3.675063355773918,-1.9567023339449403,1.3420801909247293,-0.0618022663495043,3.974532625780542,-0.4631444347089263,1.3066953161203292
67.0,56.0,129.88404846191406,-0.0426815269887688,2.677822406565206,-4.118998053659497,-3.6688371260669648,-1.920769641854196,1.3460455396765,-0.0933699055863165,3.9676552269235454,-0.4460175716777814,1.3148717870254156
67.0,56.0,129.88400268554688,-0.0407813229360429,2.6830856050701453,-4.111136486322199,-3.681840822836742,-1.934247218206404,1.3442911033788083,-0.0920010433474128,3.954913595597877,-0.4381493775488366,1.3200236493678534
67.0,56.0,129.8870086669922,-0.0524071159767854,2.6811994937765866,-4.087799080335758,-3.6520709485619895,-1.9607818472919607,1.3531048156070782,-0.109751790459481,3.962623171787527,-0.4359404272197459,1.3266735056666896
67.0,56.0,129.8855743408203,-0.0486051058095321,2.6909784523487787,-4.11598021782662,-3.670753174477799,-1.927727126836727,1.34387237176051,-0.0865616142927125,3.98808963527653,-0.4507076308339247,1.2944290105583196
67.0,56.0,129.884033203125,-0.0405395853238237,2.676308276682645,-4.117327906887575,-3.69017735583792,-1.9181288522331847,1.3420637962274733,-0.092594257790104,3.959406102133228,-0.4371775760276193,1.323869628067004
67.0,56.0,129.8839874267578,-0.0405395796690952,2.6870969510291287,-4.113039430959328,-3.675393395000136,-1.9180137718646624,1.3442650779214378,-0.0948273232538109,3.959043456931045,-0.4419401277743572,1.3128827660275837
67.0,56.0,129.88436889648438,-0.039375191364138,2.6816397484976773,-4.11634321767265,-3.682959680750776,-1.9283604758251656,1.3459692305813726,-0.0955570504436059,3.982358032655279,-0.4438213803509229,1.3060039001446535
67.0,56.0,129.88580322265625,-0.0388162402953477,2.661786765029545,-4.118703698097978,-3.6841441531588304,-1.9364867286092708,1.350669909349647,-0.0920354972329542,3.989249018572504,-0.4387184096620438,1.3505314226384442
67.0,56.0,129.8839569091797,-0.0369185676120986,2.6813980603224614,-4.1126473503150365,-3.683534930046069,-1.919686593347812,1.344495402276988,-0.0897050294123446,3.957401562825508,-0.4445154097139079,1.316290616386406
67.0,56.0,129.88418579101562,-0.0428880580778564,2.6749911889832334,-4.126416222118216,-3.679366960736286,-1.9236998600638984,1.3397467091116633,-0.0854130082202202,3.967559091838609,-0.4363274670002161,1.3176256242904203
67.0,56.0,129.88600158691406,-0.0365630246479893,2.712202195516876,-4.138789352553506,-3.682799737197863,-1.918318633506026,1.3524493599689975,-0.1045581165174854,3.957418321041093,-0.425432005274915,1.307641993603458
67.0,56.0,129.8852081298828,-0.0534826538258554,2.6760782522828266,-4.116709972111655,-3.660615864741091,-1.9165710134361345,1.337782525481897,-0.1021130774561518,3.9564565619502745,-0.4278719424259113,1.302141924843035
67.0,56.0,129.88478088378906,-0.0529013928789766,2.6712595776332395,-4.118941773792248,-3.6610580631264,-1.925698326227804,1.3402842635016985,-0.1088848557598951,3.951303115577968,-0.4405384866287796,1.3141720326373387
67.0,56.0,129.88401794433594,-0.036178038040835,2.67885372793204,-4.120599099792893,-3.683618292997432,-1.9211237568392427,1.3281822321112622,-0.0927570555456235,3.9592801043152326,-0.4400528252196674,1.3242551498315736
67.0,56.0,129.88442993164062,-0.0320496538320629,2.6780427805004976,-4.118361683379872,-3.692861722550591,-1.921318162728387,1.3467294745610912,-0.0936681500607174,3.947500134248612,-0.4371995276281598,1.332195434474695
67.0,56.0,129.8934783935547,-0.0252147992153897,2.7197877511413764,-4.152403990440039,-3.644335746072695,-1.9822597333621403,1.3670064405290567,-0.0965954652747087,3.974593545826564,-0.4109370127488936,1.3461207195282556
67.0,56.0,129.88442993164062,-0.0413839065645601,2.686047860550975,-4.107414565227406,-3.6875471377265048,-1.928288720291636,1.3296362104918091,-0.1018641919765701,3.967720732908687,-0.4281590707597042,1.3091046888616047
67.0,56.0,129.9106903076172,0.0176050220618106,2.792009957632491,-4.091106081352304,-3.762504027819141,-1.8725421620805431,1.3611358827501796,-0.1005684076648423,3.960549246441064,-0.4438573362344586,1.2882542187050376
67.0,56.0,129.88665771484375,-0.0403620957866635,2.6672711111844185,-4.123738760036668,-3.689019206438454,-1.9247195680320424,1.3490898553407815,-0.1412479270016209,3.963275430694606,-0.4624482384502679,1.303776972824502
67.0,56.0,129.8842315673828,-0.0353032103570106,2.682441382754348,-4.114217497381234,-3.693747669850461,-1.924015300206712,1.344119831348246,-0.0954130670382548,3.9590777956252863,-0.4446954925055421,1.3066915058765156
67.0,56.0,129.8848876953125,-0.0437697631180942,2.669700649404516,-4.126053407956642,-3.679079297339412,-1.932600543731425,1.3452512424501362,-0.0830972588513255,3.971769923363448,-0.4612146024181126,1.3091673370379815
67.0,56.0,129.88600158691406,-0.0401929403240308,2.690190823589159,-4.129236689000055,-3.672991488340878,-1.9253925926450983,1.3360639917223491,-0.0911855257152746,3.9312753505495865,-0.4329110177907579,1.3494488968566491
67.0,56.0,129.884033203125,-0.0419622567806761,2.6834649485059963,-4.1133031551175465,-3.674002930724279,-1.9199306977363344,1.346486866783355,-0.0934109558401768,3.9606254140241535,-0.4424990428810511,1.3102069046966445
67.0,56.0,129.8839874267578,-0.0413076931584702,2.679427446249297,-4.1101893248984185,-3.6720800940641305,-1.9189109114200409,1.345076691051878,-0.0907155708539745,3.959235627219362,-0.4454869872789624,1.3184826680288877
67.0,56.0,129.88394165039062,-0.0410262206066073,2.678191243810551,-4.114643144805708,-3.678013794199491,-1.919131696716006,1.3441200594635658,-0.0934769339566367,3.958823520246322,-0.4416859784194457,1.31349369208945
67.0,56.0,129.88528442382812,-0.0299266617866653,2.675782860175412,-4.12294055859656,-3.677524823072584,-1.8891098542105536,1.33749508485004,-0.0964280587556275,3.958427800886328,-0.4386514931980343,1.3229749305398468
67.0,56.0,129.88682556152344,-0.0487375268308807,2.6818585071033776,-4.087063452918108,-3.68874606326952,-1.9129388999899053,1.331298891160992,-0.1227885653882119,3.957312403083943,-0.436107895956575,1.3576445836025717
67.0,56.0,129.88406372070312,-0.0325308641974039,2.678915318512267,-4.115442665863222,-3.679964420962155,-1.9373790180208827,1.3465261279123593,-0.0920093520165532,3.9698998314043847,-0.4418564300016175,1.3320568915184046
67.0,56.0,129.88406372070312,-0.0452611851582087,2.686058661164819,-4.11003333371653,-3.671189158484752,-1.9213709736040223,1.3406616289928082,-0.10845291963291,3.972634392253588,-0.4426400048102529,1.3269827811540629
67.0,56.0,129.8865966796875,-0.0329050341844034,2.6750907278848914,-4.133726768929593,-3.637972963840137,-1.9298180653521635,1.3636520730621793,-0.0977112499202529,3.957958938242328,-0.4311137841518704,1.3240589131302805
67.0,56.0,129.88815307617188,-0.0475771691191515,2.6572532429676228,-4.130526421198701,-3.630753632280437,-1.9060214396469524,1.3409088528958462,-0.0876931755111106,3.97430660158975,-0.4621166383430745,1.3351896463878212
67.0,56.0,129.88455200195312,-0.0513779198147367,2.6858246736288,-4.11806574660557,-3.675623525446954,-1.9152879971890515,1.34321846138232,-0.0803428065049223,3.9660895256822575,-0.439705618482696,1.311393025045696
67.0,56.0,129.88414001464844,-0.0447665918815395,2.692038166788336,-4.114076423664156,-3.689054874503873,-1.916507759529112,1.339169104306315,-0.0921296766616064,3.965978638457711,-0.4361754255701797,1.3204820824584156
67.0,56.0,129.88458251953125,-0.0364039330315571,2.674829060283838,-4.10040307636466,-3.689491357017524,-1.9395787019956388,1.3399132059067331,-0.0944835896938814,3.953263881981096,-0.4498192971012038,1.3113628084484488
67.0,56.0,129.88465881347656,-0.0553654646226584,2.673474914714548,-4.11847173799019,-3.665131665097419,-1.9139440581558853,1.341001196617694,-0.095746923539973,3.960658286444688,-0.4337594058389823,1.3143134617149814
67.0,56.0,129.88807678222656,-0.0537477380217831,2.684797254608073,-4.096292269013935,-3.6746649812411856,-1.9038130565917413,1.3025708603140906,-0.0968006955626353,3.993118451676682,-0.4556722626577526,1.2945216101237151
67.0,56.0,129.88470458984375,-0.0486457551822262,2.680300884871768,-4.118655766767558,-3.6693771492721297,-1.9152703764873813,1.3374279662170143,-0.0902811794127265,3.9678079584651536,-0.4484382628428427,1.2999408873283955
67.0,56.0,129.88491821289062,-0.0481878088705568,2.6717287590842784,-4.115474997262052,-3.698773220875804,-1.9180120959728424,1.3509512827540897,-0.0883603453086489,3.963389707733473,-0.4392206402056832,1.3047225995628682
67.0,56.0,129.88427734375,-0.0405112106129977,2.6816068655815952,-4.110058060083249,-3.678065855896365,-1.933809553813156,1.3435253003051413,-0.0932943951538266,3.968444031449751,-0.4464004641081328,1.302662934551044
67.0,56.0,129.88394165039062,-0.0412441978321716,2.676584903774696,-4.10959447095714,-3.6757770071383296,-1.921032452600921,1.346778364599989,-0.0972687031378169,3.956505425539243,-0.4461043247998545,1.3283352172514669
67.0,56.0,129.8840789794922,-0.0399716506154147,2.677419431310406,-4.11726599139904,-3.684384507883496,-1.918860605393184,1.330947833409936,-0.0933006328391763,3.9751795019723017,-0.4388342017825249,1.326215953767529
67.0,56.0,129.88417053222656,-0.0412632872511318,2.6888003627926222,-4.112845585476975,-3.686236370857622,-1.9131572263045933,1.3368231400263677,-0.0902809190461166,3.960032675281317,-0.4534326505826925,1.3219637553531465
67.0,56.0,129.8852996826172,-0.0390415859901292,2.684964124344922,-4.126708464333008,-3.664384480527461,-1.9250066907572856,1.337291735822271,-0.0903916736911087,3.950699722227693,-0.4659302633576181,1.3442629374563908
67.0,56.0,129.88502502441406,-0.0318500182736109,2.6782852278870104,-4.118180427888896,-3.669174364569512,-1.91846180905801,1.3395286803906503,-0.0838629915500787,3.975363638346771,-0.4409499974513418,1.2956695766102078
67.0,56.0,129.88516235351562,-0.0405521848384128,2.677557795301489,-4.125112556279944,-3.66957632243996,-1.9153451495762144,1.34202176706286,-0.1246808050243134,3.944148013937647,-0.4395517623946134,1.3174344376039202
67.0,56.0,129.88406372070312,-0.0420112517604875,2.679852173634206,-4.11715069259902,-3.6899305580431374,-1.9184696287213407,1.337849771421121,-0.0925829673007536,3.9724574318389294,-0.4362331809367505,1.326466179248151
67.0,56.0,129.88552856445312,-0.059977741067154,2.6801682030994374,-4.12322036909697,-3.667438580385225,-1.914417139537977,1.3155343296952362,-0.0966879218742781,3.9565260306619305,-0.460172764875933,1.3223014185279856
67.0,56.0,129.8853759765625,-0.038548026816117,2.673823955849852,-4.119687321173414,-3.691989950394929,-1.9188170888746727,1.36518869822755,-0.0937768652300361,3.9792296337969537,-0.4225373584426444,1.3331148399650468
67.0,57.0,129.8854522705078,-0.024913178451968,2.6860798871689724,-4.116955728203013,-3.6732630272646016,-1.9500856693940591,1.351441959202703,-0.0741397555146345,3.976496470107653,-0.4514977238147504,1.3207495542655825
67.0,57.0,129.88616943359375,-0.0464124259222417,2.679178713345221,-4.114566629988435,-3.681825676571208,-1.938335299847811,1.3494975446796629,-0.0667112244314621,3.9350914700535538,-0.4429166022882327,1.3075474525812276
67.0,57.0,129.88404846191406,-0.0426815269887688,2.677822406565206,-4.118998053659497,-3.6688371260669648,-1.920769641854196,1.3460455396765,-0.0933699055863165,3.9676552269235454,-0.4460175716777814,1.3148717870254156
67.0,57.0,129.88400268554688,-0.0407813229360429,2.6830856050701453,-4.111136486322199,-3.681840822836742,-1.934247218206404,1.3442911033788083,-0.0920010433474128,3.954913595597877,-0.4381493775488366,1.3200236493678534
67.0,57.0,129.8870086669922,-0.0524071159767854,2.6811994937765866,-4.087799080335758,-3.6520709485619895,-1.9607818472919607,1.3531048156070782,-0.109751790459481,3.962623171787527,-0.4359404272197459,1.3266735056666896
67.0,57.0,129.8855743408203,-0.0486051058095321,2.6909784523487787,-4.11598021782662,-3.670753174477799,-1.927727126836727,1.34387237176051,-0.0865616142927125,3.98808963527653,-0.4507076308339247,1.2944290105583196
67.0,57.0,129.884033203125,-0.0405395853238237,2.676308276682645,-4.117327906887575,-3.69017735583792,-1.9181288522331847,1.3420637962274733,-0.092594257790104,3.959406102133228,-0.4371775760276193,1.323869628067004
67.0,57.0,129.8839874267578,-0.0405395796690952,2.6870969510291287,-4.113039430959328,-3.675393395000136,-1.9180137718646624,1.3442650779214378,-0.0948273232538109,3.959043456931045,-0.4419401277743572,1.3128827660275837
67.0,57.0,129.88397216796875,-0.0415893759311344,2.6857213603522987,-4.124399095545603,-3.6760976280456408,-1.9179704832197404,1.345647889385874,-0.0959363805262899,3.971451101965148,-0.4428415566500623,1.3225320771065647
67.0,57.0,129.8849334716797,-0.0267065401499969,2.6724593275020703,-4.131762019955409,-3.668425928921337,-1.9242011651604,1.3445662910999483,-0.0916613077796092,3.9653609836914097,-0.4381425769253739,1.3002382280222198
67.0,57.0,129.8839111328125,-0.0431744847932229,2.6804049448786835,-4.113997905703685,-3.678025928898902,-1.918587934328002,1.3442837087261872,-0.0915748634988904,3.9599693917571206,-0.4438291848573276,1.3179374284068837
67.0,57.0,129.88418579101562,-0.0428880580778564,2.6749911889832334,-4.126416222118216,-3.679366960736286,-1.9236998600638984,1.3397467091116633,-0.0854130082202202,3.967559091838609,-0.4363274670002161,1.3176256242904203
67.0,57.0,129.88600158691406,-0.0365630246479893,2.712202195516876,-4.138789352553506,-3.682799737197863,-1.918318633506026,1.3524493599689975,-0.1045581165174854,3.957418321041093,-0.425432005274915,1.307641993603458
67.0,57.0,129.8852081298828,-0.0534826538258554,2.6760782522828266,-4.116709972111655,-3.660615864741091,-1.9165710134361345,1.337782525481897,-0.1021130774561518,3.9564565619502745,-0.4278719424259113,1.302141924843035
67.0,57.0,129.884521484375,-0.044100770829402,2.6769236127463154,-4.108516279048485,-3.683505272149688,-1.92448632189958,1.3354972233885145,-0.1004617138610992,3.941129450348186,-0.452657136857432,1.3167522468908943
67.0,57.0,129.88401794433594,-0.036178038040835,2.67885372793204,-4.120599099792893,-3.683618292997432,-1.9211237568392427,1.3281822321112622,-0.0927570555456235,3.9592801043152326,-0.4400528252196674,1.3242551498315736
67.0,57.0,129.88400268554688,-0.0496664992804439,2.6819764955150256,-4.12073492091873,-3.68551870473122,-1.9228552115044577,1.342555181722886,-0.0931533710570635,3.967836856689288,-0.4386852306136615,1.3258763672790657
67.0,57.0,129.8934783935547,-0.0252147992153897,2.7197877511413764,-4.152403990440039,-3.644335746072695,-1.9822597333621403,1.3670064405290567,-0.0965954652747087,3.974593545826564,-0.4109370127488936,1.3461207195282556
67.0,57.0,129.88442993164062,-0.0413839065645601,2.686047860550975,-4.107414565227406,-3.6875471377265048,-1.928288720291636,1.3296362104918091,-0.1018641919765701,3.967720732908687,-0.4281590707597042,1.3091046888616047
67.0,57.0,129.9106903076172,0.0176050220618106,2.792009957632491,-4.091106081352304,-3.762504027819141,-1.8725421620805431,1.3611358827501796,-0.1005684076648423,3.960549246441064,-0.4438573362344586,1.2882542187050376
67.0,57.0,129.88563537597656,-0.0405238339595288,2.678323292179743,-4.108713528966321,-3.675672072345193,-1.9154728425574747,1.3446674012550897,-0.0745917103015929,3.9579885833024138,-0.4112557429499706,1.316754177755868
67.0,57.0,129.88409423828125,-0.0302121193364378,2.679858215755836,-4.11462811702376,-3.681906891845305,-1.924328527574923,1.3424451314189738,-0.1153719881720307,3.958802431195156,-0.4411114771518474,1.3182435926482734
67.0,57.0,129.8848876953125,-0.0437697631180942,2.669700649404516,-4.126053407956642,-3.679079297339412,-1.932600543731425,1.3452512424501362,-0.0830972588513255,3.971769923363448,-0.4612146024181126,1.3091673370379815
67.0,57.0,129.88600158691406,-0.0401929403240308,2.690190823589159,-4.129236689000055,-3.672991488340878,-1.9253925926450983,1.3360639917223491,-0.0911855257152746,3.9312753505495865,-0.4329110177907579,1.3494488968566491
67.0,57.0,129.88401794433594,-0.0413251578049759,2.678272176324674,-4.1155441272727975,-3.675884832364793,-1.919230704986873,1.3467232805300011,-0.0933716094235431,3.9593359213854167,-0.444375732194954,1.3111949111978625
67.0,57.0,129.8839569091797,-0.040890621976328,2.6756631510291933,-4.113608982169149,-3.680343639164233,-1.9183039729006828,1.342371308622342,-0.095785902647652,3.96022968908865,-0.4388589265788222,1.3135103912101846
67.0,57.0,129.88394165039062,-0.0410262206066073,2.678191243810551,-4.114643144805708,-3.678013794199491,-1.919131696716006,1.3441200594635658,-0.0934769339566367,3.958823520246322,-0.4416859784194457,1.31349369208945
67.0,57.0,129.88528442382812,-0.0299266617866653,2.675782860175412,-4.12294055859656,-3.677524823072584,-1.8891098542105536,1.33749508485004,-0.0964280587556275,3.958427800886328,-0.4386514931980343,1.3229749305398468
67.0,57.0,129.8865509033203,-0.0388678981500059,2.6781468241740574,-4.10891664482,-3.691017111818585,-1.9227941397219068,1.368653711910444,-0.0583347270706955,3.959926304472135,-0.4341843313906094,1.3126744907629797
67.0,57.0,129.88406372070312,-0.0325308641974039,2.678915318512267,-4.115442665863222,-3.679964420962155,-1.9373790180208827,1.3465261279123593,-0.0920093520165532,3.9698998314043847,-0.4418564300016175,1.3320568915184046
67.0,57.0,129.8839569091797,-0.0403218257755202,2.675997186826068,-4.109141098102331,-3.674782566515967,-1.9231437963915323,1.3426482131058988,-0.1043090819311712,3.954213190955776,-0.4418978454792946,1.3215230201457135
67.0,57.0,129.8865966796875,-0.0329050341844034,2.6750907278848914,-4.133726768929593,-3.637972963840137,-1.9298180653521635,1.3636520730621793,-0.0977112499202529,3.957958938242328,-0.4311137841518704,1.3240589131302805
67.0,57.0,129.8862762451172,-0.0387333179164706,2.6616198145848,-4.110537545062251,-3.640739393783418,-1.9104676058315124,1.3424870641437487,-0.0904786703332354,3.977872148836832,-0.4517964761661189,1.3304164621445522
67.0,57.0,129.88455200195312,-0.0513779198147367,2.6858246736288,-4.11806574660557,-3.675623525446954,-1.9152879971890515,1.34321846138232,-0.0803428065049223,3.9660895256822575,-0.439705618482696,1.311393025045696
67.0,57.0,129.88414001464844,-0.0447665918815395,2.692038166788336,-4.114076423664156,-3.689054874503873,-1.916507759529112,1.339169104306315,-0.0921296766616064,3.965978638457711,-0.4361754255701797,1.3204820824584156
67.0,57.0,129.88458251953125,-0.0364039330315571,2.674829060283838,-4.10040307636466,-3.689491357017524,-1.9395787019956388,1.3399132059067331,-0.0944835896938814,3.953263881981096,-0.4498192971012038,1.3113628084484488
67.0,57.0,129.8841094970703,-0.0458984924902888,2.6728099440923594,-4.11698465004038,-3.681983490066469,-1.924028051047626,1.3471718699657929,-0.0929058314173638,3.963339578166135,-0.4369099191570006,1.312044930301858
67.0,57.0,129.88807678222656,-0.0537477380217831,2.684797254608073,-4.096292269013935,-3.6746649812411856,-1.9038130565917413,1.3025708603140906,-0.0968006955626353,3.993118451676682,-0.4556722626577526,1.2945216101237151
67.0,57.0,129.88470458984375,-0.0486457551822262,2.680300884871768,-4.118655766767558,-3.6693771492721297,-1.9152703764873813,1.3374279662170143,-0.0902811794127265,3.9678079584651536,-0.4484382628428427,1.2999408873283955
67.0,57.0,129.88479614257812,-0.0485398749335984,2.6832201220883696,-4.115498640159352,-3.660164039278646,-1.918830495751385,1.3629321063376594,-0.1040697967520999,3.961495906657723,-0.4411006381627977,1.318620113657823
67.0,57.0,129.88427734375,-0.0405112106129977,2.6816068655815952,-4.110058060083249,-3.678065855896365,-1.933809553813156,1.3435253003051413,-0.0932943951538266,3.968444031449751,-0.4464004641081328,1.302662934551044
67.0,57.0,129.88385009765625,-0.0415933899099518,2.6790959900161253,-4.114941316985028,-3.682244299733616,-1.9204551603930424,1.3430347350995642,-0.0949628815651704,3.957379008566277,-0.4397538383487215,1.3199184222147764
67.0,57.0,129.8839569091797,-0.0393346268683372,2.676588554012344,-4.116872030885374,-3.686454266303853,-1.9190993128024008,1.346732251401073,-0.0936120049844148,3.971334301936432,-0.4394058431589355,1.3209148962983983
67.0,57.0,129.88417053222656,-0.0412632872511318,2.6888003627926222,-4.112845585476975,-3.686236370857622,-1.9131572263045933,1.3368231400263677,-0.0902809190461166,3.960032675281317,-0.4534326505826925,1.3219637553531465
67.0,57.0,129.8852996826172,-0.0390415859901292,2.684964124344922,-4.126708464333008,-3.664384480527461,-1.9250066907572856,1.337291735822271,-0.0903916736911087,3.950699722227693,-0.4659302633576181,1.3442629374563908
67.0,57.0,129.8845977783203,-0.027215321025128,2.6747805523652444,-4.11155982200431,-3.669001967719615,-1.922572189071185,1.3440171464401829,-0.0959397810099799,3.947881586148946,-0.4418600799324132,1.3058264773036028
67.0,57.0,129.88516235351562,-0.0405521848384128,2.677557795301489,-4.125112556279944,-3.66957632243996,-1.9153451495762144,1.34202176706286,-0.1246808050243134,3.944148013937647,-0.4395517623946134,1.3174344376039202
67.0,57.0,129.88406372070312,-0.0420112517604875,2.679852173634206,-4.11715069259902,-3.6899305580431374,-1.9184696287213407,1.337849771421121,-0.0925829673007536,3.9724574318389294,-0.4362331809367505,1.326466179248151
67.0,57.0,129.88552856445312,-0.059977741067154,2.6801682030994374,-4.12322036909697,-3.667438580385225,-1.914417139537977,1.3155343296952362,-0.0966879218742781,3.9565260306619305,-0.460172764875933,1.3223014185279856
67.0,57.0,129.885009765625,-0.0408799450220309,2.67360092881526,-4.114782846569738,-3.6936690179334906,-1.9188092872637976,1.3581155447049478,-0.0934193527063568,3.9873414298502174,-0.4477433627435381,1.3125260563383223
67.0,58.0,129.8854522705078,-0.024913178451968,2.6860798871689724,-4.116955728203013,-3.6732630272646016,-1.9500856693940591,1.351441959202703,-0.0741397555146345,3.976496470107653,-0.4514977238147504,1.3207495542655825
67.0,58.0,129.8847198486328,-0.0481079021221482,2.6785612824661,-4.114450516409384,-3.6853234694643184,-1.9271273965709024,1.3390203028935344,-0.0815185172574783,3.947027384489564,-0.4288076738655976,1.3188433819458394
67.0,58.0,129.884033203125,-0.0418181158196475,2.675669675953748,-4.119415564439695,-3.666627663484774,-1.9220605401566968,1.340855556411377,-0.0946308635607452,3.958616559672385,-0.4428436342263648,1.3197695363271125
67.0,58.0,129.88400268554688,-0.0407813229360429,2.6830856050701453,-4.111136486322199,-3.681840822836742,-1.934247218206404,1.3442911033788083,-0.0920010433474128,3.954913595597877,-0.4381493775488366,1.3200236493678534
67.0,58.0,129.8870086669922,-0.0524071159767854,2.6811994937765866,-4.087799080335758,-3.6520709485619895,-1.9607818472919607,1.3531048156070782,-0.109751790459481,3.962623171787527,-0.4359404272197459,1.3266735056666896
67.0,58.0,129.8855743408203,-0.0486051058095321,2.6909784523487787,-4.11598021782662,-3.670753174477799,-1.927727126836727,1.34387237176051,-0.0865616142927125,3.98808963527653,-0.4507076308339247,1.2944290105583196
67.0,58.0,129.884033203125,-0.0405395853238237,2.676308276682645,-4.117327906887575,-3.69017735583792,-1.9181288522331847,1.3420637962274733,-0.092594257790104,3.959406102133228,-0.4371775760276193,1.323869628067004
67.0,58.0,129.88380432128906,-0.0390820067464913,2.6829506363431577,-4.113312611286857,-3.6814272599685927,-1.922039052328748,1.344336460807045,-0.095451965367625,3.957476153650929,-0.4415093061023265,1.3198627626288175
67.0,58.0,129.88397216796875,-0.0415893759311344,2.6857213603522987,-4.124399095545603,-3.6760976280456408,-1.9179704832197404,1.345647889385874,-0.0959363805262899,3.971451101965148,-0.4428415566500623,1.3225320771065647
67.0,58.0,129.8849334716797,-0.0267065401499969,2.6724593275020703,-4.131762019955409,-3.668425928921337,-1.9242011651604,1.3445662910999483,-0.0916613077796092,3.9653609836914097,-0.4381425769253739,1.3002382280222198
67.0,58.0,129.8839111328125,-0.0431744847932229,2.6804049448786835,-4.113997905703685,-3.678025928898902,-1.918587934328002,1.3442837087261872,-0.0915748634988904,3.9599693917571206,-0.4438291848573276,1.3179374284068837
67.0,58.0,129.88418579101562,-0.0428880580778564,2.6749911889832334,-4.126416222118216,-3.679366960736286,-1.9236998600638984,1.3397467091116633,-0.0854130082202202,3.967559091838609,-0.4363274670002161,1.3176256242904203
67.0,58.0,129.88600158691406,-0.0365630246479893,2.712202195516876,-4.138789352553506,-3.682799737197863,-1.918318633506026,1.3524493599689975,-0.1045581165174854,3.957418321041093,-0.425432005274915,1.307641993603458
67.0,58.0,129.88462829589844,-0.0408251128308437,2.6788824989066,-4.113518145152231,-3.6943580566158527,-1.9214795734079693,1.345142211763389,-0.0969869574888815,3.98482342888512,-0.4329417033832141,1.3120816348728332
67.0,58.0,129.88389587402344,-0.03897748045897,2.6785490756808623,-4.112281699474301,-3.671118933464244,-1.9230905043076507,1.3388574428350553,-0.1006935893739733,3.963587514785338,-0.4530668603714282,1.321596103080331
67.0,58.0,129.88401794433594,-0.036178038040835,2.67885372793204,-4.120599099792893,-3.683618292997432,-1.9211237568392427,1.3281822321112622,-0.0927570555456235,3.9592801043152326,-0.4400528252196674,1.3242551498315736
67.0,58.0,129.88400268554688,-0.0496664992804439,2.6819764955150256,-4.12073492091873,-3.68551870473122,-1.9228552115044577,1.342555181722886,-0.0931533710570635,3.967836856689288,-0.4386852306136615,1.3258763672790657
67.0,58.0,129.8934783935547,-0.0252147992153897,2.7197877511413764,-4.152403990440039,-3.644335746072695,-1.9822597333621403,1.3670064405290567,-0.0965954652747087,3.974593545826564,-0.4109370127488936,1.3461207195282556
67.0,58.0,129.88442993164062,-0.0413839065645601,2.686047860550975,-4.107414565227406,-3.6875471377265048,-1.928288720291636,1.3296362104918091,-0.1018641919765701,3.967720732908687,-0.4281590707597042,1.3091046888616047
67.0,58.0,129.9106903076172,0.0176050220618106,2.792009957632491,-4.091106081352304,-3.762504027819141,-1.8725421620805431,1.3611358827501796,-0.1005684076648423,3.960549246441064,-0.4438573362344586,1.2882542187050376
67.0,58.0,129.8849334716797,-0.0412030673033178,2.684018414219401,-4.109614938319381,-3.679576952038732,-1.9178137010027136,1.3406602002323107,-0.066953403384311,3.954649461098525,-0.4433504480091268,1.3230353650995956
67.0,58.0,129.88388061523438,-0.0400984545281024,2.6789255210840235,-4.1150306099319565,-3.682068819270068,-1.9238190860191648,1.3411365108376472,-0.0919740475580165,3.956850656504607,-0.437616944479771,1.3259981230989244
67.0,58.0,129.8848876953125,-0.0437697631180942,2.669700649404516,-4.126053407956642,-3.679079297339412,-1.932600543731425,1.3452512424501362,-0.0830972588513255,3.971769923363448,-0.4612146024181126,1.3091673370379815
67.0,58.0,129.88507080078125,-0.0413026951470191,2.6828481905023787,-4.129364578757869,-3.701234365395552,-1.9290556964432124,1.335278683724516,-0.1136512869044065,3.948745287791935,-0.4379182078313537,1.3103149357594055
67.0,58.0,129.88385009765625,-0.0415778355193593,2.677926274663263,-4.115241390952368,-3.6825718724381753,-1.9204515206811543,1.340321731788361,-0.096713204499563,3.957160815208317,-0.4442067539445652,1.3181606254039842
67.0,58.0,129.88392639160156,-0.0407962435159529,2.68061672700674,-4.120301805237406,-3.682765206201906,-1.920790419857917,1.3416415841396576,-0.0965364062206854,3.958536793721904,-0.4378477321798267,1.3146196271854702
67.0,58.0,129.88394165039062,-0.0410262206066073,2.678191243810551,-4.114643144805708,-3.678013794199491,-1.919131696716006,1.3441200594635658,-0.0934769339566367,3.958823520246322,-0.4416859784194457,1.31349369208945
67.0,58.0,129.88528442382812,-0.0299266617866653,2.675782860175412,-4.12294055859656,-3.677524823072584,-1.8891098542105536,1.33749508485004,-0.0964280587556275,3.958427800886328,-0.4386514931980343,1.3229749305398468
67.0,58.0,129.8865509033203,-0.0388678981500059,2.6781468241740574,-4.10891664482,-3.691017111818585,-1.9227941397219068,1.368653711910444,-0.0583347270706955,3.959926304472135,-0.4341843313906094,1.3126744907629797
67.0,58.0,129.8839874267578,-0.0312329481841985,2.67910175654247,-4.114260526636884,-3.6858027343017032,-1.9224654340320029,1.3440012738825922,-0.0939705536663873,3.9522381411842655,-0.4408776289662031,1.321649780259969
67.0,58.0,129.8839569091797,-0.0403218257755202,2.675997186826068,-4.109141098102331,-3.674782566515967,-1.9231437963915323,1.3426482131058988,-0.1043090819311712,3.954213190955776,-0.4418978454792946,1.3215230201457135
67.0,58.0,129.8865966796875,-0.0329050341844034,2.6750907278848914,-4.133726768929593,-3.637972963840137,-1.9298180653521635,1.3636520730621793,-0.0977112499202529,3.957958938242328,-0.4311137841518704,1.3240589131302805
67.0,58.0,129.8862762451172,-0.0387333179164706,2.6616198145848,-4.110537545062251,-3.640739393783418,-1.9104676058315124,1.3424870641437487,-0.0904786703332354,3.977872148836832,-0.4517964761661189,1.3304164621445522
67.0,58.0,129.88455200195312,-0.0513779198147367,2.6858246736288,-4.11806574660557,-3.675623525446954,-1.9152879971890515,1.34321846138232,-0.0803428065049223,3.9660895256822575,-0.439705618482696,1.311393025045696
67.0,58.0,129.88414001464844,-0.0447665918815395,2.692038166788336,-4.114076423664156,-3.689054874503873,-1.916507759529112,1.339169104306315,-0.0921296766616064,3.965978638457711,-0.4361754255701797,1.3204820824584156
67.0,58.0,129.88458251953125,-0.0364039330315571,2.674829060283838,-4.10040307636466,-3.689491357017524,-1.9395787019956388,1.3399132059067331,-0.0944835896938814,3.953263881981096,-0.4498192971012038,1.3113628084484488
67.0,58.0,129.88388061523438,-0.0378107089821002,2.681909770888872,-4.113400047715115,-3.688687093268667,-1.9246021873645136,1.34573448286872,-0.0965851133045442,3.9570354021391023,-0.4412481147965651,1.326002721198902
67.0,58.0,129.88807678222656,-0.0537477380217831,2.684797254608073,-4.096292269013935,-3.6746649812411856,-1.9038130565917413,1.3025708603140906,-0.0968006955626353,3.993118451676682,-0.4556722626577526,1.2945216101237151
67.0,58.0,129.88470458984375,-0.0486457551822262,2.680300884871768,-4.118655766767558,-3.6693771492721297,-1.9152703764873813,1.3374279662170143,-0.0902811794127265,3.9678079584651536,-0.4484382628428427,1.2999408873283955
67.0,58.0,129.88479614257812,-0.0485398749335984,2.6832201220883696,-4.115498640159352,-3.660164039278646,-1.918830495751385,1.3629321063376594,-0.1040697967520999,3.961495906657723,-0.4411006381627977,1.318620113657823
67.0,58.0,129.88392639160156,-0.0410506515401883,2.683986439641695,-4.12093249502446,-3.6851099043674,-1.91532627342868,1.3428481209652288,-0.0941051289568342,3.960361798837316,-0.4453727496080523,1.32211306331444
67.0,58.0,129.88385009765625,-0.0415933899099518,2.6790959900161253,-4.114941316985028,-3.682244299733616,-1.9204551603930424,1.3430347350995642,-0.0949628815651704,3.957379008566277,-0.4397538383487215,1.3199184222147764
67.0,58.0,129.8839569091797,-0.0393346268683372,2.676588554012344,-4.116872030885374,-3.686454266303853,-1.9190993128024008,1.346732251401073,-0.0936120049844148,3.971334301936432,-0.4394058431589355,1.3209148962983983
67.0,58.0,129.88417053222656,-0.0412632872511318,2.6888003627926222,-4.112845585476975,-3.686236370857622,-1.9131572263045933,1.3368231400263677,-0.0902809190461166,3.960032675281317,-0.4534326505826925,1.3219637553531465
67.0,58.0,129.8852996826172,-0.0390415859901292,2.684964124344922,-4.126708464333008,-3.664384480527461,-1.9250066907572856,1.337291735822271,-0.0903916736911087,3.950699722227693,-0.4659302633576181,1.3442629374563908
67.0,58.0,129.8845977783203,-0.027215321025128,2.6747805523652444,-4.11155982200431,-3.669001967719615,-1.922572189071185,1.3440171464401829,-0.0959397810099799,3.947881586148946,-0.4418600799324132,1.3058264773036028
67.0,58.0,129.88516235351562,-0.0405521848384128,2.677557795301489,-4.125112556279944,-3.66957632243996,-1.9153451495762144,1.34202176706286,-0.1246808050243134,3.944148013937647,-0.4395517623946134,1.3174344376039202
67.0,58.0,129.88406372070312,-0.0420112517604875,2.679852173634206,-4.11715069259902,-3.6899305580431374,-1.9184696287213407,1.337849771421121,-0.0925829673007536,3.9724574318389294,-0.4362331809367505,1.326466179248151
67.0,58.0,129.88429260253906,-0.0482145806688397,2.6729206614445205,-4.1250660213341055,-3.687265155475514,-1.9218393178293467,1.347609189328682,-0.0944613335910695,3.975588128160324,-0.4488590868878588,1.3249239328739737
67.0,58.0,129.885009765625,-0.0408799450220309,2.67360092881526,-4.114782846569738,-3.6936690179334906,-1.9188092872637976,1.3581155447049478,-0.0934193527063568,3.9873414298502174,-0.4477433627435381,1.3125260563383223
67.0,59.0,129.8854522705078,-0.024913178451968,2.6860798871689724,-4.116955728203013,-3.6732630272646016,-1.9500856693940591,1.351441959202703,-0.0741397555146345,3.976496470107653,-0.4514977238147504,1.3207495542655825
67.0,59.0,129.8844757080078,-0.0341736104172124,2.688322269071989,-4.113051030140256,-3.6825642817596,-1.9130225666758391,1.341367798203841,-0.1182110115847044,3.9518472690269033,-0.438658195881728,1.3248044620950938
67.0,59.0,129.884033203125,-0.0418181158196475,2.675669675953748,-4.119415564439695,-3.666627663484774,-1.9220605401566968,1.340855556411377,-0.0946308635607452,3.958616559672385,-0.4428436342263648,1.3197695363271125
67.0,59.0,129.88400268554688,-0.0407813229360429,2.6830856050701453,-4.111136486322199,-3.681840822836742,-1.934247218206404,1.3442911033788083,-0.0920010433474128,3.954913595597877,-0.4381493775488366,1.3200236493678534
67.0,59.0,129.8870086669922,-0.0524071159767854,2.6811994937765866,-4.087799080335758,-3.6520709485619895,-1.9607818472919607,1.3531048156070782,-0.109751790459481,3.962623171787527,-0.4359404272197459,1.3266735056666896
67.0,59.0,129.8855743408203,-0.0486051058095321,2.6909784523487787,-4.11598021782662,-3.670753174477799,-1.927727126836727,1.34387237176051,-0.0865616142927125,3.98808963527653,-0.4507076308339247,1.2944290105583196
67.0,59.0,129.884033203125,-0.0405395853238237,2.676308276682645,-4.117327906887575,-3.69017735583792,-1.9181288522331847,1.3420637962274733,-0.092594257790104,3.959406102133228,-0.4371775760276193,1.323869628067004
67.0,59.0,129.88380432128906,-0.0390820067464913,2.6829506363431577,-4.113312611286857,-3.6814272599685927,-1.922039052328748,1.344336460807045,-0.095451965367625,3.957476153650929,-0.4415093061023265,1.3198627626288175
67.0,59.0,129.88397216796875,-0.0415893759311344,2.6857213603522987,-4.124399095545603,-3.6760976280456408,-1.9179704832197404,1.345647889385874,-0.0959363805262899,3.971451101965148,-0.4428415566500623,1.3225320771065647
67.0,59.0,129.8845977783203,-0.0310328881103907,2.686319064615776,-4.11120206226134,-3.6978102842196585,-1.922331661832058,1.3444719185994531,-0.0907365393917445,3.947731943214133,-0.4412601542778414,1.312480173534308
67.0,59.0,129.88388061523438,-0.0372166018844072,2.680356441467881,-4.11054049618348,-3.679694807764295,-1.9219014318576544,1.3483526954548457,-0.0961271124936716,3.960481150190726,-0.4387077359651022,1.3171698980326525
67.0,59.0,129.88418579101562,-0.0428880580778564,2.6749911889832334,-4.126416222118216,-3.679366960736286,-1.9236998600638984,1.3397467091116633,-0.0854130082202202,3.967559091838609,-0.4363274670002161,1.3176256242904203
67.0,59.0,129.88600158691406,-0.0365630246479893,2.712202195516876,-4.138789352553506,-3.682799737197863,-1.918318633506026,1.3524493599689975,-0.1045581165174854,3.957418321041093,-0.425432005274915,1.307641993603458
67.0,59.0,129.8845977783203,-0.0375783999307031,2.6792014117958263,-4.111725362163815,-3.675381569738895,-1.923677289323809,1.3456071948323345,-0.094841094619022,3.990732275555575,-0.4325252766777328,1.324361102928103
67.0,59.0,129.88389587402344,-0.03897748045897,2.6785490756808623,-4.112281699474301,-3.671118933464244,-1.9230905043076507,1.3388574428350553,-0.1006935893739733,3.963587514785338,-0.4530668603714282,1.321596103080331
67.0,59.0,129.88401794433594,-0.036178038040835,2.67885372793204,-4.120599099792893,-3.683618292997432,-1.9211237568392427,1.3281822321112622,-0.0927570555456235,3.9592801043152326,-0.4400528252196674,1.3242551498315736
67.0,59.0,129.88400268554688,-0.0496664992804439,2.6819764955150256,-4.12073492091873,-3.68551870473122,-1.9228552115044577,1.342555181722886,-0.0931533710570635,3.967836856689288,-0.4386852306136615,1.3258763672790657
67.0,59.0,129.88954162597656,-0.0251497234326027,2.698330909747418,-4.134181552927956,-3.66664734340179,-1.913949305592044,1.2813397913998816,-0.0991963795909783,3.9926391809056807,-0.4509689030338057,1.3427721921221436
67.0,59.0,129.88442993164062,-0.0413839065645601,2.686047860550975,-4.107414565227406,-3.6875471377265048,-1.928288720291636,1.3296362104918091,-0.1018641919765701,3.967720732908687,-0.4281590707597042,1.3091046888616047
67.0,59.0,129.9106903076172,0.0176050220618106,2.792009957632491,-4.091106081352304,-3.762504027819141,-1.8725421620805431,1.3611358827501796,-0.1005684076648423,3.960549246441064,-0.4438573362344586,1.2882542187050376
67.0,59.0,129.88394165039062,-0.0384734732664057,2.685415774813208,-4.1120481321375,-3.6815296983412686,-1.9234999201784635,1.3441027459528057,-0.0962796624206054,3.9542111144202594,-0.452772595250636,1.3243043796953795
67.0,59.0,129.88388061523438,-0.0400984545281024,2.6789255210840235,-4.1150306099319565,-3.682068819270068,-1.9238190860191648,1.3411365108376472,-0.0919740475580165,3.956850656504607,-0.437616944479771,1.3259981230989244
67.0,59.0,129.8848876953125,-0.0437697631180942,2.669700649404516,-4.126053407956642,-3.679079297339412,-1.932600543731425,1.3452512424501362,-0.0830972588513255,3.971769923363448,-0.4612146024181126,1.3091673370379815
67.0,59.0,129.88507080078125,-0.0413026951470191,2.6828481905023787,-4.129364578757869,-3.701234365395552,-1.9290556964432124,1.335278683724516,-0.1136512869044065,3.948745287791935,-0.4379182078313537,1.3103149357594055
67.0,59.0,129.88380432128906,-0.0398560919905756,2.6857062689248385,-4.11427721248312,-3.682987786718519,-1.9243438375387605,1.341935804982611,-0.0968393982087765,3.9567248322548862,-0.4400813241432407,1.3242084398236391
67.0,59.0,129.8839111328125,-0.0381279141682729,2.68500699809969,-4.122194711523274,-3.6831990795037153,-1.922551946101858,1.3472490666017038,-0.0951813936846855,3.956133164414344,-0.4451770015843748,1.3262027449844953
67.0,59.0,129.88394165039062,-0.0410262206066073,2.678191243810551,-4.114643144805708,-3.678013794199491,-1.919131696716006,1.3441200594635658,-0.0934769339566367,3.958823520246322,-0.4416859784194457,1.31349369208945
67.0,59.0,129.88528442382812,-0.0299266617866653,2.675782860175412,-4.12294055859656,-3.677524823072584,-1.8891098542105536,1.33749508485004,-0.0964280587556275,3.958427800886328,-0.4386514931980343,1.3229749305398468
67.0,59.0,129.8865509033203,-0.0388678981500059,2.6781468241740574,-4.10891664482,-3.691017111818585,-1.9227941397219068,1.368653711910444,-0.0583347270706955,3.959926304472135,-0.4341843313906094,1.3126744907629797
67.0,59.0,129.8839111328125,-0.0370893074444511,2.680742661780816,-4.111745916097369,-3.68243356490928,-1.929776544740219,1.34354427835341,-0.0945526069655484,3.953048715731305,-0.4408082806776431,1.319909816139186
67.0,59.0,129.8838348388672,-0.0419942599936633,2.6805456169811896,-4.113008792981815,-3.682029250756467,-1.921135752361283,1.3449904391041037,-0.0955432171101694,3.958497574931031,-0.4414433000289941,1.32089426657497
67.0,59.0,129.8865966796875,-0.0329050341844034,2.6750907278848914,-4.133726768929593,-3.637972963840137,-1.9298180653521635,1.3636520730621793,-0.0977112499202529,3.957958938242328,-0.4311137841518704,1.3240589131302805
67.0,59.0,129.8862762451172,-0.0387333179164706,2.6616198145848,-4.110537545062251,-3.640739393783418,-1.9104676058315124,1.3424870641437487,-0.0904786703332354,3.977872148836832,-0.4517964761661189,1.3304164621445522
67.0,59.0,129.88455200195312,-0.0513779198147367,2.6858246736288,-4.11806574660557,-3.675623525446954,-1.9152879971890515,1.34321846138232,-0.0803428065049223,3.9660895256822575,-0.439705618482696,1.311393025045696
67.0,59.0,129.88414001464844,-0.0447665918815395,2.692038166788336,-4.114076423664156,-3.689054874503873,-1.916507759529112,1.339169104306315,-0.0921296766616064,3.965978638457711,-0.4361754255701797,1.3204820824584156
67.0,59.0,129.88458251953125,-0.0364039330315571,2.674829060283838,-4.10040307636466,-3.689491357017524,-1.9395787019956388,1.3399132059067331,-0.0944835896938814,3.953263881981096,-0.4498192971012038,1.3113628084484488
67.0,59.0,129.88388061523438,-0.0378107089821002,2.681909770888872,-4.113400047715115,-3.688687093268667,-1.9246021873645136,1.34573448286872,-0.0965851133045442,3.9570354021391023,-0.4412481147965651,1.326002721198902
67.0,59.0,129.88807678222656,-0.0537477380217831,2.684797254608073,-4.096292269013935,-3.6746649812411856,-1.9038130565917413,1.3025708603140906,-0.0968006955626353,3.993118451676682,-0.4556722626577526,1.2945216101237151
67.0,59.0,129.88470458984375,-0.0486457551822262,2.680300884871768,-4.118655766767558,-3.6693771492721297,-1.9152703764873813,1.3374279662170143,-0.0902811794127265,3.9678079584651536,-0.4484382628428427,1.2999408873283955
67.0,59.0,129.88458251953125,-0.0392580419148616,2.6674806392605257,-4.112450915694265,-3.6866089768881833,-1.9189137905615667,1.319980822606903,-0.1044777125073129,3.965595671236596,-0.4422332059927006,1.313635190710342
67.0,59.0,129.88389587402344,-0.0373903084895896,2.684669300023078,-4.122073079727304,-3.685072110095797,-1.9245363443114225,1.3438171224604372,-0.0955088491211109,3.959289174440864,-0.4394068145051262,1.3304047256037994
67.0,59.0,129.88381958007812,-0.0382454662000748,2.6843102987638594,-4.112180475349911,-3.683203675526845,-1.9230956825802463,1.3451952358881198,-0.0951252216612652,3.956917968961193,-0.4421143219246207,1.3219572442552838
67.0,59.0,129.88388061523438,-0.0382476938653135,2.681285356143959,-4.1163079264634055,-3.677145446569337,-1.920002876537123,1.347575025368244,-0.0939989984745772,3.971461496303671,-0.4405196449295776,1.3211173218337755
67.0,59.0,129.88394165039062,-0.0369300551252057,2.684839753141373,-4.114476933396635,-3.6837034664166017,-1.921080837915912,1.3494654169326827,-0.0963698626836915,3.960037274466395,-0.4410023739626248,1.3327384697805005
67.0,59.0,129.8852996826172,-0.0390415859901292,2.684964124344922,-4.126708464333008,-3.664384480527461,-1.9250066907572856,1.337291735822271,-0.0903916736911087,3.950699722227693,-0.4659302633576181,1.3442629374563908
67.0,59.0,129.8842315673828,-0.030287837058546,2.6829356656210392,-4.11209320227437,-3.670066738488455,-1.9216742418654,1.343692341536727,-0.091716680679274,3.9512063796606633,-0.4468142692587226,1.3122151828322317
67.0,59.0,129.88516235351562,-0.0405521848384128,2.677557795301489,-4.125112556279944,-3.66957632243996,-1.9153451495762144,1.34202176706286,-0.1246808050243134,3.944148013937647,-0.4395517623946134,1.3174344376039202
67.0,59.0,129.88406372070312,-0.0420112517604875,2.679852173634206,-4.11715069259902,-3.6899305580431374,-1.9184696287213407,1.337849771421121,-0.0925829673007536,3.9724574318389294,-0.4362331809367505,1.326466179248151
67.0,59.0,129.88429260253906,-0.0482145806688397,2.6729206614445205,-4.1250660213341055,-3.687265155475514,-1.9218393178293467,1.347609189328682,-0.0944613335910695,3.975588128160324,-0.4488590868878588,1.3249239328739737
67.0,59.0,129.885009765625,-0.0408799450220309,2.67360092881526,-4.114782846569738,-3.6936690179334906,-1.9188092872637976,1.3581155447049478,-0.0934193527063568,3.9873414298502174,-0.4477433627435381,1.3125260563383223
67.0,60.0,129.8854522705078,-0.024913178451968,2.6860798871689724,-4.116955728203013,-3.6732630272646016,-1.9500856693940591,1.351441959202703,-0.0741397555146345,3.976496470107653,-0.4514977238147504,1.3207495542655825
67.0,60.0,129.88409423828125,-0.032704687147191,2.6862785207229374,-4.11267084110943,-3.6795665475367727,-1.910810249740088,1.3482579694720456,-0.0928123533174247,3.9663869817002415,-0.4473366646545826,1.3199450312059178
67.0,60.0,129.88392639160156,-0.0376583769733126,2.6825291293155766,-4.113559944369962,-3.6685473717269903,-1.922377660404507,1.3445455514481257,-0.0942590294997018,3.9589740034794025,-0.4410219906100504,1.318864069642723
67.0,60.0,129.88400268554688,-0.0407813229360429,2.6830856050701453,-4.111136486322199,-3.681840822836742,-1.934247218206404,1.3442911033788083,-0.0920010433474128,3.954913595597877,-0.4381493775488366,1.3200236493678534
67.0,60.0,129.8870086669922,-0.0524071159767854,2.6811994937765866,-4.087799080335758,-3.6520709485619895,-1.9607818472919607,1.3531048156070782,-0.109751790459481,3.962623171787527,-0.4359404272197459,1.3266735056666896
67.0,60.0,129.8855743408203,-0.0486051058095321,2.6909784523487787,-4.11598021782662,-3.670753174477799,-1.927727126836727,1.34387237176051,-0.0865616142927125,3.98808963527653,-0.4507076308339247,1.2944290105583196
67.0,60.0,129.884033203125,-0.0405395853238237,2.676308276682645,-4.117327906887575,-3.69017735583792,-1.9181288522331847,1.3420637962274733,-0.092594257790104,3.959406102133228,-0.4371775760276193,1.323869628067004
67.0,60.0,129.88380432128906,-0.0390820067464913,2.6829506363431577,-4.113312611286857,-3.6814272599685927,-1.922039052328748,1.344336460807045,-0.095451965367625,3.957476153650929,-0.4415093061023265,1.3198627626288175
67.0,60.0,129.88397216796875,-0.0415893759311344,2.6857213603522987,-4.124399095545603,-3.6760976280456408,-1.9179704832197404,1.345647889385874,-0.0959363805262899,3.971451101965148,-0.4428415566500623,1.3225320771065647
67.0,60.0,129.8842010498047,-0.0388528650600072,2.686345856441049,-4.1189808686375535,-3.6986673300710473,-1.9219076180853911,1.3443725201188956,-0.0925644464150692,3.9581670065142665,-0.4421996159507464,1.3254303743942708
67.0,60.0,129.88388061523438,-0.0372166018844072,2.680356441467881,-4.11054049618348,-3.679694807764295,-1.9219014318576544,1.3483526954548457,-0.0961271124936716,3.960481150190726,-0.4387077359651022,1.3171698980326525
67.0,60.0,129.88417053222656,-0.0383668266416372,2.6712595151774496,-4.111983930823687,-3.678935437785848,-1.919489807150043,1.341737587767278,-0.085927326475261,3.9677693626174113,-0.4399430649019786,1.3129496860877523
67.0,60.0,129.88600158691406,-0.0365630246479893,2.712202195516876,-4.138789352553506,-3.682799737197863,-1.918318633506026,1.3524493599689975,-0.1045581165174854,3.957418321041093,-0.425432005274915,1.307641993603458
67.0,60.0,129.8845977783203,-0.0375783999307031,2.6792014117958263,-4.111725362163815,-3.675381569738895,-1.923677289323809,1.3456071948323345,-0.094841094619022,3.990732275555575,-0.4325252766777328,1.324361102928103
67.0,60.0,129.88389587402344,-0.03897748045897,2.6785490756808623,-4.112281699474301,-3.671118933464244,-1.9230905043076507,1.3388574428350553,-0.1006935893739733,3.963587514785338,-0.4530668603714282,1.321596103080331
67.0,60.0,129.88388061523438,-0.0440527533323718,2.678868341695817,-4.112580809492895,-3.6793028008406408,-1.9176078973063264,1.3363491355784116,-0.0949234592082656,3.966047073901724,-0.4420179187303056,1.3267064697296849
67.0,60.0,129.8839111328125,-0.0432184672200846,2.681960090546523,-4.119821844795243,-3.6817218507467033,-1.923106922440721,1.344228697678921,-0.0935054161825588,3.972632004184786,-0.4400244466929659,1.3281238419435308
67.0,60.0,129.88954162597656,-0.0251497234326027,2.698330909747418,-4.134181552927956,-3.66664734340179,-1.913949305592044,1.2813397913998816,-0.0991963795909783,3.9926391809056807,-0.4509689030338057,1.3427721921221436
67.0,60.0,129.88442993164062,-0.0413839065645601,2.686047860550975,-4.107414565227406,-3.6875471377265048,-1.928288720291636,1.3296362104918091,-0.1018641919765701,3.967720732908687,-0.4281590707597042,1.3091046888616047
67.0,60.0,129.9106903076172,0.0176050220618106,2.792009957632491,-4.091106081352304,-3.762504027819141,-1.8725421620805431,1.3611358827501796,-0.1005684076648423,3.960549246441064,-0.4438573362344586,1.2882542187050376
67.0,60.0,129.8838348388672,-0.0374414885717939,2.680170185842652,-4.115548300207152,-3.682187518506655,-1.9245178921883588,1.345799096091281,-0.1072921943734118,3.958486915957788,-0.4438881332170697,1.3220197455046157
67.0,60.0,129.88388061523438,-0.0400984545281024,2.6789255210840235,-4.1150306099319565,-3.682068819270068,-1.9238190860191648,1.3411365108376472,-0.0919740475580165,3.956850656504607,-0.437616944479771,1.3259981230989244
67.0,60.0,129.8848876953125,-0.0437697631180942,2.669700649404516,-4.126053407956642,-3.679079297339412,-1.932600543731425,1.3452512424501362,-0.0830972588513255,3.971769923363448,-0.4612146024181126,1.3091673370379815
67.0,60.0,129.88467407226562,-0.0353011863866396,2.683478480166205,-4.119093469167547,-3.678355747698541,-1.9283362773775656,1.3473334928963137,-0.0878030808691207,3.952534894995095,-0.4382008600593347,1.3476584226341288
67.0,60.0,129.88380432128906,-0.0398560919905756,2.6857062689248385,-4.11427721248312,-3.682987786718519,-1.9243438375387605,1.341935804982611,-0.0968393982087765,3.9567248322548862,-0.4400813241432407,1.3242084398236391
67.0,60.0,129.88389587402344,-0.0384431249388109,2.686472608170629,-4.114726861688569,-3.6815498152395287,-1.9232194873739168,1.3460586864239867,-0.0946517463460352,3.955254336306583,-0.4455203380134417,1.3291597290392871
67.0,60.0,129.88394165039062,-0.0410262206066073,2.678191243810551,-4.114643144805708,-3.678013794199491,-1.919131696716006,1.3441200594635658,-0.0934769339566367,3.958823520246322,-0.4416859784194457,1.31349369208945
67.0,60.0,129.88528442382812,-0.0299266617866653,2.675782860175412,-4.12294055859656,-3.677524823072584,-1.8891098542105536,1.33749508485004,-0.0964280587556275,3.958427800886328,-0.4386514931980343,1.3229749305398468
67.0,60.0,129.8865509033203,-0.0388678981500059,2.6781468241740574,-4.10891664482,-3.691017111818585,-1.9227941397219068,1.368653711910444,-0.0583347270706955,3.959926304472135,-0.4341843313906094,1.3126744907629797
67.0,60.0,129.8839111328125,-0.0370893074444511,2.680742661780816,-4.111745916097369,-3.68243356490928,-1.929776544740219,1.34354427835341,-0.0945526069655484,3.953048715731305,-0.4408082806776431,1.319909816139186
67.0,60.0,129.8838348388672,-0.0419942599936633,2.6805456169811896,-4.113008792981815,-3.682029250756467,-1.921135752361283,1.3449904391041037,-0.0955432171101694,3.958497574931031,-0.4414433000289941,1.32089426657497
67.0,60.0,129.8865966796875,-0.0329050341844034,2.6750907278848914,-4.133726768929593,-3.637972963840137,-1.9298180653521635,1.3636520730621793,-0.0977112499202529,3.957958938242328,-0.4311137841518704,1.3240589131302805
67.0,60.0,129.8862762451172,-0.0387333179164706,2.6616198145848,-4.110537545062251,-3.640739393783418,-1.9104676058315124,1.3424870641437487,-0.0904786703332354,3.977872148836832,-0.4517964761661189,1.3304164621445522
67.0,60.0,129.88427734375,-0.0466237205993196,2.687359955099665,-4.113776151981975,-3.672195102530319,-1.9181162363144493,1.3429628356929746,-0.1019057168513381,3.949049857489209,-0.4385471062128794,1.331678413171854
67.0,60.0,129.8841094970703,-0.0380926835157288,2.6945998586273103,-4.112205418687891,-3.6892301274579,-1.92303156198868,1.3366634115025904,-0.0936446716863422,3.967621877300229,-0.4360032852013305,1.3174478622295995
67.0,60.0,129.88453674316406,-0.032199913241572,2.6863696057210693,-4.1377097888506045,-3.6812110112629406,-1.925009018857038,1.346228050467223,-0.0982079936733931,3.948765495160442,-0.4405962658645451,1.3242940524795217
67.0,60.0,129.88388061523438,-0.0378107089821002,2.681909770888872,-4.113400047715115,-3.688687093268667,-1.9246021873645136,1.34573448286872,-0.0965851133045442,3.9570354021391023,-0.4412481147965651,1.326002721198902
67.0,60.0,129.8854522705078,-0.0340667256988074,2.684609962050199,-4.116996113955699,-3.687001359204895,-1.9196122694344675,1.3069894405223843,-0.0999936518402858,3.959802390577792,-0.4613493914750876,1.3101724478151149
67.0,60.0,129.88470458984375,-0.0486457551822262,2.680300884871768,-4.118655766767558,-3.6693771492721297,-1.9152703764873813,1.3374279662170143,-0.0902811794127265,3.9678079584651536,-0.4484382628428427,1.2999408873283955
67.0,60.0,129.88430786132812,-0.0371436950188735,2.6737863501537715,-4.112931096775459,-3.686979383451992,-1.9251729818997312,1.324174626562307,-0.0866935687267496,3.964652192736124,-0.4411360802782592,1.31589359276765
67.0,60.0,129.8838348388672,-0.0364038373574963,2.6817136513608504,-4.109876684757952,-3.683083038868259,-1.924122901084044,1.3448427194587125,-0.0959550592206595,3.958430472541916,-0.4413622888687705,1.3180952995455648
67.0,60.0,129.88381958007812,-0.0382454662000748,2.6843102987638594,-4.112180475349911,-3.683203675526845,-1.9230956825802463,1.3451952358881198,-0.0951252216612652,3.956917968961193,-0.4421143219246207,1.3219572442552838
67.0,60.0,129.88388061523438,-0.0382476938653135,2.681285356143959,-4.1163079264634055,-3.677145446569337,-1.920002876537123,1.347575025368244,-0.0939989984745772,3.971461496303671,-0.4405196449295776,1.3211173218337755
67.0,60.0,129.88394165039062,-0.0369300551252057,2.684839753141373,-4.114476933396635,-3.6837034664166017,-1.921080837915912,1.3494654169326827,-0.0963698626836915,3.960037274466395,-0.4410023739626248,1.3327384697805005
67.0,60.0,129.88494873046875,-0.0433080052889707,2.6834837987723,-4.124836729285834,-3.673272001680509,-1.921293879330264,1.345739565449243,-0.0951301146831069,3.959669036683891,-0.4685549213121863,1.3036899430939624
67.0,60.0,129.88381958007812,-0.0444785286817329,2.683658380404718,-4.114532404269216,-3.684112816343289,-1.9217662033923777,1.3430964217731771,-0.0970247409641597,3.963629296413504,-0.4429246527038248,1.318052860999135
67.0,60.0,129.88504028320312,-0.0387875397003064,2.680859934432682,-4.1308328785874,-3.675080094186634,-1.930163679577645,1.34625187645593,-0.0694904789595946,3.9536663673034096,-0.4414879232660887,1.3173831263420712
67.0,60.0,129.88406372070312,-0.0420112517604875,2.679852173634206,-4.11715069259902,-3.6899305580431374,-1.9184696287213407,1.337849771421121,-0.0925829673007536,3.9724574318389294,-0.4362331809367505,1.326466179248151
67.0,60.0,129.88429260253906,-0.0482145806688397,2.6729206614445205,-4.1250660213341055,-3.687265155475514,-1.9218393178293467,1.347609189328682,-0.0944613335910695,3.975588128160324,-0.4488590868878588,1.3249239328739737
67.0,60.0,129.885009765625,-0.0408799450220309,2.67360092881526,-4.114782846569738,-3.6936690179334906,-1.9188092872637976,1.3581155447049478,-0.0934193527063568,3.9873414298502174,-0.4477433627435381,1.3125260563383223
67.0,61.0,129.8854522705078,-0.024913178451968,2.6860798871689724,-4.116955728203013,-3.6732630272646016,-1.9500856693940591,1.351441959202703,-0.0741397555146345,3.976496470107653,-0.4514977238147504,1.3207495542655825
67.0,61.0,129.8840789794922,-0.0454869565050954,2.684830282014945,-4.112569399937189,-3.6788409357940246,-1.915450913629184,1.3435429439831104,-0.0871872481610435,3.9629015829590335,-0.4387618483667691,1.317899221768581
67.0,61.0,129.88392639160156,-0.0376583769733126,2.6825291293155766,-4.113559944369962,-3.6685473717269903,-1.922377660404507,1.3445455514481257,-0.0942590294997018,3.9589740034794025,-0.4410219906100504,1.318864069642723
67.0,61.0,129.88400268554688,-0.0407813229360429,2.6830856050701453,-4.111136486322199,-3.681840822836742,-1.934247218206404,1.3442911033788083,-0.0920010433474128,3.954913595597877,-0.4381493775488366,1.3200236493678534
67.0,61.0,129.88510131835938,-0.0460398071018802,2.6827770337615187,-4.106947628063859,-3.6855403126680697,-1.9560163269173685,1.346153871689265,-0.110965906189077,3.9569413560670617,-0.4365912270774735,1.3282596861177651
67.0,61.0,129.88412475585938,-0.0388074804391526,2.6877985460610585,-4.113528073343364,-3.662084127527109,-1.927591512665318,1.3428829361039003,-0.0945560178947862,3.9696864920460735,-0.4462258194401474,1.327335418632295
67.0,61.0,129.884033203125,-0.0405395853238237,2.676308276682645,-4.117327906887575,-3.69017735583792,-1.9181288522331847,1.3420637962274733,-0.092594257790104,3.959406102133228,-0.4371775760276193,1.323869628067004
67.0,61.0,129.88380432128906,-0.0390820067464913,2.6829506363431577,-4.113312611286857,-3.6814272599685927,-1.922039052328748,1.344336460807045,-0.095451965367625,3.957476153650929,-0.4415093061023265,1.3198627626288175
67.0,61.0,129.88397216796875,-0.0415893759311344,2.6857213603522987,-4.124399095545603,-3.6760976280456408,-1.9179704832197404,1.345647889385874,-0.0959363805262899,3.971451101965148,-0.4428415566500623,1.3225320771065647
67.0,61.0,129.8841552734375,-0.0419967144437315,2.680383899987844,-4.1207699476359085,-3.6607053266864704,-1.9218240658755428,1.3442749103472749,-0.1000845020590828,3.962155608297343,-0.4423470395759957,1.3223788215189756
67.0,61.0,129.8838653564453,-0.0395025289179356,2.681740697857528,-4.111857732858343,-3.681296290890712,-1.922268020773732,1.3465421081364903,-0.0954728708342187,3.95882808352301,-0.4364253161592945,1.3240299392302706
67.0,61.0,129.88417053222656,-0.0383668266416372,2.6712595151774496,-4.111983930823687,-3.678935437785848,-1.919489807150043,1.341737587767278,-0.085927326475261,3.9677693626174113,-0.4399430649019786,1.3129496860877523
67.0,61.0,129.88600158691406,-0.0365630246479893,2.712202195516876,-4.138789352553506,-3.682799737197863,-1.918318633506026,1.3524493599689975,-0.1045581165174854,3.957418321041093,-0.425432005274915,1.307641993603458
67.0,61.0,129.88385009765625,-0.038459154593776,2.683527749726736,-4.113371601477911,-3.6849550065644174,-1.9236047395809013,1.3454958237676942,-0.0966399741116609,3.957374145434023,-0.4374265361596001,1.3234271209300132
67.0,61.0,129.88389587402344,-0.03897748045897,2.6785490756808623,-4.112281699474301,-3.671118933464244,-1.9230905043076507,1.3388574428350553,-0.1006935893739733,3.963587514785338,-0.4530668603714282,1.321596103080331
67.0,61.0,129.8838653564453,-0.0393061233272463,2.681281267158944,-4.114158484769709,-3.67815434163132,-1.923608340265704,1.3382934884267703,-0.0952300923643864,3.9551757729086834,-0.4420769687443724,1.3300909515584056
67.0,61.0,129.8839111328125,-0.0432184672200846,2.681960090546523,-4.119821844795243,-3.6817218507467033,-1.923106922440721,1.344228697678921,-0.0935054161825588,3.972632004184786,-0.4400244466929659,1.3281238419435308
67.0,61.0,129.8878936767578,-0.0389910009069619,2.694821125594514,-4.113593897995813,-3.679875684372111,-1.9359492347615617,1.279859386944154,-0.0954295731145711,3.95056837824161,-0.4461924631827281,1.321254180007365
67.0,61.0,129.88442993164062,-0.0413839065645601,2.686047860550975,-4.107414565227406,-3.6875471377265048,-1.928288720291636,1.3296362104918091,-0.1018641919765701,3.967720732908687,-0.4281590707597042,1.3091046888616047
67.0,61.0,129.9106903076172,0.0176050220618106,2.792009957632491,-4.091106081352304,-3.762504027819141,-1.8725421620805431,1.3611358827501796,-0.1005684076648423,3.960549246441064,-0.4438573362344586,1.2882542187050376
67.0,61.0,129.8837890625,-0.0394980867490792,2.6815779431972406,-4.1168785301556445,-3.681698391991953,-1.924053272910574,1.344643452859574,-0.102118036465461,3.9601782968794073,-0.4377647591669585,1.3205051770918452
67.0,61.0,129.88388061523438,-0.0400984545281024,2.6789255210840235,-4.1150306099319565,-3.682068819270068,-1.9238190860191648,1.3411365108376472,-0.0919740475580165,3.956850656504607,-0.437616944479771,1.3259981230989244
67.0,61.0,129.8848876953125,-0.0437697631180942,2.669700649404516,-4.126053407956642,-3.679079297339412,-1.932600543731425,1.3452512424501362,-0.0830972588513255,3.971769923363448,-0.4612146024181126,1.3091673370379815
67.0,61.0,129.8840789794922,-0.0371337840363787,2.6834495954704285,-4.111231461284088,-3.6714043009616746,-1.9281890494132288,1.3475928630551748,-0.0905377074384568,3.952204796320781,-0.4443974679725734,1.3183782054303692
67.0,61.0,129.88380432128906,-0.0398560919905756,2.6857062689248385,-4.11427721248312,-3.682987786718519,-1.9243438375387605,1.341935804982611,-0.0968393982087765,3.9567248322548862,-0.4400813241432407,1.3242084398236391
67.0,61.0,129.88385009765625,-0.0399525038433172,2.6829816342243573,-4.110435556816127,-3.680711569023979,-1.922978013949239,1.3435241562206122,-0.0952900794814343,3.956651155241963,-0.4455056239055416,1.3281057273564578
67.0,61.0,129.88394165039062,-0.0410262206066073,2.678191243810551,-4.114643144805708,-3.678013794199491,-1.919131696716006,1.3441200594635658,-0.0934769339566367,3.958823520246322,-0.4416859784194457,1.31349369208945
67.0,61.0,129.88528442382812,-0.0299266617866653,2.675782860175412,-4.12294055859656,-3.677524823072584,-1.8891098542105536,1.33749508485004,-0.0964280587556275,3.958427800886328,-0.4386514931980343,1.3229749305398468
67.0,61.0,129.8865509033203,-0.0388678981500059,2.6781468241740574,-4.10891664482,-3.691017111818585,-1.9227941397219068,1.368653711910444,-0.0583347270706955,3.959926304472135,-0.4341843313906094,1.3126744907629797
67.0,61.0,129.8839111328125,-0.0370893074444511,2.680742661780816,-4.111745916097369,-3.68243356490928,-1.929776544740219,1.34354427835341,-0.0945526069655484,3.953048715731305,-0.4408082806776431,1.319909816139186
67.0,61.0,129.8837890625,-0.0413513153174752,2.68311542214475,-4.112463556550431,-3.6796446088491326,-1.9240487241253947,1.3442595955117351,-0.1003490947626991,3.957654007548676,-0.4405598099058969,1.3245644687851776
67.0,61.0,129.8865966796875,-0.0329050341844034,2.6750907278848914,-4.133726768929593,-3.637972963840137,-1.9298180653521635,1.3636520730621793,-0.0977112499202529,3.957958938242328,-0.4311137841518704,1.3240589131302805
67.0,61.0,129.8862762451172,-0.0387333179164706,2.6616198145848,-4.110537545062251,-3.640739393783418,-1.9104676058315124,1.3424870641437487,-0.0904786703332354,3.977872148836832,-0.4517964761661189,1.3304164621445522
67.0,61.0,129.88427734375,-0.0466237205993196,2.687359955099665,-4.113776151981975,-3.672195102530319,-1.9181162363144493,1.3429628356929746,-0.1019057168513381,3.949049857489209,-0.4385471062128794,1.331678413171854
67.0,61.0,129.88397216796875,-0.0386464136659557,2.6833347911990826,-4.112546802177949,-3.679046070321364,-1.924759852388866,1.3485506443875597,-0.0923837184509177,3.952150089693536,-0.4431080742553204,1.320725768990671
67.0,61.0,129.88453674316406,-0.032199913241572,2.6863696057210693,-4.1377097888506045,-3.6812110112629406,-1.925009018857038,1.346228050467223,-0.0982079936733931,3.948765495160442,-0.4405962658645451,1.3242940524795217
67.0,61.0,129.88388061523438,-0.0378107089821002,2.681909770888872,-4.113400047715115,-3.688687093268667,-1.9246021873645136,1.34573448286872,-0.0965851133045442,3.9570354021391023,-0.4412481147965651,1.326002721198902
67.0,61.0,129.8854522705078,-0.0340667256988074,2.684609962050199,-4.116996113955699,-3.687001359204895,-1.9196122694344675,1.3069894405223843,-0.0999936518402858,3.959802390577792,-0.4613493914750876,1.3101724478151149
67.0,61.0,129.88470458984375,-0.0486457551822262,2.680300884871768,-4.118655766767558,-3.6693771492721297,-1.9152703764873813,1.3374279662170143,-0.0902811794127265,3.9678079584651536,-0.4484382628428427,1.2999408873283955
67.0,61.0,129.8838348388672,-0.0398595233812105,2.69080280124871,-4.113293238615252,-3.67995178638612,-1.922975460870994,1.3375873615125675,-0.0987454642767401,3.9602689608522255,-0.4410234238459065,1.3202135565076318
67.0,61.0,129.8838348388672,-0.0364038373574963,2.6817136513608504,-4.109876684757952,-3.683083038868259,-1.924122901084044,1.3448427194587125,-0.0959550592206595,3.958430472541916,-0.4413622888687705,1.3180952995455648
67.0,61.0,129.88381958007812,-0.0382454662000748,2.6843102987638594,-4.112180475349911,-3.683203675526845,-1.9230956825802463,1.3451952358881198,-0.0951252216612652,3.956917968961193,-0.4421143219246207,1.3219572442552838
67.0,61.0,129.88388061523438,-0.0382476938653135,2.681285356143959,-4.1163079264634055,-3.677145446569337,-1.920002876537123,1.347575025368244,-0.0939989984745772,3.971461496303671,-0.4405196449295776,1.3211173218337755
67.0,61.0,129.88394165039062,-0.0369300551252057,2.684839753141373,-4.114476933396635,-3.6837034664166017,-1.921080837915912,1.3494654169326827,-0.0963698626836915,3.960037274466395,-0.4410023739626248,1.3327384697805005
67.0,61.0,129.88467407226562,-0.0432096345964549,2.6821127383583634,-4.1102398447762685,-3.672741585381965,-1.920034180129216,1.3454583501549835,-0.0962553135267197,3.975934155633104,-0.4620332421928568,1.3047650950743055
67.0,61.0,129.88381958007812,-0.0444785286817329,2.683658380404718,-4.114532404269216,-3.684112816343289,-1.9217662033923777,1.3430964217731771,-0.0970247409641597,3.963629296413504,-0.4429246527038248,1.318052860999135
67.0,61.0,129.88482666015625,-0.0387752812671111,2.68508846691996,-4.143105672893649,-3.6781883447343473,-1.9111350220459389,1.3473718504106245,-0.1026715174268116,3.957456034719701,-0.4410735345654031,1.320170432396341
67.0,61.0,129.88406372070312,-0.0420112517604875,2.679852173634206,-4.11715069259902,-3.6899305580431374,-1.9184696287213407,1.337849771421121,-0.0925829673007536,3.9724574318389294,-0.4362331809367505,1.326466179248151
67.0,61.0,129.88429260253906,-0.0482145806688397,2.6729206614445205,-4.1250660213341055,-3.687265155475514,-1.9218393178293467,1.347609189328682,-0.0944613335910695,3.975588128160324,-0.4488590868878588,1.3249239328739737
67.0,61.0,129.88473510742188,-0.0440622572538929,2.6694594858550413,-4.113347789447411,-3.666019863018125,-1.919296241520384,1.3265951339466842,-0.093320234440674,3.9831221389688,-0.4435443262653587,1.3195888187078966
67.0,62.0,129.8854522705078,-0.024913178451968,2.6860798871689724,-4.116955728203013,-3.6732630272646016,-1.9500856693940591,1.351441959202703,-0.0741397555146345,3.976496470107653,-0.4514977238147504,1.3207495542655825
67.0,62.0,129.88394165039062,-0.044223609375934,2.6813316617253333,-4.122258576467608,-3.681418980766616,-1.9240435047101203,1.342386488366864,-0.0946003218480702,3.958525025978445,-0.4345387485125672,1.3214326295475027
67.0,62.0,129.88385009765625,-0.0387502223794417,2.6819751200868285,-4.118794186099093,-3.676863306847304,-1.9261733617118613,1.344876590228469,-0.1053425563310529,3.96056346343841,-0.4358852968043277,1.3212953478968574
67.0,62.0,129.88400268554688,-0.0407813229360429,2.6830856050701453,-4.111136486322199,-3.681840822836742,-1.934247218206404,1.3442911033788083,-0.0920010433474128,3.954913595597877,-0.4381493775488366,1.3200236493678534
67.0,62.0,129.8849639892578,-0.0397115563863199,2.6802924011865383,-4.115835935392991,-3.6782165554171375,-1.9330946642131288,1.349153832016129,-0.0682764546369131,3.962226082407793,-0.4389561916452431,1.3103664235836356
67.0,62.0,129.88412475585938,-0.0388074804391526,2.6877985460610585,-4.113528073343364,-3.662084127527109,-1.927591512665318,1.3428829361039003,-0.0945560178947862,3.9696864920460735,-0.4462258194401474,1.327335418632295
67.0,62.0,129.884033203125,-0.0405395853238237,2.676308276682645,-4.117327906887575,-3.69017735583792,-1.9181288522331847,1.3420637962274733,-0.092594257790104,3.959406102133228,-0.4371775760276193,1.323869628067004
67.0,62.0,129.88380432128906,-0.0390820067464913,2.6829506363431577,-4.113312611286857,-3.6814272599685927,-1.922039052328748,1.344336460807045,-0.095451965367625,3.957476153650929,-0.4415093061023265,1.3198627626288175
67.0,62.0,129.8839111328125,-0.0380399495687203,2.686911797368024,-4.125543737946637,-3.6770111063553896,-1.924749694666899,1.345596484663227,-0.0995313412306345,3.95768635284142,-0.4428591317957647,1.32069294694589
67.0,62.0,129.88381958007812,-0.0384845814678022,2.6801285814883045,-4.113037108600152,-3.684493715394865,-1.9257755823672933,1.3448715185218123,-0.1066491397592863,3.963134683823258,-0.440580064559892,1.3211131360980402
67.0,62.0,129.88385009765625,-0.0415580417667216,2.681729916577232,-4.119680717805132,-3.6824498714229934,-1.923060311911192,1.3439779886801722,-0.0975627839779307,3.958886059921532,-0.436133294973649,1.3217303239763267
67.0,62.0,129.88397216796875,-0.0386468190250073,2.692773110284123,-4.116954771646038,-3.675904523057031,-1.9297278340424733,1.3427017816513864,-0.0941807877800209,3.9626585319106655,-0.4413748479840758,1.313311073112788
67.0,62.0,129.88600158691406,-0.0365630246479893,2.712202195516876,-4.138789352553506,-3.682799737197863,-1.918318633506026,1.3524493599689975,-0.1045581165174854,3.957418321041093,-0.425432005274915,1.307641993603458
67.0,62.0,129.8838348388672,-0.0391392633842883,2.680845459691246,-4.114231586649213,-3.6864637928288575,-1.9239645643972336,1.3443402540422456,-0.1006166900313044,3.969745097449993,-0.4373273597768179,1.321302834757126
67.0,62.0,129.88389587402344,-0.03897748045897,2.6785490756808623,-4.112281699474301,-3.671118933464244,-1.9230905043076507,1.3388574428350553,-0.1006935893739733,3.963587514785338,-0.4530668603714282,1.321596103080331
67.0,62.0,129.8838653564453,-0.0393061233272463,2.681281267158944,-4.114158484769709,-3.67815434163132,-1.923608340265704,1.3382934884267703,-0.0952300923643864,3.9551757729086834,-0.4420769687443724,1.3300909515584056
67.0,62.0,129.8839111328125,-0.0432184672200846,2.681960090546523,-4.119821844795243,-3.6817218507467033,-1.923106922440721,1.344228697678921,-0.0935054161825588,3.972632004184786,-0.4400244466929659,1.3281238419435308
67.0,62.0,129.88421630859375,-0.0433015870306243,2.680103492865825,-4.114646327479841,-3.68521908110432,-1.9384454861827265,1.3277224188195618,-0.0961371750054527,3.957685889121348,-0.4380238504512012,1.316948235695881
67.0,62.0,129.88442993164062,-0.0413839065645601,2.686047860550975,-4.107414565227406,-3.6875471377265048,-1.928288720291636,1.3296362104918091,-0.1018641919765701,3.967720732908687,-0.4281590707597042,1.3091046888616047
67.0,62.0,129.8902130126953,-0.0170521893368555,2.664707212295047,-4.140263027223215,-3.6963322463441006,-1.8847074387973108,1.3752735964228602,-0.1052542618781654,3.965016561051016,-0.4251255338288318,1.3635240058289302
67.0,62.0,129.8837890625,-0.0394980867490792,2.6815779431972406,-4.1168785301556445,-3.681698391991953,-1.924053272910574,1.344643452859574,-0.102118036465461,3.9601782968794073,-0.4377647591669585,1.3205051770918452
67.0,62.0,129.88388061523438,-0.0400984545281024,2.6789255210840235,-4.1150306099319565,-3.682068819270068,-1.9238190860191648,1.3411365108376472,-0.0919740475580165,3.956850656504607,-0.437616944479771,1.3259981230989244
67.0,62.0,129.8846435546875,-0.0393074535262896,2.670533815548503,-4.116269728317047,-3.67035664134826,-1.930839757384592,1.3484696151182596,-0.0789472938529757,3.9770421575915575,-0.440626958163144,1.314956300857907
67.0,62.0,129.8840789794922,-0.0371337840363787,2.6834495954704285,-4.111231461284088,-3.6714043009616746,-1.9281890494132288,1.3475928630551748,-0.0905377074384568,3.952204796320781,-0.4443974679725734,1.3183782054303692
67.0,62.0,129.88380432128906,-0.0398560919905756,2.6857062689248385,-4.11427721248312,-3.682987786718519,-1.9243438375387605,1.341935804982611,-0.0968393982087765,3.9567248322548862,-0.4400813241432407,1.3242084398236391
67.0,62.0,129.88385009765625,-0.0399525038433172,2.6829816342243573,-4.110435556816127,-3.680711569023979,-1.922978013949239,1.3435241562206122,-0.0952900794814343,3.956651155241963,-0.4455056239055416,1.3281057273564578
67.0,62.0,129.88394165039062,-0.0410262206066073,2.678191243810551,-4.114643144805708,-3.678013794199491,-1.919131696716006,1.3441200594635658,-0.0934769339566367,3.958823520246322,-0.4416859784194457,1.31349369208945
67.0,62.0,129.88528442382812,-0.0299266617866653,2.675782860175412,-4.12294055859656,-3.677524823072584,-1.8891098542105536,1.33749508485004,-0.0964280587556275,3.958427800886328,-0.4386514931980343,1.3229749305398468
67.0,62.0,129.8865509033203,-0.0388678981500059,2.6781468241740574,-4.10891664482,-3.691017111818585,-1.9227941397219068,1.368653711910444,-0.0583347270706955,3.959926304472135,-0.4341843313906094,1.3126744907629797
67.0,62.0,129.8839111328125,-0.0370893074444511,2.680742661780816,-4.111745916097369,-3.68243356490928,-1.929776544740219,1.34354427835341,-0.0945526069655484,3.953048715731305,-0.4408082806776431,1.319909816139186
67.0,62.0,129.8837890625,-0.0413513153174752,2.68311542214475,-4.112463556550431,-3.6796446088491326,-1.9240487241253947,1.3442595955117351,-0.1003490947626991,3.957654007548676,-0.4405598099058969,1.3245644687851776
67.0,62.0,129.8865966796875,-0.0329050341844034,2.6750907278848914,-4.133726768929593,-3.637972963840137,-1.9298180653521635,1.3636520730621793,-0.0977112499202529,3.957958938242328,-0.4311137841518704,1.3240589131302805
67.0,62.0,129.8862762451172,-0.0387333179164706,2.6616198145848,-4.110537545062251,-3.640739393783418,-1.9104676058315124,1.3424870641437487,-0.0904786703332354,3.977872148836832,-0.4517964761661189,1.3304164621445522
67.0,62.0,129.88409423828125,-0.0353789801138398,2.6867054359874287,-4.120979076965002,-3.695239314698452,-1.928808485704804,1.3445837572252135,-0.1002637028504918,3.95956985609379,-0.4380374052492646,1.3278358556956478
67.0,62.0,129.88397216796875,-0.0386464136659557,2.6833347911990826,-4.112546802177949,-3.679046070321364,-1.924759852388866,1.3485506443875597,-0.0923837184509177,3.952150089693536,-0.4431080742553204,1.320725768990671
67.0,62.0,129.88453674316406,-0.032199913241572,2.6863696057210693,-4.1377097888506045,-3.6812110112629406,-1.925009018857038,1.346228050467223,-0.0982079936733931,3.948765495160442,-0.4405962658645451,1.3242940524795217
67.0,62.0,129.88388061523438,-0.0378107089821002,2.681909770888872,-4.113400047715115,-3.688687093268667,-1.9246021873645136,1.34573448286872,-0.0965851133045442,3.9570354021391023,-0.4412481147965651,1.326002721198902
67.0,62.0,129.8854522705078,-0.0340667256988074,2.684609962050199,-4.116996113955699,-3.687001359204895,-1.9196122694344675,1.3069894405223843,-0.0999936518402858,3.959802390577792,-0.4613493914750876,1.3101724478151149
67.0,62.0,129.88470458984375,-0.0486457551822262,2.680300884871768,-4.118655766767558,-3.6693771492721297,-1.9152703764873813,1.3374279662170143,-0.0902811794127265,3.9678079584651536,-0.4484382628428427,1.2999408873283955
67.0,62.0,129.8838348388672,-0.0398595233812105,2.69080280124871,-4.113293238615252,-3.67995178638612,-1.922975460870994,1.3375873615125675,-0.0987454642767401,3.9602689608522255,-0.4410234238459065,1.3202135565076318
67.0,62.0,129.88377380371094,-0.0399577529350641,2.683951326737944,-4.11409128418014,-3.681289337371545,-1.924380755156704,1.3448717929242058,-0.0959637858982409,3.9596759122131417,-0.4415445670201363,1.3210377334526509
67.0,62.0,129.88381958007812,-0.0382454662000748,2.6843102987638594,-4.112180475349911,-3.683203675526845,-1.9230956825802463,1.3451952358881198,-0.0951252216612652,3.956917968961193,-0.4421143219246207,1.3219572442552838
67.0,62.0,129.88388061523438,-0.0382476938653135,2.681285356143959,-4.1163079264634055,-3.677145446569337,-1.920002876537123,1.347575025368244,-0.0939989984745772,3.971461496303671,-0.4405196449295776,1.3211173218337755
67.0,62.0,129.88394165039062,-0.0369300551252057,2.684839753141373,-4.114476933396635,-3.6837034664166017,-1.921080837915912,1.3494654169326827,-0.0963698626836915,3.960037274466395,-0.4410023739626248,1.3327384697805005
67.0,62.0,129.8842010498047,-0.0426971061855341,2.680307337523881,-4.104565383933981,-3.688686898879668,-1.9228633823950048,1.34508191954434,-0.0996696239719894,3.9638651343638167,-0.4584047900449419,1.3293530147002637
67.0,62.0,129.88380432128906,-0.0422278916479475,2.68352465084234,-4.1203611917217255,-3.679852316832857,-1.926726411379285,1.3440056023575409,-0.0971827958097278,3.9605518116501055,-0.4389759525874213,1.3208006257433436
67.0,62.0,129.8841552734375,-0.0399968708732196,2.6831293801527787,-4.110633903391655,-3.683125369879413,-1.9141945257434128,1.341722990802888,-0.1153335656277327,3.963132580443676,-0.4394760799814055,1.3215773986370518
67.0,62.0,129.88406372070312,-0.0420112517604875,2.679852173634206,-4.11715069259902,-3.6899305580431374,-1.9184696287213407,1.337849771421121,-0.0925829673007536,3.9724574318389294,-0.4362331809367505,1.326466179248151
67.0,62.0,129.88429260253906,-0.0482145806688397,2.6729206614445205,-4.1250660213341055,-3.687265155475514,-1.9218393178293467,1.347609189328682,-0.0944613335910695,3.975588128160324,-0.4488590868878588,1.3249239328739737
67.0,62.0,129.88429260253906,-0.0414605826445414,2.6865870072651297,-4.115933632397435,-3.689954093750893,-1.9265713757615417,1.326945208039775,-0.1070052509366829,3.9590972207799777,-0.4307542919722035,1.3218406602401076
67.0,63.0,129.8854522705078,-0.024913178451968,2.6860798871689724,-4.116955728203013,-3.6732630272646016,-1.9500856693940591,1.351441959202703,-0.0741397555146345,3.976496470107653,-0.4514977238147504,1.3207495542655825
67.0,63.0,129.88392639160156,-0.0357684842212719,2.6808325937587614,-4.107732596463486,-3.682223756008041,-1.928175618892925,1.3455913893157978,-0.1006520701014553,3.9573239941434175,-0.4348764128832508,1.322063996905677
67.0,63.0,129.88385009765625,-0.0387502223794417,2.6819751200868285,-4.118794186099093,-3.676863306847304,-1.9261733617118613,1.344876590228469,-0.1053425563310529,3.96056346343841,-0.4358852968043277,1.3212953478968574
67.0,63.0,129.88400268554688,-0.0407813229360429,2.6830856050701453,-4.111136486322199,-3.681840822836742,-1.934247218206404,1.3442911033788083,-0.0920010433474128,3.954913595597877,-0.4381493775488366,1.3200236493678534
67.0,63.0,129.8849639892578,-0.0397115563863199,2.6802924011865383,-4.115835935392991,-3.6782165554171375,-1.9330946642131288,1.349153832016129,-0.0682764546369131,3.962226082407793,-0.4389561916452431,1.3103664235836356
67.0,63.0,129.88412475585938,-0.0388074804391526,2.6877985460610585,-4.113528073343364,-3.662084127527109,-1.927591512665318,1.3428829361039003,-0.0945560178947862,3.9696864920460735,-0.4462258194401474,1.327335418632295
67.0,63.0,129.884033203125,-0.0405395853238237,2.676308276682645,-4.117327906887575,-3.69017735583792,-1.9181288522331847,1.3420637962274733,-0.092594257790104,3.959406102133228,-0.4371775760276193,1.323869628067004
67.0,63.0,129.88380432128906,-0.0390820067464913,2.6829506363431577,-4.113312611286857,-3.6814272599685927,-1.922039052328748,1.344336460807045,-0.095451965367625,3.957476153650929,-0.4415093061023265,1.3198627626288175
67.0,63.0,129.88385009765625,-0.0389819514091047,2.686788892785552,-4.108035338553405,-3.68504848024921,-1.9277009825528,1.346220915030425,-0.0974635492333978,3.962695069188506,-0.4413635214020453,1.3206539639322856
67.0,63.0,129.88381958007812,-0.0384845814678022,2.6801285814883045,-4.113037108600152,-3.684493715394865,-1.9257755823672933,1.3448715185218123,-0.1066491397592863,3.963134683823258,-0.440580064559892,1.3211131360980402
67.0,63.0,129.88380432128906,-0.0404948886169489,2.6831588463099965,-4.10964810273219,-3.681638381504311,-1.92349626714526,1.3434934525512685,-0.0983413342366831,3.9589980905168094,-0.4466614571227639,1.320428663313886
67.0,63.0,129.88388061523438,-0.0390054887138268,2.673579332528813,-4.116203849329371,-3.675430815259005,-1.928209718711116,1.3444995970954348,-0.0942634930176603,3.9602266057319295,-0.4407312965038734,1.3279206807851136
67.0,63.0,129.88600158691406,-0.0365630246479893,2.712202195516876,-4.138789352553506,-3.682799737197863,-1.918318633506026,1.3524493599689975,-0.1045581165174854,3.957418321041093,-0.425432005274915,1.307641993603458
67.0,63.0,129.8838348388672,-0.0391392633842883,2.680845459691246,-4.114231586649213,-3.6864637928288575,-1.9239645643972336,1.3443402540422456,-0.1006166900313044,3.969745097449993,-0.4373273597768179,1.321302834757126
67.0,63.0,129.88389587402344,-0.03897748045897,2.6785490756808623,-4.112281699474301,-3.671118933464244,-1.9230905043076507,1.3388574428350553,-0.1006935893739733,3.963587514785338,-0.4530668603714282,1.321596103080331
67.0,63.0,129.8838653564453,-0.0393061233272463,2.681281267158944,-4.114158484769709,-3.67815434163132,-1.923608340265704,1.3382934884267703,-0.0952300923643864,3.9551757729086834,-0.4420769687443724,1.3300909515584056
67.0,63.0,129.8839111328125,-0.0432184672200846,2.681960090546523,-4.119821844795243,-3.6817218507467033,-1.923106922440721,1.344228697678921,-0.0935054161825588,3.972632004184786,-0.4400244466929659,1.3281238419435308
67.0,63.0,129.88421630859375,-0.0433015870306243,2.680103492865825,-4.114646327479841,-3.68521908110432,-1.9384454861827265,1.3277224188195618,-0.0961371750054527,3.957685889121348,-0.4380238504512012,1.316948235695881
67.0,63.0,129.88438415527344,-0.0383342520347924,2.684175434970808,-4.107650449623379,-3.69140743433944,-1.927546061667724,1.3464729353786606,-0.0876382470448743,3.9629468449433873,-0.4314606785562241,1.3101696081276049
67.0,63.0,129.88807678222656,-0.042254410961635,2.6209089009016147,-4.116733024291717,-3.687432522342406,-1.9221356665167533,1.3566503726499537,-0.1064583967955387,3.964556227188768,-0.4401685571382792,1.3086221746758018
67.0,63.0,129.8837890625,-0.0394980867490792,2.6815779431972406,-4.1168785301556445,-3.681698391991953,-1.924053272910574,1.344643452859574,-0.102118036465461,3.9601782968794073,-0.4377647591669585,1.3205051770918452
67.0,63.0,129.8837432861328,-0.0383931038711856,2.681743703753225,-4.110919821985832,-3.680941012101324,-1.9246707853026483,1.3396469992217974,-0.1016141060131876,3.960629551844936,-0.4436288058793948,1.3237666766968057
67.0,63.0,129.8843994140625,-0.0368011625464049,2.689609836268076,-4.114416657729304,-3.6800217816202543,-1.9312171018371007,1.3495728479281706,-0.113886906245048,3.9479435468291393,-0.4392761530211168,1.3175461555463974
67.0,63.0,129.88394165039062,-0.040955345658867,2.6843669684402105,-4.111562046400505,-3.6868853186141854,-1.9267394485316005,1.346957254384719,-0.0943916031410988,3.960944149212344,-0.4486843592561595,1.3152937256203323
67.0,63.0,129.88380432128906,-0.0398560919905756,2.6857062689248385,-4.11427721248312,-3.682987786718519,-1.9243438375387605,1.341935804982611,-0.0968393982087765,3.9567248322548862,-0.4400813241432407,1.3242084398236391
67.0,63.0,129.88385009765625,-0.0399525038433172,2.6829816342243573,-4.110435556816127,-3.680711569023979,-1.922978013949239,1.3435241562206122,-0.0952900794814343,3.956651155241963,-0.4455056239055416,1.3281057273564578
67.0,63.0,129.88394165039062,-0.0410262206066073,2.678191243810551,-4.114643144805708,-3.678013794199491,-1.919131696716006,1.3441200594635658,-0.0934769339566367,3.958823520246322,-0.4416859784194457,1.31349369208945
67.0,63.0,129.88528442382812,-0.0299266617866653,2.675782860175412,-4.12294055859656,-3.677524823072584,-1.8891098542105536,1.33749508485004,-0.0964280587556275,3.958427800886328,-0.4386514931980343,1.3229749305398468
67.0,63.0,129.8851318359375,-0.0389582510882119,2.689426991738716,-4.123288506517958,-3.663173480142322,-1.924591582834212,1.3369645930254264,-0.0775918652351551,3.95759809582678,-0.4517180211118199,1.301759506585812
67.0,63.0,129.8839111328125,-0.0370893074444511,2.680742661780816,-4.111745916097369,-3.68243356490928,-1.929776544740219,1.34354427835341,-0.0945526069655484,3.953048715731305,-0.4408082806776431,1.319909816139186
67.0,63.0,129.8837890625,-0.0413513153174752,2.68311542214475,-4.112463556550431,-3.6796446088491326,-1.9240487241253947,1.3442595955117351,-0.1003490947626991,3.957654007548676,-0.4405598099058969,1.3245644687851776
67.0,63.0,129.8865966796875,-0.0329050341844034,2.6750907278848914,-4.133726768929593,-3.637972963840137,-1.9298180653521635,1.3636520730621793,-0.0977112499202529,3.957958938242328,-0.4311137841518704,1.3240589131302805
67.0,63.0,129.88609313964844,-0.0393029079610325,2.683998111089684,-4.104068619617729,-3.7099573815751583,-1.9168434939791512,1.3435407206124836,-0.0886647960753488,3.934286840961523,-0.4579744502612014,1.3287937107644427
67.0,63.0,129.88409423828125,-0.0353789801138398,2.6867054359874287,-4.120979076965002,-3.695239314698452,-1.928808485704804,1.3445837572252135,-0.1002637028504918,3.95956985609379,-0.4380374052492646,1.3278358556956478
67.0,63.0,129.88397216796875,-0.0386464136659557,2.6833347911990826,-4.112546802177949,-3.679046070321364,-1.924759852388866,1.3485506443875597,-0.0923837184509177,3.952150089693536,-0.4431080742553204,1.320725768990671
67.0,63.0,129.88453674316406,-0.032199913241572,2.6863696057210693,-4.1377097888506045,-3.6812110112629406,-1.925009018857038,1.346228050467223,-0.0982079936733931,3.948765495160442,-0.4405962658645451,1.3242940524795217
67.0,63.0,129.88388061523438,-0.0378107089821002,2.681909770888872,-4.113400047715115,-3.688687093268667,-1.9246021873645136,1.34573448286872,-0.0965851133045442,3.9570354021391023,-0.4412481147965651,1.326002721198902
67.0,63.0,129.8854522705078,-0.0340667256988074,2.684609962050199,-4.116996113955699,-3.687001359204895,-1.9196122694344675,1.3069894405223843,-0.0999936518402858,3.959802390577792,-0.4613493914750876,1.3101724478151149
67.0,63.0,129.88470458984375,-0.0486457551822262,2.680300884871768,-4.118655766767558,-3.6693771492721297,-1.9152703764873813,1.3374279662170143,-0.0902811794127265,3.9678079584651536,-0.4484382628428427,1.2999408873283955
67.0,63.0,129.8838348388672,-0.0398595233812105,2.69080280124871,-4.113293238615252,-3.67995178638612,-1.922975460870994,1.3375873615125675,-0.0987454642767401,3.9602689608522255,-0.4410234238459065,1.3202135565076318
67.0,63.0,129.88377380371094,-0.0399577529350641,2.683951326737944,-4.11409128418014,-3.681289337371545,-1.924380755156704,1.3448717929242058,-0.0959637858982409,3.9596759122131417,-0.4415445670201363,1.3210377334526509
67.0,63.0,129.88381958007812,-0.0382454662000748,2.6843102987638594,-4.112180475349911,-3.683203675526845,-1.9230956825802463,1.3451952358881198,-0.0951252216612652,3.956917968961193,-0.4421143219246207,1.3219572442552838
67.0,63.0,129.88388061523438,-0.0382476938653135,2.681285356143959,-4.1163079264634055,-3.677145446569337,-1.920002876537123,1.347575025368244,-0.0939989984745772,3.971461496303671,-0.4405196449295776,1.3211173218337755
67.0,63.0,129.88394165039062,-0.0369300551252057,2.684839753141373,-4.114476933396635,-3.6837034664166017,-1.921080837915912,1.3494654169326827,-0.0963698626836915,3.960037274466395,-0.4410023739626248,1.3327384697805005
67.0,63.0,129.88417053222656,-0.0419208203120936,2.6838019952266454,-4.102979365005576,-3.683952168697086,-1.9271621903823504,1.3445703896769443,-0.0946849383480523,3.953216472326876,-0.4343534172919983,1.3287337616004968
67.0,63.0,129.8837890625,-0.0401216407920461,2.6836468956972723,-4.118200823402023,-3.680634322195375,-1.923489004253089,1.3445539811397669,-0.0954370842728364,3.958256654884509,-0.4450539595900704,1.3210771169747864
67.0,63.0,129.8841552734375,-0.0399968708732196,2.6831293801527787,-4.110633903391655,-3.683125369879413,-1.9141945257434128,1.341722990802888,-0.1153335656277327,3.963132580443676,-0.4394760799814055,1.3215773986370518
67.0,63.0,129.88406372070312,-0.0420112517604875,2.679852173634206,-4.11715069259902,-3.6899305580431374,-1.9184696287213407,1.337849771421121,-0.0925829673007536,3.9724574318389294,-0.4362331809367505,1.326466179248151
67.0,63.0,129.88429260253906,-0.0482145806688397,2.6729206614445205,-4.1250660213341055,-3.687265155475514,-1.9218393178293467,1.347609189328682,-0.0944613335910695,3.975588128160324,-0.4488590868878588,1.3249239328739737
67.0,63.0,129.88414001464844,-0.0374898361729449,2.69214777615175,-4.1136453903984656,-3.684814361301411,-1.924862683775472,1.3365272829264112,-0.1067279872612339,3.950133921412525,-0.4493204377476245,1.3220151786050032
67.0,64.0,129.8854522705078,-0.024913178451968,2.6860798871689724,-4.116955728203013,-3.6732630272646016,-1.9500856693940591,1.351441959202703,-0.0741397555146345,3.976496470107653,-0.4514977238147504,1.3207495542655825
67.0,64.0,129.88392639160156,-0.0357684842212719,2.6808325937587614,-4.107732596463486,-3.682223756008041,-1.928175618892925,1.3455913893157978,-0.1006520701014553,3.9573239941434175,-0.4348764128832508,1.322063996905677
67.0,64.0,129.88381958007812,-0.037842371596367,2.6803829674322226,-4.110729488434347,-3.681136285381515,-1.924840361074839,1.341432283994015,-0.1073310196425653,3.9594143704270857,-0.4444825696628944,1.3236523961605158
67.0,64.0,129.88377380371094,-0.0397663812617781,2.6827951946951405,-4.110315482535476,-3.6815338433245786,-1.930172575315124,1.340052569977224,-0.103658743601624,3.962341537363282,-0.4454009332743472,1.3237916811804005
67.0,64.0,129.88478088378906,-0.039418708201119,2.680743836690186,-4.110881800328933,-3.681941524152891,-1.930437268524957,1.3419245814950291,-0.0709016368282228,3.958329770847671,-0.4451578564855898,1.336892357414369
67.0,64.0,129.88412475585938,-0.0388074804391526,2.6877985460610585,-4.113528073343364,-3.662084127527109,-1.927591512665318,1.3428829361039003,-0.0945560178947862,3.9696864920460735,-0.4462258194401474,1.327335418632295
67.0,64.0,129.884033203125,-0.0405395853238237,2.676308276682645,-4.117327906887575,-3.69017735583792,-1.9181288522331847,1.3420637962274733,-0.092594257790104,3.959406102133228,-0.4371775760276193,1.323869628067004
67.0,64.0,129.88380432128906,-0.0390820067464913,2.6829506363431577,-4.113312611286857,-3.6814272599685927,-1.922039052328748,1.344336460807045,-0.095451965367625,3.957476153650929,-0.4415093061023265,1.3198627626288175
67.0,64.0,129.88385009765625,-0.0389819514091047,2.686788892785552,-4.108035338553405,-3.68504848024921,-1.9277009825528,1.346220915030425,-0.0974635492333978,3.962695069188506,-0.4413635214020453,1.3206539639322856
67.0,64.0,129.88381958007812,-0.0384845814678022,2.6801285814883045,-4.113037108600152,-3.684493715394865,-1.9257755823672933,1.3448715185218123,-0.1066491397592863,3.963134683823258,-0.440580064559892,1.3211131360980402
67.0,64.0,129.88380432128906,-0.0404948886169489,2.6831588463099965,-4.10964810273219,-3.681638381504311,-1.92349626714526,1.3434934525512685,-0.0983413342366831,3.9589980905168094,-0.4466614571227639,1.320428663313886
67.0,64.0,129.88388061523438,-0.0390054887138268,2.673579332528813,-4.116203849329371,-3.675430815259005,-1.928209718711116,1.3444995970954348,-0.0942634930176603,3.9602266057319295,-0.4407312965038734,1.3279206807851136
67.0,64.0,129.88600158691406,-0.0365630246479893,2.712202195516876,-4.138789352553506,-3.682799737197863,-1.918318633506026,1.3524493599689975,-0.1045581165174854,3.957418321041093,-0.425432005274915,1.307641993603458
67.0,64.0,129.8838348388672,-0.0391392633842883,2.680845459691246,-4.114231586649213,-3.6864637928288575,-1.9239645643972336,1.3443402540422456,-0.1006166900313044,3.969745097449993,-0.4373273597768179,1.321302834757126
67.0,64.0,129.88389587402344,-0.03897748045897,2.6785490756808623,-4.112281699474301,-3.671118933464244,-1.9230905043076507,1.3388574428350553,-0.1006935893739733,3.963587514785338,-0.4530668603714282,1.321596103080331
67.0,64.0,129.8838653564453,-0.0393061233272463,2.681281267158944,-4.114158484769709,-3.67815434163132,-1.923608340265704,1.3382934884267703,-0.0952300923643864,3.9551757729086834,-0.4420769687443724,1.3300909515584056
67.0,64.0,129.8839111328125,-0.0432184672200846,2.681960090546523,-4.119821844795243,-3.6817218507467033,-1.923106922440721,1.344228697678921,-0.0935054161825588,3.972632004184786,-0.4400244466929659,1.3281238419435308
67.0,64.0,129.88421630859375,-0.0433015870306243,2.680103492865825,-4.114646327479841,-3.68521908110432,-1.9384454861827265,1.3277224188195618,-0.0961371750054527,3.957685889121348,-0.4380238504512012,1.316948235695881
67.0,64.0,129.88436889648438,-0.03707358177901,2.6775330329510667,-4.100677158471909,-3.6867249081004014,-1.926455791101608,1.338279152138534,-0.1054587029731854,3.950198919334129,-0.432546029855543,1.326373374521527
67.0,64.0,129.88717651367188,-0.0497295705681916,2.7287079823586864,-4.093813452205354,-3.675108495324851,-1.941086156162281,1.3431850645557053,-0.1047324539639846,3.955965378538103,-0.4498074803117827,1.3055975971032414
67.0,64.0,129.8837890625,-0.0394980867490792,2.6815779431972406,-4.1168785301556445,-3.681698391991953,-1.924053272910574,1.344643452859574,-0.102118036465461,3.9601782968794073,-0.4377647591669585,1.3205051770918452
67.0,64.0,129.8837432861328,-0.0383931038711856,2.681743703753225,-4.110919821985832,-3.680941012101324,-1.9246707853026483,1.3396469992217974,-0.1016141060131876,3.960629551844936,-0.4436288058793948,1.3237666766968057
67.0,64.0,129.88406372070312,-0.0369750909288767,2.680757524603144,-4.109174033362809,-3.6859334803523023,-1.9230770261447403,1.3344552709250186,-0.1120504614926654,3.961977597784301,-0.445999638094586,1.3311808662237934
67.0,64.0,129.88394165039062,-0.040955345658867,2.6843669684402105,-4.111562046400505,-3.6868853186141854,-1.9267394485316005,1.346957254384719,-0.0943916031410988,3.960944149212344,-0.4486843592561595,1.3152937256203323
67.0,64.0,129.88380432128906,-0.0398560919905756,2.6857062689248385,-4.11427721248312,-3.682987786718519,-1.9243438375387605,1.341935804982611,-0.0968393982087765,3.9567248322548862,-0.4400813241432407,1.3242084398236391
67.0,64.0,129.8837890625,-0.0378931442616131,2.682927951145748,-4.110481010929944,-3.680390251218933,-1.922196655879245,1.3405966515836445,-0.1014809339809997,3.9581403986283488,-0.4454333814225447,1.3263650405592846
67.0,64.0,129.88394165039062,-0.0410262206066073,2.678191243810551,-4.114643144805708,-3.678013794199491,-1.919131696716006,1.3441200594635658,-0.0934769339566367,3.958823520246322,-0.4416859784194457,1.31349369208945
67.0,64.0,129.88528442382812,-0.0299266617866653,2.675782860175412,-4.12294055859656,-3.677524823072584,-1.8891098542105536,1.33749508485004,-0.0964280587556275,3.958427800886328,-0.4386514931980343,1.3229749305398468
67.0,64.0,129.8851318359375,-0.0389582510882119,2.689426991738716,-4.123288506517958,-3.663173480142322,-1.924591582834212,1.3369645930254264,-0.0775918652351551,3.95759809582678,-0.4517180211118199,1.301759506585812
67.0,64.0,129.8839111328125,-0.0370893074444511,2.680742661780816,-4.111745916097369,-3.68243356490928,-1.929776544740219,1.34354427835341,-0.0945526069655484,3.953048715731305,-0.4408082806776431,1.319909816139186
67.0,64.0,129.8837890625,-0.0413513153174752,2.68311542214475,-4.112463556550431,-3.6796446088491326,-1.9240487241253947,1.3442595955117351,-0.1003490947626991,3.957654007548676,-0.4405598099058969,1.3245644687851776
67.0,64.0,129.8865966796875,-0.0329050341844034,2.6750907278848914,-4.133726768929593,-3.637972963840137,-1.9298180653521635,1.3636520730621793,-0.0977112499202529,3.957958938242328,-0.4311137841518704,1.3240589131302805
67.0,64.0,129.88609313964844,-0.0393029079610325,2.683998111089684,-4.104068619617729,-3.7099573815751583,-1.9168434939791512,1.3435407206124836,-0.0886647960753488,3.934286840961523,-0.4579744502612014,1.3287937107644427
67.0,64.0,129.88409423828125,-0.0353789801138398,2.6867054359874287,-4.120979076965002,-3.695239314698452,-1.928808485704804,1.3445837572252135,-0.1002637028504918,3.95956985609379,-0.4380374052492646,1.3278358556956478
67.0,64.0,129.88397216796875,-0.0386464136659557,2.6833347911990826,-4.112546802177949,-3.679046070321364,-1.924759852388866,1.3485506443875597,-0.0923837184509177,3.952150089693536,-0.4431080742553204,1.320725768990671
67.0,64.0,129.88453674316406,-0.032199913241572,2.6863696057210693,-4.1377097888506045,-3.6812110112629406,-1.925009018857038,1.346228050467223,-0.0982079936733931,3.948765495160442,-0.4405962658645451,1.3242940524795217
67.0,64.0,129.88388061523438,-0.0378107089821002,2.681909770888872,-4.113400047715115,-3.688687093268667,-1.9246021873645136,1.34573448286872,-0.0965851133045442,3.9570354021391023,-0.4412481147965651,1.326002721198902
67.0,64.0,129.88534545898438,-0.0363529475483693,2.685729633046196,-4.12022232633744,-3.680352041048926,-1.925223453390698,1.359841152516604,-0.110361472093568,3.93748506148884,-0.4624040564161834,1.3161132410688197
67.0,64.0,129.88470458984375,-0.0486457551822262,2.680300884871768,-4.118655766767558,-3.6693771492721297,-1.9152703764873813,1.3374279662170143,-0.0902811794127265,3.9678079584651536,-0.4484382628428427,1.2999408873283955
67.0,64.0,129.8838348388672,-0.0398595233812105,2.69080280124871,-4.113293238615252,-3.67995178638612,-1.922975460870994,1.3375873615125675,-0.0987454642767401,3.9602689608522255,-0.4410234238459065,1.3202135565076318
67.0,64.0,129.88377380371094,-0.0399577529350641,2.683951326737944,-4.11409128418014,-3.681289337371545,-1.924380755156704,1.3448717929242058,-0.0959637858982409,3.9596759122131417,-0.4415445670201363,1.3210377334526509
67.0,64.0,129.88381958007812,-0.0382454662000748,2.6843102987638594,-4.112180475349911,-3.683203675526845,-1.9230956825802463,1.3451952358881198,-0.0951252216612652,3.956917968961193,-0.4421143219246207,1.3219572442552838
67.0,64.0,129.88388061523438,-0.0382476938653135,2.681285356143959,-4.1163079264634055,-3.677145446569337,-1.920002876537123,1.347575025368244,-0.0939989984745772,3.971461496303671,-0.4405196449295776,1.3211173218337755
67.0,64.0,129.88394165039062,-0.0369300551252057,2.684839753141373,-4.114476933396635,-3.6837034664166017,-1.921080837915912,1.3494654169326827,-0.0963698626836915,3.960037274466395,-0.4410023739626248,1.3327384697805005
67.0,64.0,129.88381958007812,-0.0396719275287268,2.6826783603889592,-4.107905765551809,-3.6808131270986553,-1.92878328296268,1.340366170189634,-0.1048811154740056,3.966395372402218,-0.4412076671104817,1.326586310970381
67.0,64.0,129.8837890625,-0.0401216407920461,2.6836468956972723,-4.118200823402023,-3.680634322195375,-1.923489004253089,1.3445539811397669,-0.0954370842728364,3.958256654884509,-0.4450539595900704,1.3210771169747864
67.0,64.0,129.8841094970703,-0.0364550522902357,2.678722639296255,-4.125140092147719,-3.6839301607712303,-1.917394493449006,1.3406276185762551,-0.0848356609858668,3.960822238078331,-0.4444794649883402,1.3228707208050048
67.0,64.0,129.88406372070312,-0.0420112517604875,2.679852173634206,-4.11715069259902,-3.6899305580431374,-1.9184696287213407,1.337849771421121,-0.0925829673007536,3.9724574318389294,-0.4362331809367505,1.326466179248151
67.0,64.0,129.88429260253906,-0.0482145806688397,2.6729206614445205,-4.1250660213341055,-3.687265155475514,-1.9218393178293467,1.347609189328682,-0.0944613335910695,3.975588128160324,-0.4488590868878588,1.3249239328739737
67.0,64.0,129.88385009765625,-0.0370476538699206,2.673107468152071,-4.1094356139160695,-3.6768631049202702,-1.9238035124038613,1.3425148389569077,-0.0973558638081782,3.9631946394854216,-0.4467441660570326,1.322505725508127
67.0,65.0,129.8854522705078,-0.024913178451968,2.6860798871689724,-4.116955728203013,-3.6732630272646016,-1.9500856693940591,1.351441959202703,-0.0741397555146345,3.976496470107653,-0.4514977238147504,1.3207495542655825
67.0,65.0,129.8837890625,-0.0382389099057506,2.680911842859865,-4.107649548210917,-3.682068669728909,-1.923155082206388,1.3405550553145211,-0.0981835401583215,3.9612211111292304,-0.4450468845412547,1.3239668091986552
67.0,65.0,129.88381958007812,-0.037842371596367,2.6803829674322226,-4.110729488434347,-3.681136285381515,-1.924840361074839,1.341432283994015,-0.1073310196425653,3.9594143704270857,-0.4444825696628944,1.3236523961605158
67.0,65.0,129.88377380371094,-0.0397663812617781,2.6827951946951405,-4.110315482535476,-3.6815338433245786,-1.930172575315124,1.340052569977224,-0.103658743601624,3.962341537363282,-0.4454009332743472,1.3237916811804005
67.0,65.0,129.884033203125,-0.0397362414855404,2.683343080186453,-4.10841176506102,-3.682887110650607,-1.9278027424161173,1.339783853379214,-0.1141551682960714,3.9598422096438486,-0.4445884899512215,1.3266277979025458
67.0,65.0,129.88412475585938,-0.0388074804391526,2.6877985460610585,-4.113528073343364,-3.662084127527109,-1.927591512665318,1.3428829361039003,-0.0945560178947862,3.9696864920460735,-0.4462258194401474,1.327335418632295
67.0,65.0,129.884033203125,-0.0405395853238237,2.676308276682645,-4.117327906887575,-3.69017735583792,-1.9181288522331847,1.3420637962274733,-0.092594257790104,3.959406102133228,-0.4371775760276193,1.323869628067004
67.0,65.0,129.88380432128906,-0.0390820067464913,2.6829506363431577,-4.113312611286857,-3.6814272599685927,-1.922039052328748,1.344336460807045,-0.095451965367625,3.957476153650929,-0.4415093061023265,1.3198627626288175
67.0,65.0,129.88375854492188,-0.0383748545952906,2.6828627286513544,-4.119418813913224,-3.682494467981616,-1.9282209049358472,1.3367262681858223,-0.1005647864268345,3.962036320306789,-0.4450312679628621,1.326115382226244
67.0,65.0,129.88381958007812,-0.0384845814678022,2.6801285814883045,-4.113037108600152,-3.684493715394865,-1.9257755823672933,1.3448715185218123,-0.1066491397592863,3.963134683823258,-0.440580064559892,1.3211131360980402
67.0,65.0,129.88380432128906,-0.0404948886169489,2.6831588463099965,-4.10964810273219,-3.681638381504311,-1.92349626714526,1.3434934525512685,-0.0983413342366831,3.9589980905168094,-0.4466614571227639,1.320428663313886
67.0,65.0,129.8838348388672,-0.0391057599487254,2.683820595734104,-4.123528022703843,-3.6783019310538223,-1.9244395085890933,1.3400581271357257,-0.1045085538774294,3.962061901417854,-0.4401044356372321,1.3209858974894184
67.0,65.0,129.88600158691406,-0.0365630246479893,2.712202195516876,-4.138789352553506,-3.682799737197863,-1.918318633506026,1.3524493599689975,-0.1045581165174854,3.957418321041093,-0.425432005274915,1.307641993603458
67.0,65.0,129.8838348388672,-0.0391392633842883,2.680845459691246,-4.114231586649213,-3.6864637928288575,-1.9239645643972336,1.3443402540422456,-0.1006166900313044,3.969745097449993,-0.4373273597768179,1.321302834757126
67.0,65.0,129.88389587402344,-0.03897748045897,2.6785490756808623,-4.112281699474301,-3.671118933464244,-1.9230905043076507,1.3388574428350553,-0.1006935893739733,3.963587514785338,-0.4530668603714282,1.321596103080331
67.0,65.0,129.8838653564453,-0.0393061233272463,2.681281267158944,-4.114158484769709,-3.67815434163132,-1.923608340265704,1.3382934884267703,-0.0952300923643864,3.9551757729086834,-0.4420769687443724,1.3300909515584056
67.0,65.0,129.88389587402344,-0.0297320688708634,2.680621051690811,-4.114615670664978,-3.681036878324659,-1.9249037852515245,1.3393379822689695,-0.10008832981152,3.955731980235912,-0.4360994890063264,1.321393381752646
67.0,65.0,129.8840789794922,-0.0337236882945446,2.679580867680278,-4.111443171495988,-3.6827637189864575,-1.9236504364942968,1.3571530219554144,-0.0983775729900395,3.9591325009447935,-0.4376904353314904,1.3218624268748835
67.0,65.0,129.88436889648438,-0.03707358177901,2.6775330329510667,-4.100677158471909,-3.6867249081004014,-1.926455791101608,1.338279152138534,-0.1054587029731854,3.950198919334129,-0.432546029855543,1.326373374521527
67.0,65.0,129.8859405517578,-0.0422714819702551,2.723766111549492,-4.101373142692676,-3.6728205455248943,-1.9231277973326129,1.3366205436557923,-0.1013548414949059,3.96319133850331,-0.4453731564014547,1.3378440204988005
67.0,65.0,129.8837890625,-0.0394980867490792,2.6815779431972406,-4.1168785301556445,-3.681698391991953,-1.924053272910574,1.344643452859574,-0.102118036465461,3.9601782968794073,-0.4377647591669585,1.3205051770918452
67.0,65.0,129.8837432861328,-0.0383931038711856,2.681743703753225,-4.110919821985832,-3.680941012101324,-1.9246707853026483,1.3396469992217974,-0.1016141060131876,3.960629551844936,-0.4436288058793948,1.3237666766968057
67.0,65.0,129.88400268554688,-0.0376043642189638,2.679206330099765,-4.10736978814793,-3.679779606850159,-1.9205882946520108,1.331994331622936,-0.0886346648239157,3.964519868478425,-0.4480699081973628,1.3217950836259391
67.0,65.0,129.88394165039062,-0.040955345658867,2.6843669684402105,-4.111562046400505,-3.6868853186141854,-1.9267394485316005,1.346957254384719,-0.0943916031410988,3.960944149212344,-0.4486843592561595,1.3152937256203323
67.0,65.0,129.88380432128906,-0.0398560919905756,2.6857062689248385,-4.11427721248312,-3.682987786718519,-1.9243438375387605,1.341935804982611,-0.0968393982087765,3.9567248322548862,-0.4400813241432407,1.3242084398236391
67.0,65.0,129.8837890625,-0.0378931442616131,2.682927951145748,-4.110481010929944,-3.680390251218933,-1.922196655879245,1.3405966515836445,-0.1014809339809997,3.9581403986283488,-0.4454333814225447,1.3263650405592846
67.0,65.0,129.8838653564453,-0.0417685719485916,2.6802015363599296,-4.110563772539985,-3.681600935858929,-1.9213245487238009,1.3384426762587929,-0.1020714365208605,3.9696759422833097,-0.4431154358509501,1.3307728090914976
67.0,65.0,129.88528442382812,-0.0299266617866653,2.675782860175412,-4.12294055859656,-3.677524823072584,-1.8891098542105536,1.33749508485004,-0.0964280587556275,3.958427800886328,-0.4386514931980343,1.3229749305398468
67.0,65.0,129.8851318359375,-0.0389582510882119,2.689426991738716,-4.123288506517958,-3.663173480142322,-1.924591582834212,1.3369645930254264,-0.0775918652351551,3.95759809582678,-0.4517180211118199,1.301759506585812
67.0,65.0,129.8839111328125,-0.0370893074444511,2.680742661780816,-4.111745916097369,-3.68243356490928,-1.929776544740219,1.34354427835341,-0.0945526069655484,3.953048715731305,-0.4408082806776431,1.319909816139186
67.0,65.0,129.8837890625,-0.0413513153174752,2.68311542214475,-4.112463556550431,-3.6796446088491326,-1.9240487241253947,1.3442595955117351,-0.1003490947626991,3.957654007548676,-0.4405598099058969,1.3245644687851776
67.0,65.0,129.8865966796875,-0.0329050341844034,2.6750907278848914,-4.133726768929593,-3.637972963840137,-1.9298180653521635,1.3636520730621793,-0.0977112499202529,3.957958938242328,-0.4311137841518704,1.3240589131302805
67.0,65.0,129.88609313964844,-0.0393029079610325,2.683998111089684,-4.104068619617729,-3.7099573815751583,-1.9168434939791512,1.3435407206124836,-0.0886647960753488,3.934286840961523,-0.4579744502612014,1.3287937107644427
67.0,65.0,129.88406372070312,-0.0382033088930465,2.683210421892509,-4.118885523795567,-3.691347807194699,-1.925057856380728,1.3380002518837073,-0.0985038505324596,3.9504616480210495,-0.4436436530125828,1.3272677198986411
67.0,65.0,129.88397216796875,-0.0386464136659557,2.6833347911990826,-4.112546802177949,-3.679046070321364,-1.924759852388866,1.3485506443875597,-0.0923837184509177,3.952150089693536,-0.4431080742553204,1.320725768990671
67.0,65.0,129.88453674316406,-0.032199913241572,2.6863696057210693,-4.1377097888506045,-3.6812110112629406,-1.925009018857038,1.346228050467223,-0.0982079936733931,3.948765495160442,-0.4405962658645451,1.3242940524795217
67.0,65.0,129.88388061523438,-0.0378107089821002,2.681909770888872,-4.113400047715115,-3.688687093268667,-1.9246021873645136,1.34573448286872,-0.0965851133045442,3.9570354021391023,-0.4412481147965651,1.326002721198902
67.0,65.0,129.88534545898438,-0.0363529475483693,2.685729633046196,-4.12022232633744,-3.680352041048926,-1.925223453390698,1.359841152516604,-0.110361472093568,3.93748506148884,-0.4624040564161834,1.3161132410688197
67.0,65.0,129.88470458984375,-0.0486457551822262,2.680300884871768,-4.118655766767558,-3.6693771492721297,-1.9152703764873813,1.3374279662170143,-0.0902811794127265,3.9678079584651536,-0.4484382628428427,1.2999408873283955
67.0,65.0,129.8838348388672,-0.0398595233812105,2.69080280124871,-4.113293238615252,-3.67995178638612,-1.922975460870994,1.3375873615125675,-0.0987454642767401,3.9602689608522255,-0.4410234238459065,1.3202135565076318
67.0,65.0,129.88377380371094,-0.0399577529350641,2.683951326737944,-4.11409128418014,-3.681289337371545,-1.924380755156704,1.3448717929242058,-0.0959637858982409,3.9596759122131417,-0.4415445670201363,1.3210377334526509
67.0,65.0,129.88381958007812,-0.0382454662000748,2.6843102987638594,-4.112180475349911,-3.683203675526845,-1.9230956825802463,1.3451952358881198,-0.0951252216612652,3.956917968961193,-0.4421143219246207,1.3219572442552838
67.0,65.0,129.88388061523438,-0.0382476938653135,2.681285356143959,-4.1163079264634055,-3.677145446569337,-1.920002876537123,1.347575025368244,-0.0939989984745772,3.971461496303671,-0.4405196449295776,1.3211173218337755
67.0,65.0,129.88389587402344,-0.0380809577495327,2.678102202894649,-4.117128028692563,-3.681874568736612,-1.922669723771753,1.349836879063586,-0.1035582867370067,3.960919820820093,-0.4432095354230223,1.3161670432458583
67.0,65.0,129.88377380371094,-0.0371805364858019,2.6801813032461115,-4.1167807610360825,-3.679723208187392,-1.9233638643688973,1.3372673196431033,-0.1017256671032174,3.964156436650676,-0.4492556300530455,1.3200218327343036
67.0,65.0,129.8837890625,-0.0401216407920461,2.6836468956972723,-4.118200823402023,-3.680634322195375,-1.923489004253089,1.3445539811397669,-0.0954370842728364,3.958256654884509,-0.4450539595900704,1.3210771169747864
67.0,65.0,129.8841094970703,-0.0364550522902357,2.678722639296255,-4.125140092147719,-3.6839301607712303,-1.917394493449006,1.3406276185762551,-0.0848356609858668,3.960822238078331,-0.4444794649883402,1.3228707208050048
67.0,65.0,129.88406372070312,-0.0420112517604875,2.679852173634206,-4.11715069259902,-3.6899305580431374,-1.9184696287213407,1.337849771421121,-0.0925829673007536,3.9724574318389294,-0.4362331809367505,1.326466179248151
67.0,65.0,129.88427734375,-0.0386332165236907,2.685123733910669,-4.1240460584680045,-3.684656742727636,-1.9200922900132675,1.345973149150858,-0.1132793705990781,3.9690383063229735,-0.4570012857603849,1.324841907479609
67.0,65.0,129.88385009765625,-0.0370476538699206,2.673107468152071,-4.1094356139160695,-3.6768631049202702,-1.9238035124038613,1.3425148389569077,-0.0973558638081782,3.9631946394854216,-0.4467441660570326,1.322505725508127
67.0,66.0,129.8854522705078,-0.024913178451968,2.6860798871689724,-4.116955728203013,-3.6732630272646016,-1.9500856693940591,1.351441959202703,-0.0741397555146345,3.976496470107653,-0.4514977238147504,1.3207495542655825
67.0,66.0,129.88375854492188,-0.0393856041203278,2.680635346280648,-4.11238152420214,-3.68053105804504,-1.923103727026549,1.3397577893064083,-0.0961670945451143,3.961317791096818,-0.4395276220037658,1.322815987512513
67.0,66.0,129.88381958007812,-0.037842371596367,2.6803829674322226,-4.110729488434347,-3.681136285381515,-1.924840361074839,1.341432283994015,-0.1073310196425653,3.9594143704270857,-0.4444825696628944,1.3236523961605158
67.0,66.0,129.88375854492188,-0.0384467685013246,2.68166587782416,-4.1113318509211485,-3.681002753316204,-1.9251297471757216,1.34086158757467,-0.0936726818876384,3.962858822662034,-0.4422433861821122,1.324071066377618
67.0,66.0,129.88375854492188,-0.0383819229282014,2.682197561454488,-4.112316470111973,-3.6823568315940487,-1.925541352033456,1.3389065948161505,-0.1025976437217625,3.9619839041542737,-0.4427571219012502,1.3188984653559876
67.0,66.0,129.88412475585938,-0.0388074804391526,2.6877985460610585,-4.113528073343364,-3.662084127527109,-1.927591512665318,1.3428829361039003,-0.0945560178947862,3.9696864920460735,-0.4462258194401474,1.327335418632295
67.0,66.0,129.884033203125,-0.0405395853238237,2.676308276682645,-4.117327906887575,-3.69017735583792,-1.9181288522331847,1.3420637962274733,-0.092594257790104,3.959406102133228,-0.4371775760276193,1.323869628067004
67.0,66.0,129.88380432128906,-0.0390820067464913,2.6829506363431577,-4.113312611286857,-3.6814272599685927,-1.922039052328748,1.344336460807045,-0.095451965367625,3.957476153650929,-0.4415093061023265,1.3198627626288175
67.0,66.0,129.88375854492188,-0.0383748545952906,2.6828627286513544,-4.119418813913224,-3.682494467981616,-1.9282209049358472,1.3367262681858223,-0.1005647864268345,3.962036320306789,-0.4450312679628621,1.326115382226244
67.0,66.0,129.88381958007812,-0.0384845814678022,2.6801285814883045,-4.113037108600152,-3.684493715394865,-1.9257755823672933,1.3448715185218123,-0.1066491397592863,3.963134683823258,-0.440580064559892,1.3211131360980402
67.0,66.0,129.88380432128906,-0.0404948886169489,2.6831588463099965,-4.10964810273219,-3.681638381504311,-1.92349626714526,1.3434934525512685,-0.0983413342366831,3.9589980905168094,-0.4466614571227639,1.320428663313886
67.0,66.0,129.88377380371094,-0.0378591694234113,2.684895826773754,-4.118227332618508,-3.679404193526077,-1.924432076279036,1.3419771633205635,-0.10606815229388,3.963107310779944,-0.4423095108848875,1.3223309472238691
67.0,66.0,129.88600158691406,-0.0365630246479893,2.712202195516876,-4.138789352553506,-3.682799737197863,-1.918318633506026,1.3524493599689975,-0.1045581165174854,3.957418321041093,-0.425432005274915,1.307641993603458
67.0,66.0,129.8838348388672,-0.0391392633842883,2.680845459691246,-4.114231586649213,-3.6864637928288575,-1.9239645643972336,1.3443402540422456,-0.1006166900313044,3.969745097449993,-0.4373273597768179,1.321302834757126
67.0,66.0,129.88389587402344,-0.03897748045897,2.6785490756808623,-4.112281699474301,-3.671118933464244,-1.9230905043076507,1.3388574428350553,-0.1006935893739733,3.963587514785338,-0.4530668603714282,1.321596103080331
67.0,66.0,129.8838653564453,-0.0393061233272463,2.681281267158944,-4.114158484769709,-3.67815434163132,-1.923608340265704,1.3382934884267703,-0.0952300923643864,3.9551757729086834,-0.4420769687443724,1.3300909515584056
67.0,66.0,129.88389587402344,-0.0297320688708634,2.680621051690811,-4.114615670664978,-3.681036878324659,-1.9249037852515245,1.3393379822689695,-0.10008832981152,3.955731980235912,-0.4360994890063264,1.321393381752646
67.0,66.0,129.8840789794922,-0.0337236882945446,2.679580867680278,-4.111443171495988,-3.6827637189864575,-1.9236504364942968,1.3571530219554144,-0.0983775729900395,3.9591325009447935,-0.4376904353314904,1.3218624268748835
67.0,66.0,129.88436889648438,-0.03707358177901,2.6775330329510667,-4.100677158471909,-3.6867249081004014,-1.926455791101608,1.338279152138534,-0.1054587029731854,3.950198919334129,-0.432546029855543,1.326373374521527
67.0,66.0,129.88433837890625,-0.0376210098635436,2.6625844253568083,-4.124914469248726,-3.689934499588209,-1.918659997330244,1.3400111871689226,-0.100042571045719,3.964597159091412,-0.4411014489203702,1.322791171593675
67.0,66.0,129.8837890625,-0.0394980867490792,2.6815779431972406,-4.1168785301556445,-3.681698391991953,-1.924053272910574,1.344643452859574,-0.102118036465461,3.9601782968794073,-0.4377647591669585,1.3205051770918452
67.0,66.0,129.8837432861328,-0.0383931038711856,2.681743703753225,-4.110919821985832,-3.680941012101324,-1.9246707853026483,1.3396469992217974,-0.1016141060131876,3.960629551844936,-0.4436288058793948,1.3237666766968057
67.0,66.0,129.88377380371094,-0.0381818617696175,2.6816767545070705,-4.108963336186271,-3.679920097957473,-1.924738797643236,1.345678432318963,-0.0987065245506907,3.964758530133065,-0.4473002628246597,1.32157799936721
67.0,66.0,129.88385009765625,-0.0391616235606813,2.6819344172333244,-4.1121592584668125,-3.6881904032722153,-1.9274860098434337,1.342805069146927,-0.103793883504507,3.9597668721058814,-0.4478018396206689,1.324794742232183
67.0,66.0,129.88380432128906,-0.0398560919905756,2.6857062689248385,-4.11427721248312,-3.682987786718519,-1.9243438375387605,1.341935804982611,-0.0968393982087765,3.9567248322548862,-0.4400813241432407,1.3242084398236391
67.0,66.0,129.8837890625,-0.0378931442616131,2.682927951145748,-4.110481010929944,-3.680390251218933,-1.922196655879245,1.3405966515836445,-0.1014809339809997,3.9581403986283488,-0.4454333814225447,1.3263650405592846
67.0,66.0,129.8838653564453,-0.0417685719485916,2.6802015363599296,-4.110563772539985,-3.681600935858929,-1.9213245487238009,1.3384426762587929,-0.1020714365208605,3.9696759422833097,-0.4431154358509501,1.3307728090914976
67.0,66.0,129.88528442382812,-0.0299266617866653,2.675782860175412,-4.12294055859656,-3.677524823072584,-1.8891098542105536,1.33749508485004,-0.0964280587556275,3.958427800886328,-0.4386514931980343,1.3229749305398468
67.0,66.0,129.8851318359375,-0.0389582510882119,2.689426991738716,-4.123288506517958,-3.663173480142322,-1.924591582834212,1.3369645930254264,-0.0775918652351551,3.95759809582678,-0.4517180211118199,1.301759506585812
67.0,66.0,129.88389587402344,-0.0380848966813407,2.681788674968337,-4.112361385622114,-3.680719955413873,-1.92844577252386,1.3433476739471748,-0.0901224759974897,3.955421619233968,-0.4481047174886632,1.3220126302113606
67.0,66.0,129.8837890625,-0.0413513153174752,2.68311542214475,-4.112463556550431,-3.6796446088491326,-1.9240487241253947,1.3442595955117351,-0.1003490947626991,3.957654007548676,-0.4405598099058969,1.3245644687851776
67.0,66.0,129.8865966796875,-0.0329050341844034,2.6750907278848914,-4.133726768929593,-3.637972963840137,-1.9298180653521635,1.3636520730621793,-0.0977112499202529,3.957958938242328,-0.4311137841518704,1.3240589131302805
67.0,66.0,129.88543701171875,-0.0386781801568915,2.6827352096132486,-4.104287941417335,-3.6947939235851295,-1.921755488161602,1.341088405039344,-0.1027258398787211,3.928051480764162,-0.4425655638523151,1.3289687763380864
67.0,66.0,129.88406372070312,-0.0382033088930465,2.683210421892509,-4.118885523795567,-3.691347807194699,-1.925057856380728,1.3380002518837073,-0.0985038505324596,3.9504616480210495,-0.4436436530125828,1.3272677198986411
67.0,66.0,129.88397216796875,-0.0386464136659557,2.6833347911990826,-4.112546802177949,-3.679046070321364,-1.924759852388866,1.3485506443875597,-0.0923837184509177,3.952150089693536,-0.4431080742553204,1.320725768990671
67.0,66.0,129.88453674316406,-0.032199913241572,2.6863696057210693,-4.1377097888506045,-3.6812110112629406,-1.925009018857038,1.346228050467223,-0.0982079936733931,3.948765495160442,-0.4405962658645451,1.3242940524795217
67.0,66.0,129.88385009765625,-0.0374984433930364,2.688740019390828,-4.11552276482327,-3.686681433646439,-1.924761969387845,1.3463144489660912,-0.0973039894745275,3.959894416564188,-0.4431073156372601,1.3252747958650966
67.0,66.0,129.88534545898438,-0.0363529475483693,2.685729633046196,-4.12022232633744,-3.680352041048926,-1.925223453390698,1.359841152516604,-0.110361472093568,3.93748506148884,-0.4624040564161834,1.3161132410688197
67.0,66.0,129.88470458984375,-0.0486457551822262,2.680300884871768,-4.118655766767558,-3.6693771492721297,-1.9152703764873813,1.3374279662170143,-0.0902811794127265,3.9678079584651536,-0.4484382628428427,1.2999408873283955
67.0,66.0,129.8838348388672,-0.0398595233812105,2.69080280124871,-4.113293238615252,-3.67995178638612,-1.922975460870994,1.3375873615125675,-0.0987454642767401,3.9602689608522255,-0.4410234238459065,1.3202135565076318
67.0,66.0,129.88377380371094,-0.0399577529350641,2.683951326737944,-4.11409128418014,-3.681289337371545,-1.924380755156704,1.3448717929242058,-0.0959637858982409,3.9596759122131417,-0.4415445670201363,1.3210377334526509
67.0,66.0,129.88381958007812,-0.0382454662000748,2.6843102987638594,-4.112180475349911,-3.683203675526845,-1.9230956825802463,1.3451952358881198,-0.0951252216612652,3.956917968961193,-0.4421143219246207,1.3219572442552838
67.0,66.0,129.88388061523438,-0.0382476938653135,2.681285356143959,-4.1163079264634055,-3.677145446569337,-1.920002876537123,1.347575025368244,-0.0939989984745772,3.971461496303671,-0.4405196449295776,1.3211173218337755
67.0,66.0,129.88380432128906,-0.038655453032581,2.678915316722283,-4.117219164836731,-3.6755737113519817,-1.9240078873020512,1.3390697656128905,-0.1056898118526244,3.960814149271228,-0.4432461162319079,1.3209115758142231
67.0,66.0,129.88377380371094,-0.0371805364858019,2.6801813032461115,-4.1167807610360825,-3.679723208187392,-1.9233638643688973,1.3372673196431033,-0.1017256671032174,3.964156436650676,-0.4492556300530455,1.3200218327343036
67.0,66.0,129.8837890625,-0.0401216407920461,2.6836468956972723,-4.118200823402023,-3.680634322195375,-1.923489004253089,1.3445539811397669,-0.0954370842728364,3.958256654884509,-0.4450539595900704,1.3210771169747864
67.0,66.0,129.8840789794922,-0.0406465621706593,2.6848980897326853,-4.096962157089907,-3.680133980061519,-1.9225363475331505,1.3393395825862826,-0.0979830904029113,3.9609253961730246,-0.4430680386449949,1.323148917652328
67.0,66.0,129.88406372070312,-0.0420112517604875,2.679852173634206,-4.11715069259902,-3.6899305580431374,-1.9184696287213407,1.337849771421121,-0.0925829673007536,3.9724574318389294,-0.4362331809367505,1.326466179248151
67.0,66.0,129.8842315673828,-0.0378438838479883,2.689332751792373,-4.11462590297337,-3.676701306517137,-1.927027960687044,1.3443432121950765,-0.1065644342858649,3.952345309816793,-0.4445202822307691,1.307213335530658
67.0,66.0,129.88385009765625,-0.0370476538699206,2.673107468152071,-4.1094356139160695,-3.6768631049202702,-1.9238035124038613,1.3425148389569077,-0.0973558638081782,3.9631946394854216,-0.4467441660570326,1.322505725508127
67.0,67.0,129.8854522705078,-0.024913178451968,2.6860798871689724,-4.116955728203013,-3.6732630272646016,-1.9500856693940591,1.351441959202703,-0.0741397555146345,3.976496470107653,-0.4514977238147504,1.3207495542655825
67.0,67.0,129.88372802734375,-0.0396601301526671,2.6824214471110213,-4.114176576160914,-3.6803846864453593,-1.924251919521299,1.3393735760874277,-0.1015541335523571,3.960655194670424,-0.4430571870415541,1.3228611078670374
67.0,67.0,129.88381958007812,-0.037842371596367,2.6803829674322226,-4.110729488434347,-3.681136285381515,-1.924840361074839,1.341432283994015,-0.1073310196425653,3.9594143704270857,-0.4444825696628944,1.3236523961605158
67.0,67.0,129.8837432861328,-0.0381501118046819,2.681564014889937,-4.1106760989892726,-3.6810606277320224,-1.9265943351461243,1.339386660002253,-0.0963262774394201,3.9611701147297618,-0.441667243114938,1.3238426154004788
67.0,67.0,129.88372802734375,-0.0378638788614475,2.6816528780745084,-4.113832592149451,-3.679159629992752,-1.923534519948707,1.338797494049465,-0.0965357549723827,3.961384075979965,-0.4432088493479778,1.3225386320098826
67.0,67.0,129.88412475585938,-0.0388074804391526,2.6877985460610585,-4.113528073343364,-3.662084127527109,-1.927591512665318,1.3428829361039003,-0.0945560178947862,3.9696864920460735,-0.4462258194401474,1.327335418632295
67.0,67.0,129.884033203125,-0.0405395853238237,2.676308276682645,-4.117327906887575,-3.69017735583792,-1.9181288522331847,1.3420637962274733,-0.092594257790104,3.959406102133228,-0.4371775760276193,1.323869628067004
67.0,67.0,129.88380432128906,-0.0390820067464913,2.6829506363431577,-4.113312611286857,-3.6814272599685927,-1.922039052328748,1.344336460807045,-0.095451965367625,3.957476153650929,-0.4415093061023265,1.3198627626288175
67.0,67.0,129.88375854492188,-0.0383748545952906,2.6828627286513544,-4.119418813913224,-3.682494467981616,-1.9282209049358472,1.3367262681858223,-0.1005647864268345,3.962036320306789,-0.4450312679628621,1.326115382226244
67.0,67.0,129.88381958007812,-0.0384845814678022,2.6801285814883045,-4.113037108600152,-3.684493715394865,-1.9257755823672933,1.3448715185218123,-0.1066491397592863,3.963134683823258,-0.440580064559892,1.3211131360980402
67.0,67.0,129.88380432128906,-0.0404948886169489,2.6831588463099965,-4.10964810273219,-3.681638381504311,-1.92349626714526,1.3434934525512685,-0.0983413342366831,3.9589980905168094,-0.4466614571227639,1.320428663313886
67.0,67.0,129.88377380371094,-0.0378591694234113,2.684895826773754,-4.118227332618508,-3.679404193526077,-1.924432076279036,1.3419771633205635,-0.10606815229388,3.963107310779944,-0.4423095108848875,1.3223309472238691
67.0,67.0,129.88600158691406,-0.0365630246479893,2.712202195516876,-4.138789352553506,-3.682799737197863,-1.918318633506026,1.3524493599689975,-0.1045581165174854,3.957418321041093,-0.425432005274915,1.307641993603458
67.0,67.0,129.8838348388672,-0.0391392633842883,2.680845459691246,-4.114231586649213,-3.6864637928288575,-1.9239645643972336,1.3443402540422456,-0.1006166900313044,3.969745097449993,-0.4373273597768179,1.321302834757126
67.0,67.0,129.88389587402344,-0.03897748045897,2.6785490756808623,-4.112281699474301,-3.671118933464244,-1.9230905043076507,1.3388574428350553,-0.1006935893739733,3.963587514785338,-0.4530668603714282,1.321596103080331
67.0,67.0,129.8838653564453,-0.0393061233272463,2.681281267158944,-4.114158484769709,-3.67815434163132,-1.923608340265704,1.3382934884267703,-0.0952300923643864,3.9551757729086834,-0.4420769687443724,1.3300909515584056
67.0,67.0,129.88389587402344,-0.0297320688708634,2.680621051690811,-4.114615670664978,-3.681036878324659,-1.9249037852515245,1.3393379822689695,-0.10008832981152,3.955731980235912,-0.4360994890063264,1.321393381752646
67.0,67.0,129.8840789794922,-0.0337236882945446,2.679580867680278,-4.111443171495988,-3.6827637189864575,-1.9236504364942968,1.3571530219554144,-0.0983775729900395,3.9591325009447935,-0.4376904353314904,1.3218624268748835
67.0,67.0,129.88424682617188,-0.0381109453076313,2.678048960081996,-4.106205944595434,-3.688792095725758,-1.926903875963664,1.3386646090839505,-0.1055251430355931,3.949449637568157,-0.4532853269347104,1.3236769796446968
67.0,67.0,129.88433837890625,-0.0376210098635436,2.6625844253568083,-4.124914469248726,-3.689934499588209,-1.918659997330244,1.3400111871689226,-0.100042571045719,3.964597159091412,-0.4411014489203702,1.322791171593675
67.0,67.0,129.8837890625,-0.0394980867490792,2.6815779431972406,-4.1168785301556445,-3.681698391991953,-1.924053272910574,1.344643452859574,-0.102118036465461,3.9601782968794073,-0.4377647591669585,1.3205051770918452
67.0,67.0,129.8837432861328,-0.0383931038711856,2.681743703753225,-4.110919821985832,-3.680941012101324,-1.9246707853026483,1.3396469992217974,-0.1016141060131876,3.960629551844936,-0.4436288058793948,1.3237666766968057
67.0,67.0,129.88377380371094,-0.0381818617696175,2.6816767545070705,-4.108963336186271,-3.679920097957473,-1.924738797643236,1.345678432318963,-0.0987065245506907,3.964758530133065,-0.4473002628246597,1.32157799936721
67.0,67.0,129.88381958007812,-0.0380075266307912,2.681244376438657,-4.111454551744944,-3.683728576583744,-1.9265682197503275,1.3387990058087238,-0.1043685569062726,3.958931926259795,-0.4462529360309513,1.3184378891728168
67.0,67.0,129.88380432128906,-0.0398560919905756,2.6857062689248385,-4.11427721248312,-3.682987786718519,-1.9243438375387605,1.341935804982611,-0.0968393982087765,3.9567248322548862,-0.4400813241432407,1.3242084398236391
67.0,67.0,129.8837890625,-0.0378931442616131,2.682927951145748,-4.110481010929944,-3.680390251218933,-1.922196655879245,1.3405966515836445,-0.1014809339809997,3.9581403986283488,-0.4454333814225447,1.3263650405592846
67.0,67.0,129.8838653564453,-0.0417685719485916,2.6802015363599296,-4.110563772539985,-3.681600935858929,-1.9213245487238009,1.3384426762587929,-0.1020714365208605,3.9696759422833097,-0.4431154358509501,1.3307728090914976
67.0,67.0,129.88528442382812,-0.0299266617866653,2.675782860175412,-4.12294055859656,-3.677524823072584,-1.8891098542105536,1.33749508485004,-0.0964280587556275,3.958427800886328,-0.4386514931980343,1.3229749305398468
67.0,67.0,129.8851318359375,-0.0389582510882119,2.689426991738716,-4.123288506517958,-3.663173480142322,-1.924591582834212,1.3369645930254264,-0.0775918652351551,3.95759809582678,-0.4517180211118199,1.301759506585812
67.0,67.0,129.88389587402344,-0.0380848966813407,2.681788674968337,-4.112361385622114,-3.680719955413873,-1.92844577252386,1.3433476739471748,-0.0901224759974897,3.955421619233968,-0.4481047174886632,1.3220126302113606
67.0,67.0,129.88377380371094,-0.0412349025713956,2.677881414535504,-4.1105816400108255,-3.680853472970005,-1.92468644021992,1.3437758106154984,-0.1014598463741472,3.9629232565607846,-0.442840282925548,1.324781740184818
67.0,67.0,129.8865966796875,-0.0329050341844034,2.6750907278848914,-4.133726768929593,-3.637972963840137,-1.9298180653521635,1.3636520730621793,-0.0977112499202529,3.957958938242328,-0.4311137841518704,1.3240589131302805
67.0,67.0,129.8844757080078,-0.0383662790362906,2.6829299889877394,-4.1043477539110285,-3.6841526823188815,-1.9210197671505969,1.3379021575359458,-0.1023823197232387,3.987858448505442,-0.4371352705840624,1.3217137249952424
67.0,67.0,129.88375854492188,-0.0378724518608138,2.684768875634931,-4.113912908317971,-3.682751267612587,-1.92495957949158,1.3364368950593264,-0.0952671392181065,3.962466231376296,-0.4438521109576562,1.3221513062952523
67.0,67.0,129.88397216796875,-0.0386464136659557,2.6833347911990826,-4.112546802177949,-3.679046070321364,-1.924759852388866,1.3485506443875597,-0.0923837184509177,3.952150089693536,-0.4431080742553204,1.320725768990671
67.0,67.0,129.88453674316406,-0.032199913241572,2.6863696057210693,-4.1377097888506045,-3.6812110112629406,-1.925009018857038,1.346228050467223,-0.0982079936733931,3.948765495160442,-0.4405962658645451,1.3242940524795217
67.0,67.0,129.88381958007812,-0.0383234076442159,2.684509729354856,-4.110331664393771,-3.680171259743288,-1.9247595215705624,1.3427257099556342,-0.1019199657865934,3.961160181675916,-0.4439397598115711,1.3309531351379202
67.0,67.0,129.8839569091797,-0.0378124486269496,2.679749861087934,-4.111091645345662,-3.682894665714272,-1.9247700512246624,1.33638276451135,-0.0998305951620248,3.951230580584796,-0.4405929139524194,1.3193039623750145
67.0,67.0,129.88470458984375,-0.0486457551822262,2.680300884871768,-4.118655766767558,-3.6693771492721297,-1.9152703764873813,1.3374279662170143,-0.0902811794127265,3.9678079584651536,-0.4484382628428427,1.2999408873283955
67.0,67.0,129.8838348388672,-0.0398595233812105,2.69080280124871,-4.113293238615252,-3.67995178638612,-1.922975460870994,1.3375873615125675,-0.0987454642767401,3.9602689608522255,-0.4410234238459065,1.3202135565076318
67.0,67.0,129.88377380371094,-0.0399577529350641,2.683951326737944,-4.11409128418014,-3.681289337371545,-1.924380755156704,1.3448717929242058,-0.0959637858982409,3.9596759122131417,-0.4415445670201363,1.3210377334526509
67.0,67.0,129.88381958007812,-0.0382454662000748,2.6843102987638594,-4.112180475349911,-3.683203675526845,-1.9230956825802463,1.3451952358881198,-0.0951252216612652,3.956917968961193,-0.4421143219246207,1.3219572442552838
67.0,67.0,129.88388061523438,-0.0382476938653135,2.681285356143959,-4.1163079264634055,-3.677145446569337,-1.920002876537123,1.347575025368244,-0.0939989984745772,3.971461496303671,-0.4405196449295776,1.3211173218337755
67.0,67.0,129.88380432128906,-0.038655453032581,2.678915316722283,-4.117219164836731,-3.6755737113519817,-1.9240078873020512,1.3390697656128905,-0.1056898118526244,3.960814149271228,-0.4432461162319079,1.3209115758142231
67.0,67.0,129.88377380371094,-0.0371805364858019,2.6801813032461115,-4.1167807610360825,-3.679723208187392,-1.9233638643688973,1.3372673196431033,-0.1017256671032174,3.964156436650676,-0.4492556300530455,1.3200218327343036
67.0,67.0,129.8837890625,-0.0401216407920461,2.6836468956972723,-4.118200823402023,-3.680634322195375,-1.923489004253089,1.3445539811397669,-0.0954370842728364,3.958256654884509,-0.4450539595900704,1.3210771169747864
67.0,67.0,129.8840789794922,-0.0406465621706593,2.6848980897326853,-4.096962157089907,-3.680133980061519,-1.9225363475331505,1.3393395825862826,-0.0979830904029113,3.9609253961730246,-0.4430680386449949,1.323148917652328
67.0,67.0,129.88406372070312,-0.0420112517604875,2.679852173634206,-4.11715069259902,-3.6899305580431374,-1.9184696287213407,1.337849771421121,-0.0925829673007536,3.9724574318389294,-0.4362331809367505,1.326466179248151
67.0,67.0,129.88404846191406,-0.0385498826296263,2.677659416482294,-4.103053070133858,-3.682875973129829,-1.9289335349797283,1.3410129151353192,-0.092614015119328,3.9558340626804296,-0.4378607278636848,1.3201351682929503
67.0,67.0,129.88385009765625,-0.0370476538699206,2.673107468152071,-4.1094356139160695,-3.6768631049202702,-1.9238035124038613,1.3425148389569077,-0.0973558638081782,3.9631946394854216,-0.4467441660570326,1.322505725508127
67.0,68.0,129.8854522705078,-0.024913178451968,2.6860798871689724,-4.116955728203013,-3.6732630272646016,-1.9500856693940591,1.351441959202703,-0.0741397555146345,3.976496470107653,-0.4514977238147504,1.3207495542655825
67.0,68.0,129.88372802734375,-0.0396601301526671,2.6824214471110213,-4.114176576160914,-3.6803846864453593,-1.924251919521299,1.3393735760874277,-0.1015541335523571,3.960655194670424,-0.4430571870415541,1.3228611078670374
67.0,68.0,129.88381958007812,-0.037842371596367,2.6803829674322226,-4.110729488434347,-3.681136285381515,-1.924840361074839,1.341432283994015,-0.1073310196425653,3.9594143704270857,-0.4444825696628944,1.3236523961605158
67.0,68.0,129.8837432861328,-0.0381501118046819,2.681564014889937,-4.1106760989892726,-3.6810606277320224,-1.9265943351461243,1.339386660002253,-0.0963262774394201,3.9611701147297618,-0.441667243114938,1.3238426154004788
67.0,68.0,129.88372802734375,-0.0378638788614475,2.6816528780745084,-4.113832592149451,-3.679159629992752,-1.923534519948707,1.338797494049465,-0.0965357549723827,3.961384075979965,-0.4432088493479778,1.3225386320098826
67.0,68.0,129.88412475585938,-0.0388074804391526,2.6877985460610585,-4.113528073343364,-3.662084127527109,-1.927591512665318,1.3428829361039003,-0.0945560178947862,3.9696864920460735,-0.4462258194401474,1.327335418632295
67.0,68.0,129.884033203125,-0.0405395853238237,2.676308276682645,-4.117327906887575,-3.69017735583792,-1.9181288522331847,1.3420637962274733,-0.092594257790104,3.959406102133228,-0.4371775760276193,1.323869628067004
67.0,68.0,129.88380432128906,-0.0390820067464913,2.6829506363431577,-4.113312611286857,-3.6814272599685927,-1.922039052328748,1.344336460807045,-0.095451965367625,3.957476153650929,-0.4415093061023265,1.3198627626288175
67.0,68.0,129.88375854492188,-0.0383748545952906,2.6828627286513544,-4.119418813913224,-3.682494467981616,-1.9282209049358472,1.3367262681858223,-0.1005647864268345,3.962036320306789,-0.4450312679628621,1.326115382226244
67.0,68.0,129.88381958007812,-0.0384845814678022,2.6801285814883045,-4.113037108600152,-3.684493715394865,-1.9257755823672933,1.3448715185218123,-0.1066491397592863,3.963134683823258,-0.440580064559892,1.3211131360980402
67.0,68.0,129.88377380371094,-0.0438382108770759,2.681699765229389,-4.114532219502303,-3.681438678004933,-1.923938140459673,1.3393742649213731,-0.0962842876345882,3.960874126947988,-0.4429296155590808,1.3241606908252306
67.0,68.0,129.88377380371094,-0.0378591694234113,2.684895826773754,-4.118227332618508,-3.679404193526077,-1.924432076279036,1.3419771633205635,-0.10606815229388,3.963107310779944,-0.4423095108848875,1.3223309472238691
67.0,68.0,129.88528442382812,-0.0405094160299787,2.670550601603186,-4.112204479499394,-3.6863587945389615,-1.9147563786189767,1.3506210797153375,-0.1128742450802693,3.960173702990503,-0.4438012591013661,1.3540519432212397
67.0,68.0,129.8838348388672,-0.0391392633842883,2.680845459691246,-4.114231586649213,-3.6864637928288575,-1.9239645643972336,1.3443402540422456,-0.1006166900313044,3.969745097449993,-0.4373273597768179,1.321302834757126
67.0,68.0,129.8837890625,-0.0387923216948101,2.6887577978012147,-4.113227728209416,-3.67598771150715,-1.9229881125450163,1.339128417374651,-0.1024941357351426,3.9650112802524657,-0.4437819455840258,1.3236740860735754
67.0,68.0,129.8838653564453,-0.0393061233272463,2.681281267158944,-4.114158484769709,-3.67815434163132,-1.923608340265704,1.3382934884267703,-0.0952300923643864,3.9551757729086834,-0.4420769687443724,1.3300909515584056
67.0,68.0,129.88389587402344,-0.0297320688708634,2.680621051690811,-4.114615670664978,-3.681036878324659,-1.9249037852515245,1.3393379822689695,-0.10008832981152,3.955731980235912,-0.4360994890063264,1.321393381752646
67.0,68.0,129.8840789794922,-0.0337236882945446,2.679580867680278,-4.111443171495988,-3.6827637189864575,-1.9236504364942968,1.3571530219554144,-0.0983775729900395,3.9591325009447935,-0.4376904353314904,1.3218624268748835
67.0,68.0,129.88385009765625,-0.0414629688407497,2.683589571458333,-4.121839599161863,-3.688365827446874,-1.923948306957172,1.3389685207167143,-0.1009805721724056,3.961632080808706,-0.4452269081970061,1.3228090237249293
67.0,68.0,129.88394165039062,-0.0446541879140947,2.69005185922267,-4.11696573477004,-3.6788874804842986,-1.919814616926986,1.3392177707785475,-0.1014866843684954,3.960194632191104,-0.4442872921387923,1.3308492060545136
67.0,68.0,129.8837890625,-0.0394980867490792,2.6815779431972406,-4.1168785301556445,-3.681698391991953,-1.924053272910574,1.344643452859574,-0.102118036465461,3.9601782968794073,-0.4377647591669585,1.3205051770918452
67.0,68.0,129.8837432861328,-0.0383931038711856,2.681743703753225,-4.110919821985832,-3.680941012101324,-1.9246707853026483,1.3396469992217974,-0.1016141060131876,3.960629551844936,-0.4436288058793948,1.3237666766968057
67.0,68.0,129.88377380371094,-0.0381818617696175,2.6816767545070705,-4.108963336186271,-3.679920097957473,-1.924738797643236,1.345678432318963,-0.0987065245506907,3.964758530133065,-0.4473002628246597,1.32157799936721
67.0,68.0,129.88381958007812,-0.0380075266307912,2.681244376438657,-4.111454551744944,-3.683728576583744,-1.9265682197503275,1.3387990058087238,-0.1043685569062726,3.958931926259795,-0.4462529360309513,1.3184378891728168
67.0,68.0,129.88380432128906,-0.0398560919905756,2.6857062689248385,-4.11427721248312,-3.682987786718519,-1.9243438375387605,1.341935804982611,-0.0968393982087765,3.9567248322548862,-0.4400813241432407,1.3242084398236391
67.0,68.0,129.8837890625,-0.0378931442616131,2.682927951145748,-4.110481010929944,-3.680390251218933,-1.922196655879245,1.3405966515836445,-0.1014809339809997,3.9581403986283488,-0.4454333814225447,1.3263650405592846
67.0,68.0,129.8837890625,-0.0387537350551684,2.6799620509059485,-4.11543323632696,-3.680309585244524,-1.924459260205138,1.337060036441864,-0.1017674822226257,3.97042060248169,-0.4421645730097489,1.3178911843005503
67.0,68.0,129.88487243652344,-0.0314639262548119,2.685653422992795,-4.106116833622632,-3.668024404546224,-1.9551997715821985,1.3417513566115642,-0.0940070393666955,3.9599420155139655,-0.4433331907337891,1.322468252949978
67.0,68.0,129.8851318359375,-0.0389582510882119,2.689426991738716,-4.123288506517958,-3.663173480142322,-1.924591582834212,1.3369645930254264,-0.0775918652351551,3.95759809582678,-0.4517180211118199,1.301759506585812
67.0,68.0,129.8838348388672,-0.0399915862514229,2.682618300455539,-4.113291172451544,-3.68021717978003,-1.9338948185240727,1.3412877415837574,-0.1049320228369298,3.9595220400040096,-0.4447616438915673,1.3216772005139228
67.0,68.0,129.88377380371094,-0.0412349025713956,2.677881414535504,-4.1105816400108255,-3.680853472970005,-1.92468644021992,1.3437758106154984,-0.1014598463741472,3.9629232565607846,-0.442840282925548,1.324781740184818
67.0,68.0,129.8865966796875,-0.0329050341844034,2.6750907278848914,-4.133726768929593,-3.637972963840137,-1.9298180653521635,1.3636520730621793,-0.0977112499202529,3.957958938242328,-0.4311137841518704,1.3240589131302805
67.0,68.0,129.88385009765625,-0.0400075336781644,2.68299262041886,-4.115142509042223,-3.676605696199945,-1.921306427258614,1.3386555486189318,-0.1018405971174735,3.973321086552584,-0.4473772237835806,1.3196970779037729
67.0,68.0,129.88375854492188,-0.0378724518608138,2.684768875634931,-4.113912908317971,-3.682751267612587,-1.92495957949158,1.3364368950593264,-0.0952671392181065,3.962466231376296,-0.4438521109576562,1.3221513062952523
67.0,68.0,129.88397216796875,-0.0386464136659557,2.6833347911990826,-4.112546802177949,-3.679046070321364,-1.924759852388866,1.3485506443875597,-0.0923837184509177,3.952150089693536,-0.4431080742553204,1.320725768990671
67.0,68.0,129.88453674316406,-0.032199913241572,2.6863696057210693,-4.1377097888506045,-3.6812110112629406,-1.925009018857038,1.346228050467223,-0.0982079936733931,3.948765495160442,-0.4405962658645451,1.3242940524795217
67.0,68.0,129.88381958007812,-0.0383234076442159,2.684509729354856,-4.110331664393771,-3.680171259743288,-1.9247595215705624,1.3427257099556342,-0.1019199657865934,3.961160181675916,-0.4439397598115711,1.3309531351379202
67.0,68.0,129.8839569091797,-0.0378124486269496,2.679749861087934,-4.111091645345662,-3.682894665714272,-1.9247700512246624,1.33638276451135,-0.0998305951620248,3.951230580584796,-0.4405929139524194,1.3193039623750145
67.0,68.0,129.88470458984375,-0.0486457551822262,2.680300884871768,-4.118655766767558,-3.6693771492721297,-1.9152703764873813,1.3374279662170143,-0.0902811794127265,3.9678079584651536,-0.4484382628428427,1.2999408873283955
67.0,68.0,129.8838348388672,-0.0398595233812105,2.69080280124871,-4.113293238615252,-3.67995178638612,-1.922975460870994,1.3375873615125675,-0.0987454642767401,3.9602689608522255,-0.4410234238459065,1.3202135565076318
67.0,68.0,129.88377380371094,-0.0399577529350641,2.683951326737944,-4.11409128418014,-3.681289337371545,-1.924380755156704,1.3448717929242058,-0.0959637858982409,3.9596759122131417,-0.4415445670201363,1.3210377334526509
67.0,68.0,129.88381958007812,-0.0382454662000748,2.6843102987638594,-4.112180475349911,-3.683203675526845,-1.9230956825802463,1.3451952358881198,-0.0951252216612652,3.956917968961193,-0.4421143219246207,1.3219572442552838
67.0,68.0,129.88388061523438,-0.0382476938653135,2.681285356143959,-4.1163079264634055,-3.677145446569337,-1.920002876537123,1.347575025368244,-0.0939989984745772,3.971461496303671,-0.4405196449295776,1.3211173218337755
67.0,68.0,129.8837432861328,-0.0389323206483039,2.6798945456717225,-4.114723324650559,-3.6793677383405448,-1.9235309531106248,1.3427980307043956,-0.0983882161953171,3.9606781666563378,-0.4430913917651316,1.3185173505531438
67.0,68.0,129.88377380371094,-0.0371805364858019,2.6801813032461115,-4.1167807610360825,-3.679723208187392,-1.9233638643688973,1.3372673196431033,-0.1017256671032174,3.964156436650676,-0.4492556300530455,1.3200218327343036
67.0,68.0,129.8837890625,-0.0401216407920461,2.6836468956972723,-4.118200823402023,-3.680634322195375,-1.923489004253089,1.3445539811397669,-0.0954370842728364,3.958256654884509,-0.4450539595900704,1.3210771169747864
67.0,68.0,129.88404846191406,-0.040475610899862,2.6812419307780777,-4.097476695442284,-3.6804185452612144,-1.9249772093089097,1.338929832359755,-0.1005333698008856,3.960930313711666,-0.4428796379019163,1.3221611152491075
67.0,68.0,129.88406372070312,-0.0420112517604875,2.679852173634206,-4.11715069259902,-3.6899305580431374,-1.9184696287213407,1.337849771421121,-0.0925829673007536,3.9724574318389294,-0.4362331809367505,1.326466179248151
67.0,68.0,129.88392639160156,-0.0390003785992996,2.677191508655273,-4.109628088619375,-3.682292718655611,-1.9198607034825936,1.3374874127464698,-0.1070469500219799,3.961266230746347,-0.4398170248822044,1.3286686422365996
67.0,68.0,129.88385009765625,-0.0370476538699206,2.673107468152071,-4.1094356139160695,-3.6768631049202702,-1.9238035124038613,1.3425148389569077,-0.0973558638081782,3.9631946394854216,-0.4467441660570326,1.322505725508127
67.0,69.0,129.8854522705078,-0.024913178451968,2.6860798871689724,-4.116955728203013,-3.6732630272646016,-1.9500856693940591,1.351441959202703,-0.0741397555146345,3.976496470107653,-0.4514977238147504,1.3207495542655825
67.0,69.0,129.88372802734375,-0.0396601301526671,2.6824214471110213,-4.114176576160914,-3.6803846864453593,-1.924251919521299,1.3393735760874277,-0.1015541335523571,3.960655194670424,-0.4430571870415541,1.3228611078670374
67.0,69.0,129.88381958007812,-0.037842371596367,2.6803829674322226,-4.110729488434347,-3.681136285381515,-1.924840361074839,1.341432283994015,-0.1073310196425653,3.9594143704270857,-0.4444825696628944,1.3236523961605158
67.0,69.0,129.88372802734375,-0.0408632948412952,2.6822521281746026,-4.114427370408032,-3.680509287129514,-1.9250523049638304,1.339617625152144,-0.0989211913508911,3.962516153197523,-0.4412394643708444,1.323838558239204
67.0,69.0,129.88372802734375,-0.0378638788614475,2.6816528780745084,-4.113832592149451,-3.679159629992752,-1.923534519948707,1.338797494049465,-0.0965357549723827,3.961384075979965,-0.4432088493479778,1.3225386320098826
67.0,69.0,129.88412475585938,-0.0388074804391526,2.6877985460610585,-4.113528073343364,-3.662084127527109,-1.927591512665318,1.3428829361039003,-0.0945560178947862,3.9696864920460735,-0.4462258194401474,1.327335418632295
67.0,69.0,129.884033203125,-0.0405395853238237,2.676308276682645,-4.117327906887575,-3.69017735583792,-1.9181288522331847,1.3420637962274733,-0.092594257790104,3.959406102133228,-0.4371775760276193,1.323869628067004
67.0,69.0,129.88380432128906,-0.0390820067464913,2.6829506363431577,-4.113312611286857,-3.6814272599685927,-1.922039052328748,1.344336460807045,-0.095451965367625,3.957476153650929,-0.4415093061023265,1.3198627626288175
67.0,69.0,129.88375854492188,-0.0383748545952906,2.6828627286513544,-4.119418813913224,-3.682494467981616,-1.9282209049358472,1.3367262681858223,-0.1005647864268345,3.962036320306789,-0.4450312679628621,1.326115382226244
67.0,69.0,129.88381958007812,-0.0384845814678022,2.6801285814883045,-4.113037108600152,-3.684493715394865,-1.9257755823672933,1.3448715185218123,-0.1066491397592863,3.963134683823258,-0.440580064559892,1.3211131360980402
67.0,69.0,129.88377380371094,-0.0438382108770759,2.681699765229389,-4.114532219502303,-3.681438678004933,-1.923938140459673,1.3393742649213731,-0.0962842876345882,3.960874126947988,-0.4429296155590808,1.3241606908252306
67.0,69.0,129.88377380371094,-0.0378591694234113,2.684895826773754,-4.118227332618508,-3.679404193526077,-1.924432076279036,1.3419771633205635,-0.10606815229388,3.963107310779944,-0.4423095108848875,1.3223309472238691
67.0,69.0,129.8841094970703,-0.0408155303372582,2.671924442962414,-4.103134402867035,-3.680235585059512,-1.9215107876273103,1.3368541106536358,-0.0918745822027715,3.961423230028602,-0.4404610696721048,1.3299090735753056
67.0,69.0,129.8838348388672,-0.0391392633842883,2.680845459691246,-4.114231586649213,-3.6864637928288575,-1.9239645643972336,1.3443402540422456,-0.1006166900313044,3.969745097449993,-0.4373273597768179,1.321302834757126
67.0,69.0,129.8837890625,-0.0387923216948101,2.6887577978012147,-4.113227728209416,-3.67598771150715,-1.9229881125450163,1.339128417374651,-0.1024941357351426,3.9650112802524657,-0.4437819455840258,1.3236740860735754
67.0,69.0,129.8838653564453,-0.0393061233272463,2.681281267158944,-4.114158484769709,-3.67815434163132,-1.923608340265704,1.3382934884267703,-0.0952300923643864,3.9551757729086834,-0.4420769687443724,1.3300909515584056
67.0,69.0,129.88389587402344,-0.0297320688708634,2.680621051690811,-4.114615670664978,-3.681036878324659,-1.9249037852515245,1.3393379822689695,-0.10008832981152,3.955731980235912,-0.4360994890063264,1.321393381752646
67.0,69.0,129.8840789794922,-0.0337236882945446,2.679580867680278,-4.111443171495988,-3.6827637189864575,-1.9236504364942968,1.3571530219554144,-0.0983775729900395,3.9591325009447935,-0.4376904353314904,1.3218624268748835
67.0,69.0,129.88377380371094,-0.0421094701754885,2.6841230300374463,-4.114142933875542,-3.67653645356349,-1.9231844996435297,1.339980463818318,-0.1004959358617799,3.965056061372618,-0.4387701596161258,1.322482647498633
67.0,69.0,129.88394165039062,-0.0446541879140947,2.69005185922267,-4.11696573477004,-3.6788874804842986,-1.919814616926986,1.3392177707785475,-0.1014866843684954,3.960194632191104,-0.4442872921387923,1.3308492060545136
67.0,69.0,129.8837890625,-0.0394980867490792,2.6815779431972406,-4.1168785301556445,-3.681698391991953,-1.924053272910574,1.344643452859574,-0.102118036465461,3.9601782968794073,-0.4377647591669585,1.3205051770918452
67.0,69.0,129.8837432861328,-0.0383931038711856,2.681743703753225,-4.110919821985832,-3.680941012101324,-1.9246707853026483,1.3396469992217974,-0.1016141060131876,3.960629551844936,-0.4436288058793948,1.3237666766968057
67.0,69.0,129.88377380371094,-0.0381818617696175,2.6816767545070705,-4.108963336186271,-3.679920097957473,-1.924738797643236,1.345678432318963,-0.0987065245506907,3.964758530133065,-0.4473002628246597,1.32157799936721
67.0,69.0,129.88381958007812,-0.0380075266307912,2.681244376438657,-4.111454551744944,-3.683728576583744,-1.9265682197503275,1.3387990058087238,-0.1043685569062726,3.958931926259795,-0.4462529360309513,1.3184378891728168
67.0,69.0,129.88380432128906,-0.0398560919905756,2.6857062689248385,-4.11427721248312,-3.682987786718519,-1.9243438375387605,1.341935804982611,-0.0968393982087765,3.9567248322548862,-0.4400813241432407,1.3242084398236391
67.0,69.0,129.8837890625,-0.0378931442616131,2.682927951145748,-4.110481010929944,-3.680390251218933,-1.922196655879245,1.3405966515836445,-0.1014809339809997,3.9581403986283488,-0.4454333814225447,1.3263650405592846
67.0,69.0,129.8837890625,-0.0387537350551684,2.6799620509059485,-4.11543323632696,-3.680309585244524,-1.924459260205138,1.337060036441864,-0.1017674822226257,3.97042060248169,-0.4421645730097489,1.3178911843005503
67.0,69.0,129.88417053222656,-0.0383893705259766,2.6853916896923344,-4.099147259240529,-3.673196871584283,-1.9286105771816773,1.3443450524981526,-0.1098729337947694,3.9605457045644137,-0.4453477055175391,1.3211529442417569
67.0,69.0,129.8851318359375,-0.0389582510882119,2.689426991738716,-4.123288506517958,-3.663173480142322,-1.924591582834212,1.3369645930254264,-0.0775918652351551,3.95759809582678,-0.4517180211118199,1.301759506585812
67.0,69.0,129.88372802734375,-0.0401304886888829,2.6826231701096943,-4.11460783310519,-3.68035751517984,-1.923476049603897,1.3396390244885077,-0.0992416294423162,3.962261697216724,-0.4427013717036887,1.3208328590038698
67.0,69.0,129.88375854492188,-0.0392645924585981,2.678013538431611,-4.114880576612775,-3.6801138147431134,-1.9240649107689805,1.337253838364393,-0.1021523242342768,3.9610617093913456,-0.4427634175566216,1.3223064491173642
67.0,69.0,129.8865966796875,-0.0329050341844034,2.6750907278848914,-4.133726768929593,-3.637972963840137,-1.9298180653521635,1.3636520730621793,-0.0977112499202529,3.957958938242328,-0.4311137841518704,1.3240589131302805
67.0,69.0,129.88385009765625,-0.0400075336781644,2.68299262041886,-4.115142509042223,-3.676605696199945,-1.921306427258614,1.3386555486189318,-0.1018405971174735,3.973321086552584,-0.4473772237835806,1.3196970779037729
67.0,69.0,129.88375854492188,-0.0378724518608138,2.684768875634931,-4.113912908317971,-3.682751267612587,-1.92495957949158,1.3364368950593264,-0.0952671392181065,3.962466231376296,-0.4438521109576562,1.3221513062952523
67.0,69.0,129.88397216796875,-0.0386464136659557,2.6833347911990826,-4.112546802177949,-3.679046070321364,-1.924759852388866,1.3485506443875597,-0.0923837184509177,3.952150089693536,-0.4431080742553204,1.320725768990671
67.0,69.0,129.88453674316406,-0.032199913241572,2.6863696057210693,-4.1377097888506045,-3.6812110112629406,-1.925009018857038,1.346228050467223,-0.0982079936733931,3.948765495160442,-0.4405962658645451,1.3242940524795217
67.0,69.0,129.88372802734375,-0.0400392669733138,2.6838549748841367,-4.11526587249595,-3.677940289516276,-1.9256886172759964,1.3398488735573226,-0.0992902783458619,3.9606908601508777,-0.4440976131916241,1.3229480771894
67.0,69.0,129.8839569091797,-0.0378124486269496,2.679749861087934,-4.111091645345662,-3.682894665714272,-1.9247700512246624,1.33638276451135,-0.0998305951620248,3.951230580584796,-0.4405929139524194,1.3193039623750145
67.0,69.0,129.88470458984375,-0.0486457551822262,2.680300884871768,-4.118655766767558,-3.6693771492721297,-1.9152703764873813,1.3374279662170143,-0.0902811794127265,3.9678079584651536,-0.4484382628428427,1.2999408873283955
67.0,69.0,129.8838348388672,-0.0398595233812105,2.69080280124871,-4.113293238615252,-3.67995178638612,-1.922975460870994,1.3375873615125675,-0.0987454642767401,3.9602689608522255,-0.4410234238459065,1.3202135565076318
67.0,69.0,129.88377380371094,-0.0399577529350641,2.683951326737944,-4.11409128418014,-3.681289337371545,-1.924380755156704,1.3448717929242058,-0.0959637858982409,3.9596759122131417,-0.4415445670201363,1.3210377334526509
67.0,69.0,129.88381958007812,-0.0382454662000748,2.6843102987638594,-4.112180475349911,-3.683203675526845,-1.9230956825802463,1.3451952358881198,-0.0951252216612652,3.956917968961193,-0.4421143219246207,1.3219572442552838
67.0,69.0,129.88375854492188,-0.0383531232493373,2.682812701568785,-4.117246257621259,-3.680028916734543,-1.9257322633889085,1.3364691665009278,-0.0999826034317715,3.958180825003773,-0.4446378271185587,1.322261899153968
67.0,69.0,129.88372802734375,-0.0401411112366601,2.6812889187162425,-4.11416541753099,-3.679924397120433,-1.92372068809552,1.3386641239662689,-0.1006759425023652,3.9606364901575857,-0.4429790602862567,1.322984450704011
67.0,69.0,129.88377380371094,-0.0371805364858019,2.6801813032461115,-4.1167807610360825,-3.679723208187392,-1.9233638643688973,1.3372673196431033,-0.1017256671032174,3.964156436650676,-0.4492556300530455,1.3200218327343036
67.0,69.0,129.88375854492188,-0.0391289869332262,2.6836890877732023,-4.110832797149064,-3.681315951437134,-1.9245564046546328,1.3360795915286203,-0.0977519081695541,3.961239724487575,-0.4429071823727906,1.3229400921906689
67.0,69.0,129.88372802734375,-0.0397115361384038,2.6810012229809903,-4.115411750977208,-3.680511080146436,-1.9237603358232287,1.3390459794750922,-0.1015468177255758,3.960578124505437,-0.4429465258328998,1.3222910970389383
67.0,69.0,129.88406372070312,-0.0420112517604875,2.679852173634206,-4.11715069259902,-3.6899305580431374,-1.9184696287213407,1.337849771421121,-0.0925829673007536,3.9724574318389294,-0.4362331809367505,1.326466179248151
67.0,69.0,129.88385009765625,-0.0403146200418727,2.6791937422000296,-4.1132125226271095,-3.67827359544014,-1.923407265428161,1.338675006433565,-0.1080748009486747,3.962896876949858,-0.444591248352029,1.3289042803579176
67.0,69.0,129.88385009765625,-0.0370476538699206,2.673107468152071,-4.1094356139160695,-3.6768631049202702,-1.9238035124038613,1.3425148389569077,-0.0973558638081782,3.9631946394854216,-0.4467441660570326,1.322505725508127
67.0,70.0,129.8854522705078,-0.024913178451968,2.6860798871689724,-4.116955728203013,-3.6732630272646016,-1.9500856693940591,1.351441959202703,-0.0741397555146345,3.976496470107653,-0.4514977238147504,1.3207495542655825
67.0,70.0,129.88372802734375,-0.0396601301526671,2.6824214471110213,-4.114176576160914,-3.6803846864453593,-1.924251919521299,1.3393735760874277,-0.1015541335523571,3.960655194670424,-0.4430571870415541,1.3228611078670374
67.0,70.0,129.88381958007812,-0.037842371596367,2.6803829674322226,-4.110729488434347,-3.681136285381515,-1.924840361074839,1.341432283994015,-0.1073310196425653,3.9594143704270857,-0.4444825696628944,1.3236523961605158
67.0,70.0,129.88372802734375,-0.0408632948412952,2.6822521281746026,-4.114427370408032,-3.680509287129514,-1.9250523049638304,1.339617625152144,-0.0989211913508911,3.962516153197523,-0.4412394643708444,1.323838558239204
67.0,70.0,129.88372802734375,-0.0378638788614475,2.6816528780745084,-4.113832592149451,-3.679159629992752,-1.923534519948707,1.338797494049465,-0.0965357549723827,3.961384075979965,-0.4432088493479778,1.3225386320098826
67.0,70.0,129.88412475585938,-0.0388074804391526,2.6877985460610585,-4.113528073343364,-3.662084127527109,-1.927591512665318,1.3428829361039003,-0.0945560178947862,3.9696864920460735,-0.4462258194401474,1.327335418632295
67.0,70.0,129.884033203125,-0.0405395853238237,2.676308276682645,-4.117327906887575,-3.69017735583792,-1.9181288522331847,1.3420637962274733,-0.092594257790104,3.959406102133228,-0.4371775760276193,1.323869628067004
67.0,70.0,129.88380432128906,-0.0390820067464913,2.6829506363431577,-4.113312611286857,-3.6814272599685927,-1.922039052328748,1.344336460807045,-0.095451965367625,3.957476153650929,-0.4415093061023265,1.3198627626288175
67.0,70.0,129.88375854492188,-0.0383748545952906,2.6828627286513544,-4.119418813913224,-3.682494467981616,-1.9282209049358472,1.3367262681858223,-0.1005647864268345,3.962036320306789,-0.4450312679628621,1.326115382226244
67.0,70.0,129.88381958007812,-0.0384845814678022,2.6801285814883045,-4.113037108600152,-3.684493715394865,-1.9257755823672933,1.3448715185218123,-0.1066491397592863,3.963134683823258,-0.440580064559892,1.3211131360980402
67.0,70.0,129.88377380371094,-0.0438382108770759,2.681699765229389,-4.114532219502303,-3.681438678004933,-1.923938140459673,1.3393742649213731,-0.0962842876345882,3.960874126947988,-0.4429296155590808,1.3241606908252306
67.0,70.0,129.88377380371094,-0.0378591694234113,2.684895826773754,-4.118227332618508,-3.679404193526077,-1.924432076279036,1.3419771633205635,-0.10606815229388,3.963107310779944,-0.4423095108848875,1.3223309472238691
67.0,70.0,129.88381958007812,-0.0385202766478693,2.679565520704536,-4.120786226971185,-3.678055594083071,-1.927250643595929,1.335354670323365,-0.1019499701637032,3.9610499977059073,-0.4450076139889621,1.3182801533723028
67.0,70.0,129.8838348388672,-0.0391392633842883,2.680845459691246,-4.114231586649213,-3.6864637928288575,-1.9239645643972336,1.3443402540422456,-0.1006166900313044,3.969745097449993,-0.4373273597768179,1.321302834757126
67.0,70.0,129.8837890625,-0.0387923216948101,2.6887577978012147,-4.113227728209416,-3.67598771150715,-1.9229881125450163,1.339128417374651,-0.1024941357351426,3.9650112802524657,-0.4437819455840258,1.3236740860735754
67.0,70.0,129.8838653564453,-0.0393061233272463,2.681281267158944,-4.114158484769709,-3.67815434163132,-1.923608340265704,1.3382934884267703,-0.0952300923643864,3.9551757729086834,-0.4420769687443724,1.3300909515584056
67.0,70.0,129.88389587402344,-0.0297320688708634,2.680621051690811,-4.114615670664978,-3.681036878324659,-1.9249037852515245,1.3393379822689695,-0.10008832981152,3.955731980235912,-0.4360994890063264,1.321393381752646
67.0,70.0,129.88385009765625,-0.0358643753408299,2.6823070506653,-4.114127049866428,-3.68051378841507,-1.9294745252611536,1.330969499648626,-0.0997345666567252,3.959628943354127,-0.447664799425445,1.3211946884754435
67.0,70.0,129.8837432861328,-0.0403196791376957,2.681344745588796,-4.111157271904844,-3.6772628425623273,-1.923755186677398,1.3401435348936457,-0.1023750718229105,3.9656387162874753,-0.4448436497606494,1.3229139334423266
67.0,70.0,129.88394165039062,-0.0446541879140947,2.69005185922267,-4.11696573477004,-3.6788874804842986,-1.919814616926986,1.3392177707785475,-0.1014866843684954,3.960194632191104,-0.4442872921387923,1.3308492060545136
67.0,70.0,129.8837890625,-0.0394980867490792,2.6815779431972406,-4.1168785301556445,-3.681698391991953,-1.924053272910574,1.344643452859574,-0.102118036465461,3.9601782968794073,-0.4377647591669585,1.3205051770918452
67.0,70.0,129.8837432861328,-0.0383931038711856,2.681743703753225,-4.110919821985832,-3.680941012101324,-1.9246707853026483,1.3396469992217974,-0.1016141060131876,3.960629551844936,-0.4436288058793948,1.3237666766968057
67.0,70.0,129.88377380371094,-0.0381818617696175,2.6816767545070705,-4.108963336186271,-3.679920097957473,-1.924738797643236,1.345678432318963,-0.0987065245506907,3.964758530133065,-0.4473002628246597,1.32157799936721
67.0,70.0,129.88377380371094,-0.0393742286924219,2.682151502110861,-4.110207925144575,-3.6768994321474415,-1.925025937546683,1.339279372892989,-0.1036962970053978,3.960334414513036,-0.4435562712621153,1.3234584481683174
67.0,70.0,129.88380432128906,-0.0398560919905756,2.6857062689248385,-4.11427721248312,-3.682987786718519,-1.9243438375387605,1.341935804982611,-0.0968393982087765,3.9567248322548862,-0.4400813241432407,1.3242084398236391
67.0,70.0,129.8837890625,-0.0378931442616131,2.682927951145748,-4.110481010929944,-3.680390251218933,-1.922196655879245,1.3405966515836445,-0.1014809339809997,3.9581403986283488,-0.4454333814225447,1.3263650405592846
67.0,70.0,129.88372802734375,-0.0387235357196128,2.682663615658836,-4.113279130906454,-3.680565996588903,-1.922637080296092,1.3401537660804277,-0.1017647971482993,3.962727280741421,-0.443502946828658,1.3222865875772971
67.0,70.0,129.8839874267578,-0.0426896833598372,2.683126107057374,-4.106531125559921,-3.685088720980243,-1.9178312660959569,1.340691090697229,-0.107679693927774,3.960883860733877,-0.4412333120840379,1.322044712580619
67.0,70.0,129.8848876953125,-0.0393346525340356,2.6990567531082217,-4.112991797895208,-3.663609785036354,-1.924556257249444,1.33310514963365,-0.0866246568147025,3.960682814008752,-0.4476469974191938,1.3033174450624634
67.0,70.0,129.88372802734375,-0.0401304886888829,2.6826231701096943,-4.11460783310519,-3.68035751517984,-1.923476049603897,1.3396390244885077,-0.0992416294423162,3.962261697216724,-0.4427013717036887,1.3208328590038698
67.0,70.0,129.8837432861328,-0.0401422759545376,2.683425960419857,-4.115647196403821,-3.680277078174512,-1.923972437177882,1.3378242415135295,-0.0987829602100271,3.959672441226323,-0.4432461487021434,1.3216763482886398
67.0,70.0,129.8865966796875,-0.0329050341844034,2.6750907278848914,-4.133726768929593,-3.637972963840137,-1.9298180653521635,1.3636520730621793,-0.0977112499202529,3.957958938242328,-0.4311137841518704,1.3240589131302805
67.0,70.0,129.88375854492188,-0.0392787685226182,2.683264413966157,-4.10942416355731,-3.67858694615898,-1.9228837202258544,1.3388027662392263,-0.1019061472444114,3.9631660208569697,-0.4441704134962113,1.3248387196900215
67.0,70.0,129.88375854492188,-0.0378724518608138,2.684768875634931,-4.113912908317971,-3.682751267612587,-1.92495957949158,1.3364368950593264,-0.0952671392181065,3.962466231376296,-0.4438521109576562,1.3221513062952523
67.0,70.0,129.88397216796875,-0.0386464136659557,2.6833347911990826,-4.112546802177949,-3.679046070321364,-1.924759852388866,1.3485506443875597,-0.0923837184509177,3.952150089693536,-0.4431080742553204,1.320725768990671
67.0,70.0,129.88453674316406,-0.032199913241572,2.6863696057210693,-4.1377097888506045,-3.6812110112629406,-1.925009018857038,1.346228050467223,-0.0982079936733931,3.948765495160442,-0.4405962658645451,1.3242940524795217
67.0,70.0,129.88372802734375,-0.0400392669733138,2.6838549748841367,-4.11526587249595,-3.677940289516276,-1.9256886172759964,1.3398488735573226,-0.0992902783458619,3.9606908601508777,-0.4440976131916241,1.3229480771894
67.0,70.0,129.8839569091797,-0.0378124486269496,2.679749861087934,-4.111091645345662,-3.682894665714272,-1.9247700512246624,1.33638276451135,-0.0998305951620248,3.951230580584796,-0.4405929139524194,1.3193039623750145
67.0,70.0,129.88427734375,-0.0428681771905694,2.680941440457393,-4.114777608922206,-3.6864594373036312,-1.931240107075809,1.3408410845165792,-0.1118609448301263,3.957530184209853,-0.4477323502210738,1.307490106863194
67.0,70.0,129.8838348388672,-0.0398595233812105,2.69080280124871,-4.113293238615252,-3.67995178638612,-1.922975460870994,1.3375873615125675,-0.0987454642767401,3.9602689608522255,-0.4410234238459065,1.3202135565076318
67.0,70.0,129.88377380371094,-0.0399577529350641,2.683951326737944,-4.11409128418014,-3.681289337371545,-1.924380755156704,1.3448717929242058,-0.0959637858982409,3.9596759122131417,-0.4415445670201363,1.3210377334526509
67.0,70.0,129.88381958007812,-0.0382454662000748,2.6843102987638594,-4.112180475349911,-3.683203675526845,-1.9230956825802463,1.3451952358881198,-0.0951252216612652,3.956917968961193,-0.4421143219246207,1.3219572442552838
67.0,70.0,129.88375854492188,-0.0383531232493373,2.682812701568785,-4.117246257621259,-3.680028916734543,-1.9257322633889085,1.3364691665009278,-0.0999826034317715,3.958180825003773,-0.4446378271185587,1.322261899153968
67.0,70.0,129.88372802734375,-0.0401411112366601,2.6812889187162425,-4.11416541753099,-3.679924397120433,-1.92372068809552,1.3386641239662689,-0.1006759425023652,3.9606364901575857,-0.4429790602862567,1.322984450704011
67.0,70.0,129.88377380371094,-0.0371805364858019,2.6801813032461115,-4.1167807610360825,-3.679723208187392,-1.9233638643688973,1.3372673196431033,-0.1017256671032174,3.964156436650676,-0.4492556300530455,1.3200218327343036
67.0,70.0,129.8837432861328,-0.0401260662633257,2.682537547096894,-4.113877095677216,-3.681799340347148,-1.924475743436284,1.3380645037074306,-0.1017678039450728,3.960358816154118,-0.4427466635128721,1.3236576849177968
67.0,70.0,129.88372802734375,-0.0397115361384038,2.6810012229809903,-4.115411750977208,-3.680511080146436,-1.9237603358232287,1.3390459794750922,-0.1015468177255758,3.960578124505437,-0.4429465258328998,1.3222910970389383
67.0,70.0,129.88406372070312,-0.0420112517604875,2.679852173634206,-4.11715069259902,-3.6899305580431374,-1.9184696287213407,1.337849771421121,-0.0925829673007536,3.9724574318389294,-0.4362331809367505,1.326466179248151
67.0,70.0,129.88381958007812,-0.0398734090968087,2.6856734180455346,-4.116805712888001,-3.6771624496480193,-1.9263476933074488,1.339422177119178,-0.0979713563988448,3.958373574299476,-0.445282136267166,1.3156637303076069
67.0,70.0,129.88385009765625,-0.0370476538699206,2.673107468152071,-4.1094356139160695,-3.6768631049202702,-1.9238035124038613,1.3425148389569077,-0.0973558638081782,3.9631946394854216,-0.4467441660570326,1.322505725508127
67.0,71.0,129.8854522705078,-0.024913178451968,2.6860798871689724,-4.116955728203013,-3.6732630272646016,-1.9500856693940591,1.351441959202703,-0.0741397555146345,3.976496470107653,-0.4514977238147504,1.3207495542655825
67.0,71.0,129.88372802734375,-0.0396601301526671,2.6824214471110213,-4.114176576160914,-3.6803846864453593,-1.924251919521299,1.3393735760874277,-0.1015541335523571,3.960655194670424,-0.4430571870415541,1.3228611078670374
67.0,71.0,129.88372802734375,-0.0394769115291641,2.6837033382446145,-4.114166749463672,-3.6799456347009527,-1.9243051149419503,1.3391340605428326,-0.1010746475038844,3.960255740674688,-0.4436410459554568,1.323078529932192
67.0,71.0,129.88372802734375,-0.0408632948412952,2.6822521281746026,-4.114427370408032,-3.680509287129514,-1.9250523049638304,1.339617625152144,-0.0989211913508911,3.962516153197523,-0.4412394643708444,1.323838558239204
67.0,71.0,129.88372802734375,-0.0378638788614475,2.6816528780745084,-4.113832592149451,-3.679159629992752,-1.923534519948707,1.338797494049465,-0.0965357549723827,3.961384075979965,-0.4432088493479778,1.3225386320098826
67.0,71.0,129.88412475585938,-0.0388074804391526,2.6877985460610585,-4.113528073343364,-3.662084127527109,-1.927591512665318,1.3428829361039003,-0.0945560178947862,3.9696864920460735,-0.4462258194401474,1.327335418632295
67.0,71.0,129.884033203125,-0.0405395853238237,2.676308276682645,-4.117327906887575,-3.69017735583792,-1.9181288522331847,1.3420637962274733,-0.092594257790104,3.959406102133228,-0.4371775760276193,1.323869628067004
67.0,71.0,129.88380432128906,-0.0390820067464913,2.6829506363431577,-4.113312611286857,-3.6814272599685927,-1.922039052328748,1.344336460807045,-0.095451965367625,3.957476153650929,-0.4415093061023265,1.3198627626288175
67.0,71.0,129.88375854492188,-0.0383748545952906,2.6828627286513544,-4.119418813913224,-3.682494467981616,-1.9282209049358472,1.3367262681858223,-0.1005647864268345,3.962036320306789,-0.4450312679628621,1.326115382226244
67.0,71.0,129.88381958007812,-0.0384845814678022,2.6801285814883045,-4.113037108600152,-3.684493715394865,-1.9257755823672933,1.3448715185218123,-0.1066491397592863,3.963134683823258,-0.440580064559892,1.3211131360980402
67.0,71.0,129.8837432861328,-0.0399126211940236,2.681906759588105,-4.113950909703948,-3.6787484187542736,-1.9244374091667047,1.339464573503207,-0.1026302971841197,3.9605118485486135,-0.4429318819263905,1.3240310913202542
67.0,71.0,129.88377380371094,-0.0378591694234113,2.684895826773754,-4.118227332618508,-3.679404193526077,-1.924432076279036,1.3419771633205635,-0.10606815229388,3.963107310779944,-0.4423095108848875,1.3223309472238691
67.0,71.0,129.88381958007812,-0.0385202766478693,2.679565520704536,-4.120786226971185,-3.678055594083071,-1.927250643595929,1.335354670323365,-0.1019499701637032,3.9610499977059073,-0.4450076139889621,1.3182801533723028
67.0,71.0,129.8838348388672,-0.0391392633842883,2.680845459691246,-4.114231586649213,-3.6864637928288575,-1.9239645643972336,1.3443402540422456,-0.1006166900313044,3.969745097449993,-0.4373273597768179,1.321302834757126
67.0,71.0,129.8837890625,-0.0387923216948101,2.6887577978012147,-4.113227728209416,-3.67598771150715,-1.9229881125450163,1.339128417374651,-0.1024941357351426,3.9650112802524657,-0.4437819455840258,1.3236740860735754
67.0,71.0,129.8838653564453,-0.0393061233272463,2.681281267158944,-4.114158484769709,-3.67815434163132,-1.923608340265704,1.3382934884267703,-0.0952300923643864,3.9551757729086834,-0.4420769687443724,1.3300909515584056
67.0,71.0,129.88389587402344,-0.0297320688708634,2.680621051690811,-4.114615670664978,-3.681036878324659,-1.9249037852515245,1.3393379822689695,-0.10008832981152,3.955731980235912,-0.4360994890063264,1.321393381752646
67.0,71.0,129.88381958007812,-0.0419093336121285,2.686491003527352,-4.115822484320097,-3.6799532589525374,-1.925728226085388,1.333680811705058,-0.1039582617663758,3.961825491974449,-0.4437212834194281,1.321750009144398
67.0,71.0,129.8837432861328,-0.0403196791376957,2.681344745588796,-4.111157271904844,-3.6772628425623273,-1.923755186677398,1.3401435348936457,-0.1023750718229105,3.9656387162874753,-0.4448436497606494,1.3229139334423266
67.0,71.0,129.88394165039062,-0.0446541879140947,2.69005185922267,-4.11696573477004,-3.6788874804842986,-1.919814616926986,1.3392177707785475,-0.1014866843684954,3.960194632191104,-0.4442872921387923,1.3308492060545136
67.0,71.0,129.8837890625,-0.0394980867490792,2.6815779431972406,-4.1168785301556445,-3.681698391991953,-1.924053272910574,1.344643452859574,-0.102118036465461,3.9601782968794073,-0.4377647591669585,1.3205051770918452
67.0,71.0,129.8837432861328,-0.0383931038711856,2.681743703753225,-4.110919821985832,-3.680941012101324,-1.9246707853026483,1.3396469992217974,-0.1016141060131876,3.960629551844936,-0.4436288058793948,1.3237666766968057
67.0,71.0,129.8837432861328,-0.0391921325688478,2.682059876506858,-4.116247816544587,-3.6803965676998174,-1.9244544749875288,1.343971599917685,-0.0957697362234699,3.960795103484547,-0.4442290653867479,1.3248581874231853
67.0,71.0,129.88377380371094,-0.0393742286924219,2.682151502110861,-4.110207925144575,-3.6768994321474415,-1.925025937546683,1.339279372892989,-0.1036962970053978,3.960334414513036,-0.4435562712621153,1.3234584481683174
67.0,71.0,129.88380432128906,-0.0398560919905756,2.6857062689248385,-4.11427721248312,-3.682987786718519,-1.9243438375387605,1.341935804982611,-0.0968393982087765,3.9567248322548862,-0.4400813241432407,1.3242084398236391
67.0,71.0,129.8837890625,-0.0378931442616131,2.682927951145748,-4.110481010929944,-3.680390251218933,-1.922196655879245,1.3405966515836445,-0.1014809339809997,3.9581403986283488,-0.4454333814225447,1.3263650405592846
67.0,71.0,129.88372802734375,-0.0387235357196128,2.682663615658836,-4.113279130906454,-3.680565996588903,-1.922637080296092,1.3401537660804277,-0.1017647971482993,3.962727280741421,-0.443502946828658,1.3222865875772971
67.0,71.0,129.8838348388672,-0.0386614185866623,2.681085715364072,-4.109769494864962,-3.6859046007513294,-1.9223560401453168,1.3379277153918958,-0.1046659259353643,3.960947602756576,-0.4419410098721915,1.3236157797364836
67.0,71.0,129.8848876953125,-0.0393346525340356,2.6990567531082217,-4.112991797895208,-3.663609785036354,-1.924556257249444,1.33310514963365,-0.0866246568147025,3.960682814008752,-0.4476469974191938,1.3033174450624634
67.0,71.0,129.88372802734375,-0.0401304886888829,2.6826231701096943,-4.11460783310519,-3.68035751517984,-1.923476049603897,1.3396390244885077,-0.0992416294423162,3.962261697216724,-0.4427013717036887,1.3208328590038698
67.0,71.0,129.8837432861328,-0.0401422759545376,2.683425960419857,-4.115647196403821,-3.680277078174512,-1.923972437177882,1.3378242415135295,-0.0987829602100271,3.959672441226323,-0.4432461487021434,1.3216763482886398
67.0,71.0,129.8865966796875,-0.0329050341844034,2.6750907278848914,-4.133726768929593,-3.637972963840137,-1.9298180653521635,1.3636520730621793,-0.0977112499202529,3.957958938242328,-0.4311137841518704,1.3240589131302805
67.0,71.0,129.88375854492188,-0.0392787685226182,2.683264413966157,-4.10942416355731,-3.67858694615898,-1.9228837202258544,1.3388027662392263,-0.1019061472444114,3.9631660208569697,-0.4441704134962113,1.3248387196900215
67.0,71.0,129.8837432861328,-0.0383926207443291,2.684297669088919,-4.113756048898948,-3.679888510265677,-1.9252513514029392,1.3354401553794215,-0.0986503597498662,3.967407895641681,-0.4441757470592848,1.3217628554420784
67.0,71.0,129.88397216796875,-0.0386464136659557,2.6833347911990826,-4.112546802177949,-3.679046070321364,-1.924759852388866,1.3485506443875597,-0.0923837184509177,3.952150089693536,-0.4431080742553204,1.320725768990671
67.0,71.0,129.88453674316406,-0.032199913241572,2.6863696057210693,-4.1377097888506045,-3.6812110112629406,-1.925009018857038,1.346228050467223,-0.0982079936733931,3.948765495160442,-0.4405962658645451,1.3242940524795217
67.0,71.0,129.88372802734375,-0.0400392669733138,2.6838549748841367,-4.11526587249595,-3.677940289516276,-1.9256886172759964,1.3398488735573226,-0.0992902783458619,3.9606908601508777,-0.4440976131916241,1.3229480771894
67.0,71.0,129.8838653564453,-0.038724562225133,2.6818057220213243,-4.110338155244727,-3.6755362375217104,-1.9246023874567384,1.3346190011037589,-0.0966687559904889,3.957154512876368,-0.4389967537808854,1.3223962511769458
67.0,71.0,129.88427734375,-0.0428681771905694,2.680941440457393,-4.114777608922206,-3.6864594373036312,-1.931240107075809,1.3408410845165792,-0.1118609448301263,3.957530184209853,-0.4477323502210738,1.307490106863194
67.0,71.0,129.8838348388672,-0.0398595233812105,2.69080280124871,-4.113293238615252,-3.67995178638612,-1.922975460870994,1.3375873615125675,-0.0987454642767401,3.9602689608522255,-0.4410234238459065,1.3202135565076318
67.0,71.0,129.88377380371094,-0.0399577529350641,2.683951326737944,-4.11409128418014,-3.681289337371545,-1.924380755156704,1.3448717929242058,-0.0959637858982409,3.9596759122131417,-0.4415445670201363,1.3210377334526509
67.0,71.0,129.88381958007812,-0.0382454662000748,2.6843102987638594,-4.112180475349911,-3.683203675526845,-1.9230956825802463,1.3451952358881198,-0.0951252216612652,3.956917968961193,-0.4421143219246207,1.3219572442552838
67.0,71.0,129.88375854492188,-0.0383531232493373,2.682812701568785,-4.117246257621259,-3.680028916734543,-1.9257322633889085,1.3364691665009278,-0.0999826034317715,3.958180825003773,-0.4446378271185587,1.322261899153968
67.0,71.0,129.88372802734375,-0.0401411112366601,2.6812889187162425,-4.11416541753099,-3.679924397120433,-1.92372068809552,1.3386641239662689,-0.1006759425023652,3.9606364901575857,-0.4429790602862567,1.322984450704011
67.0,71.0,129.88377380371094,-0.0371805364858019,2.6801813032461115,-4.1167807610360825,-3.679723208187392,-1.9233638643688973,1.3372673196431033,-0.1017256671032174,3.964156436650676,-0.4492556300530455,1.3200218327343036
67.0,71.0,129.8837432861328,-0.0401260662633257,2.682537547096894,-4.113877095677216,-3.681799340347148,-1.924475743436284,1.3380645037074306,-0.1017678039450728,3.960358816154118,-0.4427466635128721,1.3236576849177968
67.0,71.0,129.88372802734375,-0.0397115361384038,2.6810012229809903,-4.115411750977208,-3.680511080146436,-1.9237603358232287,1.3390459794750922,-0.1015468177255758,3.960578124505437,-0.4429465258328998,1.3222910970389383
67.0,71.0,129.88406372070312,-0.0420112517604875,2.679852173634206,-4.11715069259902,-3.6899305580431374,-1.9184696287213407,1.337849771421121,-0.0925829673007536,3.9724574318389294,-0.4362331809367505,1.326466179248151
67.0,71.0,129.88381958007812,-0.0398734090968087,2.6856734180455346,-4.116805712888001,-3.6771624496480193,-1.9263476933074488,1.339422177119178,-0.0979713563988448,3.958373574299476,-0.445282136267166,1.3156637303076069
67.0,71.0,129.88385009765625,-0.0370476538699206,2.673107468152071,-4.1094356139160695,-3.6768631049202702,-1.9238035124038613,1.3425148389569077,-0.0973558638081782,3.9631946394854216,-0.4467441660570326,1.322505725508127
67.0,72.0,129.8854522705078,-0.024913178451968,2.6860798871689724,-4.116955728203013,-3.6732630272646016,-1.9500856693940591,1.351441959202703,-0.0741397555146345,3.976496470107653,-0.4514977238147504,1.3207495542655825
67.0,72.0,129.88372802734375,-0.0396601301526671,2.6824214471110213,-4.114176576160914,-3.6803846864453593,-1.924251919521299,1.3393735760874277,-0.1015541335523571,3.960655194670424,-0.4430571870415541,1.3228611078670374
67.0,72.0,129.88372802734375,-0.0394769115291641,2.6837033382446145,-4.114166749463672,-3.6799456347009527,-1.9243051149419503,1.3391340605428326,-0.1010746475038844,3.960255740674688,-0.4436410459554568,1.323078529932192
67.0,72.0,129.88372802734375,-0.0408632948412952,2.6822521281746026,-4.114427370408032,-3.680509287129514,-1.9250523049638304,1.339617625152144,-0.0989211913508911,3.962516153197523,-0.4412394643708444,1.323838558239204
67.0,72.0,129.88372802734375,-0.0378638788614475,2.6816528780745084,-4.113832592149451,-3.679159629992752,-1.923534519948707,1.338797494049465,-0.0965357549723827,3.961384075979965,-0.4432088493479778,1.3225386320098826
67.0,72.0,129.88412475585938,-0.0388074804391526,2.6877985460610585,-4.113528073343364,-3.662084127527109,-1.927591512665318,1.3428829361039003,-0.0945560178947862,3.9696864920460735,-0.4462258194401474,1.327335418632295
67.0,72.0,129.884033203125,-0.0405395853238237,2.676308276682645,-4.117327906887575,-3.69017735583792,-1.9181288522331847,1.3420637962274733,-0.092594257790104,3.959406102133228,-0.4371775760276193,1.323869628067004
67.0,72.0,129.88380432128906,-0.0390820067464913,2.6829506363431577,-4.113312611286857,-3.6814272599685927,-1.922039052328748,1.344336460807045,-0.095451965367625,3.957476153650929,-0.4415093061023265,1.3198627626288175
67.0,72.0,129.88375854492188,-0.0383748545952906,2.6828627286513544,-4.119418813913224,-3.682494467981616,-1.9282209049358472,1.3367262681858223,-0.1005647864268345,3.962036320306789,-0.4450312679628621,1.326115382226244
67.0,72.0,129.88381958007812,-0.0384845814678022,2.6801285814883045,-4.113037108600152,-3.684493715394865,-1.9257755823672933,1.3448715185218123,-0.1066491397592863,3.963134683823258,-0.440580064559892,1.3211131360980402
67.0,72.0,129.88372802734375,-0.0394621301185116,2.681895405253066,-4.114145708257508,-3.679763424109368,-1.9241594048150383,1.339448483367928,-0.1004818458329689,3.960899682402396,-0.4429053430792187,1.3234053496158238
67.0,72.0,129.88377380371094,-0.0378591694234113,2.684895826773754,-4.118227332618508,-3.679404193526077,-1.924432076279036,1.3419771633205635,-0.10606815229388,3.963107310779944,-0.4423095108848875,1.3223309472238691
67.0,72.0,129.8837432861328,-0.0389880621555737,2.684667903071812,-4.113098764221532,-3.677381029745479,-1.925880358323272,1.341880000684712,-0.0959575165388741,3.9609463318046303,-0.4420248113554936,1.32196214423379
67.0,72.0,129.8838348388672,-0.0391392633842883,2.680845459691246,-4.114231586649213,-3.6864637928288575,-1.9239645643972336,1.3443402540422456,-0.1006166900313044,3.969745097449993,-0.4373273597768179,1.321302834757126
67.0,72.0,129.88375854492188,-0.0416924620743,2.685910067324752,-4.115030786368994,-3.678364097535384,-1.922529600391448,1.3398695690842723,-0.1004352264568847,3.9626088917333138,-0.4460894038810977,1.3226296336833578
67.0,72.0,129.8838653564453,-0.0393061233272463,2.681281267158944,-4.114158484769709,-3.67815434163132,-1.923608340265704,1.3382934884267703,-0.0952300923643864,3.9551757729086834,-0.4420769687443724,1.3300909515584056
67.0,72.0,129.88389587402344,-0.0297320688708634,2.680621051690811,-4.114615670664978,-3.681036878324659,-1.9249037852515245,1.3393379822689695,-0.10008832981152,3.955731980235912,-0.4360994890063264,1.321393381752646
67.0,72.0,129.88381958007812,-0.0419093336121285,2.686491003527352,-4.115822484320097,-3.6799532589525374,-1.925728226085388,1.333680811705058,-0.1039582617663758,3.961825491974449,-0.4437212834194281,1.321750009144398
67.0,72.0,129.8837432861328,-0.0403196791376957,2.681344745588796,-4.111157271904844,-3.6772628425623273,-1.923755186677398,1.3401435348936457,-0.1023750718229105,3.9656387162874753,-0.4448436497606494,1.3229139334423266
67.0,72.0,129.88375854492188,-0.0367545179354993,2.685606460146456,-4.114677554679883,-3.6770487936214633,-1.92510836061202,1.3391150850308795,-0.1016258903141444,3.9592861860240753,-0.442708664384175,1.3264921087946853
67.0,72.0,129.8837890625,-0.0394980867490792,2.6815779431972406,-4.1168785301556445,-3.681698391991953,-1.924053272910574,1.344643452859574,-0.102118036465461,3.9601782968794073,-0.4377647591669585,1.3205051770918452
67.0,72.0,129.8837432861328,-0.0383931038711856,2.681743703753225,-4.110919821985832,-3.680941012101324,-1.9246707853026483,1.3396469992217974,-0.1016141060131876,3.960629551844936,-0.4436288058793948,1.3237666766968057
67.0,72.0,129.8837432861328,-0.0391921325688478,2.682059876506858,-4.116247816544587,-3.6803965676998174,-1.9244544749875288,1.343971599917685,-0.0957697362234699,3.960795103484547,-0.4442290653867479,1.3248581874231853
67.0,72.0,129.88377380371094,-0.0393742286924219,2.682151502110861,-4.110207925144575,-3.6768994321474415,-1.925025937546683,1.339279372892989,-0.1036962970053978,3.960334414513036,-0.4435562712621153,1.3234584481683174
67.0,72.0,129.88380432128906,-0.0398560919905756,2.6857062689248385,-4.11427721248312,-3.682987786718519,-1.9243438375387605,1.341935804982611,-0.0968393982087765,3.9567248322548862,-0.4400813241432407,1.3242084398236391
67.0,72.0,129.8837890625,-0.0378931442616131,2.682927951145748,-4.110481010929944,-3.680390251218933,-1.922196655879245,1.3405966515836445,-0.1014809339809997,3.9581403986283488,-0.4454333814225447,1.3263650405592846
67.0,72.0,129.88372802734375,-0.0387235357196128,2.682663615658836,-4.113279130906454,-3.680565996588903,-1.922637080296092,1.3401537660804277,-0.1017647971482993,3.962727280741421,-0.443502946828658,1.3222865875772971
67.0,72.0,129.88375854492188,-0.0378387664477026,2.6815946043668712,-4.120764864717714,-3.677280238536589,-1.928631975940588,1.3391919748010734,-0.0994238416125464,3.9603028988167503,-0.4440806766072588,1.3229196619891066
67.0,72.0,129.8848876953125,-0.0393346525340356,2.6990567531082217,-4.112991797895208,-3.663609785036354,-1.924556257249444,1.33310514963365,-0.0866246568147025,3.960682814008752,-0.4476469974191938,1.3033174450624634
67.0,72.0,129.88372802734375,-0.0401304886888829,2.6826231701096943,-4.11460783310519,-3.68035751517984,-1.923476049603897,1.3396390244885077,-0.0992416294423162,3.962261697216724,-0.4427013717036887,1.3208328590038698
67.0,72.0,129.88372802734375,-0.0400022986406063,2.683558686023411,-4.115833486137031,-3.680001361911579,-1.9239876729988008,1.3378296193188393,-0.0990833425014602,3.961657571455063,-0.4429680730143315,1.3232233329638603
67.0,72.0,129.8865966796875,-0.0329050341844034,2.6750907278848914,-4.133726768929593,-3.637972963840137,-1.9298180653521635,1.3636520730621793,-0.0977112499202529,3.957958938242328,-0.4311137841518704,1.3240589131302805
67.0,72.0,129.88372802734375,-0.0393950079337393,2.682079167622051,-4.116431395177504,-3.6787488139868953,-1.9248699622245524,1.339336898271135,-0.1018957621684307,3.968299480994778,-0.4440051691932998,1.3218586454353822
67.0,72.0,129.8837127685547,-0.0392770302274404,2.6840185618744274,-4.11478560885508,-3.680144804329269,-1.924455010930148,1.338262751859438,-0.0989258480500887,3.964421669230163,-0.4429678574930978,1.323156509914116
67.0,72.0,129.88380432128906,-0.0397418140590472,2.682659782964297,-4.108467189217131,-3.678512834341088,-1.92517831899215,1.3393670746749475,-0.1015734579810419,3.957960817705243,-0.4433028224987075,1.3198015047265983
67.0,72.0,129.88453674316406,-0.032199913241572,2.6863696057210693,-4.1377097888506045,-3.6812110112629406,-1.925009018857038,1.346228050467223,-0.0982079936733931,3.948765495160442,-0.4405962658645451,1.3242940524795217
67.0,72.0,129.88372802734375,-0.0400392669733138,2.6838549748841367,-4.11526587249595,-3.677940289516276,-1.9256886172759964,1.3398488735573226,-0.0992902783458619,3.9606908601508777,-0.4440976131916241,1.3229480771894
67.0,72.0,129.88375854492188,-0.0404524663600091,2.6832652404609787,-4.11708885492685,-3.675416248435483,-1.9240578758876288,1.33792008790808,-0.0992875047901505,3.968188231278808,-0.446008063085567,1.324665028371541
67.0,72.0,129.88392639160156,-0.0416618469481891,2.68293239606128,-4.115868656145384,-3.678973574408874,-1.9315130404810823,1.3392173243932708,-0.0966018412763015,3.953435139070874,-0.4475600749783193,1.3280549315869827
67.0,72.0,129.8838348388672,-0.0398595233812105,2.69080280124871,-4.113293238615252,-3.67995178638612,-1.922975460870994,1.3375873615125675,-0.0987454642767401,3.9602689608522255,-0.4410234238459065,1.3202135565076318
67.0,72.0,129.88377380371094,-0.0399577529350641,2.683951326737944,-4.11409128418014,-3.681289337371545,-1.924380755156704,1.3448717929242058,-0.0959637858982409,3.9596759122131417,-0.4415445670201363,1.3210377334526509
67.0,72.0,129.88381958007812,-0.0382454662000748,2.6843102987638594,-4.112180475349911,-3.683203675526845,-1.9230956825802463,1.3451952358881198,-0.0951252216612652,3.956917968961193,-0.4421143219246207,1.3219572442552838
67.0,72.0,129.88375854492188,-0.0383531232493373,2.682812701568785,-4.117246257621259,-3.680028916734543,-1.9257322633889085,1.3364691665009278,-0.0999826034317715,3.958180825003773,-0.4446378271185587,1.322261899153968
67.0,72.0,129.88372802734375,-0.0401411112366601,2.6812889187162425,-4.11416541753099,-3.679924397120433,-1.92372068809552,1.3386641239662689,-0.1006759425023652,3.9606364901575857,-0.4429790602862567,1.322984450704011
67.0,72.0,129.88377380371094,-0.0371805364858019,2.6801813032461115,-4.1167807610360825,-3.679723208187392,-1.9233638643688973,1.3372673196431033,-0.1017256671032174,3.964156436650676,-0.4492556300530455,1.3200218327343036
67.0,72.0,129.8837432861328,-0.0401260662633257,2.682537547096894,-4.113877095677216,-3.681799340347148,-1.924475743436284,1.3380645037074306,-0.1017678039450728,3.960358816154118,-0.4427466635128721,1.3236576849177968
67.0,72.0,129.88372802734375,-0.0397115361384038,2.6810012229809903,-4.115411750977208,-3.680511080146436,-1.9237603358232287,1.3390459794750922,-0.1015468177255758,3.960578124505437,-0.4429465258328998,1.3222910970389383
67.0,72.0,129.88406372070312,-0.0420112517604875,2.679852173634206,-4.11715069259902,-3.6899305580431374,-1.9184696287213407,1.337849771421121,-0.0925829673007536,3.9724574318389294,-0.4362331809367505,1.326466179248151
67.0,72.0,129.88380432128906,-0.0407361979210152,2.6815529218620555,-4.115554759449042,-3.680566385594532,-1.9232430894331545,1.3393589561805042,-0.1010472472929063,3.956360230688896,-0.4450781421114818,1.319369039766583
67.0,72.0,129.88385009765625,-0.0370476538699206,2.673107468152071,-4.1094356139160695,-3.6768631049202702,-1.9238035124038613,1.3425148389569077,-0.0973558638081782,3.9631946394854216,-0.4467441660570326,1.322505725508127
67.0,73.0,129.8854522705078,-0.024913178451968,2.6860798871689724,-4.116955728203013,-3.6732630272646016,-1.9500856693940591,1.351441959202703,-0.0741397555146345,3.976496470107653,-0.4514977238147504,1.3207495542655825
67.0,73.0,129.88372802734375,-0.0396601301526671,2.6824214471110213,-4.114176576160914,-3.6803846864453593,-1.924251919521299,1.3393735760874277,-0.1015541335523571,3.960655194670424,-0.4430571870415541,1.3228611078670374
67.0,73.0,129.88372802734375,-0.0394769115291641,2.6837033382446145,-4.114166749463672,-3.6799456347009527,-1.9243051149419503,1.3391340605428326,-0.1010746475038844,3.960255740674688,-0.4436410459554568,1.323078529932192
67.0,73.0,129.88372802734375,-0.0408632948412952,2.6822521281746026,-4.114427370408032,-3.680509287129514,-1.9250523049638304,1.339617625152144,-0.0989211913508911,3.962516153197523,-0.4412394643708444,1.323838558239204
67.0,73.0,129.88372802734375,-0.0378638788614475,2.6816528780745084,-4.113832592149451,-3.679159629992752,-1.923534519948707,1.338797494049465,-0.0965357549723827,3.961384075979965,-0.4432088493479778,1.3225386320098826
67.0,73.0,129.88412475585938,-0.0388074804391526,2.6877985460610585,-4.113528073343364,-3.662084127527109,-1.927591512665318,1.3428829361039003,-0.0945560178947862,3.9696864920460735,-0.4462258194401474,1.327335418632295
67.0,73.0,129.884033203125,-0.0405395853238237,2.676308276682645,-4.117327906887575,-3.69017735583792,-1.9181288522331847,1.3420637962274733,-0.092594257790104,3.959406102133228,-0.4371775760276193,1.323869628067004
67.0,73.0,129.88380432128906,-0.0390820067464913,2.6829506363431577,-4.113312611286857,-3.6814272599685927,-1.922039052328748,1.344336460807045,-0.095451965367625,3.957476153650929,-0.4415093061023265,1.3198627626288175
67.0,73.0,129.88375854492188,-0.0383748545952906,2.6828627286513544,-4.119418813913224,-3.682494467981616,-1.9282209049358472,1.3367262681858223,-0.1005647864268345,3.962036320306789,-0.4450312679628621,1.326115382226244
67.0,73.0,129.88381958007812,-0.0384845814678022,2.6801285814883045,-4.113037108600152,-3.684493715394865,-1.9257755823672933,1.3448715185218123,-0.1066491397592863,3.963134683823258,-0.440580064559892,1.3211131360980402
67.0,73.0,129.88372802734375,-0.0394621301185116,2.681895405253066,-4.114145708257508,-3.679763424109368,-1.9241594048150383,1.339448483367928,-0.1004818458329689,3.960899682402396,-0.4429053430792187,1.3234053496158238
67.0,73.0,129.88377380371094,-0.0378591694234113,2.684895826773754,-4.118227332618508,-3.679404193526077,-1.924432076279036,1.3419771633205635,-0.10606815229388,3.963107310779944,-0.4423095108848875,1.3223309472238691
67.0,73.0,129.88372802734375,-0.0393524089195343,2.6833699986917976,-4.113045425997797,-3.680500429666771,-1.9248478270495504,1.3439452845257385,-0.0969653738682663,3.964075321296938,-0.4438287976167565,1.324988599274689
67.0,73.0,129.8838348388672,-0.0391392633842883,2.680845459691246,-4.114231586649213,-3.6864637928288575,-1.9239645643972336,1.3443402540422456,-0.1006166900313044,3.969745097449993,-0.4373273597768179,1.321302834757126
67.0,73.0,129.88375854492188,-0.0416924620743,2.685910067324752,-4.115030786368994,-3.678364097535384,-1.922529600391448,1.3398695690842723,-0.1004352264568847,3.9626088917333138,-0.4460894038810977,1.3226296336833578
67.0,73.0,129.8838653564453,-0.0393061233272463,2.681281267158944,-4.114158484769709,-3.67815434163132,-1.923608340265704,1.3382934884267703,-0.0952300923643864,3.9551757729086834,-0.4420769687443724,1.3300909515584056
67.0,73.0,129.88389587402344,-0.0297320688708634,2.680621051690811,-4.114615670664978,-3.681036878324659,-1.9249037852515245,1.3393379822689695,-0.10008832981152,3.955731980235912,-0.4360994890063264,1.321393381752646
67.0,73.0,129.88381958007812,-0.0419093336121285,2.686491003527352,-4.115822484320097,-3.6799532589525374,-1.925728226085388,1.333680811705058,-0.1039582617663758,3.961825491974449,-0.4437212834194281,1.321750009144398
67.0,73.0,129.8837432861328,-0.0403196791376957,2.681344745588796,-4.111157271904844,-3.6772628425623273,-1.923755186677398,1.3401435348936457,-0.1023750718229105,3.9656387162874753,-0.4448436497606494,1.3229139334423266
67.0,73.0,129.88375854492188,-0.0367545179354993,2.685606460146456,-4.114677554679883,-3.6770487936214633,-1.92510836061202,1.3391150850308795,-0.1016258903141444,3.9592861860240753,-0.442708664384175,1.3264921087946853
67.0,73.0,129.8837890625,-0.0394980867490792,2.6815779431972406,-4.1168785301556445,-3.681698391991953,-1.924053272910574,1.344643452859574,-0.102118036465461,3.9601782968794073,-0.4377647591669585,1.3205051770918452
67.0,73.0,129.8837432861328,-0.0383931038711856,2.681743703753225,-4.110919821985832,-3.680941012101324,-1.9246707853026483,1.3396469992217974,-0.1016141060131876,3.960629551844936,-0.4436288058793948,1.3237666766968057
67.0,73.0,129.8837432861328,-0.0391921325688478,2.682059876506858,-4.116247816544587,-3.6803965676998174,-1.9244544749875288,1.343971599917685,-0.0957697362234699,3.960795103484547,-0.4442290653867479,1.3248581874231853
67.0,73.0,129.88377380371094,-0.0393742286924219,2.682151502110861,-4.110207925144575,-3.6768994321474415,-1.925025937546683,1.339279372892989,-0.1036962970053978,3.960334414513036,-0.4435562712621153,1.3234584481683174
67.0,73.0,129.88377380371094,-0.0391590351592478,2.6893469350532886,-4.115023183954686,-3.679647945756574,-1.92380391964221,1.3381974015987774,-0.1004706471253514,3.9660496492897295,-0.4448435140129036,1.3236191303644902
67.0,73.0,129.8837890625,-0.0378931442616131,2.682927951145748,-4.110481010929944,-3.680390251218933,-1.922196655879245,1.3405966515836445,-0.1014809339809997,3.9581403986283488,-0.4454333814225447,1.3263650405592846
67.0,73.0,129.8837127685547,-0.0393439610213545,2.6830619422745308,-4.114604043222708,-3.680368689308013,-1.9229080885171144,1.340185094365083,-0.099360564882717,3.963476834582344,-0.4430568216979387,1.320904571426344
67.0,73.0,129.88375854492188,-0.0378387664477026,2.6815946043668712,-4.120764864717714,-3.677280238536589,-1.928631975940588,1.3391919748010734,-0.0994238416125464,3.9603028988167503,-0.4440806766072588,1.3229196619891066
67.0,73.0,129.88458251953125,-0.0387347225587656,2.694315090237737,-4.116050997157438,-3.659968447343727,-1.9247583520841256,1.337348493000976,-0.1167871317996791,3.9631827974176193,-0.4465898717610195,1.3271387445588136
67.0,73.0,129.88372802734375,-0.0401304886888829,2.6826231701096943,-4.11460783310519,-3.68035751517984,-1.923476049603897,1.3396390244885077,-0.0992416294423162,3.962261697216724,-0.4427013717036887,1.3208328590038698
67.0,73.0,129.88372802734375,-0.0400022986406063,2.683558686023411,-4.115833486137031,-3.680001361911579,-1.9239876729988008,1.3378296193188393,-0.0990833425014602,3.961657571455063,-0.4429680730143315,1.3232233329638603
67.0,73.0,129.8865966796875,-0.0329050341844034,2.6750907278848914,-4.133726768929593,-3.637972963840137,-1.9298180653521635,1.3636520730621793,-0.0977112499202529,3.957958938242328,-0.4311137841518704,1.3240589131302805
67.0,73.0,129.88372802734375,-0.0393950079337393,2.682079167622051,-4.116431395177504,-3.6787488139868953,-1.9248699622245524,1.339336898271135,-0.1018957621684307,3.968299480994778,-0.4440051691932998,1.3218586454353822
67.0,73.0,129.8837127685547,-0.0392770302274404,2.6840185618744274,-4.11478560885508,-3.680144804329269,-1.924455010930148,1.338262751859438,-0.0989258480500887,3.964421669230163,-0.4429678574930978,1.323156509914116
67.0,73.0,129.88380432128906,-0.0397418140590472,2.682659782964297,-4.108467189217131,-3.678512834341088,-1.92517831899215,1.3393670746749475,-0.1015734579810419,3.957960817705243,-0.4433028224987075,1.3198015047265983
67.0,73.0,129.88453674316406,-0.032199913241572,2.6863696057210693,-4.1377097888506045,-3.6812110112629406,-1.925009018857038,1.346228050467223,-0.0982079936733931,3.948765495160442,-0.4405962658645451,1.3242940524795217
67.0,73.0,129.88372802734375,-0.0400392669733138,2.6838549748841367,-4.11526587249595,-3.677940289516276,-1.9256886172759964,1.3398488735573226,-0.0992902783458619,3.9606908601508777,-0.4440976131916241,1.3229480771894
67.0,73.0,129.88375854492188,-0.0404524663600091,2.6832652404609787,-4.11708885492685,-3.675416248435483,-1.9240578758876288,1.33792008790808,-0.0992875047901505,3.968188231278808,-0.446008063085567,1.324665028371541
67.0,73.0,129.88392639160156,-0.0416618469481891,2.68293239606128,-4.115868656145384,-3.678973574408874,-1.9315130404810823,1.3392173243932708,-0.0966018412763015,3.953435139070874,-0.4475600749783193,1.3280549315869827
67.0,73.0,129.88380432128906,-0.0433621400933586,2.6864930291779725,-4.114209460081053,-3.679549792849812,-1.9246690828026964,1.334304826665176,-0.0993034611365191,3.966949383404281,-0.4437492497099213,1.3204725624282354
67.0,73.0,129.88377380371094,-0.0399577529350641,2.683951326737944,-4.11409128418014,-3.681289337371545,-1.924380755156704,1.3448717929242058,-0.0959637858982409,3.9596759122131417,-0.4415445670201363,1.3210377334526509
67.0,73.0,129.88381958007812,-0.0382454662000748,2.6843102987638594,-4.112180475349911,-3.683203675526845,-1.9230956825802463,1.3451952358881198,-0.0951252216612652,3.956917968961193,-0.4421143219246207,1.3219572442552838
67.0,73.0,129.88375854492188,-0.0383531232493373,2.682812701568785,-4.117246257621259,-3.680028916734543,-1.9257322633889085,1.3364691665009278,-0.0999826034317715,3.958180825003773,-0.4446378271185587,1.322261899153968
67.0,73.0,129.8837127685547,-0.0370368728377057,2.684946984407843,-4.114466962912864,-3.679601915526487,-1.9246393033397071,1.3389271121330308,-0.0989645977034366,3.9663944759107945,-0.4429752066100512,1.3234327708809652
67.0,73.0,129.88377380371094,-0.0371805364858019,2.6801813032461115,-4.1167807610360825,-3.679723208187392,-1.9233638643688973,1.3372673196431033,-0.1017256671032174,3.964156436650676,-0.4492556300530455,1.3200218327343036
67.0,73.0,129.8837432861328,-0.0401260662633257,2.682537547096894,-4.113877095677216,-3.681799340347148,-1.924475743436284,1.3380645037074306,-0.1017678039450728,3.960358816154118,-0.4427466635128721,1.3236576849177968
67.0,73.0,129.88372802734375,-0.0397115361384038,2.6810012229809903,-4.115411750977208,-3.680511080146436,-1.9237603358232287,1.3390459794750922,-0.1015468177255758,3.960578124505437,-0.4429465258328998,1.3222910970389383
67.0,73.0,129.88406372070312,-0.0420112517604875,2.679852173634206,-4.11715069259902,-3.6899305580431374,-1.9184696287213407,1.337849771421121,-0.0925829673007536,3.9724574318389294,-0.4362331809367505,1.326466179248151
67.0,73.0,129.8837890625,-0.0409859586138096,2.68537142771344,-4.11606680784131,-3.680262854499168,-1.924256336431231,1.3389957285694485,-0.097698219030338,3.958359263431858,-0.4426442440539013,1.3270267824873303
67.0,73.0,129.88385009765625,-0.0370476538699206,2.673107468152071,-4.1094356139160695,-3.6768631049202702,-1.9238035124038613,1.3425148389569077,-0.0973558638081782,3.9631946394854216,-0.4467441660570326,1.322505725508127
67.0,74.0,129.8854522705078,-0.024913178451968,2.6860798871689724,-4.116955728203013,-3.6732630272646016,-1.9500856693940591,1.351441959202703,-0.0741397555146345,3.976496470107653,-0.4514977238147504,1.3207495542655825
67.0,74.0,129.88372802734375,-0.0396601301526671,2.6824214471110213,-4.114176576160914,-3.6803846864453593,-1.924251919521299,1.3393735760874277,-0.1015541335523571,3.960655194670424,-0.4430571870415541,1.3228611078670374
67.0,74.0,129.88372802734375,-0.0394769115291641,2.6837033382446145,-4.114166749463672,-3.6799456347009527,-1.9243051149419503,1.3391340605428326,-0.1010746475038844,3.960255740674688,-0.4436410459554568,1.323078529932192
67.0,74.0,129.88372802734375,-0.0408632948412952,2.6822521281746026,-4.114427370408032,-3.680509287129514,-1.9250523049638304,1.339617625152144,-0.0989211913508911,3.962516153197523,-0.4412394643708444,1.323838558239204
67.0,74.0,129.88372802734375,-0.0378638788614475,2.6816528780745084,-4.113832592149451,-3.679159629992752,-1.923534519948707,1.338797494049465,-0.0965357549723827,3.961384075979965,-0.4432088493479778,1.3225386320098826
67.0,74.0,129.88412475585938,-0.0388074804391526,2.6877985460610585,-4.113528073343364,-3.662084127527109,-1.927591512665318,1.3428829361039003,-0.0945560178947862,3.9696864920460735,-0.4462258194401474,1.327335418632295
67.0,74.0,129.884033203125,-0.0405395853238237,2.676308276682645,-4.117327906887575,-3.69017735583792,-1.9181288522331847,1.3420637962274733,-0.092594257790104,3.959406102133228,-0.4371775760276193,1.323869628067004
67.0,74.0,129.88380432128906,-0.0390820067464913,2.6829506363431577,-4.113312611286857,-3.6814272599685927,-1.922039052328748,1.344336460807045,-0.095451965367625,3.957476153650929,-0.4415093061023265,1.3198627626288175
67.0,74.0,129.88375854492188,-0.0383748545952906,2.6828627286513544,-4.119418813913224,-3.682494467981616,-1.9282209049358472,1.3367262681858223,-0.1005647864268345,3.962036320306789,-0.4450312679628621,1.326115382226244
67.0,74.0,129.88381958007812,-0.0384845814678022,2.6801285814883045,-4.113037108600152,-3.684493715394865,-1.9257755823672933,1.3448715185218123,-0.1066491397592863,3.963134683823258,-0.440580064559892,1.3211131360980402
67.0,74.0,129.88372802734375,-0.0394621301185116,2.681895405253066,-4.114145708257508,-3.679763424109368,-1.9241594048150383,1.339448483367928,-0.1004818458329689,3.960899682402396,-0.4429053430792187,1.3234053496158238
67.0,74.0,129.88377380371094,-0.0378591694234113,2.684895826773754,-4.118227332618508,-3.679404193526077,-1.924432076279036,1.3419771633205635,-0.10606815229388,3.963107310779944,-0.4423095108848875,1.3223309472238691
67.0,74.0,129.8837127685547,-0.0394954936172463,2.6825188067322765,-4.115058265340832,-3.681510634642686,-1.9228880618401816,1.3399492690560406,-0.1000011100859549,3.96471291422232,-0.442861539657224,1.321143834184915
67.0,74.0,129.88381958007812,-0.0391965802097668,2.681922184890934,-4.113641703778695,-3.6758867646770894,-1.9237907875390088,1.3424451746454846,-0.1005854837379842,3.973502090457806,-0.44488034171326,1.3204868216494692
67.0,74.0,129.88372802734375,-0.0386821019793582,2.6815381588848046,-4.1144313986273255,-3.677526000978648,-1.9226308667231933,1.3390592296203674,-0.1021852491710648,3.9632813889993033,-0.4442125626999775,1.3214430154031738
67.0,74.0,129.8838653564453,-0.0393061233272463,2.681281267158944,-4.114158484769709,-3.67815434163132,-1.923608340265704,1.3382934884267703,-0.0952300923643864,3.9551757729086834,-0.4420769687443724,1.3300909515584056
67.0,74.0,129.88389587402344,-0.0297320688708634,2.680621051690811,-4.114615670664978,-3.681036878324659,-1.9249037852515245,1.3393379822689695,-0.10008832981152,3.955731980235912,-0.4360994890063264,1.321393381752646
67.0,74.0,129.88381958007812,-0.0419093336121285,2.686491003527352,-4.115822484320097,-3.6799532589525374,-1.925728226085388,1.333680811705058,-0.1039582617663758,3.961825491974449,-0.4437212834194281,1.321750009144398
67.0,74.0,129.8837432861328,-0.0403196791376957,2.681344745588796,-4.111157271904844,-3.6772628425623273,-1.923755186677398,1.3401435348936457,-0.1023750718229105,3.9656387162874753,-0.4448436497606494,1.3229139334423266
67.0,74.0,129.8837432861328,-0.0372254502728268,2.6816798441677205,-4.114447111106864,-3.681107221606824,-1.922108986335244,1.339162247863401,-0.101317174532789,3.96775531551479,-0.4427564259297094,1.326921961815843
67.0,74.0,129.8837890625,-0.0394980867490792,2.6815779431972406,-4.1168785301556445,-3.681698391991953,-1.924053272910574,1.344643452859574,-0.102118036465461,3.9601782968794073,-0.4377647591669585,1.3205051770918452
67.0,74.0,129.8837432861328,-0.0383931038711856,2.681743703753225,-4.110919821985832,-3.680941012101324,-1.9246707853026483,1.3396469992217974,-0.1016141060131876,3.960629551844936,-0.4436288058793948,1.3237666766968057
67.0,74.0,129.8837432861328,-0.0391921325688478,2.682059876506858,-4.116247816544587,-3.6803965676998174,-1.9244544749875288,1.343971599917685,-0.0957697362234699,3.960795103484547,-0.4442290653867479,1.3248581874231853
67.0,74.0,129.88377380371094,-0.0393742286924219,2.682151502110861,-4.110207925144575,-3.6768994321474415,-1.925025937546683,1.339279372892989,-0.1036962970053978,3.960334414513036,-0.4435562712621153,1.3234584481683174
67.0,74.0,129.8837432861328,-0.0391472470299732,2.6814139279691966,-4.114233631218182,-3.6803280309310535,-1.9219844922915383,1.3380428698726958,-0.095331554091111,3.963993270280648,-0.4428971823822681,1.3222137416511706
67.0,74.0,129.8837890625,-0.0378931442616131,2.682927951145748,-4.110481010929944,-3.680390251218933,-1.922196655879245,1.3405966515836445,-0.1014809339809997,3.9581403986283488,-0.4454333814225447,1.3263650405592846
67.0,74.0,129.8837127685547,-0.0393439610213545,2.6830619422745308,-4.114604043222708,-3.680368689308013,-1.9229080885171144,1.340185094365083,-0.099360564882717,3.963476834582344,-0.4430568216979387,1.320904571426344
67.0,74.0,129.88375854492188,-0.0378387664477026,2.6815946043668712,-4.120764864717714,-3.677280238536589,-1.928631975940588,1.3391919748010734,-0.0994238416125464,3.9603028988167503,-0.4440806766072588,1.3229196619891066
67.0,74.0,129.88458251953125,-0.0387347225587656,2.694315090237737,-4.116050997157438,-3.659968447343727,-1.9247583520841256,1.337348493000976,-0.1167871317996791,3.9631827974176193,-0.4465898717610195,1.3271387445588136
67.0,74.0,129.88372802734375,-0.0401304886888829,2.6826231701096943,-4.11460783310519,-3.68035751517984,-1.923476049603897,1.3396390244885077,-0.0992416294423162,3.962261697216724,-0.4427013717036887,1.3208328590038698
67.0,74.0,129.88372802734375,-0.0400022986406063,2.683558686023411,-4.115833486137031,-3.680001361911579,-1.9239876729988008,1.3378296193188393,-0.0990833425014602,3.961657571455063,-0.4429680730143315,1.3232233329638603
67.0,74.0,129.8865966796875,-0.0329050341844034,2.6750907278848914,-4.133726768929593,-3.637972963840137,-1.9298180653521635,1.3636520730621793,-0.0977112499202529,3.957958938242328,-0.4311137841518704,1.3240589131302805
67.0,74.0,129.88372802734375,-0.0393950079337393,2.682079167622051,-4.116431395177504,-3.6787488139868953,-1.9248699622245524,1.339336898271135,-0.1018957621684307,3.968299480994778,-0.4440051691932998,1.3218586454353822
67.0,74.0,129.8837127685547,-0.0392770302274404,2.6840185618744274,-4.11478560885508,-3.680144804329269,-1.924455010930148,1.338262751859438,-0.0989258480500887,3.964421669230163,-0.4429678574930978,1.323156509914116
67.0,74.0,129.88380432128906,-0.0397418140590472,2.682659782964297,-4.108467189217131,-3.678512834341088,-1.92517831899215,1.3393670746749475,-0.1015734579810419,3.957960817705243,-0.4433028224987075,1.3198015047265983
67.0,74.0,129.88394165039062,-0.0344786047964517,2.676664704619231,-4.118339875538926,-3.6817004226480248,-1.9239035096270267,1.3426176725214805,-0.0996584545330769,3.951673902447282,-0.4398734507419564,1.3217058781032385
67.0,74.0,129.88372802734375,-0.0400392669733138,2.6838549748841367,-4.11526587249595,-3.677940289516276,-1.9256886172759964,1.3398488735573226,-0.0992902783458619,3.9606908601508777,-0.4440976131916241,1.3229480771894
67.0,74.0,129.88375854492188,-0.0404524663600091,2.6832652404609787,-4.11708885492685,-3.675416248435483,-1.9240578758876288,1.33792008790808,-0.0992875047901505,3.968188231278808,-0.446008063085567,1.324665028371541
67.0,74.0,129.88392639160156,-0.0416618469481891,2.68293239606128,-4.115868656145384,-3.678973574408874,-1.9315130404810823,1.3392173243932708,-0.0966018412763015,3.953435139070874,-0.4475600749783193,1.3280549315869827
67.0,74.0,129.8837432861328,-0.0394156227500661,2.683473023788846,-4.114948214059361,-3.680061502678603,-1.92384748258184,1.3379068697638432,-0.095617554709007,3.9617679793083935,-0.4438394755287239,1.3206344345300909
67.0,74.0,129.88377380371094,-0.0399577529350641,2.683951326737944,-4.11409128418014,-3.681289337371545,-1.924380755156704,1.3448717929242058,-0.0959637858982409,3.9596759122131417,-0.4415445670201363,1.3210377334526509
67.0,74.0,129.88381958007812,-0.0382454662000748,2.6843102987638594,-4.112180475349911,-3.683203675526845,-1.9230956825802463,1.3451952358881198,-0.0951252216612652,3.956917968961193,-0.4421143219246207,1.3219572442552838
67.0,74.0,129.88375854492188,-0.0383531232493373,2.682812701568785,-4.117246257621259,-3.680028916734543,-1.9257322633889085,1.3364691665009278,-0.0999826034317715,3.958180825003773,-0.4446378271185587,1.322261899153968
67.0,74.0,129.8837127685547,-0.0370368728377057,2.684946984407843,-4.114466962912864,-3.679601915526487,-1.9246393033397071,1.3389271121330308,-0.0989645977034366,3.9663944759107945,-0.4429752066100512,1.3234327708809652
67.0,74.0,129.88377380371094,-0.0371805364858019,2.6801813032461115,-4.1167807610360825,-3.679723208187392,-1.9233638643688973,1.3372673196431033,-0.1017256671032174,3.964156436650676,-0.4492556300530455,1.3200218327343036
67.0,74.0,129.8837432861328,-0.0401260662633257,2.682537547096894,-4.113877095677216,-3.681799340347148,-1.924475743436284,1.3380645037074306,-0.1017678039450728,3.960358816154118,-0.4427466635128721,1.3236576849177968
67.0,74.0,129.88372802734375,-0.0397115361384038,2.6810012229809903,-4.115411750977208,-3.680511080146436,-1.9237603358232287,1.3390459794750922,-0.1015468177255758,3.960578124505437,-0.4429465258328998,1.3222910970389383
67.0,74.0,129.88406372070312,-0.0420112517604875,2.679852173634206,-4.11715069259902,-3.6899305580431374,-1.9184696287213407,1.337849771421121,-0.0925829673007536,3.9724574318389294,-0.4362331809367505,1.326466179248151
67.0,74.0,129.88375854492188,-0.0395230798545422,2.684265804785245,-4.11417326672963,-3.6803035972245945,-1.9240149223258696,1.3400231361770818,-0.0979549657379594,3.959313022163282,-0.4417830795790612,1.3182885497178147
67.0,74.0,129.88385009765625,-0.0370476538699206,2.673107468152071,-4.1094356139160695,-3.6768631049202702,-1.9238035124038613,1.3425148389569077,-0.0973558638081782,3.9631946394854216,-0.4467441660570326,1.322505725508127
67.0,75.0,129.8854522705078,-0.024913178451968,2.6860798871689724,-4.116955728203013,-3.6732630272646016,-1.9500856693940591,1.351441959202703,-0.0741397555146345,3.976496470107653,-0.4514977238147504,1.3207495542655825
67.0,75.0,129.88372802734375,-0.0396601301526671,2.6824214471110213,-4.114176576160914,-3.6803846864453593,-1.924251919521299,1.3393735760874277,-0.1015541335523571,3.960655194670424,-0.4430571870415541,1.3228611078670374
67.0,75.0,129.88372802734375,-0.0394769115291641,2.6837033382446145,-4.114166749463672,-3.6799456347009527,-1.9243051149419503,1.3391340605428326,-0.1010746475038844,3.960255740674688,-0.4436410459554568,1.323078529932192
67.0,75.0,129.88372802734375,-0.0408632948412952,2.6822521281746026,-4.114427370408032,-3.680509287129514,-1.9250523049638304,1.339617625152144,-0.0989211913508911,3.962516153197523,-0.4412394643708444,1.323838558239204
67.0,75.0,129.88372802734375,-0.0378638788614475,2.6816528780745084,-4.113832592149451,-3.679159629992752,-1.923534519948707,1.338797494049465,-0.0965357549723827,3.961384075979965,-0.4432088493479778,1.3225386320098826
67.0,75.0,129.88412475585938,-0.0388074804391526,2.6877985460610585,-4.113528073343364,-3.662084127527109,-1.927591512665318,1.3428829361039003,-0.0945560178947862,3.9696864920460735,-0.4462258194401474,1.327335418632295
67.0,75.0,129.884033203125,-0.0405395853238237,2.676308276682645,-4.117327906887575,-3.69017735583792,-1.9181288522331847,1.3420637962274733,-0.092594257790104,3.959406102133228,-0.4371775760276193,1.323869628067004
67.0,75.0,129.88380432128906,-0.0390820067464913,2.6829506363431577,-4.113312611286857,-3.6814272599685927,-1.922039052328748,1.344336460807045,-0.095451965367625,3.957476153650929,-0.4415093061023265,1.3198627626288175
67.0,75.0,129.88375854492188,-0.0383748545952906,2.6828627286513544,-4.119418813913224,-3.682494467981616,-1.9282209049358472,1.3367262681858223,-0.1005647864268345,3.962036320306789,-0.4450312679628621,1.326115382226244
67.0,75.0,129.88381958007812,-0.0384845814678022,2.6801285814883045,-4.113037108600152,-3.684493715394865,-1.9257755823672933,1.3448715185218123,-0.1066491397592863,3.963134683823258,-0.440580064559892,1.3211131360980402
67.0,75.0,129.88372802734375,-0.0394621301185116,2.681895405253066,-4.114145708257508,-3.679763424109368,-1.9241594048150383,1.339448483367928,-0.1004818458329689,3.960899682402396,-0.4429053430792187,1.3234053496158238
67.0,75.0,129.88377380371094,-0.0378591694234113,2.684895826773754,-4.118227332618508,-3.679404193526077,-1.924432076279036,1.3419771633205635,-0.10606815229388,3.963107310779944,-0.4423095108848875,1.3223309472238691
67.0,75.0,129.8837127685547,-0.0394954936172463,2.6825188067322765,-4.115058265340832,-3.681510634642686,-1.9228880618401816,1.3399492690560406,-0.1000011100859549,3.96471291422232,-0.442861539657224,1.321143834184915
67.0,75.0,129.8837432861328,-0.0391189359207488,2.683143853865781,-4.114972785232839,-3.681487377757397,-1.9234227212898056,1.3360879181095164,-0.1011835059751795,3.966790490190292,-0.4429707267780051,1.3213236020253265
67.0,75.0,129.88372802734375,-0.0386821019793582,2.6815381588848046,-4.1144313986273255,-3.677526000978648,-1.9226308667231933,1.3390592296203674,-0.1021852491710648,3.9632813889993033,-0.4442125626999775,1.3214430154031738
67.0,75.0,129.8838653564453,-0.0393061233272463,2.681281267158944,-4.114158484769709,-3.67815434163132,-1.923608340265704,1.3382934884267703,-0.0952300923643864,3.9551757729086834,-0.4420769687443724,1.3300909515584056
67.0,75.0,129.8838653564453,-0.0315393353730256,2.6791155578625854,-4.109066572474791,-3.682533062303807,-1.9255469941189245,1.3404362739865026,-0.1011623138509314,3.956006923824849,-0.4427302502131034,1.3209625103035405
67.0,75.0,129.88381958007812,-0.0419093336121285,2.686491003527352,-4.115822484320097,-3.6799532589525374,-1.925728226085388,1.333680811705058,-0.1039582617663758,3.961825491974449,-0.4437212834194281,1.321750009144398
67.0,75.0,129.8837432861328,-0.0403196791376957,2.681344745588796,-4.111157271904844,-3.6772628425623273,-1.923755186677398,1.3401435348936457,-0.1023750718229105,3.9656387162874753,-0.4448436497606494,1.3229139334423266
67.0,75.0,129.8837432861328,-0.0372254502728268,2.6816798441677205,-4.114447111106864,-3.681107221606824,-1.922108986335244,1.339162247863401,-0.101317174532789,3.96775531551479,-0.4427564259297094,1.326921961815843
67.0,75.0,129.8837890625,-0.0394980867490792,2.6815779431972406,-4.1168785301556445,-3.681698391991953,-1.924053272910574,1.344643452859574,-0.102118036465461,3.9601782968794073,-0.4377647591669585,1.3205051770918452
67.0,75.0,129.8837432861328,-0.0383931038711856,2.681743703753225,-4.110919821985832,-3.680941012101324,-1.9246707853026483,1.3396469992217974,-0.1016141060131876,3.960629551844936,-0.4436288058793948,1.3237666766968057
67.0,75.0,129.8837432861328,-0.0391921325688478,2.682059876506858,-4.116247816544587,-3.6803965676998174,-1.9244544749875288,1.343971599917685,-0.0957697362234699,3.960795103484547,-0.4442290653867479,1.3248581874231853
67.0,75.0,129.88377380371094,-0.0393742286924219,2.682151502110861,-4.110207925144575,-3.6768994321474415,-1.925025937546683,1.339279372892989,-0.1036962970053978,3.960334414513036,-0.4435562712621153,1.3234584481683174
67.0,75.0,129.8837432861328,-0.0391472470299732,2.6814139279691966,-4.114233631218182,-3.6803280309310535,-1.9219844922915383,1.3380428698726958,-0.095331554091111,3.963993270280648,-0.4428971823822681,1.3222137416511706
67.0,75.0,129.8837890625,-0.0378931442616131,2.682927951145748,-4.110481010929944,-3.680390251218933,-1.922196655879245,1.3405966515836445,-0.1014809339809997,3.9581403986283488,-0.4454333814225447,1.3263650405592846
67.0,75.0,129.8837127685547,-0.0393439610213545,2.6830619422745308,-4.114604043222708,-3.680368689308013,-1.9229080885171144,1.340185094365083,-0.099360564882717,3.963476834582344,-0.4430568216979387,1.320904571426344
67.0,75.0,129.88375854492188,-0.0378387664477026,2.6815946043668712,-4.120764864717714,-3.677280238536589,-1.928631975940588,1.3391919748010734,-0.0994238416125464,3.9603028988167503,-0.4440806766072588,1.3229196619891066
67.0,75.0,129.884521484375,-0.0388606365346619,2.695522812015745,-4.11501956498147,-3.679700511443746,-1.9227344840218747,1.3410560915895564,-0.0744707537432333,3.96429586015944,-0.4472656434934038,1.318979972618994
67.0,75.0,129.88372802734375,-0.0401304886888829,2.6826231701096943,-4.11460783310519,-3.68035751517984,-1.923476049603897,1.3396390244885077,-0.0992416294423162,3.962261697216724,-0.4427013717036887,1.3208328590038698
67.0,75.0,129.88372802734375,-0.0400022986406063,2.683558686023411,-4.115833486137031,-3.680001361911579,-1.9239876729988008,1.3378296193188393,-0.0990833425014602,3.961657571455063,-0.4429680730143315,1.3232233329638603
67.0,75.0,129.8865966796875,-0.0329050341844034,2.6750907278848914,-4.133726768929593,-3.637972963840137,-1.9298180653521635,1.3636520730621793,-0.0977112499202529,3.957958938242328,-0.4311137841518704,1.3240589131302805
67.0,75.0,129.88372802734375,-0.0393950079337393,2.682079167622051,-4.116431395177504,-3.6787488139868953,-1.9248699622245524,1.339336898271135,-0.1018957621684307,3.968299480994778,-0.4440051691932998,1.3218586454353822
67.0,75.0,129.8837127685547,-0.0392770302274404,2.6840185618744274,-4.11478560885508,-3.680144804329269,-1.924455010930148,1.338262751859438,-0.0989258480500887,3.964421669230163,-0.4429678574930978,1.323156509914116
67.0,75.0,129.88380432128906,-0.0397418140590472,2.682659782964297,-4.108467189217131,-3.678512834341088,-1.92517831899215,1.3393670746749475,-0.1015734579810419,3.957960817705243,-0.4433028224987075,1.3198015047265983
67.0,75.0,129.88394165039062,-0.0344786047964517,2.676664704619231,-4.118339875538926,-3.6817004226480248,-1.9239035096270267,1.3426176725214805,-0.0996584545330769,3.951673902447282,-0.4398734507419564,1.3217058781032385
67.0,75.0,129.88372802734375,-0.0400392669733138,2.6838549748841367,-4.11526587249595,-3.677940289516276,-1.9256886172759964,1.3398488735573226,-0.0992902783458619,3.9606908601508777,-0.4440976131916241,1.3229480771894
67.0,75.0,129.88375854492188,-0.0404524663600091,2.6832652404609787,-4.11708885492685,-3.675416248435483,-1.9240578758876288,1.33792008790808,-0.0992875047901505,3.968188231278808,-0.446008063085567,1.324665028371541
67.0,75.0,129.88392639160156,-0.0416618469481891,2.68293239606128,-4.115868656145384,-3.678973574408874,-1.9315130404810823,1.3392173243932708,-0.0966018412763015,3.953435139070874,-0.4475600749783193,1.3280549315869827
67.0,75.0,129.8837432861328,-0.0394156227500661,2.683473023788846,-4.114948214059361,-3.680061502678603,-1.92384748258184,1.3379068697638432,-0.095617554709007,3.9617679793083935,-0.4438394755287239,1.3206344345300909
67.0,75.0,129.88377380371094,-0.0399577529350641,2.683951326737944,-4.11409128418014,-3.681289337371545,-1.924380755156704,1.3448717929242058,-0.0959637858982409,3.9596759122131417,-0.4415445670201363,1.3210377334526509
67.0,75.0,129.88381958007812,-0.0382454662000748,2.6843102987638594,-4.112180475349911,-3.683203675526845,-1.9230956825802463,1.3451952358881198,-0.0951252216612652,3.956917968961193,-0.4421143219246207,1.3219572442552838
67.0,75.0,129.88375854492188,-0.0383531232493373,2.682812701568785,-4.117246257621259,-3.680028916734543,-1.9257322633889085,1.3364691665009278,-0.0999826034317715,3.958180825003773,-0.4446378271185587,1.322261899153968
67.0,75.0,129.8837127685547,-0.0370368728377057,2.684946984407843,-4.114466962912864,-3.679601915526487,-1.9246393033397071,1.3389271121330308,-0.0989645977034366,3.9663944759107945,-0.4429752066100512,1.3234327708809652
67.0,75.0,129.88377380371094,-0.0371805364858019,2.6801813032461115,-4.1167807610360825,-3.679723208187392,-1.9233638643688973,1.3372673196431033,-0.1017256671032174,3.964156436650676,-0.4492556300530455,1.3200218327343036
67.0,75.0,129.8837432861328,-0.0401260662633257,2.682537547096894,-4.113877095677216,-3.681799340347148,-1.924475743436284,1.3380645037074306,-0.1017678039450728,3.960358816154118,-0.4427466635128721,1.3236576849177968
67.0,75.0,129.88372802734375,-0.0397115361384038,2.6810012229809903,-4.115411750977208,-3.680511080146436,-1.9237603358232287,1.3390459794750922,-0.1015468177255758,3.960578124505437,-0.4429465258328998,1.3222910970389383
67.0,75.0,129.88406372070312,-0.0420112517604875,2.679852173634206,-4.11715069259902,-3.6899305580431374,-1.9184696287213407,1.337849771421121,-0.0925829673007536,3.9724574318389294,-0.4362331809367505,1.326466179248151
67.0,75.0,129.88375854492188,-0.0395230798545422,2.684265804785245,-4.11417326672963,-3.6803035972245945,-1.9240149223258696,1.3400231361770818,-0.0979549657379594,3.959313022163282,-0.4417830795790612,1.3182885497178147
67.0,75.0,129.88372802734375,-0.0400499241540285,2.684384565580721,-4.113508552930457,-3.6795907112724975,-1.9263905391909424,1.343992729015894,-0.0982982948597923,3.963003635017269,-0.4457270810510728,1.3210156141299698
67.0,76.0,129.8854522705078,-0.024913178451968,2.6860798871689724,-4.116955728203013,-3.6732630272646016,-1.9500856693940591,1.351441959202703,-0.0741397555146345,3.976496470107653,-0.4514977238147504,1.3207495542655825
67.0,76.0,129.88372802734375,-0.0396601301526671,2.6824214471110213,-4.114176576160914,-3.6803846864453593,-1.924251919521299,1.3393735760874277,-0.1015541335523571,3.960655194670424,-0.4430571870415541,1.3228611078670374
67.0,76.0,129.88372802734375,-0.0394769115291641,2.6837033382446145,-4.114166749463672,-3.6799456347009527,-1.9243051149419503,1.3391340605428326,-0.1010746475038844,3.960255740674688,-0.4436410459554568,1.323078529932192
67.0,76.0,129.8837127685547,-0.0383018451630346,2.6825657222281154,-4.115490430001167,-3.682651472125516,-1.9231239052756093,1.340025079312943,-0.0984281458914428,3.964438100958562,-0.44245859712267,1.3243555689868682
67.0,76.0,129.88372802734375,-0.0378638788614475,2.6816528780745084,-4.113832592149451,-3.679159629992752,-1.923534519948707,1.338797494049465,-0.0965357549723827,3.961384075979965,-0.4432088493479778,1.3225386320098826
67.0,76.0,129.88412475585938,-0.0388074804391526,2.6877985460610585,-4.113528073343364,-3.662084127527109,-1.927591512665318,1.3428829361039003,-0.0945560178947862,3.9696864920460735,-0.4462258194401474,1.327335418632295
67.0,76.0,129.88381958007812,-0.0402387601880635,2.685308358872002,-4.115949446913345,-3.6826445936775993,-1.9226093233568664,1.340564525682411,-0.0983492434590383,3.957213589402565,-0.4388567161024845,1.3244611966401527
67.0,76.0,129.88380432128906,-0.0390820067464913,2.6829506363431577,-4.113312611286857,-3.6814272599685927,-1.922039052328748,1.344336460807045,-0.095451965367625,3.957476153650929,-0.4415093061023265,1.3198627626288175
67.0,76.0,129.88375854492188,-0.0383748545952906,2.6828627286513544,-4.119418813913224,-3.682494467981616,-1.9282209049358472,1.3367262681858223,-0.1005647864268345,3.962036320306789,-0.4450312679628621,1.326115382226244
67.0,76.0,129.88381958007812,-0.0384845814678022,2.6801285814883045,-4.113037108600152,-3.684493715394865,-1.9257755823672933,1.3448715185218123,-0.1066491397592863,3.963134683823258,-0.440580064559892,1.3211131360980402
67.0,76.0,129.88372802734375,-0.0394621301185116,2.681895405253066,-4.114145708257508,-3.679763424109368,-1.9241594048150383,1.339448483367928,-0.1004818458329689,3.960899682402396,-0.4429053430792187,1.3234053496158238
67.0,76.0,129.88377380371094,-0.0378591694234113,2.684895826773754,-4.118227332618508,-3.679404193526077,-1.924432076279036,1.3419771633205635,-0.10606815229388,3.963107310779944,-0.4423095108848875,1.3223309472238691
67.0,76.0,129.8837127685547,-0.0394954936172463,2.6825188067322765,-4.115058265340832,-3.681510634642686,-1.9228880618401816,1.3399492690560406,-0.1000011100859549,3.96471291422232,-0.442861539657224,1.321143834184915
67.0,76.0,129.8837432861328,-0.0391189359207488,2.683143853865781,-4.114972785232839,-3.681487377757397,-1.9234227212898056,1.3360879181095164,-0.1011835059751795,3.966790490190292,-0.4429707267780051,1.3213236020253265
67.0,76.0,129.88372802734375,-0.0386821019793582,2.6815381588848046,-4.1144313986273255,-3.677526000978648,-1.9226308667231933,1.3390592296203674,-0.1021852491710648,3.9632813889993033,-0.4442125626999775,1.3214430154031738
67.0,76.0,129.8838653564453,-0.0393061233272463,2.681281267158944,-4.114158484769709,-3.67815434163132,-1.923608340265704,1.3382934884267703,-0.0952300923643864,3.9551757729086834,-0.4420769687443724,1.3300909515584056
67.0,76.0,129.8838348388672,-0.0446996149194858,2.678671346185052,-4.108234935413061,-3.6820362202286,-1.9249769877235767,1.3403804941038595,-0.1006285414965831,3.962615038812126,-0.4414907485434725,1.320853453610892
67.0,76.0,129.8837890625,-0.0408639900068257,2.684318274124582,-4.115955611192197,-3.681904059791285,-1.926213245851416,1.3477649681080597,-0.0954408468130815,3.966533297126205,-0.4419980356948463,1.3230993463693663
67.0,76.0,129.8837432861328,-0.0403196791376957,2.681344745588796,-4.111157271904844,-3.6772628425623273,-1.923755186677398,1.3401435348936457,-0.1023750718229105,3.9656387162874753,-0.4448436497606494,1.3229139334423266
67.0,76.0,129.88372802734375,-0.0390172737697411,2.6810844634350035,-4.114781913903434,-3.68210516188416,-1.9229760765396773,1.3388006010437457,-0.0998183172534476,3.965147877385086,-0.4428746272166124,1.3232948405313465
67.0,76.0,129.8837890625,-0.0394980867490792,2.6815779431972406,-4.1168785301556445,-3.681698391991953,-1.924053272910574,1.344643452859574,-0.102118036465461,3.9601782968794073,-0.4377647591669585,1.3205051770918452
67.0,76.0,129.8837432861328,-0.0383931038711856,2.681743703753225,-4.110919821985832,-3.680941012101324,-1.9246707853026483,1.3396469992217974,-0.1016141060131876,3.960629551844936,-0.4436288058793948,1.3237666766968057
67.0,76.0,129.8837432861328,-0.0391921325688478,2.682059876506858,-4.116247816544587,-3.6803965676998174,-1.9244544749875288,1.343971599917685,-0.0957697362234699,3.960795103484547,-0.4442290653867479,1.3248581874231853
67.0,76.0,129.88377380371094,-0.0393742286924219,2.682151502110861,-4.110207925144575,-3.6768994321474415,-1.925025937546683,1.339279372892989,-0.1036962970053978,3.960334414513036,-0.4435562712621153,1.3234584481683174
67.0,76.0,129.8837432861328,-0.0391472470299732,2.6814139279691966,-4.114233631218182,-3.6803280309310535,-1.9219844922915383,1.3380428698726958,-0.095331554091111,3.963993270280648,-0.4428971823822681,1.3222137416511706
67.0,76.0,129.88377380371094,-0.0381978847563693,2.685521542025591,-4.118935713301171,-3.680651247334272,-1.921461058082287,1.3389833341657915,-0.0988698440938216,3.964818782955072,-0.4491152682216525,1.3247190688421444
67.0,76.0,129.8837127685547,-0.0393439610213545,2.6830619422745308,-4.114604043222708,-3.680368689308013,-1.9229080885171144,1.340185094365083,-0.099360564882717,3.963476834582344,-0.4430568216979387,1.320904571426344
67.0,76.0,129.8837432861328,-0.0324301342240068,2.6826313538409625,-4.11536863009975,-3.6788503290077617,-1.9297556354793024,1.339805566845012,-0.1009029812745891,3.962155039281896,-0.4429689748593686,1.3228710802040218
67.0,76.0,129.884521484375,-0.0388606365346619,2.695522812015745,-4.11501956498147,-3.679700511443746,-1.9227344840218747,1.3410560915895564,-0.0744707537432333,3.96429586015944,-0.4472656434934038,1.318979972618994
67.0,76.0,129.88372802734375,-0.0401304886888829,2.6826231701096943,-4.11460783310519,-3.68035751517984,-1.923476049603897,1.3396390244885077,-0.0992416294423162,3.962261697216724,-0.4427013717036887,1.3208328590038698
67.0,76.0,129.88372802734375,-0.0400022986406063,2.683558686023411,-4.115833486137031,-3.680001361911579,-1.9239876729988008,1.3378296193188393,-0.0990833425014602,3.961657571455063,-0.4429680730143315,1.3232233329638603
67.0,76.0,129.8860626220703,-0.0337342718565517,2.682834222701202,-4.126022283735655,-3.644125429414559,-1.927401321951748,1.3149574626392244,-0.0998909484253223,3.954247922097053,-0.4298188436702502,1.321126028580606
67.0,76.0,129.88372802734375,-0.0393950079337393,2.682079167622051,-4.116431395177504,-3.6787488139868953,-1.9248699622245524,1.339336898271135,-0.1018957621684307,3.968299480994778,-0.4440051691932998,1.3218586454353822
67.0,76.0,129.8837127685547,-0.0392770302274404,2.6840185618744274,-4.11478560885508,-3.680144804329269,-1.924455010930148,1.338262751859438,-0.0989258480500887,3.964421669230163,-0.4429678574930978,1.323156509914116
67.0,76.0,129.88380432128906,-0.0397418140590472,2.682659782964297,-4.108467189217131,-3.678512834341088,-1.92517831899215,1.3393670746749475,-0.1015734579810419,3.957960817705243,-0.4433028224987075,1.3198015047265983
67.0,76.0,129.8839111328125,-0.0357546781647038,2.6789038399625515,-4.120778366122898,-3.681529818063756,-1.9216935972036608,1.337210044972077,-0.0996680966856643,3.952879637765833,-0.4437343134084681,1.3208729518675746
67.0,76.0,129.88372802734375,-0.0400392669733138,2.6838549748841367,-4.11526587249595,-3.677940289516276,-1.9256886172759964,1.3398488735573226,-0.0992902783458619,3.9606908601508777,-0.4440976131916241,1.3229480771894
67.0,76.0,129.88375854492188,-0.0404524663600091,2.6832652404609787,-4.11708885492685,-3.675416248435483,-1.9240578758876288,1.33792008790808,-0.0992875047901505,3.968188231278808,-0.446008063085567,1.324665028371541
67.0,76.0,129.88385009765625,-0.0369713198544426,2.683240158128768,-4.114864069020031,-3.680062410256504,-1.9159292035703623,1.3381562331196657,-0.0926795067052408,3.9616411299744327,-0.4443132141411332,1.3246831841583622
67.0,76.0,129.8837432861328,-0.0394156227500661,2.683473023788846,-4.114948214059361,-3.680061502678603,-1.92384748258184,1.3379068697638432,-0.095617554709007,3.9617679793083935,-0.4438394755287239,1.3206344345300909
67.0,76.0,129.88377380371094,-0.0399577529350641,2.683951326737944,-4.11409128418014,-3.681289337371545,-1.924380755156704,1.3448717929242058,-0.0959637858982409,3.9596759122131417,-0.4415445670201363,1.3210377334526509
67.0,76.0,129.88381958007812,-0.0382454662000748,2.6843102987638594,-4.112180475349911,-3.683203675526845,-1.9230956825802463,1.3451952358881198,-0.0951252216612652,3.956917968961193,-0.4421143219246207,1.3219572442552838
67.0,76.0,129.88375854492188,-0.0383531232493373,2.682812701568785,-4.117246257621259,-3.680028916734543,-1.9257322633889085,1.3364691665009278,-0.0999826034317715,3.958180825003773,-0.4446378271185587,1.322261899153968
67.0,76.0,129.8837127685547,-0.0370368728377057,2.684946984407843,-4.114466962912864,-3.679601915526487,-1.9246393033397071,1.3389271121330308,-0.0989645977034366,3.9663944759107945,-0.4429752066100512,1.3234327708809652
67.0,76.0,129.88377380371094,-0.0371805364858019,2.6801813032461115,-4.1167807610360825,-3.679723208187392,-1.9233638643688973,1.3372673196431033,-0.1017256671032174,3.964156436650676,-0.4492556300530455,1.3200218327343036
67.0,76.0,129.8837432861328,-0.0401260662633257,2.682537547096894,-4.113877095677216,-3.681799340347148,-1.924475743436284,1.3380645037074306,-0.1017678039450728,3.960358816154118,-0.4427466635128721,1.3236576849177968
67.0,76.0,129.88372802734375,-0.0397115361384038,2.6810012229809903,-4.115411750977208,-3.680511080146436,-1.9237603358232287,1.3390459794750922,-0.1015468177255758,3.960578124505437,-0.4429465258328998,1.3222910970389383
67.0,76.0,129.88406372070312,-0.0420112517604875,2.679852173634206,-4.11715069259902,-3.6899305580431374,-1.9184696287213407,1.337849771421121,-0.0925829673007536,3.9724574318389294,-0.4362331809367505,1.326466179248151
67.0,76.0,129.88375854492188,-0.0395230798545422,2.684265804785245,-4.11417326672963,-3.6803035972245945,-1.9240149223258696,1.3400231361770818,-0.0979549657379594,3.959313022163282,-0.4417830795790612,1.3182885497178147
67.0,76.0,129.88372802734375,-0.0400499241540285,2.684384565580721,-4.113508552930457,-3.6795907112724975,-1.9263905391909424,1.343992729015894,-0.0982982948597923,3.963003635017269,-0.4457270810510728,1.3210156141299698
67.0,77.0,129.8854522705078,-0.024913178451968,2.6860798871689724,-4.116955728203013,-3.6732630272646016,-1.9500856693940591,1.351441959202703,-0.0741397555146345,3.976496470107653,-0.4514977238147504,1.3207495542655825
67.0,77.0,129.88372802734375,-0.0396601301526671,2.6824214471110213,-4.114176576160914,-3.6803846864453593,-1.924251919521299,1.3393735760874277,-0.1015541335523571,3.960655194670424,-0.4430571870415541,1.3228611078670374
67.0,77.0,129.88372802734375,-0.0394769115291641,2.6837033382446145,-4.114166749463672,-3.6799456347009527,-1.9243051149419503,1.3391340605428326,-0.1010746475038844,3.960255740674688,-0.4436410459554568,1.323078529932192
67.0,77.0,129.8837127685547,-0.0383018451630346,2.6825657222281154,-4.115490430001167,-3.682651472125516,-1.9231239052756093,1.340025079312943,-0.0984281458914428,3.964438100958562,-0.44245859712267,1.3243555689868682
67.0,77.0,129.88372802734375,-0.0378638788614475,2.6816528780745084,-4.113832592149451,-3.679159629992752,-1.923534519948707,1.338797494049465,-0.0965357549723827,3.961384075979965,-0.4432088493479778,1.3225386320098826
67.0,77.0,129.88412475585938,-0.0388074804391526,2.6877985460610585,-4.113528073343364,-3.662084127527109,-1.927591512665318,1.3428829361039003,-0.0945560178947862,3.9696864920460735,-0.4462258194401474,1.327335418632295
67.0,77.0,129.88381958007812,-0.0402387601880635,2.685308358872002,-4.115949446913345,-3.6826445936775993,-1.9226093233568664,1.340564525682411,-0.0983492434590383,3.957213589402565,-0.4388567161024845,1.3244611966401527
67.0,77.0,129.88380432128906,-0.0390820067464913,2.6829506363431577,-4.113312611286857,-3.6814272599685927,-1.922039052328748,1.344336460807045,-0.095451965367625,3.957476153650929,-0.4415093061023265,1.3198627626288175
67.0,77.0,129.88375854492188,-0.0383748545952906,2.6828627286513544,-4.119418813913224,-3.682494467981616,-1.9282209049358472,1.3367262681858223,-0.1005647864268345,3.962036320306789,-0.4450312679628621,1.326115382226244
67.0,77.0,129.88381958007812,-0.0384845814678022,2.6801285814883045,-4.113037108600152,-3.684493715394865,-1.9257755823672933,1.3448715185218123,-0.1066491397592863,3.963134683823258,-0.440580064559892,1.3211131360980402
67.0,77.0,129.88372802734375,-0.0394621301185116,2.681895405253066,-4.114145708257508,-3.679763424109368,-1.9241594048150383,1.339448483367928,-0.1004818458329689,3.960899682402396,-0.4429053430792187,1.3234053496158238
67.0,77.0,129.88377380371094,-0.0378591694234113,2.684895826773754,-4.118227332618508,-3.679404193526077,-1.924432076279036,1.3419771633205635,-0.10606815229388,3.963107310779944,-0.4423095108848875,1.3223309472238691
67.0,77.0,129.8837127685547,-0.0394954936172463,2.6825188067322765,-4.115058265340832,-3.681510634642686,-1.9228880618401816,1.3399492690560406,-0.1000011100859549,3.96471291422232,-0.442861539657224,1.321143834184915
67.0,77.0,129.8837127685547,-0.0387396005425392,2.682225447735511,-4.115479380597832,-3.681445627110278,-1.9244833563466768,1.3399580598807128,-0.0977809306001005,3.963170214857519,-0.4425159128700108,1.3251554978291538
67.0,77.0,129.88372802734375,-0.0386821019793582,2.6815381588848046,-4.1144313986273255,-3.677526000978648,-1.9226308667231933,1.3390592296203674,-0.1021852491710648,3.9632813889993033,-0.4442125626999775,1.3214430154031738
67.0,77.0,129.8838653564453,-0.0393061233272463,2.681281267158944,-4.114158484769709,-3.67815434163132,-1.923608340265704,1.3382934884267703,-0.0952300923643864,3.9551757729086834,-0.4420769687443724,1.3300909515584056
67.0,77.0,129.88377380371094,-0.0370301042756335,2.6808724586364474,-4.114124816025329,-3.683212641628527,-1.9214763878480388,1.3395852700072155,-0.098501506092356,3.967410957944312,-0.4422383149877764,1.3285764615446451
67.0,77.0,129.88375854492188,-0.0394865605511611,2.682722635477542,-4.115787305609346,-3.683264367512349,-1.925276202445072,1.343647041068191,-0.1036711209503276,3.966619616499813,-0.4418867201526064,1.3237793981018473
67.0,77.0,129.8837432861328,-0.0403196791376957,2.681344745588796,-4.111157271904844,-3.6772628425623273,-1.923755186677398,1.3401435348936457,-0.1023750718229105,3.9656387162874753,-0.4448436497606494,1.3229139334423266
67.0,77.0,129.88372802734375,-0.0390172737697411,2.6810844634350035,-4.114781913903434,-3.68210516188416,-1.9229760765396773,1.3388006010437457,-0.0998183172534476,3.965147877385086,-0.4428746272166124,1.3232948405313465
67.0,77.0,129.8837890625,-0.0394980867490792,2.6815779431972406,-4.1168785301556445,-3.681698391991953,-1.924053272910574,1.344643452859574,-0.102118036465461,3.9601782968794073,-0.4377647591669585,1.3205051770918452
67.0,77.0,129.8837432861328,-0.0383931038711856,2.681743703753225,-4.110919821985832,-3.680941012101324,-1.9246707853026483,1.3396469992217974,-0.1016141060131876,3.960629551844936,-0.4436288058793948,1.3237666766968057
67.0,77.0,129.88372802734375,-0.0377962002862417,2.68278968488239,-4.1135118746609365,-3.680836400147703,-1.9249625159402528,1.3395473577763546,-0.0987120182903186,3.962620759883891,-0.4429706282377966,1.3274780689468724
67.0,77.0,129.8837432861328,-0.0369536338520861,2.6834832434335314,-4.110732885483033,-3.682000754389392,-1.925332537745041,1.3390878274264857,-0.1028720403009698,3.963019664666001,-0.4423472748414462,1.3221376020935554
67.0,77.0,129.8837432861328,-0.0391472470299732,2.6814139279691966,-4.114233631218182,-3.6803280309310535,-1.9219844922915383,1.3380428698726958,-0.095331554091111,3.963993270280648,-0.4428971823822681,1.3222137416511706
67.0,77.0,129.88377380371094,-0.0381978847563693,2.685521542025591,-4.118935713301171,-3.680651247334272,-1.921461058082287,1.3389833341657915,-0.0988698440938216,3.964818782955072,-0.4491152682216525,1.3247190688421444
67.0,77.0,129.8837127685547,-0.0393439610213545,2.6830619422745308,-4.114604043222708,-3.680368689308013,-1.9229080885171144,1.340185094365083,-0.099360564882717,3.963476834582344,-0.4430568216979387,1.320904571426344
67.0,77.0,129.8837432861328,-0.0324301342240068,2.6826313538409625,-4.11536863009975,-3.6788503290077617,-1.9297556354793024,1.339805566845012,-0.1009029812745891,3.962155039281896,-0.4429689748593686,1.3228710802040218
67.0,77.0,129.88400268554688,-0.037954923945733,2.6820473160642977,-4.115736926677778,-3.6798682220493872,-1.923058501078296,1.3401038094080662,-0.0828489728135005,3.9641982963189615,-0.4467334057781577,1.31887793463162
67.0,77.0,129.88372802734375,-0.0401304886888829,2.6826231701096943,-4.11460783310519,-3.68035751517984,-1.923476049603897,1.3396390244885077,-0.0992416294423162,3.962261697216724,-0.4427013717036887,1.3208328590038698
67.0,77.0,129.88372802734375,-0.0400022986406063,2.683558686023411,-4.115833486137031,-3.680001361911579,-1.9239876729988008,1.3378296193188393,-0.0990833425014602,3.961657571455063,-0.4429680730143315,1.3232233329638603
67.0,77.0,129.8860626220703,-0.0337342718565517,2.682834222701202,-4.126022283735655,-3.644125429414559,-1.927401321951748,1.3149574626392244,-0.0998909484253223,3.954247922097053,-0.4298188436702502,1.321126028580606
67.0,77.0,129.88372802734375,-0.0393950079337393,2.682079167622051,-4.116431395177504,-3.6787488139868953,-1.9248699622245524,1.339336898271135,-0.1018957621684307,3.968299480994778,-0.4440051691932998,1.3218586454353822
67.0,77.0,129.8837127685547,-0.0392770302274404,2.6840185618744274,-4.11478560885508,-3.680144804329269,-1.924455010930148,1.338262751859438,-0.0989258480500887,3.964421669230163,-0.4429678574930978,1.323156509914116
67.0,77.0,129.88380432128906,-0.0397418140590472,2.682659782964297,-4.108467189217131,-3.678512834341088,-1.92517831899215,1.3393670746749475,-0.1015734579810419,3.957960817705243,-0.4433028224987075,1.3198015047265983
67.0,77.0,129.8839111328125,-0.0357546781647038,2.6789038399625515,-4.120778366122898,-3.681529818063756,-1.9216935972036608,1.337210044972077,-0.0996680966856643,3.952879637765833,-0.4437343134084681,1.3208729518675746
67.0,77.0,129.88372802734375,-0.0400392669733138,2.6838549748841367,-4.11526587249595,-3.677940289516276,-1.9256886172759964,1.3398488735573226,-0.0992902783458619,3.9606908601508777,-0.4440976131916241,1.3229480771894
67.0,77.0,129.88375854492188,-0.0404524663600091,2.6832652404609787,-4.11708885492685,-3.675416248435483,-1.9240578758876288,1.33792008790808,-0.0992875047901505,3.968188231278808,-0.446008063085567,1.324665028371541
67.0,77.0,129.88385009765625,-0.0369713198544426,2.683240158128768,-4.114864069020031,-3.680062410256504,-1.9159292035703623,1.3381562331196657,-0.0926795067052408,3.9616411299744327,-0.4443132141411332,1.3246831841583622
67.0,77.0,129.8837432861328,-0.0394156227500661,2.683473023788846,-4.114948214059361,-3.680061502678603,-1.92384748258184,1.3379068697638432,-0.095617554709007,3.9617679793083935,-0.4438394755287239,1.3206344345300909
67.0,77.0,129.88377380371094,-0.0399577529350641,2.683951326737944,-4.11409128418014,-3.681289337371545,-1.924380755156704,1.3448717929242058,-0.0959637858982409,3.9596759122131417,-0.4415445670201363,1.3210377334526509
67.0,77.0,129.88381958007812,-0.0382454662000748,2.6843102987638594,-4.112180475349911,-3.683203675526845,-1.9230956825802463,1.3451952358881198,-0.0951252216612652,3.956917968961193,-0.4421143219246207,1.3219572442552838
67.0,77.0,129.88375854492188,-0.0383531232493373,2.682812701568785,-4.117246257621259,-3.680028916734543,-1.9257322633889085,1.3364691665009278,-0.0999826034317715,3.958180825003773,-0.4446378271185587,1.322261899153968
67.0,77.0,129.8837127685547,-0.0370368728377057,2.684946984407843,-4.114466962912864,-3.679601915526487,-1.9246393033397071,1.3389271121330308,-0.0989645977034366,3.9663944759107945,-0.4429752066100512,1.3234327708809652
67.0,77.0,129.88377380371094,-0.0371805364858019,2.6801813032461115,-4.1167807610360825,-3.679723208187392,-1.9233638643688973,1.3372673196431033,-0.1017256671032174,3.964156436650676,-0.4492556300530455,1.3200218327343036
67.0,77.0,129.8837432861328,-0.0401260662633257,2.682537547096894,-4.113877095677216,-3.681799340347148,-1.924475743436284,1.3380645037074306,-0.1017678039450728,3.960358816154118,-0.4427466635128721,1.3236576849177968
67.0,77.0,129.88372802734375,-0.0397115361384038,2.6810012229809903,-4.115411750977208,-3.680511080146436,-1.9237603358232287,1.3390459794750922,-0.1015468177255758,3.960578124505437,-0.4429465258328998,1.3222910970389383
67.0,77.0,129.88406372070312,-0.0420112517604875,2.679852173634206,-4.11715069259902,-3.6899305580431374,-1.9184696287213407,1.337849771421121,-0.0925829673007536,3.9724574318389294,-0.4362331809367505,1.326466179248151
67.0,77.0,129.88375854492188,-0.0395230798545422,2.684265804785245,-4.11417326672963,-3.6803035972245945,-1.9240149223258696,1.3400231361770818,-0.0979549657379594,3.959313022163282,-0.4417830795790612,1.3182885497178147
67.0,77.0,129.88372802734375,-0.0400499241540285,2.684384565580721,-4.113508552930457,-3.6795907112724975,-1.9263905391909424,1.343992729015894,-0.0982982948597923,3.963003635017269,-0.4457270810510728,1.3210156141299698
67.0,78.0,129.8854522705078,-0.024913178451968,2.6860798871689724,-4.116955728203013,-3.6732630272646016,-1.9500856693940591,1.351441959202703,-0.0741397555146345,3.976496470107653,-0.4514977238147504,1.3207495542655825
67.0,78.0,129.88372802734375,-0.0396601301526671,2.6824214471110213,-4.114176576160914,-3.6803846864453593,-1.924251919521299,1.3393735760874277,-0.1015541335523571,3.960655194670424,-0.4430571870415541,1.3228611078670374
67.0,78.0,129.88372802734375,-0.0394769115291641,2.6837033382446145,-4.114166749463672,-3.6799456347009527,-1.9243051149419503,1.3391340605428326,-0.1010746475038844,3.960255740674688,-0.4436410459554568,1.323078529932192
67.0,78.0,129.8837127685547,-0.0383018451630346,2.6825657222281154,-4.115490430001167,-3.682651472125516,-1.9231239052756093,1.340025079312943,-0.0984281458914428,3.964438100958562,-0.44245859712267,1.3243555689868682
67.0,78.0,129.88372802734375,-0.0378638788614475,2.6816528780745084,-4.113832592149451,-3.679159629992752,-1.923534519948707,1.338797494049465,-0.0965357549723827,3.961384075979965,-0.4432088493479778,1.3225386320098826
67.0,78.0,129.88412475585938,-0.0388074804391526,2.6877985460610585,-4.113528073343364,-3.662084127527109,-1.927591512665318,1.3428829361039003,-0.0945560178947862,3.9696864920460735,-0.4462258194401474,1.327335418632295
67.0,78.0,129.88381958007812,-0.0402387601880635,2.685308358872002,-4.115949446913345,-3.6826445936775993,-1.9226093233568664,1.340564525682411,-0.0983492434590383,3.957213589402565,-0.4388567161024845,1.3244611966401527
67.0,78.0,129.88380432128906,-0.0390820067464913,2.6829506363431577,-4.113312611286857,-3.6814272599685927,-1.922039052328748,1.344336460807045,-0.095451965367625,3.957476153650929,-0.4415093061023265,1.3198627626288175
67.0,78.0,129.88375854492188,-0.0383748545952906,2.6828627286513544,-4.119418813913224,-3.682494467981616,-1.9282209049358472,1.3367262681858223,-0.1005647864268345,3.962036320306789,-0.4450312679628621,1.326115382226244
67.0,78.0,129.88381958007812,-0.0384845814678022,2.6801285814883045,-4.113037108600152,-3.684493715394865,-1.9257755823672933,1.3448715185218123,-0.1066491397592863,3.963134683823258,-0.440580064559892,1.3211131360980402
67.0,78.0,129.88372802734375,-0.0394621301185116,2.681895405253066,-4.114145708257508,-3.679763424109368,-1.9241594048150383,1.339448483367928,-0.1004818458329689,3.960899682402396,-0.4429053430792187,1.3234053496158238
67.0,78.0,129.88377380371094,-0.0378591694234113,2.684895826773754,-4.118227332618508,-3.679404193526077,-1.924432076279036,1.3419771633205635,-0.10606815229388,3.963107310779944,-0.4423095108848875,1.3223309472238691
67.0,78.0,129.8837127685547,-0.0394954936172463,2.6825188067322765,-4.115058265340832,-3.681510634642686,-1.9228880618401816,1.3399492690560406,-0.1000011100859549,3.96471291422232,-0.442861539657224,1.321143834184915
67.0,78.0,129.8837127685547,-0.0387396005425392,2.682225447735511,-4.115479380597832,-3.681445627110278,-1.9244833563466768,1.3399580598807128,-0.0977809306001005,3.963170214857519,-0.4425159128700108,1.3251554978291538
67.0,78.0,129.88372802734375,-0.0386821019793582,2.6815381588848046,-4.1144313986273255,-3.677526000978648,-1.9226308667231933,1.3390592296203674,-0.1021852491710648,3.9632813889993033,-0.4442125626999775,1.3214430154031738
67.0,78.0,129.8838653564453,-0.0393061233272463,2.681281267158944,-4.114158484769709,-3.67815434163132,-1.923608340265704,1.3382934884267703,-0.0952300923643864,3.9551757729086834,-0.4420769687443724,1.3300909515584056
67.0,78.0,129.88377380371094,-0.0370301042756335,2.6808724586364474,-4.114124816025329,-3.683212641628527,-1.9214763878480388,1.3395852700072155,-0.098501506092356,3.967410957944312,-0.4422383149877764,1.3285764615446451
67.0,78.0,129.88372802734375,-0.0364562979673581,2.681942566488224,-4.115709077188916,-3.683316691518306,-1.923309269025863,1.3397195529115484,-0.1020936410265639,3.96605988046728,-0.4430883786376737,1.3247307896339595
67.0,78.0,129.8837127685547,-0.0388710214976334,2.682930259551921,-4.113826420885107,-3.6800911697767993,-1.922090452574188,1.3410768367164614,-0.1001087203714096,3.964367078846782,-0.4440480924561353,1.32471141089398
67.0,78.0,129.88372802734375,-0.0390172737697411,2.6810844634350035,-4.114781913903434,-3.68210516188416,-1.9229760765396773,1.3388006010437457,-0.0998183172534476,3.965147877385086,-0.4428746272166124,1.3232948405313465
67.0,78.0,129.8837890625,-0.0394980867490792,2.6815779431972406,-4.1168785301556445,-3.681698391991953,-1.924053272910574,1.344643452859574,-0.102118036465461,3.9601782968794073,-0.4377647591669585,1.3205051770918452
67.0,78.0,129.8837432861328,-0.0383931038711856,2.681743703753225,-4.110919821985832,-3.680941012101324,-1.9246707853026483,1.3396469992217974,-0.1016141060131876,3.960629551844936,-0.4436288058793948,1.3237666766968057
67.0,78.0,129.88372802734375,-0.0377962002862417,2.68278968488239,-4.1135118746609365,-3.680836400147703,-1.9249625159402528,1.3395473577763546,-0.0987120182903186,3.962620759883891,-0.4429706282377966,1.3274780689468724
67.0,78.0,129.8837432861328,-0.0369536338520861,2.6834832434335314,-4.110732885483033,-3.682000754389392,-1.925332537745041,1.3390878274264857,-0.1028720403009698,3.963019664666001,-0.4423472748414462,1.3221376020935554
67.0,78.0,129.88372802734375,-0.0383165834651265,2.6805636905222827,-4.114509036250329,-3.681431348772668,-1.922064448310376,1.339359781558365,-0.1021107820494541,3.9639069947622847,-0.4451756193766956,1.3230167789224236
67.0,78.0,129.88377380371094,-0.0381978847563693,2.685521542025591,-4.118935713301171,-3.680651247334272,-1.921461058082287,1.3389833341657915,-0.0988698440938216,3.964818782955072,-0.4491152682216525,1.3247190688421444
67.0,78.0,129.8837127685547,-0.0393439610213545,2.6830619422745308,-4.114604043222708,-3.680368689308013,-1.9229080885171144,1.340185094365083,-0.099360564882717,3.963476834582344,-0.4430568216979387,1.320904571426344
67.0,78.0,129.8837127685547,-0.0368735886714113,2.681852617239169,-4.116070501225996,-3.680380114517553,-1.925535696483468,1.339904267249601,-0.1012086031746959,3.9643253763449073,-0.4427840455537242,1.3221286130386667
67.0,78.0,129.88400268554688,-0.037954923945733,2.6820473160642977,-4.115736926677778,-3.6798682220493872,-1.923058501078296,1.3401038094080662,-0.0828489728135005,3.9641982963189615,-0.4467334057781577,1.31887793463162
67.0,78.0,129.8837127685547,-0.0371175704728505,2.6812182813530163,-4.114826148555521,-3.6814360671443898,-1.9272192972100608,1.3392384010451557,-0.0975537949860169,3.963685680076699,-0.4423936017161028,1.3207502023375437
67.0,78.0,129.88372802734375,-0.0400022986406063,2.683558686023411,-4.115833486137031,-3.680001361911579,-1.9239876729988008,1.3378296193188393,-0.0990833425014602,3.961657571455063,-0.4429680730143315,1.3232233329638603
67.0,78.0,129.8860626220703,-0.0337342718565517,2.682834222701202,-4.126022283735655,-3.644125429414559,-1.927401321951748,1.3149574626392244,-0.0998909484253223,3.954247922097053,-0.4298188436702502,1.321126028580606
67.0,78.0,129.88372802734375,-0.0393950079337393,2.682079167622051,-4.116431395177504,-3.6787488139868953,-1.9248699622245524,1.339336898271135,-0.1018957621684307,3.968299480994778,-0.4440051691932998,1.3218586454353822
67.0,78.0,129.8837127685547,-0.0392770302274404,2.6840185618744274,-4.11478560885508,-3.680144804329269,-1.924455010930148,1.338262751859438,-0.0989258480500887,3.964421669230163,-0.4429678574930978,1.323156509914116
67.0,78.0,129.88380432128906,-0.0397418140590472,2.682659782964297,-4.108467189217131,-3.678512834341088,-1.92517831899215,1.3393670746749475,-0.1015734579810419,3.957960817705243,-0.4433028224987075,1.3198015047265983
67.0,78.0,129.8839111328125,-0.0357546781647038,2.6789038399625515,-4.120778366122898,-3.681529818063756,-1.9216935972036608,1.337210044972077,-0.0996680966856643,3.952879637765833,-0.4437343134084681,1.3208729518675746
67.0,78.0,129.88372802734375,-0.0400392669733138,2.6838549748841367,-4.11526587249595,-3.677940289516276,-1.9256886172759964,1.3398488735573226,-0.0992902783458619,3.9606908601508777,-0.4440976131916241,1.3229480771894
67.0,78.0,129.88375854492188,-0.0404524663600091,2.6832652404609787,-4.11708885492685,-3.675416248435483,-1.9240578758876288,1.33792008790808,-0.0992875047901505,3.968188231278808,-0.446008063085567,1.324665028371541
67.0,78.0,129.88381958007812,-0.0375365350782741,2.682863998422905,-4.115836048461196,-3.6839230740063926,-1.9345608518754005,1.3386360773955992,-0.1027318099492773,3.963387601269426,-0.4421555653281178,1.3245843539928892
67.0,78.0,129.8837432861328,-0.0394156227500661,2.683473023788846,-4.114948214059361,-3.680061502678603,-1.92384748258184,1.3379068697638432,-0.095617554709007,3.9617679793083935,-0.4438394755287239,1.3206344345300909
67.0,78.0,129.88377380371094,-0.0399577529350641,2.683951326737944,-4.11409128418014,-3.681289337371545,-1.924380755156704,1.3448717929242058,-0.0959637858982409,3.9596759122131417,-0.4415445670201363,1.3210377334526509
67.0,78.0,129.88381958007812,-0.0382454662000748,2.6843102987638594,-4.112180475349911,-3.683203675526845,-1.9230956825802463,1.3451952358881198,-0.0951252216612652,3.956917968961193,-0.4421143219246207,1.3219572442552838
67.0,78.0,129.88375854492188,-0.0383531232493373,2.682812701568785,-4.117246257621259,-3.680028916734543,-1.9257322633889085,1.3364691665009278,-0.0999826034317715,3.958180825003773,-0.4446378271185587,1.322261899153968
67.0,78.0,129.8837127685547,-0.0370368728377057,2.684946984407843,-4.114466962912864,-3.679601915526487,-1.9246393033397071,1.3389271121330308,-0.0989645977034366,3.9663944759107945,-0.4429752066100512,1.3234327708809652
67.0,78.0,129.88377380371094,-0.0371805364858019,2.6801813032461115,-4.1167807610360825,-3.679723208187392,-1.9233638643688973,1.3372673196431033,-0.1017256671032174,3.964156436650676,-0.4492556300530455,1.3200218327343036
67.0,78.0,129.8837432861328,-0.0401260662633257,2.682537547096894,-4.113877095677216,-3.681799340347148,-1.924475743436284,1.3380645037074306,-0.1017678039450728,3.960358816154118,-0.4427466635128721,1.3236576849177968
67.0,78.0,129.88372802734375,-0.0397115361384038,2.6810012229809903,-4.115411750977208,-3.680511080146436,-1.9237603358232287,1.3390459794750922,-0.1015468177255758,3.960578124505437,-0.4429465258328998,1.3222910970389383
67.0,78.0,129.88406372070312,-0.0420112517604875,2.679852173634206,-4.11715069259902,-3.6899305580431374,-1.9184696287213407,1.337849771421121,-0.0925829673007536,3.9724574318389294,-0.4362331809367505,1.326466179248151
67.0,78.0,129.88375854492188,-0.0395230798545422,2.684265804785245,-4.11417326672963,-3.6803035972245945,-1.9240149223258696,1.3400231361770818,-0.0979549657379594,3.959313022163282,-0.4417830795790612,1.3182885497178147
67.0,78.0,129.88372802734375,-0.0400499241540285,2.684384565580721,-4.113508552930457,-3.6795907112724975,-1.9263905391909424,1.343992729015894,-0.0982982948597923,3.963003635017269,-0.4457270810510728,1.3210156141299698
67.0,79.0,129.8854522705078,-0.024913178451968,2.6860798871689724,-4.116955728203013,-3.6732630272646016,-1.9500856693940591,1.351441959202703,-0.0741397555146345,3.976496470107653,-0.4514977238147504,1.3207495542655825
67.0,79.0,129.88372802734375,-0.0396601301526671,2.6824214471110213,-4.114176576160914,-3.6803846864453593,-1.924251919521299,1.3393735760874277,-0.1015541335523571,3.960655194670424,-0.4430571870415541,1.3228611078670374
67.0,79.0,129.88372802734375,-0.0394769115291641,2.6837033382446145,-4.114166749463672,-3.6799456347009527,-1.9243051149419503,1.3391340605428326,-0.1010746475038844,3.960255740674688,-0.4436410459554568,1.323078529932192
67.0,79.0,129.8837127685547,-0.0383018451630346,2.6825657222281154,-4.115490430001167,-3.682651472125516,-1.9231239052756093,1.340025079312943,-0.0984281458914428,3.964438100958562,-0.44245859712267,1.3243555689868682
67.0,79.0,129.88372802734375,-0.0378638788614475,2.6816528780745084,-4.113832592149451,-3.679159629992752,-1.923534519948707,1.338797494049465,-0.0965357549723827,3.961384075979965,-0.4432088493479778,1.3225386320098826
67.0,79.0,129.8840789794922,-0.0383526938306781,2.6840983808744503,-4.112938087416805,-3.66450856574448,-1.9159955216799505,1.3433670790856478,-0.099472022972752,3.961323763884849,-0.439705762919297,1.3192667628009058
67.0,79.0,129.88381958007812,-0.0402387601880635,2.685308358872002,-4.115949446913345,-3.6826445936775993,-1.9226093233568664,1.340564525682411,-0.0983492434590383,3.957213589402565,-0.4388567161024845,1.3244611966401527
67.0,79.0,129.88380432128906,-0.0390820067464913,2.6829506363431577,-4.113312611286857,-3.6814272599685927,-1.922039052328748,1.344336460807045,-0.095451965367625,3.957476153650929,-0.4415093061023265,1.3198627626288175
67.0,79.0,129.88375854492188,-0.0383748545952906,2.6828627286513544,-4.119418813913224,-3.682494467981616,-1.9282209049358472,1.3367262681858223,-0.1005647864268345,3.962036320306789,-0.4450312679628621,1.326115382226244
67.0,79.0,129.88375854492188,-0.0376604232236848,2.6788967464762794,-4.117259319482914,-3.679239425133298,-1.9248844675703176,1.3447819846854383,-0.101703515204883,3.965578813797424,-0.4401031358295014,1.3263050126646816
67.0,79.0,129.88372802734375,-0.0394621301185116,2.681895405253066,-4.114145708257508,-3.679763424109368,-1.9241594048150383,1.339448483367928,-0.1004818458329689,3.960899682402396,-0.4429053430792187,1.3234053496158238
67.0,79.0,129.88377380371094,-0.0378591694234113,2.684895826773754,-4.118227332618508,-3.679404193526077,-1.924432076279036,1.3419771633205635,-0.10606815229388,3.963107310779944,-0.4423095108848875,1.3223309472238691
67.0,79.0,129.8837127685547,-0.0394954936172463,2.6825188067322765,-4.115058265340832,-3.681510634642686,-1.9228880618401816,1.3399492690560406,-0.1000011100859549,3.96471291422232,-0.442861539657224,1.321143834184915
67.0,79.0,129.8837127685547,-0.0387396005425392,2.682225447735511,-4.115479380597832,-3.681445627110278,-1.9244833563466768,1.3399580598807128,-0.0977809306001005,3.963170214857519,-0.4425159128700108,1.3251554978291538
67.0,79.0,129.88372802734375,-0.0386821019793582,2.6815381588848046,-4.1144313986273255,-3.677526000978648,-1.9226308667231933,1.3390592296203674,-0.1021852491710648,3.9632813889993033,-0.4442125626999775,1.3214430154031738
67.0,79.0,129.8838653564453,-0.0393061233272463,2.681281267158944,-4.114158484769709,-3.67815434163132,-1.923608340265704,1.3382934884267703,-0.0952300923643864,3.9551757729086834,-0.4420769687443724,1.3300909515584056
67.0,79.0,129.88375854492188,-0.0404406037819937,2.6827515379690694,-4.112856729502792,-3.682329335390942,-1.9235173723624035,1.340124203657222,-0.0987064447028979,3.968390768629871,-0.4412419862259752,1.3199027442696158
67.0,79.0,129.88372802734375,-0.0364562979673581,2.681942566488224,-4.115709077188916,-3.683316691518306,-1.923309269025863,1.3397195529115484,-0.1020936410265639,3.96605988046728,-0.4430883786376737,1.3247307896339595
67.0,79.0,129.8837127685547,-0.0388710214976334,2.682930259551921,-4.113826420885107,-3.6800911697767993,-1.922090452574188,1.3410768367164614,-0.1001087203714096,3.964367078846782,-0.4440480924561353,1.32471141089398
67.0,79.0,129.88372802734375,-0.0390172737697411,2.6810844634350035,-4.114781913903434,-3.68210516188416,-1.9229760765396773,1.3388006010437457,-0.0998183172534476,3.965147877385086,-0.4428746272166124,1.3232948405313465
67.0,79.0,129.8837890625,-0.0394980867490792,2.6815779431972406,-4.1168785301556445,-3.681698391991953,-1.924053272910574,1.344643452859574,-0.102118036465461,3.9601782968794073,-0.4377647591669585,1.3205051770918452
67.0,79.0,129.8837432861328,-0.0383931038711856,2.681743703753225,-4.110919821985832,-3.680941012101324,-1.9246707853026483,1.3396469992217974,-0.1016141060131876,3.960629551844936,-0.4436288058793948,1.3237666766968057
67.0,79.0,129.88372802734375,-0.0377962002862417,2.68278968488239,-4.1135118746609365,-3.680836400147703,-1.9249625159402528,1.3395473577763546,-0.0987120182903186,3.962620759883891,-0.4429706282377966,1.3274780689468724
67.0,79.0,129.8837432861328,-0.0369536338520861,2.6834832434335314,-4.110732885483033,-3.682000754389392,-1.925332537745041,1.3390878274264857,-0.1028720403009698,3.963019664666001,-0.4423472748414462,1.3221376020935554
67.0,79.0,129.88372802734375,-0.0383165834651265,2.6805636905222827,-4.114509036250329,-3.681431348772668,-1.922064448310376,1.339359781558365,-0.1021107820494541,3.9639069947622847,-0.4451756193766956,1.3230167789224236
67.0,79.0,129.88372802734375,-0.0383229468337247,2.684689736792659,-4.113320173569128,-3.6812720327919206,-1.922518627926585,1.338703731443468,-0.0977324481950764,3.965626446862294,-0.4441846613409474,1.3248603636307303
67.0,79.0,129.8837127685547,-0.0393439610213545,2.6830619422745308,-4.114604043222708,-3.680368689308013,-1.9229080885171144,1.340185094365083,-0.099360564882717,3.963476834582344,-0.4430568216979387,1.320904571426344
67.0,79.0,129.8837127685547,-0.0368735886714113,2.681852617239169,-4.116070501225996,-3.680380114517553,-1.925535696483468,1.339904267249601,-0.1012086031746959,3.9643253763449073,-0.4427840455537242,1.3221286130386667
67.0,79.0,129.88400268554688,-0.037954923945733,2.6820473160642977,-4.115736926677778,-3.6798682220493872,-1.923058501078296,1.3401038094080662,-0.0828489728135005,3.9641982963189615,-0.4467334057781577,1.31887793463162
67.0,79.0,129.8837127685547,-0.0371175704728505,2.6812182813530163,-4.114826148555521,-3.6814360671443898,-1.9272192972100608,1.3392384010451557,-0.0975537949860169,3.963685680076699,-0.4423936017161028,1.3207502023375437
67.0,79.0,129.8837127685547,-0.0399086876446695,2.683304492942917,-4.116803164428651,-3.6789314558503374,-1.9249251599310304,1.3381053330929735,-0.0997747091393337,3.9640814250237137,-0.4432293492017474,1.324610428737538
67.0,79.0,129.88446044921875,-0.039751082233391,2.688602616044047,-4.1135627920953,-3.662285586238217,-1.92221675546066,1.3420366784469937,-0.0986370747585677,3.9523441207485104,-0.4586107839811115,1.3287597126229236
67.0,79.0,129.88372802734375,-0.0393950079337393,2.682079167622051,-4.116431395177504,-3.6787488139868953,-1.9248699622245524,1.339336898271135,-0.1018957621684307,3.968299480994778,-0.4440051691932998,1.3218586454353822
67.0,79.0,129.8837127685547,-0.0392770302274404,2.6840185618744274,-4.11478560885508,-3.680144804329269,-1.924455010930148,1.338262751859438,-0.0989258480500887,3.964421669230163,-0.4429678574930978,1.323156509914116
67.0,79.0,129.88380432128906,-0.0397418140590472,2.682659782964297,-4.108467189217131,-3.678512834341088,-1.92517831899215,1.3393670746749475,-0.1015734579810419,3.957960817705243,-0.4433028224987075,1.3198015047265983
67.0,79.0,129.8839111328125,-0.0357546781647038,2.6789038399625515,-4.120778366122898,-3.681529818063756,-1.9216935972036608,1.337210044972077,-0.0996680966856643,3.952879637765833,-0.4437343134084681,1.3208729518675746
67.0,79.0,129.88372802734375,-0.0400392669733138,2.6838549748841367,-4.11526587249595,-3.677940289516276,-1.9256886172759964,1.3398488735573226,-0.0992902783458619,3.9606908601508777,-0.4440976131916241,1.3229480771894
67.0,79.0,129.88375854492188,-0.0404524663600091,2.6832652404609787,-4.11708885492685,-3.675416248435483,-1.9240578758876288,1.33792008790808,-0.0992875047901505,3.968188231278808,-0.446008063085567,1.324665028371541
67.0,79.0,129.88381958007812,-0.0375365350782741,2.682863998422905,-4.115836048461196,-3.6839230740063926,-1.9345608518754005,1.3386360773955992,-0.1027318099492773,3.963387601269426,-0.4421555653281178,1.3245843539928892
67.0,79.0,129.8837432861328,-0.0394156227500661,2.683473023788846,-4.114948214059361,-3.680061502678603,-1.92384748258184,1.3379068697638432,-0.095617554709007,3.9617679793083935,-0.4438394755287239,1.3206344345300909
67.0,79.0,129.88377380371094,-0.0399577529350641,2.683951326737944,-4.11409128418014,-3.681289337371545,-1.924380755156704,1.3448717929242058,-0.0959637858982409,3.9596759122131417,-0.4415445670201363,1.3210377334526509
67.0,79.0,129.88381958007812,-0.0382454662000748,2.6843102987638594,-4.112180475349911,-3.683203675526845,-1.9230956825802463,1.3451952358881198,-0.0951252216612652,3.956917968961193,-0.4421143219246207,1.3219572442552838
67.0,79.0,129.88375854492188,-0.0383531232493373,2.682812701568785,-4.117246257621259,-3.680028916734543,-1.9257322633889085,1.3364691665009278,-0.0999826034317715,3.958180825003773,-0.4446378271185587,1.322261899153968
67.0,79.0,129.8837127685547,-0.0370368728377057,2.684946984407843,-4.114466962912864,-3.679601915526487,-1.9246393033397071,1.3389271121330308,-0.0989645977034366,3.9663944759107945,-0.4429752066100512,1.3234327708809652
67.0,79.0,129.88377380371094,-0.0371805364858019,2.6801813032461115,-4.1167807610360825,-3.679723208187392,-1.9233638643688973,1.3372673196431033,-0.1017256671032174,3.964156436650676,-0.4492556300530455,1.3200218327343036
67.0,79.0,129.88372802734375,-0.0385240802739117,2.682520263725102,-4.116452738309021,-3.6816578045096486,-1.922659790826508,1.3379690272498028,-0.0992496851246273,3.965568471344164,-0.4404655002580575,1.3242609064921975
67.0,79.0,129.88372802734375,-0.0397115361384038,2.6810012229809903,-4.115411750977208,-3.680511080146436,-1.9237603358232287,1.3390459794750922,-0.1015468177255758,3.960578124505437,-0.4429465258328998,1.3222910970389383
67.0,79.0,129.88406372070312,-0.0420112517604875,2.679852173634206,-4.11715069259902,-3.6899305580431374,-1.9184696287213407,1.337849771421121,-0.0925829673007536,3.9724574318389294,-0.4362331809367505,1.326466179248151
67.0,79.0,129.88375854492188,-0.0395230798545422,2.684265804785245,-4.11417326672963,-3.6803035972245945,-1.9240149223258696,1.3400231361770818,-0.0979549657379594,3.959313022163282,-0.4417830795790612,1.3182885497178147
67.0,79.0,129.88372802734375,-0.0400499241540285,2.684384565580721,-4.113508552930457,-3.6795907112724975,-1.9263905391909424,1.343992729015894,-0.0982982948597923,3.963003635017269,-0.4457270810510728,1.3210156141299698
67.0,80.0,129.8854522705078,-0.024913178451968,2.6860798871689724,-4.116955728203013,-3.6732630272646016,-1.9500856693940591,1.351441959202703,-0.0741397555146345,3.976496470107653,-0.4514977238147504,1.3207495542655825
67.0,80.0,129.88372802734375,-0.0396601301526671,2.6824214471110213,-4.114176576160914,-3.6803846864453593,-1.924251919521299,1.3393735760874277,-0.1015541335523571,3.960655194670424,-0.4430571870415541,1.3228611078670374
67.0,80.0,129.88372802734375,-0.0394769115291641,2.6837033382446145,-4.114166749463672,-3.6799456347009527,-1.9243051149419503,1.3391340605428326,-0.1010746475038844,3.960255740674688,-0.4436410459554568,1.323078529932192
67.0,80.0,129.8837127685547,-0.0383018451630346,2.6825657222281154,-4.115490430001167,-3.682651472125516,-1.9231239052756093,1.340025079312943,-0.0984281458914428,3.964438100958562,-0.44245859712267,1.3243555689868682
67.0,80.0,129.88372802734375,-0.0378638788614475,2.6816528780745084,-4.113832592149451,-3.679159629992752,-1.923534519948707,1.338797494049465,-0.0965357549723827,3.961384075979965,-0.4432088493479778,1.3225386320098826
67.0,80.0,129.8840789794922,-0.0383526938306781,2.6840983808744503,-4.112938087416805,-3.66450856574448,-1.9159955216799505,1.3433670790856478,-0.099472022972752,3.961323763884849,-0.439705762919297,1.3192667628009058
67.0,80.0,129.88381958007812,-0.0402387601880635,2.685308358872002,-4.115949446913345,-3.6826445936775993,-1.9226093233568664,1.340564525682411,-0.0983492434590383,3.957213589402565,-0.4388567161024845,1.3244611966401527
67.0,80.0,129.88380432128906,-0.0390820067464913,2.6829506363431577,-4.113312611286857,-3.6814272599685927,-1.922039052328748,1.344336460807045,-0.095451965367625,3.957476153650929,-0.4415093061023265,1.3198627626288175
67.0,80.0,129.88375854492188,-0.0383748545952906,2.6828627286513544,-4.119418813913224,-3.682494467981616,-1.9282209049358472,1.3367262681858223,-0.1005647864268345,3.962036320306789,-0.4450312679628621,1.326115382226244
67.0,80.0,129.88375854492188,-0.0376604232236848,2.6788967464762794,-4.117259319482914,-3.679239425133298,-1.9248844675703176,1.3447819846854383,-0.101703515204883,3.965578813797424,-0.4401031358295014,1.3263050126646816
67.0,80.0,129.88372802734375,-0.0394621301185116,2.681895405253066,-4.114145708257508,-3.679763424109368,-1.9241594048150383,1.339448483367928,-0.1004818458329689,3.960899682402396,-0.4429053430792187,1.3234053496158238
67.0,80.0,129.88377380371094,-0.0378591694234113,2.684895826773754,-4.118227332618508,-3.679404193526077,-1.924432076279036,1.3419771633205635,-0.10606815229388,3.963107310779944,-0.4423095108848875,1.3223309472238691
67.0,80.0,129.8837127685547,-0.0394954936172463,2.6825188067322765,-4.115058265340832,-3.681510634642686,-1.9228880618401816,1.3399492690560406,-0.1000011100859549,3.96471291422232,-0.442861539657224,1.321143834184915
67.0,80.0,129.8837127685547,-0.0387396005425392,2.682225447735511,-4.115479380597832,-3.681445627110278,-1.9244833563466768,1.3399580598807128,-0.0977809306001005,3.963170214857519,-0.4425159128700108,1.3251554978291538
67.0,80.0,129.8837127685547,-0.0381877718237811,2.681269931177165,-4.115189659054024,-3.682085768835373,-1.9230510096111444,1.3398880451910875,-0.1009314762252844,3.963350996410638,-0.4439422476527043,1.324298345464992
67.0,80.0,129.8838653564453,-0.0393061233272463,2.681281267158944,-4.114158484769709,-3.67815434163132,-1.923608340265704,1.3382934884267703,-0.0952300923643864,3.9551757729086834,-0.4420769687443724,1.3300909515584056
67.0,80.0,129.88372802734375,-0.0407841924063163,2.682842268321897,-4.115990405053089,-3.682273090141872,-1.9231544165304768,1.3400585542493797,-0.0987326375169532,3.965591930835874,-0.4409078217283227,1.323375078886483
67.0,80.0,129.88372802734375,-0.0364562979673581,2.681942566488224,-4.115709077188916,-3.683316691518306,-1.923309269025863,1.3397195529115484,-0.1020936410265639,3.96605988046728,-0.4430883786376737,1.3247307896339595
67.0,80.0,129.8837127685547,-0.0388710214976334,2.682930259551921,-4.113826420885107,-3.6800911697767993,-1.922090452574188,1.3410768367164614,-0.1001087203714096,3.964367078846782,-0.4440480924561353,1.32471141089398
67.0,80.0,129.88372802734375,-0.0390172737697411,2.6810844634350035,-4.114781913903434,-3.68210516188416,-1.9229760765396773,1.3388006010437457,-0.0998183172534476,3.965147877385086,-0.4428746272166124,1.3232948405313465
67.0,80.0,129.8837890625,-0.0394980867490792,2.6815779431972406,-4.1168785301556445,-3.681698391991953,-1.924053272910574,1.344643452859574,-0.102118036465461,3.9601782968794073,-0.4377647591669585,1.3205051770918452
67.0,80.0,129.8837432861328,-0.0383931038711856,2.681743703753225,-4.110919821985832,-3.680941012101324,-1.9246707853026483,1.3396469992217974,-0.1016141060131876,3.960629551844936,-0.4436288058793948,1.3237666766968057
67.0,80.0,129.88372802734375,-0.0377962002862417,2.68278968488239,-4.1135118746609365,-3.680836400147703,-1.9249625159402528,1.3395473577763546,-0.0987120182903186,3.962620759883891,-0.4429706282377966,1.3274780689468724
67.0,80.0,129.8837432861328,-0.0369536338520861,2.6834832434335314,-4.110732885483033,-3.682000754389392,-1.925332537745041,1.3390878274264857,-0.1028720403009698,3.963019664666001,-0.4423472748414462,1.3221376020935554
67.0,80.0,129.88372802734375,-0.0383165834651265,2.6805636905222827,-4.114509036250329,-3.681431348772668,-1.922064448310376,1.339359781558365,-0.1021107820494541,3.9639069947622847,-0.4451756193766956,1.3230167789224236
67.0,80.0,129.88372802734375,-0.0383229468337247,2.684689736792659,-4.113320173569128,-3.6812720327919206,-1.922518627926585,1.338703731443468,-0.0977324481950764,3.965626446862294,-0.4441846613409474,1.3248603636307303
67.0,80.0,129.8837127685547,-0.0393439610213545,2.6830619422745308,-4.114604043222708,-3.680368689308013,-1.9229080885171144,1.340185094365083,-0.099360564882717,3.963476834582344,-0.4430568216979387,1.320904571426344
67.0,80.0,129.88369750976562,-0.0370319986549597,2.682141311654721,-4.11568919640137,-3.679601765843594,-1.9250876999733395,1.3398228311447469,-0.1004837490685165,3.964237534852891,-0.442657322459007,1.323574800022745
67.0,80.0,129.8838348388672,-0.0382365984519261,2.681891965437762,-4.115323987002717,-3.682318192618781,-1.923054315757127,1.3400111339907927,-0.0919492767774639,3.9643277834503694,-0.4497180059742441,1.3294133251976838
67.0,80.0,129.8837127685547,-0.0371175704728505,2.6812182813530163,-4.114826148555521,-3.6814360671443898,-1.9272192972100608,1.3392384010451557,-0.0975537949860169,3.963685680076699,-0.4423936017161028,1.3207502023375437
67.0,80.0,129.8837127685547,-0.0399086876446695,2.683304492942917,-4.116803164428651,-3.6789314558503374,-1.9249251599310304,1.3381053330929735,-0.0997747091393337,3.9640814250237137,-0.4432293492017474,1.324610428737538
67.0,80.0,129.88409423828125,-0.0397956182628092,2.687963602957555,-4.1078200614094245,-3.682413104138892,-1.9217226514434445,1.341253867452656,-0.0986196154256292,3.95102469121405,-0.4490600882860587,1.33176414912736
67.0,80.0,129.88372802734375,-0.0393950079337393,2.682079167622051,-4.116431395177504,-3.6787488139868953,-1.9248699622245524,1.339336898271135,-0.1018957621684307,3.968299480994778,-0.4440051691932998,1.3218586454353822
67.0,80.0,129.8837127685547,-0.0392770302274404,2.6840185618744274,-4.11478560885508,-3.680144804329269,-1.924455010930148,1.338262751859438,-0.0989258480500887,3.964421669230163,-0.4429678574930978,1.323156509914116
67.0,80.0,129.88380432128906,-0.0397418140590472,2.682659782964297,-4.108467189217131,-3.678512834341088,-1.92517831899215,1.3393670746749475,-0.1015734579810419,3.957960817705243,-0.4433028224987075,1.3198015047265983
67.0,80.0,129.8839111328125,-0.0357546781647038,2.6789038399625515,-4.120778366122898,-3.681529818063756,-1.9216935972036608,1.337210044972077,-0.0996680966856643,3.952879637765833,-0.4437343134084681,1.3208729518675746
67.0,80.0,129.88372802734375,-0.0400392669733138,2.6838549748841367,-4.11526587249595,-3.677940289516276,-1.9256886172759964,1.3398488735573226,-0.0992902783458619,3.9606908601508777,-0.4440976131916241,1.3229480771894
67.0,80.0,129.88375854492188,-0.0404524663600091,2.6832652404609787,-4.11708885492685,-3.675416248435483,-1.9240578758876288,1.33792008790808,-0.0992875047901505,3.968188231278808,-0.446008063085567,1.324665028371541
67.0,80.0,129.88372802734375,-0.038307291081831,2.682449326928149,-4.115401040083657,-3.683540706115491,-1.928475014052164,1.3415171231814844,-0.0990500230417561,3.9629223315889073,-0.4430603992534149,1.3241565397070003
67.0,80.0,129.8837432861328,-0.0394156227500661,2.683473023788846,-4.114948214059361,-3.680061502678603,-1.92384748258184,1.3379068697638432,-0.095617554709007,3.9617679793083935,-0.4438394755287239,1.3206344345300909
67.0,80.0,129.88377380371094,-0.0399577529350641,2.683951326737944,-4.11409128418014,-3.681289337371545,-1.924380755156704,1.3448717929242058,-0.0959637858982409,3.9596759122131417,-0.4415445670201363,1.3210377334526509
67.0,80.0,129.88381958007812,-0.0382454662000748,2.6843102987638594,-4.112180475349911,-3.683203675526845,-1.9230956825802463,1.3451952358881198,-0.0951252216612652,3.956917968961193,-0.4421143219246207,1.3219572442552838
67.0,80.0,129.8837432861328,-0.0375398639574273,2.682651604557727,-4.114961228258646,-3.68270030037496,-1.9273111430500047,1.3386655383862354,-0.0991394434098368,3.95930499319169,-0.4448118136106929,1.3249365043602166
67.0,80.0,129.8837127685547,-0.0370368728377057,2.684946984407843,-4.114466962912864,-3.679601915526487,-1.9246393033397071,1.3389271121330308,-0.0989645977034366,3.9663944759107945,-0.4429752066100512,1.3234327708809652
67.0,80.0,129.88377380371094,-0.0371805364858019,2.6801813032461115,-4.1167807610360825,-3.679723208187392,-1.9233638643688973,1.3372673196431033,-0.1017256671032174,3.964156436650676,-0.4492556300530455,1.3200218327343036
67.0,80.0,129.88372802734375,-0.0385240802739117,2.682520263725102,-4.116452738309021,-3.6816578045096486,-1.922659790826508,1.3379690272498028,-0.0992496851246273,3.965568471344164,-0.4404655002580575,1.3242609064921975
67.0,80.0,129.88372802734375,-0.0397115361384038,2.6810012229809903,-4.115411750977208,-3.680511080146436,-1.9237603358232287,1.3390459794750922,-0.1015468177255758,3.960578124505437,-0.4429465258328998,1.3222910970389383
67.0,80.0,129.88406372070312,-0.0420112517604875,2.679852173634206,-4.11715069259902,-3.6899305580431374,-1.9184696287213407,1.337849771421121,-0.0925829673007536,3.9724574318389294,-0.4362331809367505,1.326466179248151
67.0,80.0,129.88375854492188,-0.0395230798545422,2.684265804785245,-4.11417326672963,-3.6803035972245945,-1.9240149223258696,1.3400231361770818,-0.0979549657379594,3.959313022163282,-0.4417830795790612,1.3182885497178147
67.0,80.0,129.88372802734375,-0.0400499241540285,2.684384565580721,-4.113508552930457,-3.6795907112724975,-1.9263905391909424,1.343992729015894,-0.0982982948597923,3.963003635017269,-0.4457270810510728,1.3210156141299698
67.0,81.0,129.8854522705078,-0.024913178451968,2.6860798871689724,-4.116955728203013,-3.6732630272646016,-1.9500856693940591,1.351441959202703,-0.0741397555146345,3.976496470107653,-0.4514977238147504,1.3207495542655825
67.0,81.0,129.88372802734375,-0.0396601301526671,2.6824214471110213,-4.114176576160914,-3.6803846864453593,-1.924251919521299,1.3393735760874277,-0.1015541335523571,3.960655194670424,-0.4430571870415541,1.3228611078670374
67.0,81.0,129.88372802734375,-0.0394769115291641,2.6837033382446145,-4.114166749463672,-3.6799456347009527,-1.9243051149419503,1.3391340605428326,-0.1010746475038844,3.960255740674688,-0.4436410459554568,1.323078529932192
67.0,81.0,129.8837127685547,-0.0383018451630346,2.6825657222281154,-4.115490430001167,-3.682651472125516,-1.9231239052756093,1.340025079312943,-0.0984281458914428,3.964438100958562,-0.44245859712267,1.3243555689868682
67.0,81.0,129.88372802734375,-0.0378638788614475,2.6816528780745084,-4.113832592149451,-3.679159629992752,-1.923534519948707,1.338797494049465,-0.0965357549723827,3.961384075979965,-0.4432088493479778,1.3225386320098826
67.0,81.0,129.8840789794922,-0.0383526938306781,2.6840983808744503,-4.112938087416805,-3.66450856574448,-1.9159955216799505,1.3433670790856478,-0.099472022972752,3.961323763884849,-0.439705762919297,1.3192667628009058
67.0,81.0,129.8837127685547,-0.0374892122458527,2.679457956822444,-4.115658211530698,-3.679870501501175,-1.9253536741192203,1.3399267165796034,-0.0984157724586413,3.963521263595336,-0.4453723617493761,1.3227355831122436
67.0,81.0,129.88380432128906,-0.0390820067464913,2.6829506363431577,-4.113312611286857,-3.6814272599685927,-1.922039052328748,1.344336460807045,-0.095451965367625,3.957476153650929,-0.4415093061023265,1.3198627626288175
67.0,81.0,129.88375854492188,-0.0383748545952906,2.6828627286513544,-4.119418813913224,-3.682494467981616,-1.9282209049358472,1.3367262681858223,-0.1005647864268345,3.962036320306789,-0.4450312679628621,1.326115382226244
67.0,81.0,129.88375854492188,-0.0376604232236848,2.6788967464762794,-4.117259319482914,-3.679239425133298,-1.9248844675703176,1.3447819846854383,-0.101703515204883,3.965578813797424,-0.4401031358295014,1.3263050126646816
67.0,81.0,129.88372802734375,-0.0394621301185116,2.681895405253066,-4.114145708257508,-3.679763424109368,-1.9241594048150383,1.339448483367928,-0.1004818458329689,3.960899682402396,-0.4429053430792187,1.3234053496158238
67.0,81.0,129.88377380371094,-0.0378591694234113,2.684895826773754,-4.118227332618508,-3.679404193526077,-1.924432076279036,1.3419771633205635,-0.10606815229388,3.963107310779944,-0.4423095108848875,1.3223309472238691
67.0,81.0,129.8837127685547,-0.0394954936172463,2.6825188067322765,-4.115058265340832,-3.681510634642686,-1.9228880618401816,1.3399492690560406,-0.1000011100859549,3.96471291422232,-0.442861539657224,1.321143834184915
67.0,81.0,129.8837127685547,-0.0387396005425392,2.682225447735511,-4.115479380597832,-3.681445627110278,-1.9244833563466768,1.3399580598807128,-0.0977809306001005,3.963170214857519,-0.4425159128700108,1.3251554978291538
67.0,81.0,129.8837127685547,-0.0381877718237811,2.681269931177165,-4.115189659054024,-3.682085768835373,-1.9230510096111444,1.3398880451910875,-0.1009314762252844,3.963350996410638,-0.4439422476527043,1.324298345464992
67.0,81.0,129.8838653564453,-0.0393061233272463,2.681281267158944,-4.114158484769709,-3.67815434163132,-1.923608340265704,1.3382934884267703,-0.0952300923643864,3.9551757729086834,-0.4420769687443724,1.3300909515584056
67.0,81.0,129.88372802734375,-0.0407841924063163,2.682842268321897,-4.115990405053089,-3.682273090141872,-1.9231544165304768,1.3400585542493797,-0.0987326375169532,3.965591930835874,-0.4409078217283227,1.323375078886483
67.0,81.0,129.88372802734375,-0.0364562979673581,2.681942566488224,-4.115709077188916,-3.683316691518306,-1.923309269025863,1.3397195529115484,-0.1020936410265639,3.96605988046728,-0.4430883786376737,1.3247307896339595
67.0,81.0,129.8837127685547,-0.0388710214976334,2.682930259551921,-4.113826420885107,-3.6800911697767993,-1.922090452574188,1.3410768367164614,-0.1001087203714096,3.964367078846782,-0.4440480924561353,1.32471141089398
67.0,81.0,129.8837127685547,-0.0376961569066218,2.6810456144108605,-4.114967666976514,-3.6824877246568426,-1.924200653184824,1.3404638119958423,-0.0996932592274433,3.964499551915456,-0.4428745888755751,1.3213770685617647
67.0,81.0,129.8837890625,-0.0394980867490792,2.6815779431972406,-4.1168785301556445,-3.681698391991953,-1.924053272910574,1.344643452859574,-0.102118036465461,3.9601782968794073,-0.4377647591669585,1.3205051770918452
67.0,81.0,129.8837432861328,-0.0383931038711856,2.681743703753225,-4.110919821985832,-3.680941012101324,-1.9246707853026483,1.3396469992217974,-0.1016141060131876,3.960629551844936,-0.4436288058793948,1.3237666766968057
67.0,81.0,129.88372802734375,-0.0377962002862417,2.68278968488239,-4.1135118746609365,-3.680836400147703,-1.9249625159402528,1.3395473577763546,-0.0987120182903186,3.962620759883891,-0.4429706282377966,1.3274780689468724
67.0,81.0,129.8837432861328,-0.0369536338520861,2.6834832434335314,-4.110732885483033,-3.682000754389392,-1.925332537745041,1.3390878274264857,-0.1028720403009698,3.963019664666001,-0.4423472748414462,1.3221376020935554
67.0,81.0,129.88372802734375,-0.0383165834651265,2.6805636905222827,-4.114509036250329,-3.681431348772668,-1.922064448310376,1.339359781558365,-0.1021107820494541,3.9639069947622847,-0.4451756193766956,1.3230167789224236
67.0,81.0,129.8837127685547,-0.035826022591529,2.6822769513337303,-4.115999273270378,-3.678277181655396,-1.924474960699424,1.3382035352213062,-0.1008936209737533,3.962766066999645,-0.4439527265953525,1.324028160841294
67.0,81.0,129.8837127685547,-0.0393439610213545,2.6830619422745308,-4.114604043222708,-3.680368689308013,-1.9229080885171144,1.340185094365083,-0.099360564882717,3.963476834582344,-0.4430568216979387,1.320904571426344
67.0,81.0,129.88369750976562,-0.0370319986549597,2.682141311654721,-4.11568919640137,-3.679601765843594,-1.9250876999733395,1.3398228311447469,-0.1004837490685165,3.964237534852891,-0.442657322459007,1.323574800022745
67.0,81.0,129.8838348388672,-0.0382365984519261,2.681891965437762,-4.115323987002717,-3.682318192618781,-1.923054315757127,1.3400111339907927,-0.0919492767774639,3.9643277834503694,-0.4497180059742441,1.3294133251976838
67.0,81.0,129.8837127685547,-0.0371175704728505,2.6812182813530163,-4.114826148555521,-3.6814360671443898,-1.9272192972100608,1.3392384010451557,-0.0975537949860169,3.963685680076699,-0.4423936017161028,1.3207502023375437
67.0,81.0,129.8837127685547,-0.0399086876446695,2.683304492942917,-4.116803164428651,-3.6789314558503374,-1.9249251599310304,1.3381053330929735,-0.0997747091393337,3.9640814250237137,-0.4432293492017474,1.324610428737538
67.0,81.0,129.88380432128906,-0.0362406364105702,2.6819504350740964,-4.108508210772247,-3.685040410085045,-1.925954366310065,1.3395012660219143,-0.0989838507772667,3.96660306428998,-0.4421940843895957,1.317894092735854
67.0,81.0,129.88372802734375,-0.0393950079337393,2.682079167622051,-4.116431395177504,-3.6787488139868953,-1.9248699622245524,1.339336898271135,-0.1018957621684307,3.968299480994778,-0.4440051691932998,1.3218586454353822
67.0,81.0,129.8837127685547,-0.0392770302274404,2.6840185618744274,-4.11478560885508,-3.680144804329269,-1.924455010930148,1.338262751859438,-0.0989258480500887,3.964421669230163,-0.4429678574930978,1.323156509914116
67.0,81.0,129.88380432128906,-0.0397418140590472,2.682659782964297,-4.108467189217131,-3.678512834341088,-1.92517831899215,1.3393670746749475,-0.1015734579810419,3.957960817705243,-0.4433028224987075,1.3198015047265983
67.0,81.0,129.88389587402344,-0.0389113250068649,2.679937798086031,-4.114712061160893,-3.681027258711528,-1.9226221174996136,1.3357661488036294,-0.1000360644149419,3.9637614108988974,-0.4426256070952196,1.3109603891862125
67.0,81.0,129.88372802734375,-0.0400392669733138,2.6838549748841367,-4.11526587249595,-3.677940289516276,-1.9256886172759964,1.3398488735573226,-0.0992902783458619,3.9606908601508777,-0.4440976131916241,1.3229480771894
67.0,81.0,129.88375854492188,-0.0404524663600091,2.6832652404609787,-4.11708885492685,-3.675416248435483,-1.9240578758876288,1.33792008790808,-0.0992875047901505,3.968188231278808,-0.446008063085567,1.324665028371541
67.0,81.0,129.88372802734375,-0.038307291081831,2.682449326928149,-4.115401040083657,-3.683540706115491,-1.928475014052164,1.3415171231814844,-0.0990500230417561,3.9629223315889073,-0.4430603992534149,1.3241565397070003
67.0,81.0,129.8837432861328,-0.0394156227500661,2.683473023788846,-4.114948214059361,-3.680061502678603,-1.92384748258184,1.3379068697638432,-0.095617554709007,3.9617679793083935,-0.4438394755287239,1.3206344345300909
67.0,81.0,129.88377380371094,-0.0399577529350641,2.683951326737944,-4.11409128418014,-3.681289337371545,-1.924380755156704,1.3448717929242058,-0.0959637858982409,3.9596759122131417,-0.4415445670201363,1.3210377334526509
67.0,81.0,129.88381958007812,-0.0382454662000748,2.6843102987638594,-4.112180475349911,-3.683203675526845,-1.9230956825802463,1.3451952358881198,-0.0951252216612652,3.956917968961193,-0.4421143219246207,1.3219572442552838
67.0,81.0,129.8837432861328,-0.0375398639574273,2.682651604557727,-4.114961228258646,-3.68270030037496,-1.9273111430500047,1.3386655383862354,-0.0991394434098368,3.95930499319169,-0.4448118136106929,1.3249365043602166
67.0,81.0,129.8837127685547,-0.0370368728377057,2.684946984407843,-4.114466962912864,-3.679601915526487,-1.9246393033397071,1.3389271121330308,-0.0989645977034366,3.9663944759107945,-0.4429752066100512,1.3234327708809652
67.0,81.0,129.8837432861328,-0.0369670116986682,2.680950591721123,-4.116521449157833,-3.68432855318926,-1.9274094965457944,1.3380172036729507,-0.1011916475016633,3.963421263410857,-0.4444847829442997,1.3211366175375676
67.0,81.0,129.88372802734375,-0.0385240802739117,2.682520263725102,-4.116452738309021,-3.6816578045096486,-1.922659790826508,1.3379690272498028,-0.0992496851246273,3.965568471344164,-0.4404655002580575,1.3242609064921975
67.0,81.0,129.88372802734375,-0.0397115361384038,2.6810012229809903,-4.115411750977208,-3.680511080146436,-1.9237603358232287,1.3390459794750922,-0.1015468177255758,3.960578124505437,-0.4429465258328998,1.3222910970389383
67.0,81.0,129.88397216796875,-0.0322002646533461,2.676912835909015,-4.1216171752974216,-3.683869274855392,-1.929318491143498,1.334544037181458,-0.1006004834612331,3.956636481997435,-0.4388169473712808,1.317968748807805
67.0,81.0,129.88375854492188,-0.0395230798545422,2.684265804785245,-4.11417326672963,-3.6803035972245945,-1.9240149223258696,1.3400231361770818,-0.0979549657379594,3.959313022163282,-0.4417830795790612,1.3182885497178147
67.0,81.0,129.88372802734375,-0.0400499241540285,2.684384565580721,-4.113508552930457,-3.6795907112724975,-1.9263905391909424,1.343992729015894,-0.0982982948597923,3.963003635017269,-0.4457270810510728,1.3210156141299698
67.0,82.0,129.8854522705078,-0.024913178451968,2.6860798871689724,-4.116955728203013,-3.6732630272646016,-1.9500856693940591,1.351441959202703,-0.0741397555146345,3.976496470107653,-0.4514977238147504,1.3207495542655825
67.0,82.0,129.88372802734375,-0.0396601301526671,2.6824214471110213,-4.114176576160914,-3.6803846864453593,-1.924251919521299,1.3393735760874277,-0.1015541335523571,3.960655194670424,-0.4430571870415541,1.3228611078670374
67.0,82.0,129.88372802734375,-0.0394769115291641,2.6837033382446145,-4.114166749463672,-3.6799456347009527,-1.9243051149419503,1.3391340605428326,-0.1010746475038844,3.960255740674688,-0.4436410459554568,1.323078529932192
67.0,82.0,129.8837127685547,-0.0383018451630346,2.6825657222281154,-4.115490430001167,-3.682651472125516,-1.9231239052756093,1.340025079312943,-0.0984281458914428,3.964438100958562,-0.44245859712267,1.3243555689868682
67.0,82.0,129.8837127685547,-0.0369420673134079,2.682156759462516,-4.115233968800888,-3.681118528744986,-1.9241912649120807,1.3404944879605267,-0.1019006897305594,3.9629366710841913,-0.4428053176321996,1.3204831572845384
67.0,82.0,129.8840789794922,-0.0383526938306781,2.6840983808744503,-4.112938087416805,-3.66450856574448,-1.9159955216799505,1.3433670790856478,-0.099472022972752,3.961323763884849,-0.439705762919297,1.3192667628009058
67.0,82.0,129.8837127685547,-0.0374892122458527,2.679457956822444,-4.115658211530698,-3.679870501501175,-1.9253536741192203,1.3399267165796034,-0.0984157724586413,3.963521263595336,-0.4453723617493761,1.3227355831122436
67.0,82.0,129.88380432128906,-0.0390820067464913,2.6829506363431577,-4.113312611286857,-3.6814272599685927,-1.922039052328748,1.344336460807045,-0.095451965367625,3.957476153650929,-0.4415093061023265,1.3198627626288175
67.0,82.0,129.88375854492188,-0.0383748545952906,2.6828627286513544,-4.119418813913224,-3.682494467981616,-1.9282209049358472,1.3367262681858223,-0.1005647864268345,3.962036320306789,-0.4450312679628621,1.326115382226244
67.0,82.0,129.88375854492188,-0.0376604232236848,2.6788967464762794,-4.117259319482914,-3.679239425133298,-1.9248844675703176,1.3447819846854383,-0.101703515204883,3.965578813797424,-0.4401031358295014,1.3263050126646816
67.0,82.0,129.88372802734375,-0.0394621301185116,2.681895405253066,-4.114145708257508,-3.679763424109368,-1.9241594048150383,1.339448483367928,-0.1004818458329689,3.960899682402396,-0.4429053430792187,1.3234053496158238
67.0,82.0,129.88377380371094,-0.0378591694234113,2.684895826773754,-4.118227332618508,-3.679404193526077,-1.924432076279036,1.3419771633205635,-0.10606815229388,3.963107310779944,-0.4423095108848875,1.3223309472238691
67.0,82.0,129.8837127685547,-0.0394954936172463,2.6825188067322765,-4.115058265340832,-3.681510634642686,-1.9228880618401816,1.3399492690560406,-0.1000011100859549,3.96471291422232,-0.442861539657224,1.321143834184915
67.0,82.0,129.8837127685547,-0.0387396005425392,2.682225447735511,-4.115479380597832,-3.681445627110278,-1.9244833563466768,1.3399580598807128,-0.0977809306001005,3.963170214857519,-0.4425159128700108,1.3251554978291538
67.0,82.0,129.8837127685547,-0.0381877718237811,2.681269931177165,-4.115189659054024,-3.682085768835373,-1.9230510096111444,1.3398880451910875,-0.1009314762252844,3.963350996410638,-0.4439422476527043,1.324298345464992
67.0,82.0,129.8838653564453,-0.0393061233272463,2.681281267158944,-4.114158484769709,-3.67815434163132,-1.923608340265704,1.3382934884267703,-0.0952300923643864,3.9551757729086834,-0.4420769687443724,1.3300909515584056
67.0,82.0,129.88372802734375,-0.0407841924063163,2.682842268321897,-4.115990405053089,-3.682273090141872,-1.9231544165304768,1.3400585542493797,-0.0987326375169532,3.965591930835874,-0.4409078217283227,1.323375078886483
67.0,82.0,129.88372802734375,-0.0364562979673581,2.681942566488224,-4.115709077188916,-3.683316691518306,-1.923309269025863,1.3397195529115484,-0.1020936410265639,3.96605988046728,-0.4430883786376737,1.3247307896339595
67.0,82.0,129.88369750976562,-0.0383216637770437,2.6825741157856324,-4.114967170153109,-3.6780063208760607,-1.924454085840296,1.3404595116488414,-0.099584917212826,3.9638032536282113,-0.4437830930453497,1.3237113962040006
67.0,82.0,129.8837127685547,-0.0376961569066218,2.6810456144108605,-4.114967666976514,-3.6824877246568426,-1.924200653184824,1.3404638119958423,-0.0996932592274433,3.964499551915456,-0.4428745888755751,1.3213770685617647
67.0,82.0,129.8837890625,-0.0394980867490792,2.6815779431972406,-4.1168785301556445,-3.681698391991953,-1.924053272910574,1.344643452859574,-0.102118036465461,3.9601782968794073,-0.4377647591669585,1.3205051770918452
67.0,82.0,129.8837432861328,-0.0383931038711856,2.681743703753225,-4.110919821985832,-3.680941012101324,-1.9246707853026483,1.3396469992217974,-0.1016141060131876,3.960629551844936,-0.4436288058793948,1.3237666766968057
67.0,82.0,129.8837127685547,-0.037476355132344,2.682172626972016,-4.115645931609416,-3.680766274823792,-1.928885529169185,1.342282826697018,-0.1009795477887777,3.962878858255472,-0.4430706955358025,1.3233830072043231
67.0,82.0,129.8837432861328,-0.0369536338520861,2.6834832434335314,-4.110732885483033,-3.682000754389392,-1.925332537745041,1.3390878274264857,-0.1028720403009698,3.963019664666001,-0.4423472748414462,1.3221376020935554
67.0,82.0,129.88372802734375,-0.0383165834651265,2.6805636905222827,-4.114509036250329,-3.681431348772668,-1.922064448310376,1.339359781558365,-0.1021107820494541,3.9639069947622847,-0.4451756193766956,1.3230167789224236
67.0,82.0,129.8837127685547,-0.035826022591529,2.6822769513337303,-4.115999273270378,-3.678277181655396,-1.924474960699424,1.3382035352213062,-0.1008936209737533,3.962766066999645,-0.4439527265953525,1.324028160841294
67.0,82.0,129.8837127685547,-0.0393439610213545,2.6830619422745308,-4.114604043222708,-3.680368689308013,-1.9229080885171144,1.340185094365083,-0.099360564882717,3.963476834582344,-0.4430568216979387,1.320904571426344
67.0,82.0,129.88369750976562,-0.0370319986549597,2.682141311654721,-4.11568919640137,-3.679601765843594,-1.9250876999733395,1.3398228311447469,-0.1004837490685165,3.964237534852891,-0.442657322459007,1.323574800022745
67.0,82.0,129.8838348388672,-0.0382365984519261,2.681891965437762,-4.115323987002717,-3.682318192618781,-1.923054315757127,1.3400111339907927,-0.0919492767774639,3.9643277834503694,-0.4497180059742441,1.3294133251976838
67.0,82.0,129.8837127685547,-0.0371175704728505,2.6812182813530163,-4.114826148555521,-3.6814360671443898,-1.9272192972100608,1.3392384010451557,-0.0975537949860169,3.963685680076699,-0.4423936017161028,1.3207502023375437
67.0,82.0,129.8837127685547,-0.0399086876446695,2.683304492942917,-4.116803164428651,-3.6789314558503374,-1.9249251599310304,1.3381053330929735,-0.0997747091393337,3.9640814250237137,-0.4432293492017474,1.324610428737538
67.0,82.0,129.88380432128906,-0.0362406364105702,2.6819504350740964,-4.108508210772247,-3.685040410085045,-1.925954366310065,1.3395012660219143,-0.0989838507772667,3.96660306428998,-0.4421940843895957,1.317894092735854
67.0,82.0,129.88372802734375,-0.0393950079337393,2.682079167622051,-4.116431395177504,-3.6787488139868953,-1.9248699622245524,1.339336898271135,-0.1018957621684307,3.968299480994778,-0.4440051691932998,1.3218586454353822
67.0,82.0,129.8837127685547,-0.0392770302274404,2.6840185618744274,-4.11478560885508,-3.680144804329269,-1.924455010930148,1.338262751859438,-0.0989258480500887,3.964421669230163,-0.4429678574930978,1.323156509914116
67.0,82.0,129.88380432128906,-0.0397418140590472,2.682659782964297,-4.108467189217131,-3.678512834341088,-1.92517831899215,1.3393670746749475,-0.1015734579810419,3.957960817705243,-0.4433028224987075,1.3198015047265983
67.0,82.0,129.88385009765625,-0.0385741801162818,2.680143839087403,-4.111171034788295,-3.677378799277671,-1.925791151304052,1.3392880684721604,-0.101126897407054,3.960963216512119,-0.4423577655565538,1.3335760514618311
67.0,82.0,129.88372802734375,-0.0400392669733138,2.6838549748841367,-4.11526587249595,-3.677940289516276,-1.9256886172759964,1.3398488735573226,-0.0992902783458619,3.9606908601508777,-0.4440976131916241,1.3229480771894
67.0,82.0,129.88375854492188,-0.0404524663600091,2.6832652404609787,-4.11708885492685,-3.675416248435483,-1.9240578758876288,1.33792008790808,-0.0992875047901505,3.968188231278808,-0.446008063085567,1.324665028371541
67.0,82.0,129.88372802734375,-0.038307291081831,2.682449326928149,-4.115401040083657,-3.683540706115491,-1.928475014052164,1.3415171231814844,-0.0990500230417561,3.9629223315889073,-0.4430603992534149,1.3241565397070003
67.0,82.0,129.8837432861328,-0.0394156227500661,2.683473023788846,-4.114948214059361,-3.680061502678603,-1.92384748258184,1.3379068697638432,-0.095617554709007,3.9617679793083935,-0.4438394755287239,1.3206344345300909
67.0,82.0,129.88377380371094,-0.0399577529350641,2.683951326737944,-4.11409128418014,-3.681289337371545,-1.924380755156704,1.3448717929242058,-0.0959637858982409,3.9596759122131417,-0.4415445670201363,1.3210377334526509
67.0,82.0,129.8837432861328,-0.0369464726289648,2.680346820458233,-4.1142564954271,-3.6794294030161487,-1.925876749847312,1.3461764754246202,-0.0976397380470689,3.9625107167879055,-0.4416264075814982,1.3210925699413016
67.0,82.0,129.8837432861328,-0.0375398639574273,2.682651604557727,-4.114961228258646,-3.68270030037496,-1.9273111430500047,1.3386655383862354,-0.0991394434098368,3.95930499319169,-0.4448118136106929,1.3249365043602166
67.0,82.0,129.8837127685547,-0.0370368728377057,2.684946984407843,-4.114466962912864,-3.679601915526487,-1.9246393033397071,1.3389271121330308,-0.0989645977034366,3.9663944759107945,-0.4429752066100512,1.3234327708809652
67.0,82.0,129.88372802734375,-0.0370536234701516,2.6811710918430425,-4.116698566786963,-3.676911022788037,-1.9275347713847208,1.3386574870067187,-0.1007547725846267,3.963427970348647,-0.4403703650976265,1.3222663767309977
67.0,82.0,129.88372802734375,-0.0385240802739117,2.682520263725102,-4.116452738309021,-3.6816578045096486,-1.922659790826508,1.3379690272498028,-0.0992496851246273,3.965568471344164,-0.4404655002580575,1.3242609064921975
67.0,82.0,129.88372802734375,-0.0397115361384038,2.6810012229809903,-4.115411750977208,-3.680511080146436,-1.9237603358232287,1.3390459794750922,-0.1015468177255758,3.960578124505437,-0.4429465258328998,1.3222910970389383
67.0,82.0,129.88397216796875,-0.0322002646533461,2.676912835909015,-4.1216171752974216,-3.683869274855392,-1.929318491143498,1.334544037181458,-0.1006004834612331,3.956636481997435,-0.4388169473712808,1.317968748807805
67.0,82.0,129.88372802734375,-0.037287109720756,2.683809727565462,-4.110832588232682,-3.679867184088877,-1.9245644458188584,1.3403691591538691,-0.1002196492828922,3.965208880503487,-0.441721879171606,1.3211276258911886
67.0,82.0,129.88372802734375,-0.0400499241540285,2.684384565580721,-4.113508552930457,-3.6795907112724975,-1.9263905391909424,1.343992729015894,-0.0982982948597923,3.963003635017269,-0.4457270810510728,1.3210156141299698
67.0,83.0,129.8854522705078,-0.024913178451968,2.6860798871689724,-4.116955728203013,-3.6732630272646016,-1.9500856693940591,1.351441959202703,-0.0741397555146345,3.976496470107653,-0.4514977238147504,1.3207495542655825
67.0,83.0,129.88372802734375,-0.0396601301526671,2.6824214471110213,-4.114176576160914,-3.6803846864453593,-1.924251919521299,1.3393735760874277,-0.1015541335523571,3.960655194670424,-0.4430571870415541,1.3228611078670374
67.0,83.0,129.88372802734375,-0.0394769115291641,2.6837033382446145,-4.114166749463672,-3.6799456347009527,-1.9243051149419503,1.3391340605428326,-0.1010746475038844,3.960255740674688,-0.4436410459554568,1.323078529932192
67.0,83.0,129.8837127685547,-0.0383018451630346,2.6825657222281154,-4.115490430001167,-3.682651472125516,-1.9231239052756093,1.340025079312943,-0.0984281458914428,3.964438100958562,-0.44245859712267,1.3243555689868682
67.0,83.0,129.8837127685547,-0.0369420673134079,2.682156759462516,-4.115233968800888,-3.681118528744986,-1.9241912649120807,1.3404944879605267,-0.1019006897305594,3.9629366710841913,-0.4428053176321996,1.3204831572845384
67.0,83.0,129.88400268554688,-0.0396752482596195,2.682188030511459,-4.115683824682706,-3.663610927795574,-1.9203948164671265,1.3445023644550105,-0.0993442639653731,3.963992669832675,-0.4434386395571754,1.3212580470677229
67.0,83.0,129.8837127685547,-0.0374892122458527,2.679457956822444,-4.115658211530698,-3.679870501501175,-1.9253536741192203,1.3399267165796034,-0.0984157724586413,3.963521263595336,-0.4453723617493761,1.3227355831122436
67.0,83.0,129.88380432128906,-0.0390820067464913,2.6829506363431577,-4.113312611286857,-3.6814272599685927,-1.922039052328748,1.344336460807045,-0.095451965367625,3.957476153650929,-0.4415093061023265,1.3198627626288175
67.0,83.0,129.88375854492188,-0.0383748545952906,2.6828627286513544,-4.119418813913224,-3.682494467981616,-1.9282209049358472,1.3367262681858223,-0.1005647864268345,3.962036320306789,-0.4450312679628621,1.326115382226244
67.0,83.0,129.88375854492188,-0.0376604232236848,2.6788967464762794,-4.117259319482914,-3.679239425133298,-1.9248844675703176,1.3447819846854383,-0.101703515204883,3.965578813797424,-0.4401031358295014,1.3263050126646816
67.0,83.0,129.88372802734375,-0.0394621301185116,2.681895405253066,-4.114145708257508,-3.679763424109368,-1.9241594048150383,1.339448483367928,-0.1004818458329689,3.960899682402396,-0.4429053430792187,1.3234053496158238
67.0,83.0,129.88377380371094,-0.0378591694234113,2.684895826773754,-4.118227332618508,-3.679404193526077,-1.924432076279036,1.3419771633205635,-0.10606815229388,3.963107310779944,-0.4423095108848875,1.3223309472238691
67.0,83.0,129.8837127685547,-0.0394954936172463,2.6825188067322765,-4.115058265340832,-3.681510634642686,-1.9228880618401816,1.3399492690560406,-0.1000011100859549,3.96471291422232,-0.442861539657224,1.321143834184915
67.0,83.0,129.8837127685547,-0.0387396005425392,2.682225447735511,-4.115479380597832,-3.681445627110278,-1.9244833563466768,1.3399580598807128,-0.0977809306001005,3.963170214857519,-0.4425159128700108,1.3251554978291538
67.0,83.0,129.8837127685547,-0.0381877718237811,2.681269931177165,-4.115189659054024,-3.682085768835373,-1.9230510096111444,1.3398880451910875,-0.1009314762252844,3.963350996410638,-0.4439422476527043,1.324298345464992
67.0,83.0,129.8838653564453,-0.0393061233272463,2.681281267158944,-4.114158484769709,-3.67815434163132,-1.923608340265704,1.3382934884267703,-0.0952300923643864,3.9551757729086834,-0.4420769687443724,1.3300909515584056
67.0,83.0,129.88372802734375,-0.0407841924063163,2.682842268321897,-4.115990405053089,-3.682273090141872,-1.9231544165304768,1.3400585542493797,-0.0987326375169532,3.965591930835874,-0.4409078217283227,1.323375078886483
67.0,83.0,129.88372802734375,-0.0364562979673581,2.681942566488224,-4.115709077188916,-3.683316691518306,-1.923309269025863,1.3397195529115484,-0.1020936410265639,3.96605988046728,-0.4430883786376737,1.3247307896339595
67.0,83.0,129.88369750976562,-0.0383216637770437,2.6825741157856324,-4.114967170153109,-3.6780063208760607,-1.924454085840296,1.3404595116488414,-0.099584917212826,3.9638032536282113,-0.4437830930453497,1.3237113962040006
67.0,83.0,129.8837127685547,-0.0376961569066218,2.6810456144108605,-4.114967666976514,-3.6824877246568426,-1.924200653184824,1.3404638119958423,-0.0996932592274433,3.964499551915456,-0.4428745888755751,1.3213770685617647
67.0,83.0,129.8837890625,-0.0394980867490792,2.6815779431972406,-4.1168785301556445,-3.681698391991953,-1.924053272910574,1.344643452859574,-0.102118036465461,3.9601782968794073,-0.4377647591669585,1.3205051770918452
67.0,83.0,129.8837432861328,-0.0383931038711856,2.681743703753225,-4.110919821985832,-3.680941012101324,-1.9246707853026483,1.3396469992217974,-0.1016141060131876,3.960629551844936,-0.4436288058793948,1.3237666766968057
67.0,83.0,129.8837127685547,-0.037476355132344,2.682172626972016,-4.115645931609416,-3.680766274823792,-1.928885529169185,1.342282826697018,-0.1009795477887777,3.962878858255472,-0.4430706955358025,1.3233830072043231
67.0,83.0,129.8837432861328,-0.0369536338520861,2.6834832434335314,-4.110732885483033,-3.682000754389392,-1.925332537745041,1.3390878274264857,-0.1028720403009698,3.963019664666001,-0.4423472748414462,1.3221376020935554
67.0,83.0,129.88372802734375,-0.0383165834651265,2.6805636905222827,-4.114509036250329,-3.681431348772668,-1.922064448310376,1.339359781558365,-0.1021107820494541,3.9639069947622847,-0.4451756193766956,1.3230167789224236
67.0,83.0,129.8837127685547,-0.035826022591529,2.6822769513337303,-4.115999273270378,-3.678277181655396,-1.924474960699424,1.3382035352213062,-0.1008936209737533,3.962766066999645,-0.4439527265953525,1.324028160841294
67.0,83.0,129.8837127685547,-0.0393439610213545,2.6830619422745308,-4.114604043222708,-3.680368689308013,-1.9229080885171144,1.340185094365083,-0.099360564882717,3.963476834582344,-0.4430568216979387,1.320904571426344
67.0,83.0,129.88369750976562,-0.0370319986549597,2.682141311654721,-4.11568919640137,-3.679601765843594,-1.9250876999733395,1.3398228311447469,-0.1004837490685165,3.964237534852891,-0.442657322459007,1.323574800022745
67.0,83.0,129.88372802734375,-0.0391674402731834,2.682905954830152,-4.1152321010105695,-3.682682971109904,-1.927062009740668,1.3411154187924732,-0.1018950030797797,3.963959906154284,-0.4426653162922282,1.3218855391913578
67.0,83.0,129.8837127685547,-0.0371175704728505,2.6812182813530163,-4.114826148555521,-3.6814360671443898,-1.9272192972100608,1.3392384010451557,-0.0975537949860169,3.963685680076699,-0.4423936017161028,1.3207502023375437
67.0,83.0,129.8837127685547,-0.0399086876446695,2.683304492942917,-4.116803164428651,-3.6789314558503374,-1.9249251599310304,1.3381053330929735,-0.0997747091393337,3.9640814250237137,-0.4432293492017474,1.324610428737538
67.0,83.0,129.88380432128906,-0.0362406364105702,2.6819504350740964,-4.108508210772247,-3.685040410085045,-1.925954366310065,1.3395012660219143,-0.0989838507772667,3.96660306428998,-0.4421940843895957,1.317894092735854
67.0,83.0,129.88372802734375,-0.0393950079337393,2.682079167622051,-4.116431395177504,-3.6787488139868953,-1.9248699622245524,1.339336898271135,-0.1018957621684307,3.968299480994778,-0.4440051691932998,1.3218586454353822
67.0,83.0,129.8837127685547,-0.0392770302274404,2.6840185618744274,-4.11478560885508,-3.680144804329269,-1.924455010930148,1.338262751859438,-0.0989258480500887,3.964421669230163,-0.4429678574930978,1.323156509914116
67.0,83.0,129.88380432128906,-0.0397418140590472,2.682659782964297,-4.108467189217131,-3.678512834341088,-1.92517831899215,1.3393670746749475,-0.1015734579810419,3.957960817705243,-0.4433028224987075,1.3198015047265983
67.0,83.0,129.88380432128906,-0.0381674048376016,2.681829930371724,-4.112657960577341,-3.676901245062673,-1.925632586495561,1.3415866609069678,-0.0996233483962936,3.962764069196538,-0.4441854081207101,1.332155147051875
67.0,83.0,129.88372802734375,-0.0400392669733138,2.6838549748841367,-4.11526587249595,-3.677940289516276,-1.9256886172759964,1.3398488735573226,-0.0992902783458619,3.9606908601508777,-0.4440976131916241,1.3229480771894
67.0,83.0,129.8837127685547,-0.0372506290181849,2.6825258936577163,-4.113932430245791,-3.67787045539909,-1.9239445480151105,1.3390849667989306,-0.0991657658047625,3.966057952162212,-0.4439546819017453,1.3257170818573536
67.0,83.0,129.88372802734375,-0.038307291081831,2.682449326928149,-4.115401040083657,-3.683540706115491,-1.928475014052164,1.3415171231814844,-0.0990500230417561,3.9629223315889073,-0.4430603992534149,1.3241565397070003
67.0,83.0,129.8837432861328,-0.0394156227500661,2.683473023788846,-4.114948214059361,-3.680061502678603,-1.92384748258184,1.3379068697638432,-0.095617554709007,3.9617679793083935,-0.4438394755287239,1.3206344345300909
67.0,83.0,129.88377380371094,-0.0399577529350641,2.683951326737944,-4.11409128418014,-3.681289337371545,-1.924380755156704,1.3448717929242058,-0.0959637858982409,3.9596759122131417,-0.4415445670201363,1.3210377334526509
67.0,83.0,129.8837432861328,-0.0369464726289648,2.680346820458233,-4.1142564954271,-3.6794294030161487,-1.925876749847312,1.3461764754246202,-0.0976397380470689,3.9625107167879055,-0.4416264075814982,1.3210925699413016
67.0,83.0,129.8837432861328,-0.0375398639574273,2.682651604557727,-4.114961228258646,-3.68270030037496,-1.9273111430500047,1.3386655383862354,-0.0991394434098368,3.95930499319169,-0.4448118136106929,1.3249365043602166
67.0,83.0,129.8837127685547,-0.0370368728377057,2.684946984407843,-4.114466962912864,-3.679601915526487,-1.9246393033397071,1.3389271121330308,-0.0989645977034366,3.9663944759107945,-0.4429752066100512,1.3234327708809652
67.0,83.0,129.88372802734375,-0.0370536234701516,2.6811710918430425,-4.116698566786963,-3.676911022788037,-1.9275347713847208,1.3386574870067187,-0.1007547725846267,3.963427970348647,-0.4403703650976265,1.3222663767309977
67.0,83.0,129.88372802734375,-0.0385240802739117,2.682520263725102,-4.116452738309021,-3.6816578045096486,-1.922659790826508,1.3379690272498028,-0.0992496851246273,3.965568471344164,-0.4404655002580575,1.3242609064921975
67.0,83.0,129.88372802734375,-0.0397115361384038,2.6810012229809903,-4.115411750977208,-3.680511080146436,-1.9237603358232287,1.3390459794750922,-0.1015468177255758,3.960578124505437,-0.4429465258328998,1.3222910970389383
67.0,83.0,129.88397216796875,-0.0322002646533461,2.676912835909015,-4.1216171752974216,-3.683869274855392,-1.929318491143498,1.334544037181458,-0.1006004834612331,3.956636481997435,-0.4388169473712808,1.317968748807805
67.0,83.0,129.88372802734375,-0.037287109720756,2.683809727565462,-4.110832588232682,-3.679867184088877,-1.9245644458188584,1.3403691591538691,-0.1002196492828922,3.965208880503487,-0.441721879171606,1.3211276258911886
67.0,83.0,129.88372802734375,-0.0400499241540285,2.684384565580721,-4.113508552930457,-3.6795907112724975,-1.9263905391909424,1.343992729015894,-0.0982982948597923,3.963003635017269,-0.4457270810510728,1.3210156141299698
67.0,84.0,129.8854522705078,-0.024913178451968,2.6860798871689724,-4.116955728203013,-3.6732630272646016,-1.9500856693940591,1.351441959202703,-0.0741397555146345,3.976496470107653,-0.4514977238147504,1.3207495542655825
67.0,84.0,129.88372802734375,-0.0396601301526671,2.6824214471110213,-4.114176576160914,-3.6803846864453593,-1.924251919521299,1.3393735760874277,-0.1015541335523571,3.960655194670424,-0.4430571870415541,1.3228611078670374
67.0,84.0,129.88372802734375,-0.0394769115291641,2.6837033382446145,-4.114166749463672,-3.6799456347009527,-1.9243051149419503,1.3391340605428326,-0.1010746475038844,3.960255740674688,-0.4436410459554568,1.323078529932192
67.0,84.0,129.8837127685547,-0.0383018451630346,2.6825657222281154,-4.115490430001167,-3.682651472125516,-1.9231239052756093,1.340025079312943,-0.0984281458914428,3.964438100958562,-0.44245859712267,1.3243555689868682
67.0,84.0,129.8837127685547,-0.0369420673134079,2.682156759462516,-4.115233968800888,-3.681118528744986,-1.9241912649120807,1.3404944879605267,-0.1019006897305594,3.9629366710841913,-0.4428053176321996,1.3204831572845384
67.0,84.0,129.88375854492188,-0.0380657986345277,2.6815232726107605,-4.115873412603145,-3.6726160458997743,-1.9257084478543465,1.340146058872638,-0.1017775238209341,3.964126764000569,-0.4436089346046859,1.3247741860387678
67.0,84.0,129.8837127685547,-0.0374892122458527,2.679457956822444,-4.115658211530698,-3.679870501501175,-1.9253536741192203,1.3399267165796034,-0.0984157724586413,3.963521263595336,-0.4453723617493761,1.3227355831122436
67.0,84.0,129.88377380371094,-0.038348383161972,2.682612864903557,-4.121017225251232,-3.678102047682079,-1.9236527371524768,1.34213553267602,-0.0982999491436018,3.960537557729465,-0.4401518690514494,1.3247809302358329
67.0,84.0,129.88372802734375,-0.0413638328436621,2.68253667942558,-4.115538437909974,-3.680554187800771,-1.926196002556992,1.343223210668956,-0.1000168620530084,3.964448367182789,-0.4446670472232056,1.322383790710638
67.0,84.0,129.8837127685547,-0.037892110508682,2.6821359067353567,-4.115512312219881,-3.6795903565284767,-1.9252708498230648,1.3415193577507107,-0.0969607874607883,3.9641777212132654,-0.4436096646493943,1.320873907684612
67.0,84.0,129.88372802734375,-0.0394621301185116,2.681895405253066,-4.114145708257508,-3.679763424109368,-1.9241594048150383,1.339448483367928,-0.1004818458329689,3.960899682402396,-0.4429053430792187,1.3234053496158238
67.0,84.0,129.88377380371094,-0.0378591694234113,2.684895826773754,-4.118227332618508,-3.679404193526077,-1.924432076279036,1.3419771633205635,-0.10606815229388,3.963107310779944,-0.4423095108848875,1.3223309472238691
67.0,84.0,129.8837127685547,-0.0394954936172463,2.6825188067322765,-4.115058265340832,-3.681510634642686,-1.9228880618401816,1.3399492690560406,-0.1000011100859549,3.96471291422232,-0.442861539657224,1.321143834184915
67.0,84.0,129.8837127685547,-0.0387396005425392,2.682225447735511,-4.115479380597832,-3.681445627110278,-1.9244833563466768,1.3399580598807128,-0.0977809306001005,3.963170214857519,-0.4425159128700108,1.3251554978291538
67.0,84.0,129.8837127685547,-0.0381877718237811,2.681269931177165,-4.115189659054024,-3.682085768835373,-1.9230510096111444,1.3398880451910875,-0.1009314762252844,3.963350996410638,-0.4439422476527043,1.324298345464992
67.0,84.0,129.88381958007812,-0.0381526157650131,2.683286518357527,-4.115564463146379,-3.677930475477595,-1.9237182523745968,1.3368037100732246,-0.0892340632152452,3.96363049842782,-0.4430772010674376,1.3232505057266857
67.0,84.0,129.88372802734375,-0.0407841924063163,2.682842268321897,-4.115990405053089,-3.682273090141872,-1.9231544165304768,1.3400585542493797,-0.0987326375169532,3.965591930835874,-0.4409078217283227,1.323375078886483
67.0,84.0,129.88372802734375,-0.0364562979673581,2.681942566488224,-4.115709077188916,-3.683316691518306,-1.923309269025863,1.3397195529115484,-0.1020936410265639,3.96605988046728,-0.4430883786376737,1.3247307896339595
67.0,84.0,129.88369750976562,-0.0383216637770437,2.6825741157856324,-4.114967170153109,-3.6780063208760607,-1.924454085840296,1.3404595116488414,-0.099584917212826,3.9638032536282113,-0.4437830930453497,1.3237113962040006
67.0,84.0,129.8837127685547,-0.0376961569066218,2.6810456144108605,-4.114967666976514,-3.6824877246568426,-1.924200653184824,1.3404638119958423,-0.0996932592274433,3.964499551915456,-0.4428745888755751,1.3213770685617647
67.0,84.0,129.8837890625,-0.0394980867490792,2.6815779431972406,-4.1168785301556445,-3.681698391991953,-1.924053272910574,1.344643452859574,-0.102118036465461,3.9601782968794073,-0.4377647591669585,1.3205051770918452
67.0,84.0,129.8837432861328,-0.0383931038711856,2.681743703753225,-4.110919821985832,-3.680941012101324,-1.9246707853026483,1.3396469992217974,-0.1016141060131876,3.960629551844936,-0.4436288058793948,1.3237666766968057
67.0,84.0,129.8837127685547,-0.037476355132344,2.682172626972016,-4.115645931609416,-3.680766274823792,-1.928885529169185,1.342282826697018,-0.1009795477887777,3.962878858255472,-0.4430706955358025,1.3233830072043231
67.0,84.0,129.8837432861328,-0.0369536338520861,2.6834832434335314,-4.110732885483033,-3.682000754389392,-1.925332537745041,1.3390878274264857,-0.1028720403009698,3.963019664666001,-0.4423472748414462,1.3221376020935554
67.0,84.0,129.88372802734375,-0.0383165834651265,2.6805636905222827,-4.114509036250329,-3.681431348772668,-1.922064448310376,1.339359781558365,-0.1021107820494541,3.9639069947622847,-0.4451756193766956,1.3230167789224236
67.0,84.0,129.8837127685547,-0.035826022591529,2.6822769513337303,-4.115999273270378,-3.678277181655396,-1.924474960699424,1.3382035352213062,-0.1008936209737533,3.962766066999645,-0.4439527265953525,1.324028160841294
67.0,84.0,129.8837127685547,-0.0393439610213545,2.6830619422745308,-4.114604043222708,-3.680368689308013,-1.9229080885171144,1.340185094365083,-0.099360564882717,3.963476834582344,-0.4430568216979387,1.320904571426344
67.0,84.0,129.88369750976562,-0.0370319986549597,2.682141311654721,-4.11568919640137,-3.679601765843594,-1.9250876999733395,1.3398228311447469,-0.1004837490685165,3.964237534852891,-0.442657322459007,1.323574800022745
67.0,84.0,129.88372802734375,-0.0391674402731834,2.682905954830152,-4.1152321010105695,-3.682682971109904,-1.927062009740668,1.3411154187924732,-0.1018950030797797,3.963959906154284,-0.4426653162922282,1.3218855391913578
67.0,84.0,129.8837127685547,-0.0371175704728505,2.6812182813530163,-4.114826148555521,-3.6814360671443898,-1.9272192972100608,1.3392384010451557,-0.0975537949860169,3.963685680076699,-0.4423936017161028,1.3207502023375437
67.0,84.0,129.8837127685547,-0.0399086876446695,2.683304492942917,-4.116803164428651,-3.6789314558503374,-1.9249251599310304,1.3381053330929735,-0.0997747091393337,3.9640814250237137,-0.4432293492017474,1.324610428737538
67.0,84.0,129.8837432861328,-0.036850202434987,2.681832643671767,-4.1166439649972455,-3.685069901758435,-1.9248871825207825,1.3409359340919071,-0.1000681006224925,3.9642277320167576,-0.4409871344433315,1.3199276069567898
67.0,84.0,129.88372802734375,-0.0393950079337393,2.682079167622051,-4.116431395177504,-3.6787488139868953,-1.9248699622245524,1.339336898271135,-0.1018957621684307,3.968299480994778,-0.4440051691932998,1.3218586454353822
67.0,84.0,129.8837127685547,-0.0392770302274404,2.6840185618744274,-4.11478560885508,-3.680144804329269,-1.924455010930148,1.338262751859438,-0.0989258480500887,3.964421669230163,-0.4429678574930978,1.323156509914116
67.0,84.0,129.88380432128906,-0.0397418140590472,2.682659782964297,-4.108467189217131,-3.678512834341088,-1.92517831899215,1.3393670746749475,-0.1015734579810419,3.957960817705243,-0.4433028224987075,1.3198015047265983
67.0,84.0,129.88380432128906,-0.0381674048376016,2.681829930371724,-4.112657960577341,-3.676901245062673,-1.925632586495561,1.3415866609069678,-0.0996233483962936,3.962764069196538,-0.4441854081207101,1.332155147051875
67.0,84.0,129.88372802734375,-0.0400392669733138,2.6838549748841367,-4.11526587249595,-3.677940289516276,-1.9256886172759964,1.3398488735573226,-0.0992902783458619,3.9606908601508777,-0.4440976131916241,1.3229480771894
67.0,84.0,129.8837127685547,-0.0372506290181849,2.6825258936577163,-4.113932430245791,-3.67787045539909,-1.9239445480151105,1.3390849667989306,-0.0991657658047625,3.966057952162212,-0.4439546819017453,1.3257170818573536
67.0,84.0,129.88372802734375,-0.038307291081831,2.682449326928149,-4.115401040083657,-3.683540706115491,-1.928475014052164,1.3415171231814844,-0.0990500230417561,3.9629223315889073,-0.4430603992534149,1.3241565397070003
67.0,84.0,129.8837432861328,-0.0394156227500661,2.683473023788846,-4.114948214059361,-3.680061502678603,-1.92384748258184,1.3379068697638432,-0.095617554709007,3.9617679793083935,-0.4438394755287239,1.3206344345300909
67.0,84.0,129.88377380371094,-0.0399577529350641,2.683951326737944,-4.11409128418014,-3.681289337371545,-1.924380755156704,1.3448717929242058,-0.0959637858982409,3.9596759122131417,-0.4415445670201363,1.3210377334526509
67.0,84.0,129.8837432861328,-0.0369464726289648,2.680346820458233,-4.1142564954271,-3.6794294030161487,-1.925876749847312,1.3461764754246202,-0.0976397380470689,3.9625107167879055,-0.4416264075814982,1.3210925699413016
67.0,84.0,129.8837127685547,-0.0356756611993184,2.682447358605568,-4.115858944120456,-3.6803687337381534,-1.925012129056335,1.3400316041996476,-0.099346198087609,3.963938764924008,-0.4417064547200587,1.3256603553740545
67.0,84.0,129.8837127685547,-0.0370368728377057,2.684946984407843,-4.114466962912864,-3.679601915526487,-1.9246393033397071,1.3389271121330308,-0.0989645977034366,3.9663944759107945,-0.4429752066100512,1.3234327708809652
67.0,84.0,129.88372802734375,-0.0370536234701516,2.6811710918430425,-4.116698566786963,-3.676911022788037,-1.9275347713847208,1.3386574870067187,-0.1007547725846267,3.963427970348647,-0.4403703650976265,1.3222663767309977
67.0,84.0,129.88372802734375,-0.0385240802739117,2.682520263725102,-4.116452738309021,-3.6816578045096486,-1.922659790826508,1.3379690272498028,-0.0992496851246273,3.965568471344164,-0.4404655002580575,1.3242609064921975
67.0,84.0,129.88372802734375,-0.0397115361384038,2.6810012229809903,-4.115411750977208,-3.680511080146436,-1.9237603358232287,1.3390459794750922,-0.1015468177255758,3.960578124505437,-0.4429465258328998,1.3222910970389383
67.0,84.0,129.88381958007812,-0.0339411427878929,2.6835634466785603,-4.121355190356427,-3.675571877284,-1.923258772761756,1.3367791250241192,-0.100554680906843,3.965383650746308,-0.4432145756631428,1.32836974902509
67.0,84.0,129.88372802734375,-0.037287109720756,2.683809727565462,-4.110832588232682,-3.679867184088877,-1.9245644458188584,1.3403691591538691,-0.1002196492828922,3.965208880503487,-0.441721879171606,1.3211276258911886
67.0,84.0,129.88372802734375,-0.0400499241540285,2.684384565580721,-4.113508552930457,-3.6795907112724975,-1.9263905391909424,1.343992729015894,-0.0982982948597923,3.963003635017269,-0.4457270810510728,1.3210156141299698
67.0,85.0,129.8854522705078,-0.024913178451968,2.6860798871689724,-4.116955728203013,-3.6732630272646016,-1.9500856693940591,1.351441959202703,-0.0741397555146345,3.976496470107653,-0.4514977238147504,1.3207495542655825
67.0,85.0,129.8837127685547,-0.0390624741841135,2.6833500180860588,-4.114207038504851,-3.678594862532497,-1.9248304854471967,1.3408691475849543,-0.0996418561712355,3.962054265880583,-0.4422969201386914,1.322950687968608
67.0,85.0,129.88372802734375,-0.0394769115291641,2.6837033382446145,-4.114166749463672,-3.6799456347009527,-1.9243051149419503,1.3391340605428326,-0.1010746475038844,3.960255740674688,-0.4436410459554568,1.323078529932192
67.0,85.0,129.8837127685547,-0.0383018451630346,2.6825657222281154,-4.115490430001167,-3.682651472125516,-1.9231239052756093,1.340025079312943,-0.0984281458914428,3.964438100958562,-0.44245859712267,1.3243555689868682
67.0,85.0,129.8837127685547,-0.0369420673134079,2.682156759462516,-4.115233968800888,-3.681118528744986,-1.9241912649120807,1.3404944879605267,-0.1019006897305594,3.9629366710841913,-0.4428053176321996,1.3204831572845384
67.0,85.0,129.8837127685547,-0.0376597801442701,2.68298617883112,-4.114110363677785,-3.680304675610925,-1.9255430514464271,1.3390410508053323,-0.1010370551449621,3.963916389584186,-0.4440439812457029,1.3236185886371434
67.0,85.0,129.8837127685547,-0.0374892122458527,2.679457956822444,-4.115658211530698,-3.679870501501175,-1.9253536741192203,1.3399267165796034,-0.0984157724586413,3.963521263595336,-0.4453723617493761,1.3227355831122436
67.0,85.0,129.8837432861328,-0.0378902285486742,2.6823334258470592,-4.112011321108509,-3.681165614581759,-1.9247812771742243,1.3413907284506024,-0.1038787862199003,3.964311672157351,-0.4417122574468464,1.3251244352522438
67.0,85.0,129.88372802734375,-0.0413638328436621,2.68253667942558,-4.115538437909974,-3.680554187800771,-1.926196002556992,1.343223210668956,-0.1000168620530084,3.964448367182789,-0.4446670472232056,1.322383790710638
67.0,85.0,129.8837127685547,-0.037892110508682,2.6821359067353567,-4.115512312219881,-3.6795903565284767,-1.9252708498230648,1.3415193577507107,-0.0969607874607883,3.9641777212132654,-0.4436096646493943,1.320873907684612
67.0,85.0,129.88372802734375,-0.0394621301185116,2.681895405253066,-4.114145708257508,-3.679763424109368,-1.9241594048150383,1.339448483367928,-0.1004818458329689,3.960899682402396,-0.4429053430792187,1.3234053496158238
67.0,85.0,129.88377380371094,-0.0378591694234113,2.684895826773754,-4.118227332618508,-3.679404193526077,-1.924432076279036,1.3419771633205635,-0.10606815229388,3.963107310779944,-0.4423095108848875,1.3223309472238691
67.0,85.0,129.8837127685547,-0.0394954936172463,2.6825188067322765,-4.115058265340832,-3.681510634642686,-1.9228880618401816,1.3399492690560406,-0.1000011100859549,3.96471291422232,-0.442861539657224,1.321143834184915
67.0,85.0,129.8837127685547,-0.0387396005425392,2.682225447735511,-4.115479380597832,-3.681445627110278,-1.9244833563466768,1.3399580598807128,-0.0977809306001005,3.963170214857519,-0.4425159128700108,1.3251554978291538
67.0,85.0,129.8837127685547,-0.0381877718237811,2.681269931177165,-4.115189659054024,-3.682085768835373,-1.9230510096111444,1.3398880451910875,-0.1009314762252844,3.963350996410638,-0.4439422476527043,1.324298345464992
67.0,85.0,129.88381958007812,-0.0381526157650131,2.683286518357527,-4.115564463146379,-3.677930475477595,-1.9237182523745968,1.3368037100732246,-0.0892340632152452,3.96363049842782,-0.4430772010674376,1.3232505057266857
67.0,85.0,129.88372802734375,-0.0407841924063163,2.682842268321897,-4.115990405053089,-3.682273090141872,-1.9231544165304768,1.3400585542493797,-0.0987326375169532,3.965591930835874,-0.4409078217283227,1.323375078886483
67.0,85.0,129.88372802734375,-0.0364562979673581,2.681942566488224,-4.115709077188916,-3.683316691518306,-1.923309269025863,1.3397195529115484,-0.1020936410265639,3.96605988046728,-0.4430883786376737,1.3247307896339595
67.0,85.0,129.88369750976562,-0.0383216637770437,2.6825741157856324,-4.114967170153109,-3.6780063208760607,-1.924454085840296,1.3404595116488414,-0.099584917212826,3.9638032536282113,-0.4437830930453497,1.3237113962040006
67.0,85.0,129.8837127685547,-0.0376961569066218,2.6810456144108605,-4.114967666976514,-3.6824877246568426,-1.924200653184824,1.3404638119958423,-0.0996932592274433,3.964499551915456,-0.4428745888755751,1.3213770685617647
67.0,85.0,129.8837890625,-0.0394980867490792,2.6815779431972406,-4.1168785301556445,-3.681698391991953,-1.924053272910574,1.344643452859574,-0.102118036465461,3.9601782968794073,-0.4377647591669585,1.3205051770918452
67.0,85.0,129.8837432861328,-0.0383931038711856,2.681743703753225,-4.110919821985832,-3.680941012101324,-1.9246707853026483,1.3396469992217974,-0.1016141060131876,3.960629551844936,-0.4436288058793948,1.3237666766968057
67.0,85.0,129.8837127685547,-0.037476355132344,2.682172626972016,-4.115645931609416,-3.680766274823792,-1.928885529169185,1.342282826697018,-0.1009795477887777,3.962878858255472,-0.4430706955358025,1.3233830072043231
67.0,85.0,129.8837432861328,-0.0369536338520861,2.6834832434335314,-4.110732885483033,-3.682000754389392,-1.925332537745041,1.3390878274264857,-0.1028720403009698,3.963019664666001,-0.4423472748414462,1.3221376020935554
67.0,85.0,129.88372802734375,-0.0383165834651265,2.6805636905222827,-4.114509036250329,-3.681431348772668,-1.922064448310376,1.339359781558365,-0.1021107820494541,3.9639069947622847,-0.4451756193766956,1.3230167789224236
67.0,85.0,129.8837127685547,-0.035826022591529,2.6822769513337303,-4.115999273270378,-3.678277181655396,-1.924474960699424,1.3382035352213062,-0.1008936209737533,3.962766066999645,-0.4439527265953525,1.324028160841294
67.0,85.0,129.8837127685547,-0.0393439610213545,2.6830619422745308,-4.114604043222708,-3.680368689308013,-1.9229080885171144,1.340185094365083,-0.099360564882717,3.963476834582344,-0.4430568216979387,1.320904571426344
67.0,85.0,129.88369750976562,-0.0370319986549597,2.682141311654721,-4.11568919640137,-3.679601765843594,-1.9250876999733395,1.3398228311447469,-0.1004837490685165,3.964237534852891,-0.442657322459007,1.323574800022745
67.0,85.0,129.88372802734375,-0.0391674402731834,2.682905954830152,-4.1152321010105695,-3.682682971109904,-1.927062009740668,1.3411154187924732,-0.1018950030797797,3.963959906154284,-0.4426653162922282,1.3218855391913578
67.0,85.0,129.8837127685547,-0.0371175704728505,2.6812182813530163,-4.114826148555521,-3.6814360671443898,-1.9272192972100608,1.3392384010451557,-0.0975537949860169,3.963685680076699,-0.4423936017161028,1.3207502023375437
67.0,85.0,129.88369750976562,-0.0375504977495809,2.682280533818246,-4.115233018272244,-3.679761393898062,-1.925012808213688,1.3408448440508045,-0.0991535257406458,3.963799535448471,-0.4426996479812786,1.32341862225405
67.0,85.0,129.88372802734375,-0.037360384226744,2.6804264323559504,-4.117567124897481,-3.680651522163663,-1.92486123692172,1.3408722908047397,-0.1003879121838379,3.96481209759321,-0.4408978071337815,1.325472330971622
67.0,85.0,129.88372802734375,-0.0393950079337393,2.682079167622051,-4.116431395177504,-3.6787488139868953,-1.9248699622245524,1.339336898271135,-0.1018957621684307,3.968299480994778,-0.4440051691932998,1.3218586454353822
67.0,85.0,129.8837127685547,-0.0392770302274404,2.6840185618744274,-4.11478560885508,-3.680144804329269,-1.924455010930148,1.338262751859438,-0.0989258480500887,3.964421669230163,-0.4429678574930978,1.323156509914116
67.0,85.0,129.88380432128906,-0.0397418140590472,2.682659782964297,-4.108467189217131,-3.678512834341088,-1.92517831899215,1.3393670746749475,-0.1015734579810419,3.957960817705243,-0.4433028224987075,1.3198015047265983
67.0,85.0,129.88380432128906,-0.0381674048376016,2.681829930371724,-4.112657960577341,-3.676901245062673,-1.925632586495561,1.3415866609069678,-0.0996233483962936,3.962764069196538,-0.4441854081207101,1.332155147051875
67.0,85.0,129.88372802734375,-0.0400392669733138,2.6838549748841367,-4.11526587249595,-3.677940289516276,-1.9256886172759964,1.3398488735573226,-0.0992902783458619,3.9606908601508777,-0.4440976131916241,1.3229480771894
67.0,85.0,129.8837127685547,-0.0372506290181849,2.6825258936577163,-4.113932430245791,-3.67787045539909,-1.9239445480151105,1.3390849667989306,-0.0991657658047625,3.966057952162212,-0.4439546819017453,1.3257170818573536
67.0,85.0,129.88372802734375,-0.038307291081831,2.682449326928149,-4.115401040083657,-3.683540706115491,-1.928475014052164,1.3415171231814844,-0.0990500230417561,3.9629223315889073,-0.4430603992534149,1.3241565397070003
67.0,85.0,129.8837432861328,-0.0394156227500661,2.683473023788846,-4.114948214059361,-3.680061502678603,-1.92384748258184,1.3379068697638432,-0.095617554709007,3.9617679793083935,-0.4438394755287239,1.3206344345300909
67.0,85.0,129.88377380371094,-0.0399577529350641,2.683951326737944,-4.11409128418014,-3.681289337371545,-1.924380755156704,1.3448717929242058,-0.0959637858982409,3.9596759122131417,-0.4415445670201363,1.3210377334526509
67.0,85.0,129.8837432861328,-0.0369464726289648,2.680346820458233,-4.1142564954271,-3.6794294030161487,-1.925876749847312,1.3461764754246202,-0.0976397380470689,3.9625107167879055,-0.4416264075814982,1.3210925699413016
67.0,85.0,129.8837127685547,-0.0356756611993184,2.682447358605568,-4.115858944120456,-3.6803687337381534,-1.925012129056335,1.3400316041996476,-0.099346198087609,3.963938764924008,-0.4417064547200587,1.3256603553740545
67.0,85.0,129.8837127685547,-0.0370368728377057,2.684946984407843,-4.114466962912864,-3.679601915526487,-1.9246393033397071,1.3389271121330308,-0.0989645977034366,3.9663944759107945,-0.4429752066100512,1.3234327708809652
67.0,85.0,129.88372802734375,-0.0370536234701516,2.6811710918430425,-4.116698566786963,-3.676911022788037,-1.9275347713847208,1.3386574870067187,-0.1007547725846267,3.963427970348647,-0.4403703650976265,1.3222663767309977
67.0,85.0,129.88372802734375,-0.0385240802739117,2.682520263725102,-4.116452738309021,-3.6816578045096486,-1.922659790826508,1.3379690272498028,-0.0992496851246273,3.965568471344164,-0.4404655002580575,1.3242609064921975
67.0,85.0,129.88372802734375,-0.0397115361384038,2.6810012229809903,-4.115411750977208,-3.680511080146436,-1.9237603358232287,1.3390459794750922,-0.1015468177255758,3.960578124505437,-0.4429465258328998,1.3222910970389383
67.0,85.0,129.88381958007812,-0.0339411427878929,2.6835634466785603,-4.121355190356427,-3.675571877284,-1.923258772761756,1.3367791250241192,-0.100554680906843,3.965383650746308,-0.4432145756631428,1.32836974902509
67.0,85.0,129.88372802734375,-0.037287109720756,2.683809727565462,-4.110832588232682,-3.679867184088877,-1.9245644458188584,1.3403691591538691,-0.1002196492828922,3.965208880503487,-0.441721879171606,1.3211276258911886
67.0,85.0,129.88372802734375,-0.0400499241540285,2.684384565580721,-4.113508552930457,-3.6795907112724975,-1.9263905391909424,1.343992729015894,-0.0982982948597923,3.963003635017269,-0.4457270810510728,1.3210156141299698
67.0,86.0,129.8854522705078,-0.024913178451968,2.6860798871689724,-4.116955728203013,-3.6732630272646016,-1.9500856693940591,1.351441959202703,-0.0741397555146345,3.976496470107653,-0.4514977238147504,1.3207495542655825
67.0,86.0,129.8837127685547,-0.0390624741841135,2.6833500180860588,-4.114207038504851,-3.678594862532497,-1.9248304854471967,1.3408691475849543,-0.0996418561712355,3.962054265880583,-0.4422969201386914,1.322950687968608
67.0,86.0,129.88372802734375,-0.0394769115291641,2.6837033382446145,-4.114166749463672,-3.6799456347009527,-1.9243051149419503,1.3391340605428326,-0.1010746475038844,3.960255740674688,-0.4436410459554568,1.323078529932192
67.0,86.0,129.8837127685547,-0.0383018451630346,2.6825657222281154,-4.115490430001167,-3.682651472125516,-1.9231239052756093,1.340025079312943,-0.0984281458914428,3.964438100958562,-0.44245859712267,1.3243555689868682
67.0,86.0,129.8837127685547,-0.0369420673134079,2.682156759462516,-4.115233968800888,-3.681118528744986,-1.9241912649120807,1.3404944879605267,-0.1019006897305594,3.9629366710841913,-0.4428053176321996,1.3204831572845384
67.0,86.0,129.8837127685547,-0.0376597801442701,2.68298617883112,-4.114110363677785,-3.680304675610925,-1.9255430514464271,1.3390410508053323,-0.1010370551449621,3.963916389584186,-0.4440439812457029,1.3236185886371434
67.0,86.0,129.8837127685547,-0.0374892122458527,2.679457956822444,-4.115658211530698,-3.679870501501175,-1.9253536741192203,1.3399267165796034,-0.0984157724586413,3.963521263595336,-0.4453723617493761,1.3227355831122436
67.0,86.0,129.8837432861328,-0.0378902285486742,2.6823334258470592,-4.112011321108509,-3.681165614581759,-1.9247812771742243,1.3413907284506024,-0.1038787862199003,3.964311672157351,-0.4417122574468464,1.3251244352522438
67.0,86.0,129.88372802734375,-0.0413638328436621,2.68253667942558,-4.115538437909974,-3.680554187800771,-1.926196002556992,1.343223210668956,-0.1000168620530084,3.964448367182789,-0.4446670472232056,1.322383790710638
67.0,86.0,129.8837127685547,-0.037892110508682,2.6821359067353567,-4.115512312219881,-3.6795903565284767,-1.9252708498230648,1.3415193577507107,-0.0969607874607883,3.9641777212132654,-0.4436096646493943,1.320873907684612
67.0,86.0,129.88372802734375,-0.0394621301185116,2.681895405253066,-4.114145708257508,-3.679763424109368,-1.9241594048150383,1.339448483367928,-0.1004818458329689,3.960899682402396,-0.4429053430792187,1.3234053496158238
67.0,86.0,129.88377380371094,-0.0378591694234113,2.684895826773754,-4.118227332618508,-3.679404193526077,-1.924432076279036,1.3419771633205635,-0.10606815229388,3.963107310779944,-0.4423095108848875,1.3223309472238691
67.0,86.0,129.8837127685547,-0.0394954936172463,2.6825188067322765,-4.115058265340832,-3.681510634642686,-1.9228880618401816,1.3399492690560406,-0.1000011100859549,3.96471291422232,-0.442861539657224,1.321143834184915
67.0,86.0,129.8837127685547,-0.0387396005425392,2.682225447735511,-4.115479380597832,-3.681445627110278,-1.9244833563466768,1.3399580598807128,-0.0977809306001005,3.963170214857519,-0.4425159128700108,1.3251554978291538
67.0,86.0,129.8837127685547,-0.0381877718237811,2.681269931177165,-4.115189659054024,-3.682085768835373,-1.9230510096111444,1.3398880451910875,-0.1009314762252844,3.963350996410638,-0.4439422476527043,1.324298345464992
67.0,86.0,129.8837432861328,-0.0384686140571304,2.683283422106023,-4.1148112343869885,-3.677734513092817,-1.9211477711060745,1.3448500372683905,-0.0988962441616591,3.962060195677962,-0.4445419587117096,1.322375655365792
67.0,86.0,129.88372802734375,-0.0407841924063163,2.682842268321897,-4.115990405053089,-3.682273090141872,-1.9231544165304768,1.3400585542493797,-0.0987326375169532,3.965591930835874,-0.4409078217283227,1.323375078886483
67.0,86.0,129.88372802734375,-0.0364562979673581,2.681942566488224,-4.115709077188916,-3.683316691518306,-1.923309269025863,1.3397195529115484,-0.1020936410265639,3.96605988046728,-0.4430883786376737,1.3247307896339595
67.0,86.0,129.88369750976562,-0.0383216637770437,2.6825741157856324,-4.114967170153109,-3.6780063208760607,-1.924454085840296,1.3404595116488414,-0.099584917212826,3.9638032536282113,-0.4437830930453497,1.3237113962040006
67.0,86.0,129.88369750976562,-0.0379767604336877,2.680744641094622,-4.114477853527157,-3.6801701846835897,-1.924400799866619,1.3404674448137248,-0.0999418297218291,3.9646977554076215,-0.4444012423801128,1.3236911002911962
67.0,86.0,129.8837890625,-0.0394980867490792,2.6815779431972406,-4.1168785301556445,-3.681698391991953,-1.924053272910574,1.344643452859574,-0.102118036465461,3.9601782968794073,-0.4377647591669585,1.3205051770918452
67.0,86.0,129.8837432861328,-0.0383931038711856,2.681743703753225,-4.110919821985832,-3.680941012101324,-1.9246707853026483,1.3396469992217974,-0.1016141060131876,3.960629551844936,-0.4436288058793948,1.3237666766968057
67.0,86.0,129.8837127685547,-0.037476355132344,2.682172626972016,-4.115645931609416,-3.680766274823792,-1.928885529169185,1.342282826697018,-0.1009795477887777,3.962878858255472,-0.4430706955358025,1.3233830072043231
67.0,86.0,129.8837432861328,-0.0369536338520861,2.6834832434335314,-4.110732885483033,-3.682000754389392,-1.925332537745041,1.3390878274264857,-0.1028720403009698,3.963019664666001,-0.4423472748414462,1.3221376020935554
67.0,86.0,129.88372802734375,-0.0383165834651265,2.6805636905222827,-4.114509036250329,-3.681431348772668,-1.922064448310376,1.339359781558365,-0.1021107820494541,3.9639069947622847,-0.4451756193766956,1.3230167789224236
67.0,86.0,129.8837127685547,-0.035826022591529,2.6822769513337303,-4.115999273270378,-3.678277181655396,-1.924474960699424,1.3382035352213062,-0.1008936209737533,3.962766066999645,-0.4439527265953525,1.324028160841294
67.0,86.0,129.8837127685547,-0.0393439610213545,2.6830619422745308,-4.114604043222708,-3.680368689308013,-1.9229080885171144,1.340185094365083,-0.099360564882717,3.963476834582344,-0.4430568216979387,1.320904571426344
67.0,86.0,129.88369750976562,-0.0370319986549597,2.682141311654721,-4.11568919640137,-3.679601765843594,-1.9250876999733395,1.3398228311447469,-0.1004837490685165,3.964237534852891,-0.442657322459007,1.323574800022745
67.0,86.0,129.88372802734375,-0.0391674402731834,2.682905954830152,-4.1152321010105695,-3.682682971109904,-1.927062009740668,1.3411154187924732,-0.1018950030797797,3.963959906154284,-0.4426653162922282,1.3218855391913578
67.0,86.0,129.8837127685547,-0.0371175704728505,2.6812182813530163,-4.114826148555521,-3.6814360671443898,-1.9272192972100608,1.3392384010451557,-0.0975537949860169,3.963685680076699,-0.4423936017161028,1.3207502023375437
67.0,86.0,129.88369750976562,-0.0375504977495809,2.682280533818246,-4.115233018272244,-3.679761393898062,-1.925012808213688,1.3408448440508045,-0.0991535257406458,3.963799535448471,-0.4426996479812786,1.32341862225405
67.0,86.0,129.88372802734375,-0.037360384226744,2.6804264323559504,-4.117567124897481,-3.680651522163663,-1.92486123692172,1.3408722908047397,-0.1003879121838379,3.96481209759321,-0.4408978071337815,1.325472330971622
67.0,86.0,129.88369750976562,-0.0375050067521598,2.682394795215691,-4.114718372567042,-3.678092981168621,-1.9258440914610253,1.3400083563894525,-0.099182553119151,3.966016159885976,-0.4438312502809411,1.3218137438897066
67.0,86.0,129.8837127685547,-0.0392770302274404,2.6840185618744274,-4.11478560885508,-3.680144804329269,-1.924455010930148,1.338262751859438,-0.0989258480500887,3.964421669230163,-0.4429678574930978,1.323156509914116
67.0,86.0,129.88380432128906,-0.0397418140590472,2.682659782964297,-4.108467189217131,-3.678512834341088,-1.92517831899215,1.3393670746749475,-0.1015734579810419,3.957960817705243,-0.4433028224987075,1.3198015047265983
67.0,86.0,129.88380432128906,-0.0381674048376016,2.681829930371724,-4.112657960577341,-3.676901245062673,-1.925632586495561,1.3415866609069678,-0.0996233483962936,3.962764069196538,-0.4441854081207101,1.332155147051875
67.0,86.0,129.88372802734375,-0.0400392669733138,2.6838549748841367,-4.11526587249595,-3.677940289516276,-1.9256886172759964,1.3398488735573226,-0.0992902783458619,3.9606908601508777,-0.4440976131916241,1.3229480771894
67.0,86.0,129.8837127685547,-0.0372506290181849,2.6825258936577163,-4.113932430245791,-3.67787045539909,-1.9239445480151105,1.3390849667989306,-0.0991657658047625,3.966057952162212,-0.4439546819017453,1.3257170818573536
67.0,86.0,129.88372802734375,-0.038307291081831,2.682449326928149,-4.115401040083657,-3.683540706115491,-1.928475014052164,1.3415171231814844,-0.0990500230417561,3.9629223315889073,-0.4430603992534149,1.3241565397070003
67.0,86.0,129.8837432861328,-0.0394156227500661,2.683473023788846,-4.114948214059361,-3.680061502678603,-1.92384748258184,1.3379068697638432,-0.095617554709007,3.9617679793083935,-0.4438394755287239,1.3206344345300909
67.0,86.0,129.88377380371094,-0.0399577529350641,2.683951326737944,-4.11409128418014,-3.681289337371545,-1.924380755156704,1.3448717929242058,-0.0959637858982409,3.9596759122131417,-0.4415445670201363,1.3210377334526509
67.0,86.0,129.8837432861328,-0.0369464726289648,2.680346820458233,-4.1142564954271,-3.6794294030161487,-1.925876749847312,1.3461764754246202,-0.0976397380470689,3.9625107167879055,-0.4416264075814982,1.3210925699413016
67.0,86.0,129.88369750976562,-0.0362685215543273,2.6824785535414897,-4.115228802300194,-3.679666890710486,-1.924817154336768,1.3397913112986377,-0.0984104785689082,3.965220519508229,-0.4431274438343454,1.3229101875008091
67.0,86.0,129.8837127685547,-0.0370368728377057,2.684946984407843,-4.114466962912864,-3.679601915526487,-1.9246393033397071,1.3389271121330308,-0.0989645977034366,3.9663944759107945,-0.4429752066100512,1.3234327708809652
67.0,86.0,129.8837127685547,-0.0377462765827165,2.682754760261481,-4.116597352360581,-3.6779847629580704,-1.9229277577136537,1.3396366035122156,-0.099180540659422,3.9640289350007456,-0.4424196705885159,1.322401396617004
67.0,86.0,129.88372802734375,-0.0385240802739117,2.682520263725102,-4.116452738309021,-3.6816578045096486,-1.922659790826508,1.3379690272498028,-0.0992496851246273,3.965568471344164,-0.4404655002580575,1.3242609064921975
67.0,86.0,129.88372802734375,-0.0397115361384038,2.6810012229809903,-4.115411750977208,-3.680511080146436,-1.9237603358232287,1.3390459794750922,-0.1015468177255758,3.960578124505437,-0.4429465258328998,1.3222910970389383
67.0,86.0,129.88375854492188,-0.0394443900425402,2.68360357937209,-4.1203421079336175,-3.6785409376261513,-1.9243919701116408,1.3396238579487043,-0.0989428602281494,3.965290842406032,-0.4430908305875714,1.327590852115262
67.0,86.0,129.88372802734375,-0.037287109720756,2.683809727565462,-4.110832588232682,-3.679867184088877,-1.9245644458188584,1.3403691591538691,-0.1002196492828922,3.965208880503487,-0.441721879171606,1.3211276258911886
67.0,86.0,129.88372802734375,-0.0400499241540285,2.684384565580721,-4.113508552930457,-3.6795907112724975,-1.9263905391909424,1.343992729015894,-0.0982982948597923,3.963003635017269,-0.4457270810510728,1.3210156141299698
67.0,87.0,129.8854522705078,-0.024913178451968,2.6860798871689724,-4.116955728203013,-3.6732630272646016,-1.9500856693940591,1.351441959202703,-0.0741397555146345,3.976496470107653,-0.4514977238147504,1.3207495542655825
67.0,87.0,129.8837127685547,-0.0390624741841135,2.6833500180860588,-4.114207038504851,-3.678594862532497,-1.9248304854471967,1.3408691475849543,-0.0996418561712355,3.962054265880583,-0.4422969201386914,1.322950687968608
67.0,87.0,129.88372802734375,-0.0394769115291641,2.6837033382446145,-4.114166749463672,-3.6799456347009527,-1.9243051149419503,1.3391340605428326,-0.1010746475038844,3.960255740674688,-0.4436410459554568,1.323078529932192
67.0,87.0,129.8837127685547,-0.0383018451630346,2.6825657222281154,-4.115490430001167,-3.682651472125516,-1.9231239052756093,1.340025079312943,-0.0984281458914428,3.964438100958562,-0.44245859712267,1.3243555689868682
67.0,87.0,129.8837127685547,-0.0369420673134079,2.682156759462516,-4.115233968800888,-3.681118528744986,-1.9241912649120807,1.3404944879605267,-0.1019006897305594,3.9629366710841913,-0.4428053176321996,1.3204831572845384
67.0,87.0,129.8837127685547,-0.0376597801442701,2.68298617883112,-4.114110363677785,-3.680304675610925,-1.9255430514464271,1.3390410508053323,-0.1010370551449621,3.963916389584186,-0.4440439812457029,1.3236185886371434
67.0,87.0,129.8837127685547,-0.0374892122458527,2.679457956822444,-4.115658211530698,-3.679870501501175,-1.9253536741192203,1.3399267165796034,-0.0984157724586413,3.963521263595336,-0.4453723617493761,1.3227355831122436
67.0,87.0,129.8837127685547,-0.0376072397275908,2.682574613513692,-4.117180931317258,-3.680441307350701,-1.9245096175229992,1.3394293173098348,-0.0987389324022331,3.9637072963334017,-0.4415760497670504,1.3241195350935009
67.0,87.0,129.88372802734375,-0.0413638328436621,2.68253667942558,-4.115538437909974,-3.680554187800771,-1.926196002556992,1.343223210668956,-0.1000168620530084,3.964448367182789,-0.4446670472232056,1.322383790710638
67.0,87.0,129.8837127685547,-0.037892110508682,2.6821359067353567,-4.115512312219881,-3.6795903565284767,-1.9252708498230648,1.3415193577507107,-0.0969607874607883,3.9641777212132654,-0.4436096646493943,1.320873907684612
67.0,87.0,129.88372802734375,-0.0394621301185116,2.681895405253066,-4.114145708257508,-3.679763424109368,-1.9241594048150383,1.339448483367928,-0.1004818458329689,3.960899682402396,-0.4429053430792187,1.3234053496158238
67.0,87.0,129.88377380371094,-0.0378591694234113,2.684895826773754,-4.118227332618508,-3.679404193526077,-1.924432076279036,1.3419771633205635,-0.10606815229388,3.963107310779944,-0.4423095108848875,1.3223309472238691
67.0,87.0,129.8837127685547,-0.0394954936172463,2.6825188067322765,-4.115058265340832,-3.681510634642686,-1.9228880618401816,1.3399492690560406,-0.1000011100859549,3.96471291422232,-0.442861539657224,1.321143834184915
67.0,87.0,129.8837127685547,-0.0387396005425392,2.682225447735511,-4.115479380597832,-3.681445627110278,-1.9244833563466768,1.3399580598807128,-0.0977809306001005,3.963170214857519,-0.4425159128700108,1.3251554978291538
67.0,87.0,129.8837127685547,-0.0381877718237811,2.681269931177165,-4.115189659054024,-3.682085768835373,-1.9230510096111444,1.3398880451910875,-0.1009314762252844,3.963350996410638,-0.4439422476527043,1.324298345464992
67.0,87.0,129.8837432861328,-0.0384686140571304,2.683283422106023,-4.1148112343869885,-3.677734513092817,-1.9211477711060745,1.3448500372683905,-0.0988962441616591,3.962060195677962,-0.4445419587117096,1.322375655365792
67.0,87.0,129.88372802734375,-0.0407841924063163,2.682842268321897,-4.115990405053089,-3.682273090141872,-1.9231544165304768,1.3400585542493797,-0.0987326375169532,3.965591930835874,-0.4409078217283227,1.323375078886483
67.0,87.0,129.88372802734375,-0.0364562979673581,2.681942566488224,-4.115709077188916,-3.683316691518306,-1.923309269025863,1.3397195529115484,-0.1020936410265639,3.96605988046728,-0.4430883786376737,1.3247307896339595
67.0,87.0,129.88369750976562,-0.0383216637770437,2.6825741157856324,-4.114967170153109,-3.6780063208760607,-1.924454085840296,1.3404595116488414,-0.099584917212826,3.9638032536282113,-0.4437830930453497,1.3237113962040006
67.0,87.0,129.88369750976562,-0.0379767604336877,2.680744641094622,-4.114477853527157,-3.6801701846835897,-1.924400799866619,1.3404674448137248,-0.0999418297218291,3.9646977554076215,-0.4444012423801128,1.3236911002911962
67.0,87.0,129.8837890625,-0.0394980867490792,2.6815779431972406,-4.1168785301556445,-3.681698391991953,-1.924053272910574,1.344643452859574,-0.102118036465461,3.9601782968794073,-0.4377647591669585,1.3205051770918452
67.0,87.0,129.8837432861328,-0.0383931038711856,2.681743703753225,-4.110919821985832,-3.680941012101324,-1.9246707853026483,1.3396469992217974,-0.1016141060131876,3.960629551844936,-0.4436288058793948,1.3237666766968057
67.0,87.0,129.8837127685547,-0.037476355132344,2.682172626972016,-4.115645931609416,-3.680766274823792,-1.928885529169185,1.342282826697018,-0.1009795477887777,3.962878858255472,-0.4430706955358025,1.3233830072043231
67.0,87.0,129.8837432861328,-0.0369536338520861,2.6834832434335314,-4.110732885483033,-3.682000754389392,-1.925332537745041,1.3390878274264857,-0.1028720403009698,3.963019664666001,-0.4423472748414462,1.3221376020935554
67.0,87.0,129.8837127685547,-0.0384252998416297,2.681579126856393,-4.114612552734227,-3.678070309738456,-1.924969723707814,1.3398621080830238,-0.0977854578789893,3.964028631331747,-0.4454669754503732,1.323824181317693
67.0,87.0,129.8837127685547,-0.035826022591529,2.6822769513337303,-4.115999273270378,-3.678277181655396,-1.924474960699424,1.3382035352213062,-0.1008936209737533,3.962766066999645,-0.4439527265953525,1.324028160841294
67.0,87.0,129.8837127685547,-0.0393439610213545,2.6830619422745308,-4.114604043222708,-3.680368689308013,-1.9229080885171144,1.340185094365083,-0.099360564882717,3.963476834582344,-0.4430568216979387,1.320904571426344
67.0,87.0,129.88369750976562,-0.0370319986549597,2.682141311654721,-4.11568919640137,-3.679601765843594,-1.9250876999733395,1.3398228311447469,-0.1004837490685165,3.964237534852891,-0.442657322459007,1.323574800022745
67.0,87.0,129.88372802734375,-0.0391674402731834,2.682905954830152,-4.1152321010105695,-3.682682971109904,-1.927062009740668,1.3411154187924732,-0.1018950030797797,3.963959906154284,-0.4426653162922282,1.3218855391913578
67.0,87.0,129.8837127685547,-0.0371175704728505,2.6812182813530163,-4.114826148555521,-3.6814360671443898,-1.9272192972100608,1.3392384010451557,-0.0975537949860169,3.963685680076699,-0.4423936017161028,1.3207502023375437
67.0,87.0,129.88369750976562,-0.0375504977495809,2.682280533818246,-4.115233018272244,-3.679761393898062,-1.925012808213688,1.3408448440508045,-0.0991535257406458,3.963799535448471,-0.4426996479812786,1.32341862225405
67.0,87.0,129.8837127685547,-0.0353928620126881,2.684844982485186,-4.114734682919397,-3.6814192467957407,-1.9241976470811808,1.3403668723367224,-0.1000266563011459,3.964715904633412,-0.4442067176368913,1.324261404745758
67.0,87.0,129.88369750976562,-0.0375050067521598,2.682394795215691,-4.114718372567042,-3.678092981168621,-1.9258440914610253,1.3400083563894525,-0.099182553119151,3.966016159885976,-0.4438312502809411,1.3218137438897066
67.0,87.0,129.8837127685547,-0.0392770302274404,2.6840185618744274,-4.11478560885508,-3.680144804329269,-1.924455010930148,1.338262751859438,-0.0989258480500887,3.964421669230163,-0.4429678574930978,1.323156509914116
67.0,87.0,129.88380432128906,-0.0397418140590472,2.682659782964297,-4.108467189217131,-3.678512834341088,-1.92517831899215,1.3393670746749475,-0.1015734579810419,3.957960817705243,-0.4433028224987075,1.3198015047265983
67.0,87.0,129.88380432128906,-0.0381674048376016,2.681829930371724,-4.112657960577341,-3.676901245062673,-1.925632586495561,1.3415866609069678,-0.0996233483962936,3.962764069196538,-0.4441854081207101,1.332155147051875
67.0,87.0,129.88372802734375,-0.0400392669733138,2.6838549748841367,-4.11526587249595,-3.677940289516276,-1.9256886172759964,1.3398488735573226,-0.0992902783458619,3.9606908601508777,-0.4440976131916241,1.3229480771894
67.0,87.0,129.8837127685547,-0.0372506290181849,2.6825258936577163,-4.113932430245791,-3.67787045539909,-1.9239445480151105,1.3390849667989306,-0.0991657658047625,3.966057952162212,-0.4439546819017453,1.3257170818573536
67.0,87.0,129.8837127685547,-0.0382654207234467,2.682587784029995,-4.116315727080707,-3.681914326747772,-1.925231346380788,1.3422989864010575,-0.0991434691892365,3.963637510711044,-0.4412507469254604,1.3238012034262578
67.0,87.0,129.8837432861328,-0.0394156227500661,2.683473023788846,-4.114948214059361,-3.680061502678603,-1.92384748258184,1.3379068697638432,-0.095617554709007,3.9617679793083935,-0.4438394755287239,1.3206344345300909
67.0,87.0,129.88377380371094,-0.0399577529350641,2.683951326737944,-4.11409128418014,-3.681289337371545,-1.924380755156704,1.3448717929242058,-0.0959637858982409,3.9596759122131417,-0.4415445670201363,1.3210377334526509
67.0,87.0,129.8837432861328,-0.0369464726289648,2.680346820458233,-4.1142564954271,-3.6794294030161487,-1.925876749847312,1.3461764754246202,-0.0976397380470689,3.9625107167879055,-0.4416264075814982,1.3210925699413016
67.0,87.0,129.88369750976562,-0.0362685215543273,2.6824785535414897,-4.115228802300194,-3.679666890710486,-1.924817154336768,1.3397913112986377,-0.0984104785689082,3.965220519508229,-0.4431274438343454,1.3229101875008091
67.0,87.0,129.8837127685547,-0.0370368728377057,2.684946984407843,-4.114466962912864,-3.679601915526487,-1.9246393033397071,1.3389271121330308,-0.0989645977034366,3.9663944759107945,-0.4429752066100512,1.3234327708809652
67.0,87.0,129.8837127685547,-0.0377462765827165,2.682754760261481,-4.116597352360581,-3.6779847629580704,-1.9229277577136537,1.3396366035122156,-0.099180540659422,3.9640289350007456,-0.4424196705885159,1.322401396617004
67.0,87.0,129.88372802734375,-0.0385240802739117,2.682520263725102,-4.116452738309021,-3.6816578045096486,-1.922659790826508,1.3379690272498028,-0.0992496851246273,3.965568471344164,-0.4404655002580575,1.3242609064921975
67.0,87.0,129.88372802734375,-0.0397115361384038,2.6810012229809903,-4.115411750977208,-3.680511080146436,-1.9237603358232287,1.3390459794750922,-0.1015468177255758,3.960578124505437,-0.4429465258328998,1.3222910970389383
67.0,87.0,129.8837432861328,-0.0392987770416624,2.681277782716335,-4.115989643440137,-3.677734558658957,-1.924589050654211,1.3401127313181145,-0.0991394055171948,3.9630545585955055,-0.4427894902689177,1.3170745607863732
67.0,87.0,129.88372802734375,-0.037287109720756,2.683809727565462,-4.110832588232682,-3.679867184088877,-1.9245644458188584,1.3403691591538691,-0.1002196492828922,3.965208880503487,-0.441721879171606,1.3211276258911886
67.0,87.0,129.88372802734375,-0.0400499241540285,2.684384565580721,-4.113508552930457,-3.6795907112724975,-1.9263905391909424,1.343992729015894,-0.0982982948597923,3.963003635017269,-0.4457270810510728,1.3210156141299698
67.0,88.0,129.8854522705078,-0.024913178451968,2.6860798871689724,-4.116955728203013,-3.6732630272646016,-1.9500856693940591,1.351441959202703,-0.0741397555146345,3.976496470107653,-0.4514977238147504,1.3207495542655825
67.0,88.0,129.8837127685547,-0.0390624741841135,2.6833500180860588,-4.114207038504851,-3.678594862532497,-1.9248304854471967,1.3408691475849543,-0.0996418561712355,3.962054265880583,-0.4422969201386914,1.322950687968608
67.0,88.0,129.88372802734375,-0.0394769115291641,2.6837033382446145,-4.114166749463672,-3.6799456347009527,-1.9243051149419503,1.3391340605428326,-0.1010746475038844,3.960255740674688,-0.4436410459554568,1.323078529932192
67.0,88.0,129.8837127685547,-0.0383018451630346,2.6825657222281154,-4.115490430001167,-3.682651472125516,-1.9231239052756093,1.340025079312943,-0.0984281458914428,3.964438100958562,-0.44245859712267,1.3243555689868682
67.0,88.0,129.8837127685547,-0.0369420673134079,2.682156759462516,-4.115233968800888,-3.681118528744986,-1.9241912649120807,1.3404944879605267,-0.1019006897305594,3.9629366710841913,-0.4428053176321996,1.3204831572845384
67.0,88.0,129.88369750976562,-0.0384394284723971,2.682975909148543,-4.114785849651962,-3.679239009035948,-1.9244454601702328,1.3399968271028857,-0.0992974966139006,3.9634126109169294,-0.4438348749963561,1.323728487499586
67.0,88.0,129.8837127685547,-0.0374892122458527,2.679457956822444,-4.115658211530698,-3.679870501501175,-1.9253536741192203,1.3399267165796034,-0.0984157724586413,3.963521263595336,-0.4453723617493761,1.3227355831122436
67.0,88.0,129.8837127685547,-0.0376072397275908,2.682574613513692,-4.117180931317258,-3.680441307350701,-1.9245096175229992,1.3394293173098348,-0.0987389324022331,3.9637072963334017,-0.4415760497670504,1.3241195350935009
67.0,88.0,129.88372802734375,-0.0413638328436621,2.68253667942558,-4.115538437909974,-3.680554187800771,-1.926196002556992,1.343223210668956,-0.1000168620530084,3.964448367182789,-0.4446670472232056,1.322383790710638
67.0,88.0,129.8837127685547,-0.037892110508682,2.6821359067353567,-4.115512312219881,-3.6795903565284767,-1.9252708498230648,1.3415193577507107,-0.0969607874607883,3.9641777212132654,-0.4436096646493943,1.320873907684612
67.0,88.0,129.88372802734375,-0.0394621301185116,2.681895405253066,-4.114145708257508,-3.679763424109368,-1.9241594048150383,1.339448483367928,-0.1004818458329689,3.960899682402396,-0.4429053430792187,1.3234053496158238
67.0,88.0,129.88377380371094,-0.0378591694234113,2.684895826773754,-4.118227332618508,-3.679404193526077,-1.924432076279036,1.3419771633205635,-0.10606815229388,3.963107310779944,-0.4423095108848875,1.3223309472238691
67.0,88.0,129.8837127685547,-0.0394954936172463,2.6825188067322765,-4.115058265340832,-3.681510634642686,-1.9228880618401816,1.3399492690560406,-0.1000011100859549,3.96471291422232,-0.442861539657224,1.321143834184915
67.0,88.0,129.8837127685547,-0.0387396005425392,2.682225447735511,-4.115479380597832,-3.681445627110278,-1.9244833563466768,1.3399580598807128,-0.0977809306001005,3.963170214857519,-0.4425159128700108,1.3251554978291538
67.0,88.0,129.8837127685547,-0.0381877718237811,2.681269931177165,-4.115189659054024,-3.682085768835373,-1.9230510096111444,1.3398880451910875,-0.1009314762252844,3.963350996410638,-0.4439422476527043,1.324298345464992
67.0,88.0,129.8837432861328,-0.0384686140571304,2.683283422106023,-4.1148112343869885,-3.677734513092817,-1.9211477711060745,1.3448500372683905,-0.0988962441616591,3.962060195677962,-0.4445419587117096,1.322375655365792
67.0,88.0,129.88372802734375,-0.0407841924063163,2.682842268321897,-4.115990405053089,-3.682273090141872,-1.9231544165304768,1.3400585542493797,-0.0987326375169532,3.965591930835874,-0.4409078217283227,1.323375078886483
67.0,88.0,129.88372802734375,-0.0364562979673581,2.681942566488224,-4.115709077188916,-3.683316691518306,-1.923309269025863,1.3397195529115484,-0.1020936410265639,3.96605988046728,-0.4430883786376737,1.3247307896339595
67.0,88.0,129.88369750976562,-0.0383216637770437,2.6825741157856324,-4.114967170153109,-3.6780063208760607,-1.924454085840296,1.3404595116488414,-0.099584917212826,3.9638032536282113,-0.4437830930453497,1.3237113962040006
67.0,88.0,129.88369750976562,-0.0379767604336877,2.680744641094622,-4.114477853527157,-3.6801701846835897,-1.924400799866619,1.3404674448137248,-0.0999418297218291,3.9646977554076215,-0.4444012423801128,1.3236911002911962
67.0,88.0,129.8837890625,-0.0394980867490792,2.6815779431972406,-4.1168785301556445,-3.681698391991953,-1.924053272910574,1.344643452859574,-0.102118036465461,3.9601782968794073,-0.4377647591669585,1.3205051770918452
67.0,88.0,129.8837432861328,-0.0383931038711856,2.681743703753225,-4.110919821985832,-3.680941012101324,-1.9246707853026483,1.3396469992217974,-0.1016141060131876,3.960629551844936,-0.4436288058793948,1.3237666766968057
67.0,88.0,129.8837127685547,-0.037476355132344,2.682172626972016,-4.115645931609416,-3.680766274823792,-1.928885529169185,1.342282826697018,-0.1009795477887777,3.962878858255472,-0.4430706955358025,1.3233830072043231
67.0,88.0,129.8837432861328,-0.0369536338520861,2.6834832434335314,-4.110732885483033,-3.682000754389392,-1.925332537745041,1.3390878274264857,-0.1028720403009698,3.963019664666001,-0.4423472748414462,1.3221376020935554
67.0,88.0,129.8837127685547,-0.0384252998416297,2.681579126856393,-4.114612552734227,-3.678070309738456,-1.924969723707814,1.3398621080830238,-0.0977854578789893,3.964028631331747,-0.4454669754503732,1.323824181317693
67.0,88.0,129.8837127685547,-0.035826022591529,2.6822769513337303,-4.115999273270378,-3.678277181655396,-1.924474960699424,1.3382035352213062,-0.1008936209737533,3.962766066999645,-0.4439527265953525,1.324028160841294
67.0,88.0,129.8837127685547,-0.0393439610213545,2.6830619422745308,-4.114604043222708,-3.680368689308013,-1.9229080885171144,1.340185094365083,-0.099360564882717,3.963476834582344,-0.4430568216979387,1.320904571426344
67.0,88.0,129.88369750976562,-0.0370319986549597,2.682141311654721,-4.11568919640137,-3.679601765843594,-1.9250876999733395,1.3398228311447469,-0.1004837490685165,3.964237534852891,-0.442657322459007,1.323574800022745
67.0,88.0,129.88372802734375,-0.0391674402731834,2.682905954830152,-4.1152321010105695,-3.682682971109904,-1.927062009740668,1.3411154187924732,-0.1018950030797797,3.963959906154284,-0.4426653162922282,1.3218855391913578
67.0,88.0,129.8837127685547,-0.0371175704728505,2.6812182813530163,-4.114826148555521,-3.6814360671443898,-1.9272192972100608,1.3392384010451557,-0.0975537949860169,3.963685680076699,-0.4423936017161028,1.3207502023375437
67.0,88.0,129.88369750976562,-0.0375504977495809,2.682280533818246,-4.115233018272244,-3.679761393898062,-1.925012808213688,1.3408448440508045,-0.0991535257406458,3.963799535448471,-0.4426996479812786,1.32341862225405
67.0,88.0,129.8837127685547,-0.0353928620126881,2.684844982485186,-4.114734682919397,-3.6814192467957407,-1.9241976470811808,1.3403668723367224,-0.1000266563011459,3.964715904633412,-0.4442067176368913,1.324261404745758
67.0,88.0,129.88369750976562,-0.0375050067521598,2.682394795215691,-4.114718372567042,-3.678092981168621,-1.9258440914610253,1.3400083563894525,-0.099182553119151,3.966016159885976,-0.4438312502809411,1.3218137438897066
67.0,88.0,129.8837127685547,-0.0392770302274404,2.6840185618744274,-4.11478560885508,-3.680144804329269,-1.924455010930148,1.338262751859438,-0.0989258480500887,3.964421669230163,-0.4429678574930978,1.323156509914116
67.0,88.0,129.88380432128906,-0.0397418140590472,2.682659782964297,-4.108467189217131,-3.678512834341088,-1.92517831899215,1.3393670746749475,-0.1015734579810419,3.957960817705243,-0.4433028224987075,1.3198015047265983
67.0,88.0,129.88380432128906,-0.0381674048376016,2.681829930371724,-4.112657960577341,-3.676901245062673,-1.925632586495561,1.3415866609069678,-0.0996233483962936,3.962764069196538,-0.4441854081207101,1.332155147051875
67.0,88.0,129.8837127685547,-0.0387975116625658,2.6806223823938407,-4.115353510595674,-3.678035644891714,-1.9255995769056944,1.3401862225572478,-0.1000905181871799,3.961084147135977,-0.4429725261014988,1.323308000183019
67.0,88.0,129.88369750976562,-0.0386119900478477,2.682502921158186,-4.115330536104988,-3.67922120648243,-1.924454899099244,1.3398214621333258,-0.0993185791376466,3.963886887649888,-0.4432911272000954,1.323338099550023
67.0,88.0,129.8837127685547,-0.0382654207234467,2.682587784029995,-4.116315727080707,-3.681914326747772,-1.925231346380788,1.3422989864010575,-0.0991434691892365,3.963637510711044,-0.4412507469254604,1.3238012034262578
67.0,88.0,129.8837432861328,-0.0394156227500661,2.683473023788846,-4.114948214059361,-3.680061502678603,-1.92384748258184,1.3379068697638432,-0.095617554709007,3.9617679793083935,-0.4438394755287239,1.3206344345300909
67.0,88.0,129.88377380371094,-0.0399577529350641,2.683951326737944,-4.11409128418014,-3.681289337371545,-1.924380755156704,1.3448717929242058,-0.0959637858982409,3.9596759122131417,-0.4415445670201363,1.3210377334526509
67.0,88.0,129.88372802734375,-0.0362153384817367,2.681257755810644,-4.113544440576583,-3.677401151108079,-1.9264857941235665,1.3452742254518384,-0.0991519989494779,3.963544784964683,-0.4433816479193971,1.3213754393746568
67.0,88.0,129.88369750976562,-0.0362685215543273,2.6824785535414897,-4.115228802300194,-3.679666890710486,-1.924817154336768,1.3397913112986377,-0.0984104785689082,3.965220519508229,-0.4431274438343454,1.3229101875008091
67.0,88.0,129.8837127685547,-0.0370368728377057,2.684946984407843,-4.114466962912864,-3.679601915526487,-1.9246393033397071,1.3389271121330308,-0.0989645977034366,3.9663944759107945,-0.4429752066100512,1.3234327708809652
67.0,88.0,129.8837127685547,-0.0377462765827165,2.682754760261481,-4.116597352360581,-3.6779847629580704,-1.9229277577136537,1.3396366035122156,-0.099180540659422,3.9640289350007456,-0.4424196705885159,1.322401396617004
67.0,88.0,129.88372802734375,-0.0385240802739117,2.682520263725102,-4.116452738309021,-3.6816578045096486,-1.922659790826508,1.3379690272498028,-0.0992496851246273,3.965568471344164,-0.4404655002580575,1.3242609064921975
67.0,88.0,129.88372802734375,-0.0397115361384038,2.6810012229809903,-4.115411750977208,-3.680511080146436,-1.9237603358232287,1.3390459794750922,-0.1015468177255758,3.960578124505437,-0.4429465258328998,1.3222910970389383
67.0,88.0,129.8837127685547,-0.0373124369483331,2.6832220960120865,-4.113181996335128,-3.677504397458089,-1.9245716965852515,1.3406701693576415,-0.0999274775733262,3.9623884098118025,-0.4438717998652259,1.3212801265643588
67.0,88.0,129.88372802734375,-0.037287109720756,2.683809727565462,-4.110832588232682,-3.679867184088877,-1.9245644458188584,1.3403691591538691,-0.1002196492828922,3.965208880503487,-0.441721879171606,1.3211276258911886
67.0,88.0,129.88372802734375,-0.0400499241540285,2.684384565580721,-4.113508552930457,-3.6795907112724975,-1.9263905391909424,1.343992729015894,-0.0982982948597923,3.963003635017269,-0.4457270810510728,1.3210156141299698
67.0,89.0,129.8854522705078,-0.024913178451968,2.6860798871689724,-4.116955728203013,-3.6732630272646016,-1.9500856693940591,1.351441959202703,-0.0741397555146345,3.976496470107653,-0.4514977238147504,1.3207495542655825
67.0,89.0,129.8837127685547,-0.0390624741841135,2.6833500180860588,-4.114207038504851,-3.678594862532497,-1.9248304854471967,1.3408691475849543,-0.0996418561712355,3.962054265880583,-0.4422969201386914,1.322950687968608
67.0,89.0,129.8837127685547,-0.038512631321084,2.682031424540229,-4.114820099304271,-3.677186148987121,-1.9248458133011512,1.3417066160210398,-0.0997871664703254,3.9665535968763006,-0.4441333499887892,1.3235751718190547
67.0,89.0,129.8837127685547,-0.0383018451630346,2.6825657222281154,-4.115490430001167,-3.682651472125516,-1.9231239052756093,1.340025079312943,-0.0984281458914428,3.964438100958562,-0.44245859712267,1.3243555689868682
67.0,89.0,129.8837127685547,-0.0369420673134079,2.682156759462516,-4.115233968800888,-3.681118528744986,-1.9241912649120807,1.3404944879605267,-0.1019006897305594,3.9629366710841913,-0.4428053176321996,1.3204831572845384
67.0,89.0,129.88369750976562,-0.0384394284723971,2.682975909148543,-4.114785849651962,-3.679239009035948,-1.9244454601702328,1.3399968271028857,-0.0992974966139006,3.9634126109169294,-0.4438348749963561,1.323728487499586
67.0,89.0,129.8837127685547,-0.0374892122458527,2.679457956822444,-4.115658211530698,-3.679870501501175,-1.9253536741192203,1.3399267165796034,-0.0984157724586413,3.963521263595336,-0.4453723617493761,1.3227355831122436
67.0,89.0,129.8837127685547,-0.0376072397275908,2.682574613513692,-4.117180931317258,-3.680441307350701,-1.9245096175229992,1.3394293173098348,-0.0987389324022331,3.9637072963334017,-0.4415760497670504,1.3241195350935009
67.0,89.0,129.88372802734375,-0.0413638328436621,2.68253667942558,-4.115538437909974,-3.680554187800771,-1.926196002556992,1.343223210668956,-0.1000168620530084,3.964448367182789,-0.4446670472232056,1.322383790710638
67.0,89.0,129.8837127685547,-0.037892110508682,2.6821359067353567,-4.115512312219881,-3.6795903565284767,-1.9252708498230648,1.3415193577507107,-0.0969607874607883,3.9641777212132654,-0.4436096646493943,1.320873907684612
67.0,89.0,129.88372802734375,-0.0394621301185116,2.681895405253066,-4.114145708257508,-3.679763424109368,-1.9241594048150383,1.339448483367928,-0.1004818458329689,3.960899682402396,-0.4429053430792187,1.3234053496158238
67.0,89.0,129.88377380371094,-0.0378591694234113,2.684895826773754,-4.118227332618508,-3.679404193526077,-1.924432076279036,1.3419771633205635,-0.10606815229388,3.963107310779944,-0.4423095108848875,1.3223309472238691
67.0,89.0,129.8837127685547,-0.0394954936172463,2.6825188067322765,-4.115058265340832,-3.681510634642686,-1.9228880618401816,1.3399492690560406,-0.1000011100859549,3.96471291422232,-0.442861539657224,1.321143834184915
67.0,89.0,129.8837127685547,-0.0387396005425392,2.682225447735511,-4.115479380597832,-3.681445627110278,-1.9244833563466768,1.3399580598807128,-0.0977809306001005,3.963170214857519,-0.4425159128700108,1.3251554978291538
67.0,89.0,129.8837127685547,-0.0381877718237811,2.681269931177165,-4.115189659054024,-3.682085768835373,-1.9230510096111444,1.3398880451910875,-0.1009314762252844,3.963350996410638,-0.4439422476527043,1.324298345464992
67.0,89.0,129.8837432861328,-0.0384686140571304,2.683283422106023,-4.1148112343869885,-3.677734513092817,-1.9211477711060745,1.3448500372683905,-0.0988962441616591,3.962060195677962,-0.4445419587117096,1.322375655365792
67.0,89.0,129.88372802734375,-0.0407841924063163,2.682842268321897,-4.115990405053089,-3.682273090141872,-1.9231544165304768,1.3400585542493797,-0.0987326375169532,3.965591930835874,-0.4409078217283227,1.323375078886483
67.0,89.0,129.88372802734375,-0.0364562979673581,2.681942566488224,-4.115709077188916,-3.683316691518306,-1.923309269025863,1.3397195529115484,-0.1020936410265639,3.96605988046728,-0.4430883786376737,1.3247307896339595
67.0,89.0,129.88369750976562,-0.0383216637770437,2.6825741157856324,-4.114967170153109,-3.6780063208760607,-1.924454085840296,1.3404595116488414,-0.099584917212826,3.9638032536282113,-0.4437830930453497,1.3237113962040006
67.0,89.0,129.88369750976562,-0.0379767604336877,2.680744641094622,-4.114477853527157,-3.6801701846835897,-1.924400799866619,1.3404674448137248,-0.0999418297218291,3.9646977554076215,-0.4444012423801128,1.3236911002911962
67.0,89.0,129.8837890625,-0.0394980867490792,2.6815779431972406,-4.1168785301556445,-3.681698391991953,-1.924053272910574,1.344643452859574,-0.102118036465461,3.9601782968794073,-0.4377647591669585,1.3205051770918452
67.0,89.0,129.8837432861328,-0.0383931038711856,2.681743703753225,-4.110919821985832,-3.680941012101324,-1.9246707853026483,1.3396469992217974,-0.1016141060131876,3.960629551844936,-0.4436288058793948,1.3237666766968057
67.0,89.0,129.8837127685547,-0.037476355132344,2.682172626972016,-4.115645931609416,-3.680766274823792,-1.928885529169185,1.342282826697018,-0.1009795477887777,3.962878858255472,-0.4430706955358025,1.3233830072043231
67.0,89.0,129.8837432861328,-0.0369536338520861,2.6834832434335314,-4.110732885483033,-3.682000754389392,-1.925332537745041,1.3390878274264857,-0.1028720403009698,3.963019664666001,-0.4423472748414462,1.3221376020935554
67.0,89.0,129.8837127685547,-0.0384252998416297,2.681579126856393,-4.114612552734227,-3.678070309738456,-1.924969723707814,1.3398621080830238,-0.0977854578789893,3.964028631331747,-0.4454669754503732,1.323824181317693
67.0,89.0,129.8837127685547,-0.035826022591529,2.6822769513337303,-4.115999273270378,-3.678277181655396,-1.924474960699424,1.3382035352213062,-0.1008936209737533,3.962766066999645,-0.4439527265953525,1.324028160841294
67.0,89.0,129.8837127685547,-0.0393439610213545,2.6830619422745308,-4.114604043222708,-3.680368689308013,-1.9229080885171144,1.340185094365083,-0.099360564882717,3.963476834582344,-0.4430568216979387,1.320904571426344
67.0,89.0,129.88369750976562,-0.0370319986549597,2.682141311654721,-4.11568919640137,-3.679601765843594,-1.9250876999733395,1.3398228311447469,-0.1004837490685165,3.964237534852891,-0.442657322459007,1.323574800022745
67.0,89.0,129.88372802734375,-0.0391674402731834,2.682905954830152,-4.1152321010105695,-3.682682971109904,-1.927062009740668,1.3411154187924732,-0.1018950030797797,3.963959906154284,-0.4426653162922282,1.3218855391913578
67.0,89.0,129.8837127685547,-0.0371175704728505,2.6812182813530163,-4.114826148555521,-3.6814360671443898,-1.9272192972100608,1.3392384010451557,-0.0975537949860169,3.963685680076699,-0.4423936017161028,1.3207502023375437
67.0,89.0,129.88369750976562,-0.0375504977495809,2.682280533818246,-4.115233018272244,-3.679761393898062,-1.925012808213688,1.3408448440508045,-0.0991535257406458,3.963799535448471,-0.4426996479812786,1.32341862225405
67.0,89.0,129.8837127685547,-0.0353928620126881,2.684844982485186,-4.114734682919397,-3.6814192467957407,-1.9241976470811808,1.3403668723367224,-0.1000266563011459,3.964715904633412,-0.4442067176368913,1.324261404745758
67.0,89.0,129.88369750976562,-0.0375050067521598,2.682394795215691,-4.114718372567042,-3.678092981168621,-1.9258440914610253,1.3400083563894525,-0.099182553119151,3.966016159885976,-0.4438312502809411,1.3218137438897066
67.0,89.0,129.8837127685547,-0.0392770302274404,2.6840185618744274,-4.11478560885508,-3.680144804329269,-1.924455010930148,1.338262751859438,-0.0989258480500887,3.964421669230163,-0.4429678574930978,1.323156509914116
67.0,89.0,129.88380432128906,-0.0397418140590472,2.682659782964297,-4.108467189217131,-3.678512834341088,-1.92517831899215,1.3393670746749475,-0.1015734579810419,3.957960817705243,-0.4433028224987075,1.3198015047265983
67.0,89.0,129.88372802734375,-0.0383500819415293,2.6830080499019604,-4.112833654480251,-3.678879974536502,-1.9235514324977148,1.3390724650836807,-0.0991566450699985,3.961676626860824,-0.4459359847430491,1.3238193351160397
67.0,89.0,129.88369750976562,-0.0379024272348933,2.681548237319513,-4.1147750510204935,-3.679808883893499,-1.9248620463978097,1.3398379650494014,-0.0992112748296654,3.963017815678836,-0.4424179299426491,1.3233375186841294
67.0,89.0,129.88369750976562,-0.0386119900478477,2.682502921158186,-4.115330536104988,-3.67922120648243,-1.924454899099244,1.3398214621333258,-0.0993185791376466,3.963886887649888,-0.4432911272000954,1.323338099550023
67.0,89.0,129.8837127685547,-0.0382654207234467,2.682587784029995,-4.116315727080707,-3.681914326747772,-1.925231346380788,1.3422989864010575,-0.0991434691892365,3.963637510711044,-0.4412507469254604,1.3238012034262578
67.0,89.0,129.8837432861328,-0.0394156227500661,2.683473023788846,-4.114948214059361,-3.680061502678603,-1.92384748258184,1.3379068697638432,-0.095617554709007,3.9617679793083935,-0.4438394755287239,1.3206344345300909
67.0,89.0,129.88377380371094,-0.0399577529350641,2.683951326737944,-4.11409128418014,-3.681289337371545,-1.924380755156704,1.3448717929242058,-0.0959637858982409,3.9596759122131417,-0.4415445670201363,1.3210377334526509
67.0,89.0,129.88372802734375,-0.0362153384817367,2.681257755810644,-4.113544440576583,-3.677401151108079,-1.9264857941235665,1.3452742254518384,-0.0991519989494779,3.963544784964683,-0.4433816479193971,1.3213754393746568
67.0,89.0,129.88369750976562,-0.0362685215543273,2.6824785535414897,-4.115228802300194,-3.679666890710486,-1.924817154336768,1.3397913112986377,-0.0984104785689082,3.965220519508229,-0.4431274438343454,1.3229101875008091
67.0,89.0,129.8837127685547,-0.0370368728377057,2.684946984407843,-4.114466962912864,-3.679601915526487,-1.9246393033397071,1.3389271121330308,-0.0989645977034366,3.9663944759107945,-0.4429752066100512,1.3234327708809652
67.0,89.0,129.8837127685547,-0.0377462765827165,2.682754760261481,-4.116597352360581,-3.6779847629580704,-1.9229277577136537,1.3396366035122156,-0.099180540659422,3.9640289350007456,-0.4424196705885159,1.322401396617004
67.0,89.0,129.88372802734375,-0.0385240802739117,2.682520263725102,-4.116452738309021,-3.6816578045096486,-1.922659790826508,1.3379690272498028,-0.0992496851246273,3.965568471344164,-0.4404655002580575,1.3242609064921975
67.0,89.0,129.88372802734375,-0.0397115361384038,2.6810012229809903,-4.115411750977208,-3.680511080146436,-1.9237603358232287,1.3390459794750922,-0.1015468177255758,3.960578124505437,-0.4429465258328998,1.3222910970389383
67.0,89.0,129.8837127685547,-0.0373124369483331,2.6832220960120865,-4.113181996335128,-3.677504397458089,-1.9245716965852515,1.3406701693576415,-0.0999274775733262,3.9623884098118025,-0.4438717998652259,1.3212801265643588
67.0,89.0,129.88372802734375,-0.037287109720756,2.683809727565462,-4.110832588232682,-3.679867184088877,-1.9245644458188584,1.3403691591538691,-0.1002196492828922,3.965208880503487,-0.441721879171606,1.3211276258911886
67.0,89.0,129.88372802734375,-0.0400499241540285,2.684384565580721,-4.113508552930457,-3.6795907112724975,-1.9263905391909424,1.343992729015894,-0.0982982948597923,3.963003635017269,-0.4457270810510728,1.3210156141299698
67.0,90.0,129.8854522705078,-0.024913178451968,2.6860798871689724,-4.116955728203013,-3.6732630272646016,-1.9500856693940591,1.351441959202703,-0.0741397555146345,3.976496470107653,-0.4514977238147504,1.3207495542655825
67.0,90.0,129.8837127685547,-0.0390624741841135,2.6833500180860588,-4.114207038504851,-3.678594862532497,-1.9248304854471967,1.3408691475849543,-0.0996418561712355,3.962054265880583,-0.4422969201386914,1.322950687968608
67.0,90.0,129.8837127685547,-0.038512631321084,2.682031424540229,-4.114820099304271,-3.677186148987121,-1.9248458133011512,1.3417066160210398,-0.0997871664703254,3.9665535968763006,-0.4441333499887892,1.3235751718190547
67.0,90.0,129.8837127685547,-0.0383018451630346,2.6825657222281154,-4.115490430001167,-3.682651472125516,-1.9231239052756093,1.340025079312943,-0.0984281458914428,3.964438100958562,-0.44245859712267,1.3243555689868682
67.0,90.0,129.8837127685547,-0.0369420673134079,2.682156759462516,-4.115233968800888,-3.681118528744986,-1.9241912649120807,1.3404944879605267,-0.1019006897305594,3.9629366710841913,-0.4428053176321996,1.3204831572845384
67.0,90.0,129.88369750976562,-0.0384394284723971,2.682975909148543,-4.114785849651962,-3.679239009035948,-1.9244454601702328,1.3399968271028857,-0.0992974966139006,3.9634126109169294,-0.4438348749963561,1.323728487499586
67.0,90.0,129.8837127685547,-0.0374892122458527,2.679457956822444,-4.115658211530698,-3.679870501501175,-1.9253536741192203,1.3399267165796034,-0.0984157724586413,3.963521263595336,-0.4453723617493761,1.3227355831122436
67.0,90.0,129.8837127685547,-0.0376072397275908,2.682574613513692,-4.117180931317258,-3.680441307350701,-1.9245096175229992,1.3394293173098348,-0.0987389324022331,3.9637072963334017,-0.4415760497670504,1.3241195350935009
67.0,90.0,129.88372802734375,-0.0413638328436621,2.68253667942558,-4.115538437909974,-3.680554187800771,-1.926196002556992,1.343223210668956,-0.1000168620530084,3.964448367182789,-0.4446670472232056,1.322383790710638
67.0,90.0,129.8837127685547,-0.037892110508682,2.6821359067353567,-4.115512312219881,-3.6795903565284767,-1.9252708498230648,1.3415193577507107,-0.0969607874607883,3.9641777212132654,-0.4436096646493943,1.320873907684612
67.0,90.0,129.88372802734375,-0.0394621301185116,2.681895405253066,-4.114145708257508,-3.679763424109368,-1.9241594048150383,1.339448483367928,-0.1004818458329689,3.960899682402396,-0.4429053430792187,1.3234053496158238
67.0,90.0,129.88377380371094,-0.0378591694234113,2.684895826773754,-4.118227332618508,-3.679404193526077,-1.924432076279036,1.3419771633205635,-0.10606815229388,3.963107310779944,-0.4423095108848875,1.3223309472238691
67.0,90.0,129.8837127685547,-0.0394954936172463,2.6825188067322765,-4.115058265340832,-3.681510634642686,-1.9228880618401816,1.3399492690560406,-0.1000011100859549,3.96471291422232,-0.442861539657224,1.321143834184915
67.0,90.0,129.8837127685547,-0.0387396005425392,2.682225447735511,-4.115479380597832,-3.681445627110278,-1.9244833563466768,1.3399580598807128,-0.0977809306001005,3.963170214857519,-0.4425159128700108,1.3251554978291538
67.0,90.0,129.8837127685547,-0.0381877718237811,2.681269931177165,-4.115189659054024,-3.682085768835373,-1.9230510096111444,1.3398880451910875,-0.1009314762252844,3.963350996410638,-0.4439422476527043,1.324298345464992
67.0,90.0,129.8837432861328,-0.0384686140571304,2.683283422106023,-4.1148112343869885,-3.677734513092817,-1.9211477711060745,1.3448500372683905,-0.0988962441616591,3.962060195677962,-0.4445419587117096,1.322375655365792
67.0,90.0,129.88372802734375,-0.0407841924063163,2.682842268321897,-4.115990405053089,-3.682273090141872,-1.9231544165304768,1.3400585542493797,-0.0987326375169532,3.965591930835874,-0.4409078217283227,1.323375078886483
67.0,90.0,129.88372802734375,-0.0364562979673581,2.681942566488224,-4.115709077188916,-3.683316691518306,-1.923309269025863,1.3397195529115484,-0.1020936410265639,3.96605988046728,-0.4430883786376737,1.3247307896339595
67.0,90.0,129.88369750976562,-0.0383216637770437,2.6825741157856324,-4.114967170153109,-3.6780063208760607,-1.924454085840296,1.3404595116488414,-0.099584917212826,3.9638032536282113,-0.4437830930453497,1.3237113962040006
67.0,90.0,129.88369750976562,-0.0379767604336877,2.680744641094622,-4.114477853527157,-3.6801701846835897,-1.924400799866619,1.3404674448137248,-0.0999418297218291,3.9646977554076215,-0.4444012423801128,1.3236911002911962
67.0,90.0,129.8837890625,-0.0394980867490792,2.6815779431972406,-4.1168785301556445,-3.681698391991953,-1.924053272910574,1.344643452859574,-0.102118036465461,3.9601782968794073,-0.4377647591669585,1.3205051770918452
67.0,90.0,129.8837432861328,-0.0383931038711856,2.681743703753225,-4.110919821985832,-3.680941012101324,-1.9246707853026483,1.3396469992217974,-0.1016141060131876,3.960629551844936,-0.4436288058793948,1.3237666766968057
67.0,90.0,129.8837127685547,-0.037476355132344,2.682172626972016,-4.115645931609416,-3.680766274823792,-1.928885529169185,1.342282826697018,-0.1009795477887777,3.962878858255472,-0.4430706955358025,1.3233830072043231
67.0,90.0,129.8837432861328,-0.0369536338520861,2.6834832434335314,-4.110732885483033,-3.682000754389392,-1.925332537745041,1.3390878274264857,-0.1028720403009698,3.963019664666001,-0.4423472748414462,1.3221376020935554
67.0,90.0,129.8837127685547,-0.0384252998416297,2.681579126856393,-4.114612552734227,-3.678070309738456,-1.924969723707814,1.3398621080830238,-0.0977854578789893,3.964028631331747,-0.4454669754503732,1.323824181317693
67.0,90.0,129.8837127685547,-0.035826022591529,2.6822769513337303,-4.115999273270378,-3.678277181655396,-1.924474960699424,1.3382035352213062,-0.1008936209737533,3.962766066999645,-0.4439527265953525,1.324028160841294
67.0,90.0,129.8837127685547,-0.0393439610213545,2.6830619422745308,-4.114604043222708,-3.680368689308013,-1.9229080885171144,1.340185094365083,-0.099360564882717,3.963476834582344,-0.4430568216979387,1.320904571426344
67.0,90.0,129.88369750976562,-0.0370319986549597,2.682141311654721,-4.11568919640137,-3.679601765843594,-1.9250876999733395,1.3398228311447469,-0.1004837490685165,3.964237534852891,-0.442657322459007,1.323574800022745
67.0,90.0,129.88372802734375,-0.0391674402731834,2.682905954830152,-4.1152321010105695,-3.682682971109904,-1.927062009740668,1.3411154187924732,-0.1018950030797797,3.963959906154284,-0.4426653162922282,1.3218855391913578
67.0,90.0,129.8837127685547,-0.0371175704728505,2.6812182813530163,-4.114826148555521,-3.6814360671443898,-1.9272192972100608,1.3392384010451557,-0.0975537949860169,3.963685680076699,-0.4423936017161028,1.3207502023375437
67.0,90.0,129.88369750976562,-0.0375504977495809,2.682280533818246,-4.115233018272244,-3.679761393898062,-1.925012808213688,1.3408448440508045,-0.0991535257406458,3.963799535448471,-0.4426996479812786,1.32341862225405
67.0,90.0,129.8837127685547,-0.0353928620126881,2.684844982485186,-4.114734682919397,-3.6814192467957407,-1.9241976470811808,1.3403668723367224,-0.1000266563011459,3.964715904633412,-0.4442067176368913,1.324261404745758
67.0,90.0,129.88369750976562,-0.0375050067521598,2.682394795215691,-4.114718372567042,-3.678092981168621,-1.9258440914610253,1.3400083563894525,-0.099182553119151,3.966016159885976,-0.4438312502809411,1.3218137438897066
67.0,90.0,129.8837127685547,-0.0392770302274404,2.6840185618744274,-4.11478560885508,-3.680144804329269,-1.924455010930148,1.338262751859438,-0.0989258480500887,3.964421669230163,-0.4429678574930978,1.323156509914116
67.0,90.0,129.88380432128906,-0.0397418140590472,2.682659782964297,-4.108467189217131,-3.678512834341088,-1.92517831899215,1.3393670746749475,-0.1015734579810419,3.957960817705243,-0.4433028224987075,1.3198015047265983
67.0,90.0,129.88372802734375,-0.0383500819415293,2.6830080499019604,-4.112833654480251,-3.678879974536502,-1.9235514324977148,1.3390724650836807,-0.0991566450699985,3.961676626860824,-0.4459359847430491,1.3238193351160397
67.0,90.0,129.88369750976562,-0.0379024272348933,2.681548237319513,-4.1147750510204935,-3.679808883893499,-1.9248620463978097,1.3398379650494014,-0.0992112748296654,3.963017815678836,-0.4424179299426491,1.3233375186841294
67.0,90.0,129.88369750976562,-0.0386119900478477,2.682502921158186,-4.115330536104988,-3.67922120648243,-1.924454899099244,1.3398214621333258,-0.0993185791376466,3.963886887649888,-0.4432911272000954,1.323338099550023
67.0,90.0,129.8837127685547,-0.0382654207234467,2.682587784029995,-4.116315727080707,-3.681914326747772,-1.925231346380788,1.3422989864010575,-0.0991434691892365,3.963637510711044,-0.4412507469254604,1.3238012034262578
67.0,90.0,129.8837432861328,-0.0394156227500661,2.683473023788846,-4.114948214059361,-3.680061502678603,-1.92384748258184,1.3379068697638432,-0.095617554709007,3.9617679793083935,-0.4438394755287239,1.3206344345300909
67.0,90.0,129.88377380371094,-0.0399577529350641,2.683951326737944,-4.11409128418014,-3.681289337371545,-1.924380755156704,1.3448717929242058,-0.0959637858982409,3.9596759122131417,-0.4415445670201363,1.3210377334526509
67.0,90.0,129.88372802734375,-0.0362153384817367,2.681257755810644,-4.113544440576583,-3.677401151108079,-1.9264857941235665,1.3452742254518384,-0.0991519989494779,3.963544784964683,-0.4433816479193971,1.3213754393746568
67.0,90.0,129.88369750976562,-0.0362685215543273,2.6824785535414897,-4.115228802300194,-3.679666890710486,-1.924817154336768,1.3397913112986377,-0.0984104785689082,3.965220519508229,-0.4431274438343454,1.3229101875008091
67.0,90.0,129.8837127685547,-0.0370368728377057,2.684946984407843,-4.114466962912864,-3.679601915526487,-1.9246393033397071,1.3389271121330308,-0.0989645977034366,3.9663944759107945,-0.4429752066100512,1.3234327708809652
67.0,90.0,129.8837127685547,-0.0377462765827165,2.682754760261481,-4.116597352360581,-3.6779847629580704,-1.9229277577136537,1.3396366035122156,-0.099180540659422,3.9640289350007456,-0.4424196705885159,1.322401396617004
67.0,90.0,129.88372802734375,-0.0385240802739117,2.682520263725102,-4.116452738309021,-3.6816578045096486,-1.922659790826508,1.3379690272498028,-0.0992496851246273,3.965568471344164,-0.4404655002580575,1.3242609064921975
67.0,90.0,129.88372802734375,-0.0397115361384038,2.6810012229809903,-4.115411750977208,-3.680511080146436,-1.9237603358232287,1.3390459794750922,-0.1015468177255758,3.960578124505437,-0.4429465258328998,1.3222910970389383
67.0,90.0,129.8837127685547,-0.0373124369483331,2.6832220960120865,-4.113181996335128,-3.677504397458089,-1.9245716965852515,1.3406701693576415,-0.0999274775733262,3.9623884098118025,-0.4438717998652259,1.3212801265643588
67.0,90.0,129.88372802734375,-0.037287109720756,2.683809727565462,-4.110832588232682,-3.679867184088877,-1.9245644458188584,1.3403691591538691,-0.1002196492828922,3.965208880503487,-0.441721879171606,1.3211276258911886
67.0,90.0,129.88372802734375,-0.0400499241540285,2.684384565580721,-4.113508552930457,-3.6795907112724975,-1.9263905391909424,1.343992729015894,-0.0982982948597923,3.963003635017269,-0.4457270810510728,1.3210156141299698
67.0,91.0,129.8854522705078,-0.024913178451968,2.6860798871689724,-4.116955728203013,-3.6732630272646016,-1.9500856693940591,1.351441959202703,-0.0741397555146345,3.976496470107653,-0.4514977238147504,1.3207495542655825
67.0,91.0,129.8837127685547,-0.0390624741841135,2.6833500180860588,-4.114207038504851,-3.678594862532497,-1.9248304854471967,1.3408691475849543,-0.0996418561712355,3.962054265880583,-0.4422969201386914,1.322950687968608
67.0,91.0,129.8837127685547,-0.038512631321084,2.682031424540229,-4.114820099304271,-3.677186148987121,-1.9248458133011512,1.3417066160210398,-0.0997871664703254,3.9665535968763006,-0.4441333499887892,1.3235751718190547
67.0,91.0,129.8837127685547,-0.0383018451630346,2.6825657222281154,-4.115490430001167,-3.682651472125516,-1.9231239052756093,1.340025079312943,-0.0984281458914428,3.964438100958562,-0.44245859712267,1.3243555689868682
67.0,91.0,129.8837127685547,-0.0369420673134079,2.682156759462516,-4.115233968800888,-3.681118528744986,-1.9241912649120807,1.3404944879605267,-0.1019006897305594,3.9629366710841913,-0.4428053176321996,1.3204831572845384
67.0,91.0,129.88369750976562,-0.0384394284723971,2.682975909148543,-4.114785849651962,-3.679239009035948,-1.9244454601702328,1.3399968271028857,-0.0992974966139006,3.9634126109169294,-0.4438348749963561,1.323728487499586
67.0,91.0,129.8837127685547,-0.0374892122458527,2.679457956822444,-4.115658211530698,-3.679870501501175,-1.9253536741192203,1.3399267165796034,-0.0984157724586413,3.963521263595336,-0.4453723617493761,1.3227355831122436
67.0,91.0,129.8837127685547,-0.0376072397275908,2.682574613513692,-4.117180931317258,-3.680441307350701,-1.9245096175229992,1.3394293173098348,-0.0987389324022331,3.9637072963334017,-0.4415760497670504,1.3241195350935009
67.0,91.0,129.88372802734375,-0.0413638328436621,2.68253667942558,-4.115538437909974,-3.680554187800771,-1.926196002556992,1.343223210668956,-0.1000168620530084,3.964448367182789,-0.4446670472232056,1.322383790710638
67.0,91.0,129.8837127685547,-0.037892110508682,2.6821359067353567,-4.115512312219881,-3.6795903565284767,-1.9252708498230648,1.3415193577507107,-0.0969607874607883,3.9641777212132654,-0.4436096646493943,1.320873907684612
67.0,91.0,129.88372802734375,-0.0394621301185116,2.681895405253066,-4.114145708257508,-3.679763424109368,-1.9241594048150383,1.339448483367928,-0.1004818458329689,3.960899682402396,-0.4429053430792187,1.3234053496158238
67.0,91.0,129.88377380371094,-0.0378591694234113,2.684895826773754,-4.118227332618508,-3.679404193526077,-1.924432076279036,1.3419771633205635,-0.10606815229388,3.963107310779944,-0.4423095108848875,1.3223309472238691
67.0,91.0,129.8837127685547,-0.0394954936172463,2.6825188067322765,-4.115058265340832,-3.681510634642686,-1.9228880618401816,1.3399492690560406,-0.1000011100859549,3.96471291422232,-0.442861539657224,1.321143834184915
67.0,91.0,129.8837127685547,-0.0387396005425392,2.682225447735511,-4.115479380597832,-3.681445627110278,-1.9244833563466768,1.3399580598807128,-0.0977809306001005,3.963170214857519,-0.4425159128700108,1.3251554978291538
67.0,91.0,129.8837127685547,-0.0381877718237811,2.681269931177165,-4.115189659054024,-3.682085768835373,-1.9230510096111444,1.3398880451910875,-0.1009314762252844,3.963350996410638,-0.4439422476527043,1.324298345464992
67.0,91.0,129.88372802734375,-0.0382309343423338,2.682383645657574,-4.114839845904479,-3.67810756211972,-1.9216039075488325,1.3402649686367722,-0.0963284543528465,3.962405308930875,-0.4442164937926331,1.3233488287506336
67.0,91.0,129.88372802734375,-0.0407841924063163,2.682842268321897,-4.115990405053089,-3.682273090141872,-1.9231544165304768,1.3400585542493797,-0.0987326375169532,3.965591930835874,-0.4409078217283227,1.323375078886483
67.0,91.0,129.88372802734375,-0.0364562979673581,2.681942566488224,-4.115709077188916,-3.683316691518306,-1.923309269025863,1.3397195529115484,-0.1020936410265639,3.96605988046728,-0.4430883786376737,1.3247307896339595
67.0,91.0,129.88369750976562,-0.0383216637770437,2.6825741157856324,-4.114967170153109,-3.6780063208760607,-1.924454085840296,1.3404595116488414,-0.099584917212826,3.9638032536282113,-0.4437830930453497,1.3237113962040006
67.0,91.0,129.88369750976562,-0.0379767604336877,2.680744641094622,-4.114477853527157,-3.6801701846835897,-1.924400799866619,1.3404674448137248,-0.0999418297218291,3.9646977554076215,-0.4444012423801128,1.3236911002911962
67.0,91.0,129.8837890625,-0.0394980867490792,2.6815779431972406,-4.1168785301556445,-3.681698391991953,-1.924053272910574,1.344643452859574,-0.102118036465461,3.9601782968794073,-0.4377647591669585,1.3205051770918452
67.0,91.0,129.8837432861328,-0.0383931038711856,2.681743703753225,-4.110919821985832,-3.680941012101324,-1.9246707853026483,1.3396469992217974,-0.1016141060131876,3.960629551844936,-0.4436288058793948,1.3237666766968057
67.0,91.0,129.8837127685547,-0.037476355132344,2.682172626972016,-4.115645931609416,-3.680766274823792,-1.928885529169185,1.342282826697018,-0.1009795477887777,3.962878858255472,-0.4430706955358025,1.3233830072043231
67.0,91.0,129.8837432861328,-0.0369536338520861,2.6834832434335314,-4.110732885483033,-3.682000754389392,-1.925332537745041,1.3390878274264857,-0.1028720403009698,3.963019664666001,-0.4423472748414462,1.3221376020935554
67.0,91.0,129.8837127685547,-0.0384252998416297,2.681579126856393,-4.114612552734227,-3.678070309738456,-1.924969723707814,1.3398621080830238,-0.0977854578789893,3.964028631331747,-0.4454669754503732,1.323824181317693
67.0,91.0,129.8837127685547,-0.035826022591529,2.6822769513337303,-4.115999273270378,-3.678277181655396,-1.924474960699424,1.3382035352213062,-0.1008936209737533,3.962766066999645,-0.4439527265953525,1.324028160841294
67.0,91.0,129.8837127685547,-0.0393439610213545,2.6830619422745308,-4.114604043222708,-3.680368689308013,-1.9229080885171144,1.340185094365083,-0.099360564882717,3.963476834582344,-0.4430568216979387,1.320904571426344
67.0,91.0,129.88369750976562,-0.0370319986549597,2.682141311654721,-4.11568919640137,-3.679601765843594,-1.9250876999733395,1.3398228311447469,-0.1004837490685165,3.964237534852891,-0.442657322459007,1.323574800022745
67.0,91.0,129.88372802734375,-0.0391674402731834,2.682905954830152,-4.1152321010105695,-3.682682971109904,-1.927062009740668,1.3411154187924732,-0.1018950030797797,3.963959906154284,-0.4426653162922282,1.3218855391913578
67.0,91.0,129.8837127685547,-0.0371175704728505,2.6812182813530163,-4.114826148555521,-3.6814360671443898,-1.9272192972100608,1.3392384010451557,-0.0975537949860169,3.963685680076699,-0.4423936017161028,1.3207502023375437
67.0,91.0,129.88369750976562,-0.0375504977495809,2.682280533818246,-4.115233018272244,-3.679761393898062,-1.925012808213688,1.3408448440508045,-0.0991535257406458,3.963799535448471,-0.4426996479812786,1.32341862225405
67.0,91.0,129.8837127685547,-0.0353928620126881,2.684844982485186,-4.114734682919397,-3.6814192467957407,-1.9241976470811808,1.3403668723367224,-0.1000266563011459,3.964715904633412,-0.4442067176368913,1.324261404745758
67.0,91.0,129.88369750976562,-0.0375050067521598,2.682394795215691,-4.114718372567042,-3.678092981168621,-1.9258440914610253,1.3400083563894525,-0.099182553119151,3.966016159885976,-0.4438312502809411,1.3218137438897066
67.0,91.0,129.8837127685547,-0.0392770302274404,2.6840185618744274,-4.11478560885508,-3.680144804329269,-1.924455010930148,1.338262751859438,-0.0989258480500887,3.964421669230163,-0.4429678574930978,1.323156509914116
67.0,91.0,129.88380432128906,-0.0397418140590472,2.682659782964297,-4.108467189217131,-3.678512834341088,-1.92517831899215,1.3393670746749475,-0.1015734579810419,3.957960817705243,-0.4433028224987075,1.3198015047265983
67.0,91.0,129.88372802734375,-0.0383500819415293,2.6830080499019604,-4.112833654480251,-3.678879974536502,-1.9235514324977148,1.3390724650836807,-0.0991566450699985,3.961676626860824,-0.4459359847430491,1.3238193351160397
67.0,91.0,129.88369750976562,-0.0379024272348933,2.681548237319513,-4.1147750510204935,-3.679808883893499,-1.9248620463978097,1.3398379650494014,-0.0992112748296654,3.963017815678836,-0.4424179299426491,1.3233375186841294
67.0,91.0,129.88369750976562,-0.0386119900478477,2.682502921158186,-4.115330536104988,-3.67922120648243,-1.924454899099244,1.3398214621333258,-0.0993185791376466,3.963886887649888,-0.4432911272000954,1.323338099550023
67.0,91.0,129.8837127685547,-0.0382654207234467,2.682587784029995,-4.116315727080707,-3.681914326747772,-1.925231346380788,1.3422989864010575,-0.0991434691892365,3.963637510711044,-0.4412507469254604,1.3238012034262578
67.0,91.0,129.8837432861328,-0.0394156227500661,2.683473023788846,-4.114948214059361,-3.680061502678603,-1.92384748258184,1.3379068697638432,-0.095617554709007,3.9617679793083935,-0.4438394755287239,1.3206344345300909
67.0,91.0,129.88377380371094,-0.0399577529350641,2.683951326737944,-4.11409128418014,-3.681289337371545,-1.924380755156704,1.3448717929242058,-0.0959637858982409,3.9596759122131417,-0.4415445670201363,1.3210377334526509
67.0,91.0,129.88372802734375,-0.0362153384817367,2.681257755810644,-4.113544440576583,-3.677401151108079,-1.9264857941235665,1.3452742254518384,-0.0991519989494779,3.963544784964683,-0.4433816479193971,1.3213754393746568
67.0,91.0,129.88369750976562,-0.0362685215543273,2.6824785535414897,-4.115228802300194,-3.679666890710486,-1.924817154336768,1.3397913112986377,-0.0984104785689082,3.965220519508229,-0.4431274438343454,1.3229101875008091
67.0,91.0,129.88369750976562,-0.0375539125029723,2.683178260371717,-4.114369649219112,-3.679430716965344,-1.9246000535494767,1.3402022966892828,-0.0991060381317665,3.964045450719317,-0.4435850165156397,1.3232991003993002
67.0,91.0,129.8837127685547,-0.0377462765827165,2.682754760261481,-4.116597352360581,-3.6779847629580704,-1.9229277577136537,1.3396366035122156,-0.099180540659422,3.9640289350007456,-0.4424196705885159,1.322401396617004
67.0,91.0,129.88372802734375,-0.0385240802739117,2.682520263725102,-4.116452738309021,-3.6816578045096486,-1.922659790826508,1.3379690272498028,-0.0992496851246273,3.965568471344164,-0.4404655002580575,1.3242609064921975
67.0,91.0,129.88372802734375,-0.0397115361384038,2.6810012229809903,-4.115411750977208,-3.680511080146436,-1.9237603358232287,1.3390459794750922,-0.1015468177255758,3.960578124505437,-0.4429465258328998,1.3222910970389383
67.0,91.0,129.8837127685547,-0.0373124369483331,2.6832220960120865,-4.113181996335128,-3.677504397458089,-1.9245716965852515,1.3406701693576415,-0.0999274775733262,3.9623884098118025,-0.4438717998652259,1.3212801265643588
67.0,91.0,129.88372802734375,-0.037287109720756,2.683809727565462,-4.110832588232682,-3.679867184088877,-1.9245644458188584,1.3403691591538691,-0.1002196492828922,3.965208880503487,-0.441721879171606,1.3211276258911886
67.0,91.0,129.88372802734375,-0.0400499241540285,2.684384565580721,-4.113508552930457,-3.6795907112724975,-1.9263905391909424,1.343992729015894,-0.0982982948597923,3.963003635017269,-0.4457270810510728,1.3210156141299698
67.0,92.0,129.8854522705078,-0.024913178451968,2.6860798871689724,-4.116955728203013,-3.6732630272646016,-1.9500856693940591,1.351441959202703,-0.0741397555146345,3.976496470107653,-0.4514977238147504,1.3207495542655825
67.0,92.0,129.8837127685547,-0.0390624741841135,2.6833500180860588,-4.114207038504851,-3.678594862532497,-1.9248304854471967,1.3408691475849543,-0.0996418561712355,3.962054265880583,-0.4422969201386914,1.322950687968608
67.0,92.0,129.8837127685547,-0.038512631321084,2.682031424540229,-4.114820099304271,-3.677186148987121,-1.9248458133011512,1.3417066160210398,-0.0997871664703254,3.9665535968763006,-0.4441333499887892,1.3235751718190547
67.0,92.0,129.8837127685547,-0.0383018451630346,2.6825657222281154,-4.115490430001167,-3.682651472125516,-1.9231239052756093,1.340025079312943,-0.0984281458914428,3.964438100958562,-0.44245859712267,1.3243555689868682
67.0,92.0,129.8837127685547,-0.0369420673134079,2.682156759462516,-4.115233968800888,-3.681118528744986,-1.9241912649120807,1.3404944879605267,-0.1019006897305594,3.9629366710841913,-0.4428053176321996,1.3204831572845384
67.0,92.0,129.88369750976562,-0.0384394284723971,2.682975909148543,-4.114785849651962,-3.679239009035948,-1.9244454601702328,1.3399968271028857,-0.0992974966139006,3.9634126109169294,-0.4438348749963561,1.323728487499586
67.0,92.0,129.8837127685547,-0.0374892122458527,2.679457956822444,-4.115658211530698,-3.679870501501175,-1.9253536741192203,1.3399267165796034,-0.0984157724586413,3.963521263595336,-0.4453723617493761,1.3227355831122436
67.0,92.0,129.8837127685547,-0.0376072397275908,2.682574613513692,-4.117180931317258,-3.680441307350701,-1.9245096175229992,1.3394293173098348,-0.0987389324022331,3.9637072963334017,-0.4415760497670504,1.3241195350935009
67.0,92.0,129.88372802734375,-0.0413638328436621,2.68253667942558,-4.115538437909974,-3.680554187800771,-1.926196002556992,1.343223210668956,-0.1000168620530084,3.964448367182789,-0.4446670472232056,1.322383790710638
67.0,92.0,129.8837127685547,-0.037892110508682,2.6821359067353567,-4.115512312219881,-3.6795903565284767,-1.9252708498230648,1.3415193577507107,-0.0969607874607883,3.9641777212132654,-0.4436096646493943,1.320873907684612
67.0,92.0,129.88372802734375,-0.0394621301185116,2.681895405253066,-4.114145708257508,-3.679763424109368,-1.9241594048150383,1.339448483367928,-0.1004818458329689,3.960899682402396,-0.4429053430792187,1.3234053496158238
67.0,92.0,129.88375854492188,-0.0385726996458361,2.6855185205352754,-4.117832350658004,-3.680027434088764,-1.923077522085253,1.3416263786490945,-0.1050894631113694,3.962755602176233,-0.4438671313321886,1.323546038130872
67.0,92.0,129.8837127685547,-0.0394954936172463,2.6825188067322765,-4.115058265340832,-3.681510634642686,-1.9228880618401816,1.3399492690560406,-0.1000011100859549,3.96471291422232,-0.442861539657224,1.321143834184915
67.0,92.0,129.8837127685547,-0.0387396005425392,2.682225447735511,-4.115479380597832,-3.681445627110278,-1.9244833563466768,1.3399580598807128,-0.0977809306001005,3.963170214857519,-0.4425159128700108,1.3251554978291538
67.0,92.0,129.8837127685547,-0.0381877718237811,2.681269931177165,-4.115189659054024,-3.682085768835373,-1.9230510096111444,1.3398880451910875,-0.1009314762252844,3.963350996410638,-0.4439422476527043,1.324298345464992
67.0,92.0,129.88372802734375,-0.0382309343423338,2.682383645657574,-4.114839845904479,-3.67810756211972,-1.9216039075488325,1.3402649686367722,-0.0963284543528465,3.962405308930875,-0.4442164937926331,1.3233488287506336
67.0,92.0,129.88372802734375,-0.0407841924063163,2.682842268321897,-4.115990405053089,-3.682273090141872,-1.9231544165304768,1.3400585542493797,-0.0987326375169532,3.965591930835874,-0.4409078217283227,1.323375078886483
67.0,92.0,129.88372802734375,-0.0364562979673581,2.681942566488224,-4.115709077188916,-3.683316691518306,-1.923309269025863,1.3397195529115484,-0.1020936410265639,3.96605988046728,-0.4430883786376737,1.3247307896339595
67.0,92.0,129.88369750976562,-0.0383216637770437,2.6825741157856324,-4.114967170153109,-3.6780063208760607,-1.924454085840296,1.3404595116488414,-0.099584917212826,3.9638032536282113,-0.4437830930453497,1.3237113962040006
67.0,92.0,129.88369750976562,-0.0379767604336877,2.680744641094622,-4.114477853527157,-3.6801701846835897,-1.924400799866619,1.3404674448137248,-0.0999418297218291,3.9646977554076215,-0.4444012423801128,1.3236911002911962
67.0,92.0,129.8837890625,-0.0394980867490792,2.6815779431972406,-4.1168785301556445,-3.681698391991953,-1.924053272910574,1.344643452859574,-0.102118036465461,3.9601782968794073,-0.4377647591669585,1.3205051770918452
67.0,92.0,129.88372802734375,-0.0379671238974936,2.683510058462107,-4.111940471265981,-3.682817504292745,-1.9252266504977813,1.3408097192799564,-0.0982688731101808,3.9663891181302535,-0.4463701930097761,1.3236154115504664
67.0,92.0,129.8837127685547,-0.037476355132344,2.682172626972016,-4.115645931609416,-3.680766274823792,-1.928885529169185,1.342282826697018,-0.1009795477887777,3.962878858255472,-0.4430706955358025,1.3233830072043231
67.0,92.0,129.8837432861328,-0.0369536338520861,2.6834832434335314,-4.110732885483033,-3.682000754389392,-1.925332537745041,1.3390878274264857,-0.1028720403009698,3.963019664666001,-0.4423472748414462,1.3221376020935554
67.0,92.0,129.8837127685547,-0.0384252998416297,2.681579126856393,-4.114612552734227,-3.678070309738456,-1.924969723707814,1.3398621080830238,-0.0977854578789893,3.964028631331747,-0.4454669754503732,1.323824181317693
67.0,92.0,129.8837127685547,-0.035826022591529,2.6822769513337303,-4.115999273270378,-3.678277181655396,-1.924474960699424,1.3382035352213062,-0.1008936209737533,3.962766066999645,-0.4439527265953525,1.324028160841294
67.0,92.0,129.8837127685547,-0.0393439610213545,2.6830619422745308,-4.114604043222708,-3.680368689308013,-1.9229080885171144,1.340185094365083,-0.099360564882717,3.963476834582344,-0.4430568216979387,1.320904571426344
67.0,92.0,129.88369750976562,-0.0370319986549597,2.682141311654721,-4.11568919640137,-3.679601765843594,-1.9250876999733395,1.3398228311447469,-0.1004837490685165,3.964237534852891,-0.442657322459007,1.323574800022745
67.0,92.0,129.88372802734375,-0.0391674402731834,2.682905954830152,-4.1152321010105695,-3.682682971109904,-1.927062009740668,1.3411154187924732,-0.1018950030797797,3.963959906154284,-0.4426653162922282,1.3218855391913578
67.0,92.0,129.8837127685547,-0.0371175704728505,2.6812182813530163,-4.114826148555521,-3.6814360671443898,-1.9272192972100608,1.3392384010451557,-0.0975537949860169,3.963685680076699,-0.4423936017161028,1.3207502023375437
67.0,92.0,129.88369750976562,-0.0375504977495809,2.682280533818246,-4.115233018272244,-3.679761393898062,-1.925012808213688,1.3408448440508045,-0.0991535257406458,3.963799535448471,-0.4426996479812786,1.32341862225405
67.0,92.0,129.8837127685547,-0.0353928620126881,2.684844982485186,-4.114734682919397,-3.6814192467957407,-1.9241976470811808,1.3403668723367224,-0.1000266563011459,3.964715904633412,-0.4442067176368913,1.324261404745758
67.0,92.0,129.88369750976562,-0.0375050067521598,2.682394795215691,-4.114718372567042,-3.678092981168621,-1.9258440914610253,1.3400083563894525,-0.099182553119151,3.966016159885976,-0.4438312502809411,1.3218137438897066
67.0,92.0,129.8837127685547,-0.0392770302274404,2.6840185618744274,-4.11478560885508,-3.680144804329269,-1.924455010930148,1.338262751859438,-0.0989258480500887,3.964421669230163,-0.4429678574930978,1.323156509914116
67.0,92.0,129.88380432128906,-0.0397418140590472,2.682659782964297,-4.108467189217131,-3.678512834341088,-1.92517831899215,1.3393670746749475,-0.1015734579810419,3.957960817705243,-0.4433028224987075,1.3198015047265983
67.0,92.0,129.88372802734375,-0.0383500819415293,2.6830080499019604,-4.112833654480251,-3.678879974536502,-1.9235514324977148,1.3390724650836807,-0.0991566450699985,3.961676626860824,-0.4459359847430491,1.3238193351160397
67.0,92.0,129.88369750976562,-0.0379024272348933,2.681548237319513,-4.1147750510204935,-3.679808883893499,-1.9248620463978097,1.3398379650494014,-0.0992112748296654,3.963017815678836,-0.4424179299426491,1.3233375186841294
67.0,92.0,129.88369750976562,-0.0386119900478477,2.682502921158186,-4.115330536104988,-3.67922120648243,-1.924454899099244,1.3398214621333258,-0.0993185791376466,3.963886887649888,-0.4432911272000954,1.323338099550023
67.0,92.0,129.8837127685547,-0.0382654207234467,2.682587784029995,-4.116315727080707,-3.681914326747772,-1.925231346380788,1.3422989864010575,-0.0991434691892365,3.963637510711044,-0.4412507469254604,1.3238012034262578
67.0,92.0,129.8837432861328,-0.0394156227500661,2.683473023788846,-4.114948214059361,-3.680061502678603,-1.92384748258184,1.3379068697638432,-0.095617554709007,3.9617679793083935,-0.4438394755287239,1.3206344345300909
67.0,92.0,129.88377380371094,-0.0399577529350641,2.683951326737944,-4.11409128418014,-3.681289337371545,-1.924380755156704,1.3448717929242058,-0.0959637858982409,3.9596759122131417,-0.4415445670201363,1.3210377334526509
67.0,92.0,129.88372802734375,-0.0362153384817367,2.681257755810644,-4.113544440576583,-3.677401151108079,-1.9264857941235665,1.3452742254518384,-0.0991519989494779,3.963544784964683,-0.4433816479193971,1.3213754393746568
67.0,92.0,129.88369750976562,-0.0362685215543273,2.6824785535414897,-4.115228802300194,-3.679666890710486,-1.924817154336768,1.3397913112986377,-0.0984104785689082,3.965220519508229,-0.4431274438343454,1.3229101875008091
67.0,92.0,129.88369750976562,-0.0375539125029723,2.683178260371717,-4.114369649219112,-3.679430716965344,-1.9246000535494767,1.3402022966892828,-0.0991060381317665,3.964045450719317,-0.4435850165156397,1.3232991003993002
67.0,92.0,129.8837127685547,-0.0377462765827165,2.682754760261481,-4.116597352360581,-3.6779847629580704,-1.9229277577136537,1.3396366035122156,-0.099180540659422,3.9640289350007456,-0.4424196705885159,1.322401396617004
67.0,92.0,129.88372802734375,-0.0385240802739117,2.682520263725102,-4.116452738309021,-3.6816578045096486,-1.922659790826508,1.3379690272498028,-0.0992496851246273,3.965568471344164,-0.4404655002580575,1.3242609064921975
67.0,92.0,129.88372802734375,-0.0397115361384038,2.6810012229809903,-4.115411750977208,-3.680511080146436,-1.9237603358232287,1.3390459794750922,-0.1015468177255758,3.960578124505437,-0.4429465258328998,1.3222910970389383
67.0,92.0,129.8837127685547,-0.0373124369483331,2.6832220960120865,-4.113181996335128,-3.677504397458089,-1.9245716965852515,1.3406701693576415,-0.0999274775733262,3.9623884098118025,-0.4438717998652259,1.3212801265643588
67.0,92.0,129.8837127685547,-0.038784764001843,2.6830760806192355,-4.1144142906365735,-3.679230887654037,-1.9236684373725577,1.3397723611962573,-0.1004453232558953,3.96449507471759,-0.4433890991455693,1.3207952825392046
67.0,92.0,129.8837127685547,-0.0386578386044009,2.681792082379526,-4.113890488837926,-3.681684017792104,-1.9252787872839097,1.3430143146070412,-0.0992688342947948,3.96335946169527,-0.443926599176121,1.3252273274882396
67.0,93.0,129.8854522705078,-0.024913178451968,2.6860798871689724,-4.116955728203013,-3.6732630272646016,-1.9500856693940591,1.351441959202703,-0.0741397555146345,3.976496470107653,-0.4514977238147504,1.3207495542655825
67.0,93.0,129.8837127685547,-0.0390624741841135,2.6833500180860588,-4.114207038504851,-3.678594862532497,-1.9248304854471967,1.3408691475849543,-0.0996418561712355,3.962054265880583,-0.4422969201386914,1.322950687968608
67.0,93.0,129.8837127685547,-0.038512631321084,2.682031424540229,-4.114820099304271,-3.677186148987121,-1.9248458133011512,1.3417066160210398,-0.0997871664703254,3.9665535968763006,-0.4441333499887892,1.3235751718190547
67.0,93.0,129.8837127685547,-0.0383018451630346,2.6825657222281154,-4.115490430001167,-3.682651472125516,-1.9231239052756093,1.340025079312943,-0.0984281458914428,3.964438100958562,-0.44245859712267,1.3243555689868682
67.0,93.0,129.8837127685547,-0.0369420673134079,2.682156759462516,-4.115233968800888,-3.681118528744986,-1.9241912649120807,1.3404944879605267,-0.1019006897305594,3.9629366710841913,-0.4428053176321996,1.3204831572845384
67.0,93.0,129.88369750976562,-0.0384394284723971,2.682975909148543,-4.114785849651962,-3.679239009035948,-1.9244454601702328,1.3399968271028857,-0.0992974966139006,3.9634126109169294,-0.4438348749963561,1.323728487499586
67.0,93.0,129.8837127685547,-0.0374892122458527,2.679457956822444,-4.115658211530698,-3.679870501501175,-1.9253536741192203,1.3399267165796034,-0.0984157724586413,3.963521263595336,-0.4453723617493761,1.3227355831122436
67.0,93.0,129.8837127685547,-0.0376072397275908,2.682574613513692,-4.117180931317258,-3.680441307350701,-1.9245096175229992,1.3394293173098348,-0.0987389324022331,3.9637072963334017,-0.4415760497670504,1.3241195350935009
67.0,93.0,129.88372802734375,-0.0413638328436621,2.68253667942558,-4.115538437909974,-3.680554187800771,-1.926196002556992,1.343223210668956,-0.1000168620530084,3.964448367182789,-0.4446670472232056,1.322383790710638
67.0,93.0,129.8837127685547,-0.037892110508682,2.6821359067353567,-4.115512312219881,-3.6795903565284767,-1.9252708498230648,1.3415193577507107,-0.0969607874607883,3.9641777212132654,-0.4436096646493943,1.320873907684612
67.0,93.0,129.88372802734375,-0.0394621301185116,2.681895405253066,-4.114145708257508,-3.679763424109368,-1.9241594048150383,1.339448483367928,-0.1004818458329689,3.960899682402396,-0.4429053430792187,1.3234053496158238
67.0,93.0,129.8837432861328,-0.0388276278014838,2.680898856364233,-4.118449594282781,-3.679460298356229,-1.922099392093028,1.3408076149013448,-0.1028626615608582,3.963200960888985,-0.4437903387947035,1.324009267615457
67.0,93.0,129.8837127685547,-0.0394954936172463,2.6825188067322765,-4.115058265340832,-3.681510634642686,-1.9228880618401816,1.3399492690560406,-0.1000011100859549,3.96471291422232,-0.442861539657224,1.321143834184915
67.0,93.0,129.8837127685547,-0.0387396005425392,2.682225447735511,-4.115479380597832,-3.681445627110278,-1.9244833563466768,1.3399580598807128,-0.0977809306001005,3.963170214857519,-0.4425159128700108,1.3251554978291538
67.0,93.0,129.8837127685547,-0.0381877718237811,2.681269931177165,-4.115189659054024,-3.682085768835373,-1.9230510096111444,1.3398880451910875,-0.1009314762252844,3.963350996410638,-0.4439422476527043,1.324298345464992
67.0,93.0,129.8837127685547,-0.0384002585396789,2.6833374735761875,-4.114840701572381,-3.6792657394353134,-1.9273756396492987,1.3403166463881573,-0.0992610033129927,3.9610703876214375,-0.4447960528246611,1.3232434334994534
67.0,93.0,129.88372802734375,-0.0407841924063163,2.682842268321897,-4.115990405053089,-3.682273090141872,-1.9231544165304768,1.3400585542493797,-0.0987326375169532,3.965591930835874,-0.4409078217283227,1.323375078886483
67.0,93.0,129.88372802734375,-0.0364562979673581,2.681942566488224,-4.115709077188916,-3.683316691518306,-1.923309269025863,1.3397195529115484,-0.1020936410265639,3.96605988046728,-0.4430883786376737,1.3247307896339595
67.0,93.0,129.88369750976562,-0.0383216637770437,2.6825741157856324,-4.114967170153109,-3.6780063208760607,-1.924454085840296,1.3404595116488414,-0.099584917212826,3.9638032536282113,-0.4437830930453497,1.3237113962040006
67.0,93.0,129.88369750976562,-0.0379767604336877,2.680744641094622,-4.114477853527157,-3.6801701846835897,-1.924400799866619,1.3404674448137248,-0.0999418297218291,3.9646977554076215,-0.4444012423801128,1.3236911002911962
67.0,93.0,129.8837890625,-0.0394980867490792,2.6815779431972406,-4.1168785301556445,-3.681698391991953,-1.924053272910574,1.344643452859574,-0.102118036465461,3.9601782968794073,-0.4377647591669585,1.3205051770918452
67.0,93.0,129.88372802734375,-0.0379671238974936,2.683510058462107,-4.111940471265981,-3.682817504292745,-1.9252266504977813,1.3408097192799564,-0.0982688731101808,3.9663891181302535,-0.4463701930097761,1.3236154115504664
67.0,93.0,129.8837127685547,-0.037476355132344,2.682172626972016,-4.115645931609416,-3.680766274823792,-1.928885529169185,1.342282826697018,-0.1009795477887777,3.962878858255472,-0.4430706955358025,1.3233830072043231
67.0,93.0,129.8837432861328,-0.0369536338520861,2.6834832434335314,-4.110732885483033,-3.682000754389392,-1.925332537745041,1.3390878274264857,-0.1028720403009698,3.963019664666001,-0.4423472748414462,1.3221376020935554
67.0,93.0,129.8837127685547,-0.0384252998416297,2.681579126856393,-4.114612552734227,-3.678070309738456,-1.924969723707814,1.3398621080830238,-0.0977854578789893,3.964028631331747,-0.4454669754503732,1.323824181317693
67.0,93.0,129.8837127685547,-0.035826022591529,2.6822769513337303,-4.115999273270378,-3.678277181655396,-1.924474960699424,1.3382035352213062,-0.1008936209737533,3.962766066999645,-0.4439527265953525,1.324028160841294
67.0,93.0,129.8837127685547,-0.0393439610213545,2.6830619422745308,-4.114604043222708,-3.680368689308013,-1.9229080885171144,1.340185094365083,-0.099360564882717,3.963476834582344,-0.4430568216979387,1.320904571426344
67.0,93.0,129.88369750976562,-0.0370319986549597,2.682141311654721,-4.11568919640137,-3.679601765843594,-1.9250876999733395,1.3398228311447469,-0.1004837490685165,3.964237534852891,-0.442657322459007,1.323574800022745
67.0,93.0,129.88372802734375,-0.0391674402731834,2.682905954830152,-4.1152321010105695,-3.682682971109904,-1.927062009740668,1.3411154187924732,-0.1018950030797797,3.963959906154284,-0.4426653162922282,1.3218855391913578
67.0,93.0,129.8837127685547,-0.0371175704728505,2.6812182813530163,-4.114826148555521,-3.6814360671443898,-1.9272192972100608,1.3392384010451557,-0.0975537949860169,3.963685680076699,-0.4423936017161028,1.3207502023375437
67.0,93.0,129.88369750976562,-0.0375504977495809,2.682280533818246,-4.115233018272244,-3.679761393898062,-1.925012808213688,1.3408448440508045,-0.0991535257406458,3.963799535448471,-0.4426996479812786,1.32341862225405
67.0,93.0,129.8837127685547,-0.0353928620126881,2.684844982485186,-4.114734682919397,-3.6814192467957407,-1.9241976470811808,1.3403668723367224,-0.1000266563011459,3.964715904633412,-0.4442067176368913,1.324261404745758
67.0,93.0,129.88369750976562,-0.0375050067521598,2.682394795215691,-4.114718372567042,-3.678092981168621,-1.9258440914610253,1.3400083563894525,-0.099182553119151,3.966016159885976,-0.4438312502809411,1.3218137438897066
67.0,93.0,129.8837127685547,-0.0392770302274404,2.6840185618744274,-4.11478560885508,-3.680144804329269,-1.924455010930148,1.338262751859438,-0.0989258480500887,3.964421669230163,-0.4429678574930978,1.323156509914116
67.0,93.0,129.88380432128906,-0.0397418140590472,2.682659782964297,-4.108467189217131,-3.678512834341088,-1.92517831899215,1.3393670746749475,-0.1015734579810419,3.957960817705243,-0.4433028224987075,1.3198015047265983
67.0,93.0,129.88372802734375,-0.0383500819415293,2.6830080499019604,-4.112833654480251,-3.678879974536502,-1.9235514324977148,1.3390724650836807,-0.0991566450699985,3.961676626860824,-0.4459359847430491,1.3238193351160397
67.0,93.0,129.88369750976562,-0.0379024272348933,2.681548237319513,-4.1147750510204935,-3.679808883893499,-1.9248620463978097,1.3398379650494014,-0.0992112748296654,3.963017815678836,-0.4424179299426491,1.3233375186841294
67.0,93.0,129.88369750976562,-0.0386119900478477,2.682502921158186,-4.115330536104988,-3.67922120648243,-1.924454899099244,1.3398214621333258,-0.0993185791376466,3.963886887649888,-0.4432911272000954,1.323338099550023
67.0,93.0,129.8837127685547,-0.0382654207234467,2.682587784029995,-4.116315727080707,-3.681914326747772,-1.925231346380788,1.3422989864010575,-0.0991434691892365,3.963637510711044,-0.4412507469254604,1.3238012034262578
67.0,93.0,129.8837432861328,-0.0394156227500661,2.683473023788846,-4.114948214059361,-3.680061502678603,-1.92384748258184,1.3379068697638432,-0.095617554709007,3.9617679793083935,-0.4438394755287239,1.3206344345300909
67.0,93.0,129.88377380371094,-0.0399577529350641,2.683951326737944,-4.11409128418014,-3.681289337371545,-1.924380755156704,1.3448717929242058,-0.0959637858982409,3.9596759122131417,-0.4415445670201363,1.3210377334526509
67.0,93.0,129.88372802734375,-0.0362153384817367,2.681257755810644,-4.113544440576583,-3.677401151108079,-1.9264857941235665,1.3452742254518384,-0.0991519989494779,3.963544784964683,-0.4433816479193971,1.3213754393746568
67.0,93.0,129.88369750976562,-0.0362685215543273,2.6824785535414897,-4.115228802300194,-3.679666890710486,-1.924817154336768,1.3397913112986377,-0.0984104785689082,3.965220519508229,-0.4431274438343454,1.3229101875008091
67.0,93.0,129.88369750976562,-0.0375539125029723,2.683178260371717,-4.114369649219112,-3.679430716965344,-1.9246000535494767,1.3402022966892828,-0.0991060381317665,3.964045450719317,-0.4435850165156397,1.3232991003993002
67.0,93.0,129.8837127685547,-0.0377462765827165,2.682754760261481,-4.116597352360581,-3.6779847629580704,-1.9229277577136537,1.3396366035122156,-0.099180540659422,3.9640289350007456,-0.4424196705885159,1.322401396617004
67.0,93.0,129.88372802734375,-0.0385240802739117,2.682520263725102,-4.116452738309021,-3.6816578045096486,-1.922659790826508,1.3379690272498028,-0.0992496851246273,3.965568471344164,-0.4404655002580575,1.3242609064921975
67.0,93.0,129.88372802734375,-0.0397115361384038,2.6810012229809903,-4.115411750977208,-3.680511080146436,-1.9237603358232287,1.3390459794750922,-0.1015468177255758,3.960578124505437,-0.4429465258328998,1.3222910970389383
67.0,93.0,129.8837127685547,-0.0373124369483331,2.6832220960120865,-4.113181996335128,-3.677504397458089,-1.9245716965852515,1.3406701693576415,-0.0999274775733262,3.9623884098118025,-0.4438717998652259,1.3212801265643588
67.0,93.0,129.8837127685547,-0.038784764001843,2.6830760806192355,-4.1144142906365735,-3.679230887654037,-1.9236684373725577,1.3397723611962573,-0.1004453232558953,3.96449507471759,-0.4433890991455693,1.3207952825392046
67.0,93.0,129.8837127685547,-0.0386578386044009,2.681792082379526,-4.113890488837926,-3.681684017792104,-1.9252787872839097,1.3430143146070412,-0.0992688342947948,3.96335946169527,-0.443926599176121,1.3252273274882396
67.0,94.0,129.8854522705078,-0.024913178451968,2.6860798871689724,-4.116955728203013,-3.6732630272646016,-1.9500856693940591,1.351441959202703,-0.0741397555146345,3.976496470107653,-0.4514977238147504,1.3207495542655825
67.0,94.0,129.8837127685547,-0.0390624741841135,2.6833500180860588,-4.114207038504851,-3.678594862532497,-1.9248304854471967,1.3408691475849543,-0.0996418561712355,3.962054265880583,-0.4422969201386914,1.322950687968608
67.0,94.0,129.8837127685547,-0.038512631321084,2.682031424540229,-4.114820099304271,-3.677186148987121,-1.9248458133011512,1.3417066160210398,-0.0997871664703254,3.9665535968763006,-0.4441333499887892,1.3235751718190547
67.0,94.0,129.8837127685547,-0.0383018451630346,2.6825657222281154,-4.115490430001167,-3.682651472125516,-1.9231239052756093,1.340025079312943,-0.0984281458914428,3.964438100958562,-0.44245859712267,1.3243555689868682
67.0,94.0,129.8837127685547,-0.0369420673134079,2.682156759462516,-4.115233968800888,-3.681118528744986,-1.9241912649120807,1.3404944879605267,-0.1019006897305594,3.9629366710841913,-0.4428053176321996,1.3204831572845384
67.0,94.0,129.88369750976562,-0.0384394284723971,2.682975909148543,-4.114785849651962,-3.679239009035948,-1.9244454601702328,1.3399968271028857,-0.0992974966139006,3.9634126109169294,-0.4438348749963561,1.323728487499586
67.0,94.0,129.8837127685547,-0.0374892122458527,2.679457956822444,-4.115658211530698,-3.679870501501175,-1.9253536741192203,1.3399267165796034,-0.0984157724586413,3.963521263595336,-0.4453723617493761,1.3227355831122436
67.0,94.0,129.8837127685547,-0.0376072397275908,2.682574613513692,-4.117180931317258,-3.680441307350701,-1.9245096175229992,1.3394293173098348,-0.0987389324022331,3.9637072963334017,-0.4415760497670504,1.3241195350935009
67.0,94.0,129.88372802734375,-0.0413638328436621,2.68253667942558,-4.115538437909974,-3.680554187800771,-1.926196002556992,1.343223210668956,-0.1000168620530084,3.964448367182789,-0.4446670472232056,1.322383790710638
67.0,94.0,129.8837127685547,-0.037892110508682,2.6821359067353567,-4.115512312219881,-3.6795903565284767,-1.9252708498230648,1.3415193577507107,-0.0969607874607883,3.9641777212132654,-0.4436096646493943,1.320873907684612
67.0,94.0,129.88372802734375,-0.0394621301185116,2.681895405253066,-4.114145708257508,-3.679763424109368,-1.9241594048150383,1.339448483367928,-0.1004818458329689,3.960899682402396,-0.4429053430792187,1.3234053496158238
67.0,94.0,129.8837432861328,-0.0388276278014838,2.680898856364233,-4.118449594282781,-3.679460298356229,-1.922099392093028,1.3408076149013448,-0.1028626615608582,3.963200960888985,-0.4437903387947035,1.324009267615457
67.0,94.0,129.8837127685547,-0.0394954936172463,2.6825188067322765,-4.115058265340832,-3.681510634642686,-1.9228880618401816,1.3399492690560406,-0.1000011100859549,3.96471291422232,-0.442861539657224,1.321143834184915
67.0,94.0,129.8837127685547,-0.0387396005425392,2.682225447735511,-4.115479380597832,-3.681445627110278,-1.9244833563466768,1.3399580598807128,-0.0977809306001005,3.963170214857519,-0.4425159128700108,1.3251554978291538
67.0,94.0,129.8837127685547,-0.0381877718237811,2.681269931177165,-4.115189659054024,-3.682085768835373,-1.9230510096111444,1.3398880451910875,-0.1009314762252844,3.963350996410638,-0.4439422476527043,1.324298345464992
67.0,94.0,129.8837127685547,-0.0384002585396789,2.6833374735761875,-4.114840701572381,-3.6792657394353134,-1.9273756396492987,1.3403166463881573,-0.0992610033129927,3.9610703876214375,-0.4447960528246611,1.3232434334994534
67.0,94.0,129.88372802734375,-0.0407841924063163,2.682842268321897,-4.115990405053089,-3.682273090141872,-1.9231544165304768,1.3400585542493797,-0.0987326375169532,3.965591930835874,-0.4409078217283227,1.323375078886483
67.0,94.0,129.88372802734375,-0.0364562979673581,2.681942566488224,-4.115709077188916,-3.683316691518306,-1.923309269025863,1.3397195529115484,-0.1020936410265639,3.96605988046728,-0.4430883786376737,1.3247307896339595
67.0,94.0,129.88369750976562,-0.0383216637770437,2.6825741157856324,-4.114967170153109,-3.6780063208760607,-1.924454085840296,1.3404595116488414,-0.099584917212826,3.9638032536282113,-0.4437830930453497,1.3237113962040006
67.0,94.0,129.88369750976562,-0.0379767604336877,2.680744641094622,-4.114477853527157,-3.6801701846835897,-1.924400799866619,1.3404674448137248,-0.0999418297218291,3.9646977554076215,-0.4444012423801128,1.3236911002911962
67.0,94.0,129.8837890625,-0.0394980867490792,2.6815779431972406,-4.1168785301556445,-3.681698391991953,-1.924053272910574,1.344643452859574,-0.102118036465461,3.9601782968794073,-0.4377647591669585,1.3205051770918452
67.0,94.0,129.88372802734375,-0.0379671238974936,2.683510058462107,-4.111940471265981,-3.682817504292745,-1.9252266504977813,1.3408097192799564,-0.0982688731101808,3.9663891181302535,-0.4463701930097761,1.3236154115504664
67.0,94.0,129.8837127685547,-0.037476355132344,2.682172626972016,-4.115645931609416,-3.680766274823792,-1.928885529169185,1.342282826697018,-0.1009795477887777,3.962878858255472,-0.4430706955358025,1.3233830072043231
67.0,94.0,129.8837432861328,-0.0369536338520861,2.6834832434335314,-4.110732885483033,-3.682000754389392,-1.925332537745041,1.3390878274264857,-0.1028720403009698,3.963019664666001,-0.4423472748414462,1.3221376020935554
67.0,94.0,129.8837127685547,-0.0384252998416297,2.681579126856393,-4.114612552734227,-3.678070309738456,-1.924969723707814,1.3398621080830238,-0.0977854578789893,3.964028631331747,-0.4454669754503732,1.323824181317693
67.0,94.0,129.8837127685547,-0.035826022591529,2.6822769513337303,-4.115999273270378,-3.678277181655396,-1.924474960699424,1.3382035352213062,-0.1008936209737533,3.962766066999645,-0.4439527265953525,1.324028160841294
67.0,94.0,129.8837127685547,-0.0393439610213545,2.6830619422745308,-4.114604043222708,-3.680368689308013,-1.9229080885171144,1.340185094365083,-0.099360564882717,3.963476834582344,-0.4430568216979387,1.320904571426344
67.0,94.0,129.88369750976562,-0.0370319986549597,2.682141311654721,-4.11568919640137,-3.679601765843594,-1.9250876999733395,1.3398228311447469,-0.1004837490685165,3.964237534852891,-0.442657322459007,1.323574800022745
67.0,94.0,129.88372802734375,-0.0391674402731834,2.682905954830152,-4.1152321010105695,-3.682682971109904,-1.927062009740668,1.3411154187924732,-0.1018950030797797,3.963959906154284,-0.4426653162922282,1.3218855391913578
67.0,94.0,129.8837127685547,-0.0371175704728505,2.6812182813530163,-4.114826148555521,-3.6814360671443898,-1.9272192972100608,1.3392384010451557,-0.0975537949860169,3.963685680076699,-0.4423936017161028,1.3207502023375437
67.0,94.0,129.88369750976562,-0.0375504977495809,2.682280533818246,-4.115233018272244,-3.679761393898062,-1.925012808213688,1.3408448440508045,-0.0991535257406458,3.963799535448471,-0.4426996479812786,1.32341862225405
67.0,94.0,129.8837127685547,-0.0353928620126881,2.684844982485186,-4.114734682919397,-3.6814192467957407,-1.9241976470811808,1.3403668723367224,-0.1000266563011459,3.964715904633412,-0.4442067176368913,1.324261404745758
67.0,94.0,129.88369750976562,-0.0375050067521598,2.682394795215691,-4.114718372567042,-3.678092981168621,-1.9258440914610253,1.3400083563894525,-0.099182553119151,3.966016159885976,-0.4438312502809411,1.3218137438897066
67.0,94.0,129.8837127685547,-0.0392770302274404,2.6840185618744274,-4.11478560885508,-3.680144804329269,-1.924455010930148,1.338262751859438,-0.0989258480500887,3.964421669230163,-0.4429678574930978,1.323156509914116
67.0,94.0,129.88375854492188,-0.0400809788078248,2.683646012718208,-4.110237261582711,-3.6782630704513175,-1.924780161602373,1.3426866807393416,-0.100156630825489,3.9611471751877567,-0.4431049688919888,1.3244773177680207
67.0,94.0,129.88372802734375,-0.0383500819415293,2.6830080499019604,-4.112833654480251,-3.678879974536502,-1.9235514324977148,1.3390724650836807,-0.0991566450699985,3.961676626860824,-0.4459359847430491,1.3238193351160397
67.0,94.0,129.88369750976562,-0.0379024272348933,2.681548237319513,-4.1147750510204935,-3.679808883893499,-1.9248620463978097,1.3398379650494014,-0.0992112748296654,3.963017815678836,-0.4424179299426491,1.3233375186841294
67.0,94.0,129.88369750976562,-0.0386119900478477,2.682502921158186,-4.115330536104988,-3.67922120648243,-1.924454899099244,1.3398214621333258,-0.0993185791376466,3.963886887649888,-0.4432911272000954,1.323338099550023
67.0,94.0,129.8837127685547,-0.0382654207234467,2.682587784029995,-4.116315727080707,-3.681914326747772,-1.925231346380788,1.3422989864010575,-0.0991434691892365,3.963637510711044,-0.4412507469254604,1.3238012034262578
67.0,94.0,129.8837432861328,-0.0394156227500661,2.683473023788846,-4.114948214059361,-3.680061502678603,-1.92384748258184,1.3379068697638432,-0.095617554709007,3.9617679793083935,-0.4438394755287239,1.3206344345300909
67.0,94.0,129.88377380371094,-0.0399577529350641,2.683951326737944,-4.11409128418014,-3.681289337371545,-1.924380755156704,1.3448717929242058,-0.0959637858982409,3.9596759122131417,-0.4415445670201363,1.3210377334526509
67.0,94.0,129.88372802734375,-0.0362153384817367,2.681257755810644,-4.113544440576583,-3.677401151108079,-1.9264857941235665,1.3452742254518384,-0.0991519989494779,3.963544784964683,-0.4433816479193971,1.3213754393746568
67.0,94.0,129.88369750976562,-0.0362685215543273,2.6824785535414897,-4.115228802300194,-3.679666890710486,-1.924817154336768,1.3397913112986377,-0.0984104785689082,3.965220519508229,-0.4431274438343454,1.3229101875008091
67.0,94.0,129.88369750976562,-0.0375539125029723,2.683178260371717,-4.114369649219112,-3.679430716965344,-1.9246000535494767,1.3402022966892828,-0.0991060381317665,3.964045450719317,-0.4435850165156397,1.3232991003993002
67.0,94.0,129.8837127685547,-0.0377462765827165,2.682754760261481,-4.116597352360581,-3.6779847629580704,-1.9229277577136537,1.3396366035122156,-0.099180540659422,3.9640289350007456,-0.4424196705885159,1.322401396617004
67.0,94.0,129.88372802734375,-0.0385240802739117,2.682520263725102,-4.116452738309021,-3.6816578045096486,-1.922659790826508,1.3379690272498028,-0.0992496851246273,3.965568471344164,-0.4404655002580575,1.3242609064921975
67.0,94.0,129.88372802734375,-0.0397115361384038,2.6810012229809903,-4.115411750977208,-3.680511080146436,-1.9237603358232287,1.3390459794750922,-0.1015468177255758,3.960578124505437,-0.4429465258328998,1.3222910970389383
67.0,94.0,129.8837127685547,-0.0373124369483331,2.6832220960120865,-4.113181996335128,-3.677504397458089,-1.9245716965852515,1.3406701693576415,-0.0999274775733262,3.9623884098118025,-0.4438717998652259,1.3212801265643588
67.0,94.0,129.8837127685547,-0.038784764001843,2.6830760806192355,-4.1144142906365735,-3.679230887654037,-1.9236684373725577,1.3397723611962573,-0.1004453232558953,3.96449507471759,-0.4433890991455693,1.3207952825392046
67.0,94.0,129.8837127685547,-0.0386578386044009,2.681792082379526,-4.113890488837926,-3.681684017792104,-1.9252787872839097,1.3430143146070412,-0.0992688342947948,3.96335946169527,-0.443926599176121,1.3252273274882396
67.0,95.0,129.8854522705078,-0.024913178451968,2.6860798871689724,-4.116955728203013,-3.6732630272646016,-1.9500856693940591,1.351441959202703,-0.0741397555146345,3.976496470107653,-0.4514977238147504,1.3207495542655825
67.0,95.0,129.8837127685547,-0.0390624741841135,2.6833500180860588,-4.114207038504851,-3.678594862532497,-1.9248304854471967,1.3408691475849543,-0.0996418561712355,3.962054265880583,-0.4422969201386914,1.322950687968608
67.0,95.0,129.8837127685547,-0.038512631321084,2.682031424540229,-4.114820099304271,-3.677186148987121,-1.9248458133011512,1.3417066160210398,-0.0997871664703254,3.9665535968763006,-0.4441333499887892,1.3235751718190547
67.0,95.0,129.8837127685547,-0.0383018451630346,2.6825657222281154,-4.115490430001167,-3.682651472125516,-1.9231239052756093,1.340025079312943,-0.0984281458914428,3.964438100958562,-0.44245859712267,1.3243555689868682
67.0,95.0,129.8837127685547,-0.0369420673134079,2.682156759462516,-4.115233968800888,-3.681118528744986,-1.9241912649120807,1.3404944879605267,-0.1019006897305594,3.9629366710841913,-0.4428053176321996,1.3204831572845384
67.0,95.0,129.88369750976562,-0.0384394284723971,2.682975909148543,-4.114785849651962,-3.679239009035948,-1.9244454601702328,1.3399968271028857,-0.0992974966139006,3.9634126109169294,-0.4438348749963561,1.323728487499586
67.0,95.0,129.8837127685547,-0.0374892122458527,2.679457956822444,-4.115658211530698,-3.679870501501175,-1.9253536741192203,1.3399267165796034,-0.0984157724586413,3.963521263595336,-0.4453723617493761,1.3227355831122436
67.0,95.0,129.8837127685547,-0.0376072397275908,2.682574613513692,-4.117180931317258,-3.680441307350701,-1.9245096175229992,1.3394293173098348,-0.0987389324022331,3.9637072963334017,-0.4415760497670504,1.3241195350935009
67.0,95.0,129.88372802734375,-0.0413638328436621,2.68253667942558,-4.115538437909974,-3.680554187800771,-1.926196002556992,1.343223210668956,-0.1000168620530084,3.964448367182789,-0.4446670472232056,1.322383790710638
67.0,95.0,129.8837127685547,-0.037892110508682,2.6821359067353567,-4.115512312219881,-3.6795903565284767,-1.9252708498230648,1.3415193577507107,-0.0969607874607883,3.9641777212132654,-0.4436096646493943,1.320873907684612
67.0,95.0,129.88372802734375,-0.0394621301185116,2.681895405253066,-4.114145708257508,-3.679763424109368,-1.9241594048150383,1.339448483367928,-0.1004818458329689,3.960899682402396,-0.4429053430792187,1.3234053496158238
67.0,95.0,129.88372802734375,-0.0380519159991068,2.6817595059012174,-4.1136395832406505,-3.67971333464666,-1.9233876445478035,1.340527652779194,-0.1032053703928553,3.963383596870759,-0.4438209481870903,1.323914584895468
67.0,95.0,129.8837127685547,-0.0394954936172463,2.6825188067322765,-4.115058265340832,-3.681510634642686,-1.9228880618401816,1.3399492690560406,-0.1000011100859549,3.96471291422232,-0.442861539657224,1.321143834184915
67.0,95.0,129.8837127685547,-0.0387396005425392,2.682225447735511,-4.115479380597832,-3.681445627110278,-1.9244833563466768,1.3399580598807128,-0.0977809306001005,3.963170214857519,-0.4425159128700108,1.3251554978291538
67.0,95.0,129.8837127685547,-0.0381877718237811,2.681269931177165,-4.115189659054024,-3.682085768835373,-1.9230510096111444,1.3398880451910875,-0.1009314762252844,3.963350996410638,-0.4439422476527043,1.324298345464992
67.0,95.0,129.8837127685547,-0.0384002585396789,2.6833374735761875,-4.114840701572381,-3.6792657394353134,-1.9273756396492987,1.3403166463881573,-0.0992610033129927,3.9610703876214375,-0.4447960528246611,1.3232434334994534
67.0,95.0,129.8837127685547,-0.0381328019135585,2.6843326087515296,-4.1158076832592405,-3.677663573512685,-1.9246571519067115,1.3399667605667585,-0.1003988303632348,3.962898718619855,-0.4420186213820374,1.3237076275845006
67.0,95.0,129.88372802734375,-0.0364562979673581,2.681942566488224,-4.115709077188916,-3.683316691518306,-1.923309269025863,1.3397195529115484,-0.1020936410265639,3.96605988046728,-0.4430883786376737,1.3247307896339595
67.0,95.0,129.88369750976562,-0.0383216637770437,2.6825741157856324,-4.114967170153109,-3.6780063208760607,-1.924454085840296,1.3404595116488414,-0.099584917212826,3.9638032536282113,-0.4437830930453497,1.3237113962040006
67.0,95.0,129.88369750976562,-0.0379767604336877,2.680744641094622,-4.114477853527157,-3.6801701846835897,-1.924400799866619,1.3404674448137248,-0.0999418297218291,3.9646977554076215,-0.4444012423801128,1.3236911002911962
67.0,95.0,129.8837890625,-0.0394980867490792,2.6815779431972406,-4.1168785301556445,-3.681698391991953,-1.924053272910574,1.344643452859574,-0.102118036465461,3.9601782968794073,-0.4377647591669585,1.3205051770918452
67.0,95.0,129.88372802734375,-0.0379671238974936,2.683510058462107,-4.111940471265981,-3.682817504292745,-1.9252266504977813,1.3408097192799564,-0.0982688731101808,3.9663891181302535,-0.4463701930097761,1.3236154115504664
67.0,95.0,129.8837127685547,-0.037476355132344,2.682172626972016,-4.115645931609416,-3.680766274823792,-1.928885529169185,1.342282826697018,-0.1009795477887777,3.962878858255472,-0.4430706955358025,1.3233830072043231
67.0,95.0,129.8837432861328,-0.0369536338520861,2.6834832434335314,-4.110732885483033,-3.682000754389392,-1.925332537745041,1.3390878274264857,-0.1028720403009698,3.963019664666001,-0.4423472748414462,1.3221376020935554
67.0,95.0,129.8837127685547,-0.0384252998416297,2.681579126856393,-4.114612552734227,-3.678070309738456,-1.924969723707814,1.3398621080830238,-0.0977854578789893,3.964028631331747,-0.4454669754503732,1.323824181317693
67.0,95.0,129.8837127685547,-0.035826022591529,2.6822769513337303,-4.115999273270378,-3.678277181655396,-1.924474960699424,1.3382035352213062,-0.1008936209737533,3.962766066999645,-0.4439527265953525,1.324028160841294
67.0,95.0,129.8837127685547,-0.0393439610213545,2.6830619422745308,-4.114604043222708,-3.680368689308013,-1.9229080885171144,1.340185094365083,-0.099360564882717,3.963476834582344,-0.4430568216979387,1.320904571426344
67.0,95.0,129.88369750976562,-0.0370319986549597,2.682141311654721,-4.11568919640137,-3.679601765843594,-1.9250876999733395,1.3398228311447469,-0.1004837490685165,3.964237534852891,-0.442657322459007,1.323574800022745
67.0,95.0,129.88372802734375,-0.0391674402731834,2.682905954830152,-4.1152321010105695,-3.682682971109904,-1.927062009740668,1.3411154187924732,-0.1018950030797797,3.963959906154284,-0.4426653162922282,1.3218855391913578
67.0,95.0,129.8837127685547,-0.0371175704728505,2.6812182813530163,-4.114826148555521,-3.6814360671443898,-1.9272192972100608,1.3392384010451557,-0.0975537949860169,3.963685680076699,-0.4423936017161028,1.3207502023375437
67.0,95.0,129.88369750976562,-0.0375504977495809,2.682280533818246,-4.115233018272244,-3.679761393898062,-1.925012808213688,1.3408448440508045,-0.0991535257406458,3.963799535448471,-0.4426996479812786,1.32341862225405
67.0,95.0,129.8837127685547,-0.0353928620126881,2.684844982485186,-4.114734682919397,-3.6814192467957407,-1.9241976470811808,1.3403668723367224,-0.1000266563011459,3.964715904633412,-0.4442067176368913,1.324261404745758
67.0,95.0,129.88369750976562,-0.0375050067521598,2.682394795215691,-4.114718372567042,-3.678092981168621,-1.9258440914610253,1.3400083563894525,-0.099182553119151,3.966016159885976,-0.4438312502809411,1.3218137438897066
67.0,95.0,129.8837127685547,-0.0392770302274404,2.6840185618744274,-4.11478560885508,-3.680144804329269,-1.924455010930148,1.338262751859438,-0.0989258480500887,3.964421669230163,-0.4429678574930978,1.323156509914116
67.0,95.0,129.88375854492188,-0.0400809788078248,2.683646012718208,-4.110237261582711,-3.6782630704513175,-1.924780161602373,1.3426866807393416,-0.100156630825489,3.9611471751877567,-0.4431049688919888,1.3244773177680207
67.0,95.0,129.8837127685547,-0.0383611265626394,2.683226787712788,-4.116181104027769,-3.679021207901581,-1.9237223788072124,1.3396867159900254,-0.0994498436116677,3.962246969983919,-0.4437140811166807,1.3235120612787594
67.0,95.0,129.88369750976562,-0.0379024272348933,2.681548237319513,-4.1147750510204935,-3.679808883893499,-1.9248620463978097,1.3398379650494014,-0.0992112748296654,3.963017815678836,-0.4424179299426491,1.3233375186841294
67.0,95.0,129.88369750976562,-0.0386119900478477,2.682502921158186,-4.115330536104988,-3.67922120648243,-1.924454899099244,1.3398214621333258,-0.0993185791376466,3.963886887649888,-0.4432911272000954,1.323338099550023
67.0,95.0,129.8837127685547,-0.0382654207234467,2.682587784029995,-4.116315727080707,-3.681914326747772,-1.925231346380788,1.3422989864010575,-0.0991434691892365,3.963637510711044,-0.4412507469254604,1.3238012034262578
67.0,95.0,129.8837432861328,-0.0394156227500661,2.683473023788846,-4.114948214059361,-3.680061502678603,-1.92384748258184,1.3379068697638432,-0.095617554709007,3.9617679793083935,-0.4438394755287239,1.3206344345300909
67.0,95.0,129.88377380371094,-0.0399577529350641,2.683951326737944,-4.11409128418014,-3.681289337371545,-1.924380755156704,1.3448717929242058,-0.0959637858982409,3.9596759122131417,-0.4415445670201363,1.3210377334526509
67.0,95.0,129.88372802734375,-0.0362153384817367,2.681257755810644,-4.113544440576583,-3.677401151108079,-1.9264857941235665,1.3452742254518384,-0.0991519989494779,3.963544784964683,-0.4433816479193971,1.3213754393746568
67.0,95.0,129.88369750976562,-0.0362685215543273,2.6824785535414897,-4.115228802300194,-3.679666890710486,-1.924817154336768,1.3397913112986377,-0.0984104785689082,3.965220519508229,-0.4431274438343454,1.3229101875008091
67.0,95.0,129.88369750976562,-0.0375539125029723,2.683178260371717,-4.114369649219112,-3.679430716965344,-1.9246000535494767,1.3402022966892828,-0.0991060381317665,3.964045450719317,-0.4435850165156397,1.3232991003993002
67.0,95.0,129.8837127685547,-0.0377462765827165,2.682754760261481,-4.116597352360581,-3.6779847629580704,-1.9229277577136537,1.3396366035122156,-0.099180540659422,3.9640289350007456,-0.4424196705885159,1.322401396617004
67.0,95.0,129.88372802734375,-0.0385240802739117,2.682520263725102,-4.116452738309021,-3.6816578045096486,-1.922659790826508,1.3379690272498028,-0.0992496851246273,3.965568471344164,-0.4404655002580575,1.3242609064921975
67.0,95.0,129.88372802734375,-0.0397115361384038,2.6810012229809903,-4.115411750977208,-3.680511080146436,-1.9237603358232287,1.3390459794750922,-0.1015468177255758,3.960578124505437,-0.4429465258328998,1.3222910970389383
67.0,95.0,129.8837127685547,-0.0373124369483331,2.6832220960120865,-4.113181996335128,-3.677504397458089,-1.9245716965852515,1.3406701693576415,-0.0999274775733262,3.9623884098118025,-0.4438717998652259,1.3212801265643588
67.0,95.0,129.8837127685547,-0.038784764001843,2.6830760806192355,-4.1144142906365735,-3.679230887654037,-1.9236684373725577,1.3397723611962573,-0.1004453232558953,3.96449507471759,-0.4433890991455693,1.3207952825392046
67.0,95.0,129.8837127685547,-0.0386578386044009,2.681792082379526,-4.113890488837926,-3.681684017792104,-1.9252787872839097,1.3430143146070412,-0.0992688342947948,3.96335946169527,-0.443926599176121,1.3252273274882396
67.0,96.0,129.8854522705078,-0.024913178451968,2.6860798871689724,-4.116955728203013,-3.6732630272646016,-1.9500856693940591,1.351441959202703,-0.0741397555146345,3.976496470107653,-0.4514977238147504,1.3207495542655825
67.0,96.0,129.8837127685547,-0.0390624741841135,2.6833500180860588,-4.114207038504851,-3.678594862532497,-1.9248304854471967,1.3408691475849543,-0.0996418561712355,3.962054265880583,-0.4422969201386914,1.322950687968608
67.0,96.0,129.8837127685547,-0.038512631321084,2.682031424540229,-4.114820099304271,-3.677186148987121,-1.9248458133011512,1.3417066160210398,-0.0997871664703254,3.9665535968763006,-0.4441333499887892,1.3235751718190547
67.0,96.0,129.8837127685547,-0.0383018451630346,2.6825657222281154,-4.115490430001167,-3.682651472125516,-1.9231239052756093,1.340025079312943,-0.0984281458914428,3.964438100958562,-0.44245859712267,1.3243555689868682
67.0,96.0,129.8837127685547,-0.0369420673134079,2.682156759462516,-4.115233968800888,-3.681118528744986,-1.9241912649120807,1.3404944879605267,-0.1019006897305594,3.9629366710841913,-0.4428053176321996,1.3204831572845384
67.0,96.0,129.88369750976562,-0.0384394284723971,2.682975909148543,-4.114785849651962,-3.679239009035948,-1.9244454601702328,1.3399968271028857,-0.0992974966139006,3.9634126109169294,-0.4438348749963561,1.323728487499586
67.0,96.0,129.8837127685547,-0.0374892122458527,2.679457956822444,-4.115658211530698,-3.679870501501175,-1.9253536741192203,1.3399267165796034,-0.0984157724586413,3.963521263595336,-0.4453723617493761,1.3227355831122436
67.0,96.0,129.8837127685547,-0.0376072397275908,2.682574613513692,-4.117180931317258,-3.680441307350701,-1.9245096175229992,1.3394293173098348,-0.0987389324022331,3.9637072963334017,-0.4415760497670504,1.3241195350935009
67.0,96.0,129.88372802734375,-0.0413638328436621,2.68253667942558,-4.115538437909974,-3.680554187800771,-1.926196002556992,1.343223210668956,-0.1000168620530084,3.964448367182789,-0.4446670472232056,1.322383790710638
67.0,96.0,129.8837127685547,-0.037892110508682,2.6821359067353567,-4.115512312219881,-3.6795903565284767,-1.9252708498230648,1.3415193577507107,-0.0969607874607883,3.9641777212132654,-0.4436096646493943,1.320873907684612
67.0,96.0,129.88372802734375,-0.0394621301185116,2.681895405253066,-4.114145708257508,-3.679763424109368,-1.9241594048150383,1.339448483367928,-0.1004818458329689,3.960899682402396,-0.4429053430792187,1.3234053496158238
67.0,96.0,129.88372802734375,-0.0380519159991068,2.6817595059012174,-4.1136395832406505,-3.67971333464666,-1.9233876445478035,1.340527652779194,-0.1032053703928553,3.963383596870759,-0.4438209481870903,1.323914584895468
67.0,96.0,129.8837127685547,-0.0394954936172463,2.6825188067322765,-4.115058265340832,-3.681510634642686,-1.9228880618401816,1.3399492690560406,-0.1000011100859549,3.96471291422232,-0.442861539657224,1.321143834184915
67.0,96.0,129.8837127685547,-0.0387396005425392,2.682225447735511,-4.115479380597832,-3.681445627110278,-1.9244833563466768,1.3399580598807128,-0.0977809306001005,3.963170214857519,-0.4425159128700108,1.3251554978291538
67.0,96.0,129.8837127685547,-0.0381877718237811,2.681269931177165,-4.115189659054024,-3.682085768835373,-1.9230510096111444,1.3398880451910875,-0.1009314762252844,3.963350996410638,-0.4439422476527043,1.324298345464992
67.0,96.0,129.8837127685547,-0.0384002585396789,2.6833374735761875,-4.114840701572381,-3.6792657394353134,-1.9273756396492987,1.3403166463881573,-0.0992610033129927,3.9610703876214375,-0.4447960528246611,1.3232434334994534
67.0,96.0,129.8837127685547,-0.0381328019135585,2.6843326087515296,-4.1158076832592405,-3.677663573512685,-1.9246571519067115,1.3399667605667585,-0.1003988303632348,3.962898718619855,-0.4420186213820374,1.3237076275845006
67.0,96.0,129.88372802734375,-0.0364562979673581,2.681942566488224,-4.115709077188916,-3.683316691518306,-1.923309269025863,1.3397195529115484,-0.1020936410265639,3.96605988046728,-0.4430883786376737,1.3247307896339595
67.0,96.0,129.88369750976562,-0.0383216637770437,2.6825741157856324,-4.114967170153109,-3.6780063208760607,-1.924454085840296,1.3404595116488414,-0.099584917212826,3.9638032536282113,-0.4437830930453497,1.3237113962040006
67.0,96.0,129.88369750976562,-0.0379767604336877,2.680744641094622,-4.114477853527157,-3.6801701846835897,-1.924400799866619,1.3404674448137248,-0.0999418297218291,3.9646977554076215,-0.4444012423801128,1.3236911002911962
67.0,96.0,129.8837890625,-0.0394980867490792,2.6815779431972406,-4.1168785301556445,-3.681698391991953,-1.924053272910574,1.344643452859574,-0.102118036465461,3.9601782968794073,-0.4377647591669585,1.3205051770918452
67.0,96.0,129.8837127685547,-0.0383509350901446,2.683554487520209,-4.115953943396876,-3.681901951725871,-1.9261615167160413,1.3404514303598298,-0.0981858539516293,3.9646197884157295,-0.4435979971944109,1.3237898428322616
67.0,96.0,129.8837127685547,-0.037476355132344,2.682172626972016,-4.115645931609416,-3.680766274823792,-1.928885529169185,1.342282826697018,-0.1009795477887777,3.962878858255472,-0.4430706955358025,1.3233830072043231
67.0,96.0,129.8837432861328,-0.0369536338520861,2.6834832434335314,-4.110732885483033,-3.682000754389392,-1.925332537745041,1.3390878274264857,-0.1028720403009698,3.963019664666001,-0.4423472748414462,1.3221376020935554
67.0,96.0,129.8837127685547,-0.0384252998416297,2.681579126856393,-4.114612552734227,-3.678070309738456,-1.924969723707814,1.3398621080830238,-0.0977854578789893,3.964028631331747,-0.4454669754503732,1.323824181317693
67.0,96.0,129.8837127685547,-0.035826022591529,2.6822769513337303,-4.115999273270378,-3.678277181655396,-1.924474960699424,1.3382035352213062,-0.1008936209737533,3.962766066999645,-0.4439527265953525,1.324028160841294
67.0,96.0,129.8837127685547,-0.0393439610213545,2.6830619422745308,-4.114604043222708,-3.680368689308013,-1.9229080885171144,1.340185094365083,-0.099360564882717,3.963476834582344,-0.4430568216979387,1.320904571426344
67.0,96.0,129.88369750976562,-0.0370319986549597,2.682141311654721,-4.11568919640137,-3.679601765843594,-1.9250876999733395,1.3398228311447469,-0.1004837490685165,3.964237534852891,-0.442657322459007,1.323574800022745
67.0,96.0,129.8837127685547,-0.039440911561131,2.6827624219451405,-4.11506458789672,-3.67771517912234,-1.923054557415951,1.3408032007476178,-0.0998097523654513,3.9640459894506095,-0.4421005376844662,1.323667740397074
67.0,96.0,129.8837127685547,-0.0371175704728505,2.6812182813530163,-4.114826148555521,-3.6814360671443898,-1.9272192972100608,1.3392384010451557,-0.0975537949860169,3.963685680076699,-0.4423936017161028,1.3207502023375437
67.0,96.0,129.88369750976562,-0.0375504977495809,2.682280533818246,-4.115233018272244,-3.679761393898062,-1.925012808213688,1.3408448440508045,-0.0991535257406458,3.963799535448471,-0.4426996479812786,1.32341862225405
67.0,96.0,129.8837127685547,-0.0353928620126881,2.684844982485186,-4.114734682919397,-3.6814192467957407,-1.9241976470811808,1.3403668723367224,-0.1000266563011459,3.964715904633412,-0.4442067176368913,1.324261404745758
67.0,96.0,129.88369750976562,-0.0375050067521598,2.682394795215691,-4.114718372567042,-3.678092981168621,-1.9258440914610253,1.3400083563894525,-0.099182553119151,3.966016159885976,-0.4438312502809411,1.3218137438897066
67.0,96.0,129.88369750976562,-0.0385790505121479,2.6829151465589978,-4.114800802167872,-3.680258446862143,-1.924409893497719,1.340273682270729,-0.0988903953142273,3.964274155720028,-0.443693939368691,1.324358976709781
67.0,96.0,129.88375854492188,-0.0400809788078248,2.683646012718208,-4.110237261582711,-3.6782630704513175,-1.924780161602373,1.3426866807393416,-0.100156630825489,3.9611471751877567,-0.4431049688919888,1.3244773177680207
67.0,96.0,129.8837127685547,-0.0383611265626394,2.683226787712788,-4.116181104027769,-3.679021207901581,-1.9237223788072124,1.3396867159900254,-0.0994498436116677,3.962246969983919,-0.4437140811166807,1.3235120612787594
67.0,96.0,129.88369750976562,-0.0379024272348933,2.681548237319513,-4.1147750510204935,-3.679808883893499,-1.9248620463978097,1.3398379650494014,-0.0992112748296654,3.963017815678836,-0.4424179299426491,1.3233375186841294
67.0,96.0,129.88369750976562,-0.0386119900478477,2.682502921158186,-4.115330536104988,-3.67922120648243,-1.924454899099244,1.3398214621333258,-0.0993185791376466,3.963886887649888,-0.4432911272000954,1.323338099550023
67.0,96.0,129.8837127685547,-0.0382654207234467,2.682587784029995,-4.116315727080707,-3.681914326747772,-1.925231346380788,1.3422989864010575,-0.0991434691892365,3.963637510711044,-0.4412507469254604,1.3238012034262578
67.0,96.0,129.8837432861328,-0.0394156227500661,2.683473023788846,-4.114948214059361,-3.680061502678603,-1.92384748258184,1.3379068697638432,-0.095617554709007,3.9617679793083935,-0.4438394755287239,1.3206344345300909
67.0,96.0,129.88377380371094,-0.0399577529350641,2.683951326737944,-4.11409128418014,-3.681289337371545,-1.924380755156704,1.3448717929242058,-0.0959637858982409,3.9596759122131417,-0.4415445670201363,1.3210377334526509
67.0,96.0,129.88372802734375,-0.0362153384817367,2.681257755810644,-4.113544440576583,-3.677401151108079,-1.9264857941235665,1.3452742254518384,-0.0991519989494779,3.963544784964683,-0.4433816479193971,1.3213754393746568
67.0,96.0,129.88369750976562,-0.0362685215543273,2.6824785535414897,-4.115228802300194,-3.679666890710486,-1.924817154336768,1.3397913112986377,-0.0984104785689082,3.965220519508229,-0.4431274438343454,1.3229101875008091
67.0,96.0,129.88369750976562,-0.0375539125029723,2.683178260371717,-4.114369649219112,-3.679430716965344,-1.9246000535494767,1.3402022966892828,-0.0991060381317665,3.964045450719317,-0.4435850165156397,1.3232991003993002
67.0,96.0,129.8837127685547,-0.0377462765827165,2.682754760261481,-4.116597352360581,-3.6779847629580704,-1.9229277577136537,1.3396366035122156,-0.099180540659422,3.9640289350007456,-0.4424196705885159,1.322401396617004
67.0,96.0,129.88372802734375,-0.0385240802739117,2.682520263725102,-4.116452738309021,-3.6816578045096486,-1.922659790826508,1.3379690272498028,-0.0992496851246273,3.965568471344164,-0.4404655002580575,1.3242609064921975
67.0,96.0,129.88372802734375,-0.0397115361384038,2.6810012229809903,-4.115411750977208,-3.680511080146436,-1.9237603358232287,1.3390459794750922,-0.1015468177255758,3.960578124505437,-0.4429465258328998,1.3222910970389383
67.0,96.0,129.8837127685547,-0.0373124369483331,2.6832220960120865,-4.113181996335128,-3.677504397458089,-1.9245716965852515,1.3406701693576415,-0.0999274775733262,3.9623884098118025,-0.4438717998652259,1.3212801265643588
67.0,96.0,129.8837127685547,-0.038784764001843,2.6830760806192355,-4.1144142906365735,-3.679230887654037,-1.9236684373725577,1.3397723611962573,-0.1004453232558953,3.96449507471759,-0.4433890991455693,1.3207952825392046
67.0,96.0,129.8837127685547,-0.0386578386044009,2.681792082379526,-4.113890488837926,-3.681684017792104,-1.9252787872839097,1.3430143146070412,-0.0992688342947948,3.96335946169527,-0.443926599176121,1.3252273274882396
67.0,97.0,129.88523864746094,-0.0596526329804134,2.683819751674076,-4.114976038300658,-3.675596809843042,-1.9486727066397365,1.350738510447436,-0.0800930935342726,3.960787650904383,-0.449158128598436,1.3231185095361064
67.0,97.0,129.8837127685547,-0.0390624741841135,2.6833500180860588,-4.114207038504851,-3.678594862532497,-1.9248304854471967,1.3408691475849543,-0.0996418561712355,3.962054265880583,-0.4422969201386914,1.322950687968608
67.0,97.0,129.8837127685547,-0.038512631321084,2.682031424540229,-4.114820099304271,-3.677186148987121,-1.9248458133011512,1.3417066160210398,-0.0997871664703254,3.9665535968763006,-0.4441333499887892,1.3235751718190547
67.0,97.0,129.8837127685547,-0.0383018451630346,2.6825657222281154,-4.115490430001167,-3.682651472125516,-1.9231239052756093,1.340025079312943,-0.0984281458914428,3.964438100958562,-0.44245859712267,1.3243555689868682
67.0,97.0,129.8837127685547,-0.0369420673134079,2.682156759462516,-4.115233968800888,-3.681118528744986,-1.9241912649120807,1.3404944879605267,-0.1019006897305594,3.9629366710841913,-0.4428053176321996,1.3204831572845384
67.0,97.0,129.88369750976562,-0.0384394284723971,2.682975909148543,-4.114785849651962,-3.679239009035948,-1.9244454601702328,1.3399968271028857,-0.0992974966139006,3.9634126109169294,-0.4438348749963561,1.323728487499586
67.0,97.0,129.8837127685547,-0.0374892122458527,2.679457956822444,-4.115658211530698,-3.679870501501175,-1.9253536741192203,1.3399267165796034,-0.0984157724586413,3.963521263595336,-0.4453723617493761,1.3227355831122436
67.0,97.0,129.8837127685547,-0.0376072397275908,2.682574613513692,-4.117180931317258,-3.680441307350701,-1.9245096175229992,1.3394293173098348,-0.0987389324022331,3.9637072963334017,-0.4415760497670504,1.3241195350935009
67.0,97.0,129.88372802734375,-0.0413638328436621,2.68253667942558,-4.115538437909974,-3.680554187800771,-1.926196002556992,1.343223210668956,-0.1000168620530084,3.964448367182789,-0.4446670472232056,1.322383790710638
67.0,97.0,129.8837127685547,-0.037892110508682,2.6821359067353567,-4.115512312219881,-3.6795903565284767,-1.9252708498230648,1.3415193577507107,-0.0969607874607883,3.9641777212132654,-0.4436096646493943,1.320873907684612
67.0,97.0,129.88372802734375,-0.0394621301185116,2.681895405253066,-4.114145708257508,-3.679763424109368,-1.9241594048150383,1.339448483367928,-0.1004818458329689,3.960899682402396,-0.4429053430792187,1.3234053496158238
67.0,97.0,129.8837127685547,-0.0382216203829373,2.683077874438732,-4.117909061696708,-3.679519726936688,-1.923129919465451,1.339975724934507,-0.0994967729842343,3.963449567865349,-0.4438356221459683,1.3237498201827038
67.0,97.0,129.8837127685547,-0.0394954936172463,2.6825188067322765,-4.115058265340832,-3.681510634642686,-1.9228880618401816,1.3399492690560406,-0.1000011100859549,3.96471291422232,-0.442861539657224,1.321143834184915
67.0,97.0,129.8837127685547,-0.0387396005425392,2.682225447735511,-4.115479380597832,-3.681445627110278,-1.9244833563466768,1.3399580598807128,-0.0977809306001005,3.963170214857519,-0.4425159128700108,1.3251554978291538
67.0,97.0,129.8837127685547,-0.0381877718237811,2.681269931177165,-4.115189659054024,-3.682085768835373,-1.9230510096111444,1.3398880451910875,-0.1009314762252844,3.963350996410638,-0.4439422476527043,1.324298345464992
67.0,97.0,129.8837127685547,-0.0384002585396789,2.6833374735761875,-4.114840701572381,-3.6792657394353134,-1.9273756396492987,1.3403166463881573,-0.0992610033129927,3.9610703876214375,-0.4447960528246611,1.3232434334994534
67.0,97.0,129.8837127685547,-0.0381328019135585,2.6843326087515296,-4.1158076832592405,-3.677663573512685,-1.9246571519067115,1.3399667605667585,-0.1003988303632348,3.962898718619855,-0.4420186213820374,1.3237076275845006
67.0,97.0,129.88372802734375,-0.0364562979673581,2.681942566488224,-4.115709077188916,-3.683316691518306,-1.923309269025863,1.3397195529115484,-0.1020936410265639,3.96605988046728,-0.4430883786376737,1.3247307896339595
67.0,97.0,129.88369750976562,-0.0383216637770437,2.6825741157856324,-4.114967170153109,-3.6780063208760607,-1.924454085840296,1.3404595116488414,-0.099584917212826,3.9638032536282113,-0.4437830930453497,1.3237113962040006
67.0,97.0,129.88369750976562,-0.0379767604336877,2.680744641094622,-4.114477853527157,-3.6801701846835897,-1.924400799866619,1.3404674448137248,-0.0999418297218291,3.9646977554076215,-0.4444012423801128,1.3236911002911962
67.0,97.0,129.8837890625,-0.0394980867490792,2.6815779431972406,-4.1168785301556445,-3.681698391991953,-1.924053272910574,1.344643452859574,-0.102118036465461,3.9601782968794073,-0.4377647591669585,1.3205051770918452
67.0,97.0,129.8837127685547,-0.0383509350901446,2.683554487520209,-4.115953943396876,-3.681901951725871,-1.9261615167160413,1.3404514303598298,-0.0981858539516293,3.9646197884157295,-0.4435979971944109,1.3237898428322616
67.0,97.0,129.8837127685547,-0.037476355132344,2.682172626972016,-4.115645931609416,-3.680766274823792,-1.928885529169185,1.342282826697018,-0.1009795477887777,3.962878858255472,-0.4430706955358025,1.3233830072043231
67.0,97.0,129.8837432861328,-0.0369536338520861,2.6834832434335314,-4.110732885483033,-3.682000754389392,-1.925332537745041,1.3390878274264857,-0.1028720403009698,3.963019664666001,-0.4423472748414462,1.3221376020935554
67.0,97.0,129.8837127685547,-0.0384252998416297,2.681579126856393,-4.114612552734227,-3.678070309738456,-1.924969723707814,1.3398621080830238,-0.0977854578789893,3.964028631331747,-0.4454669754503732,1.323824181317693
67.0,97.0,129.8837127685547,-0.035826022591529,2.6822769513337303,-4.115999273270378,-3.678277181655396,-1.924474960699424,1.3382035352213062,-0.1008936209737533,3.962766066999645,-0.4439527265953525,1.324028160841294
67.0,97.0,129.8837127685547,-0.0393439610213545,2.6830619422745308,-4.114604043222708,-3.680368689308013,-1.9229080885171144,1.340185094365083,-0.099360564882717,3.963476834582344,-0.4430568216979387,1.320904571426344
67.0,97.0,129.88369750976562,-0.0370319986549597,2.682141311654721,-4.11568919640137,-3.679601765843594,-1.9250876999733395,1.3398228311447469,-0.1004837490685165,3.964237534852891,-0.442657322459007,1.323574800022745
67.0,97.0,129.8837127685547,-0.039440911561131,2.6827624219451405,-4.11506458789672,-3.67771517912234,-1.923054557415951,1.3408032007476178,-0.0998097523654513,3.9640459894506095,-0.4421005376844662,1.323667740397074
67.0,97.0,129.8837127685547,-0.0371175704728505,2.6812182813530163,-4.114826148555521,-3.6814360671443898,-1.9272192972100608,1.3392384010451557,-0.0975537949860169,3.963685680076699,-0.4423936017161028,1.3207502023375437
67.0,97.0,129.88369750976562,-0.0375504977495809,2.682280533818246,-4.115233018272244,-3.679761393898062,-1.925012808213688,1.3408448440508045,-0.0991535257406458,3.963799535448471,-0.4426996479812786,1.32341862225405
67.0,97.0,129.8837127685547,-0.0353928620126881,2.684844982485186,-4.114734682919397,-3.6814192467957407,-1.9241976470811808,1.3403668723367224,-0.1000266563011459,3.964715904633412,-0.4442067176368913,1.324261404745758
67.0,97.0,129.88369750976562,-0.0375050067521598,2.682394795215691,-4.114718372567042,-3.678092981168621,-1.9258440914610253,1.3400083563894525,-0.099182553119151,3.966016159885976,-0.4438312502809411,1.3218137438897066
67.0,97.0,129.88369750976562,-0.0385790505121479,2.6829151465589978,-4.114800802167872,-3.680258446862143,-1.924409893497719,1.340273682270729,-0.0988903953142273,3.964274155720028,-0.443693939368691,1.324358976709781
67.0,97.0,129.8837432861328,-0.0355344562210709,2.683782431725752,-4.115852120430286,-3.678577342861878,-1.9247711492311568,1.3398814160798111,-0.099539944168275,3.960249914562009,-0.4443200508076993,1.326611069957088
67.0,97.0,129.8837127685547,-0.0383611265626394,2.683226787712788,-4.116181104027769,-3.679021207901581,-1.9237223788072124,1.3396867159900254,-0.0994498436116677,3.962246969983919,-0.4437140811166807,1.3235120612787594
67.0,97.0,129.88369750976562,-0.0379024272348933,2.681548237319513,-4.1147750510204935,-3.679808883893499,-1.9248620463978097,1.3398379650494014,-0.0992112748296654,3.963017815678836,-0.4424179299426491,1.3233375186841294
67.0,97.0,129.88369750976562,-0.0386119900478477,2.682502921158186,-4.115330536104988,-3.67922120648243,-1.924454899099244,1.3398214621333258,-0.0993185791376466,3.963886887649888,-0.4432911272000954,1.323338099550023
67.0,97.0,129.8837127685547,-0.0382654207234467,2.682587784029995,-4.116315727080707,-3.681914326747772,-1.925231346380788,1.3422989864010575,-0.0991434691892365,3.963637510711044,-0.4412507469254604,1.3238012034262578
67.0,97.0,129.8837432861328,-0.0394156227500661,2.683473023788846,-4.114948214059361,-3.680061502678603,-1.92384748258184,1.3379068697638432,-0.095617554709007,3.9617679793083935,-0.4438394755287239,1.3206344345300909
67.0,97.0,129.88377380371094,-0.0399577529350641,2.683951326737944,-4.11409128418014,-3.681289337371545,-1.924380755156704,1.3448717929242058,-0.0959637858982409,3.9596759122131417,-0.4415445670201363,1.3210377334526509
67.0,97.0,129.88372802734375,-0.0362153384817367,2.681257755810644,-4.113544440576583,-3.677401151108079,-1.9264857941235665,1.3452742254518384,-0.0991519989494779,3.963544784964683,-0.4433816479193971,1.3213754393746568
67.0,97.0,129.88369750976562,-0.0362685215543273,2.6824785535414897,-4.115228802300194,-3.679666890710486,-1.924817154336768,1.3397913112986377,-0.0984104785689082,3.965220519508229,-0.4431274438343454,1.3229101875008091
67.0,97.0,129.88369750976562,-0.0375539125029723,2.683178260371717,-4.114369649219112,-3.679430716965344,-1.9246000535494767,1.3402022966892828,-0.0991060381317665,3.964045450719317,-0.4435850165156397,1.3232991003993002
67.0,97.0,129.8837127685547,-0.0377462765827165,2.682754760261481,-4.116597352360581,-3.6779847629580704,-1.9229277577136537,1.3396366035122156,-0.099180540659422,3.9640289350007456,-0.4424196705885159,1.322401396617004
67.0,97.0,129.88372802734375,-0.0385240802739117,2.682520263725102,-4.116452738309021,-3.6816578045096486,-1.922659790826508,1.3379690272498028,-0.0992496851246273,3.965568471344164,-0.4404655002580575,1.3242609064921975
67.0,97.0,129.88372802734375,-0.0397115361384038,2.6810012229809903,-4.115411750977208,-3.680511080146436,-1.9237603358232287,1.3390459794750922,-0.1015468177255758,3.960578124505437,-0.4429465258328998,1.3222910970389383
67.0,97.0,129.8837127685547,-0.0373124369483331,2.6832220960120865,-4.113181996335128,-3.677504397458089,-1.9245716965852515,1.3406701693576415,-0.0999274775733262,3.9623884098118025,-0.4438717998652259,1.3212801265643588
67.0,97.0,129.8837127685547,-0.038784764001843,2.6830760806192355,-4.1144142906365735,-3.679230887654037,-1.9236684373725577,1.3397723611962573,-0.1004453232558953,3.96449507471759,-0.4433890991455693,1.3207952825392046
67.0,97.0,129.8837127685547,-0.0386578386044009,2.681792082379526,-4.113890488837926,-3.681684017792104,-1.9252787872839097,1.3430143146070412,-0.0992688342947948,3.96335946169527,-0.443926599176121,1.3252273274882396
67.0,98.0,129.88523864746094,-0.0596526329804134,2.683819751674076,-4.114976038300658,-3.675596809843042,-1.9486727066397365,1.350738510447436,-0.0800930935342726,3.960787650904383,-0.449158128598436,1.3231185095361064
67.0,98.0,129.8837127685547,-0.0390624741841135,2.6833500180860588,-4.114207038504851,-3.678594862532497,-1.9248304854471967,1.3408691475849543,-0.0996418561712355,3.962054265880583,-0.4422969201386914,1.322950687968608
67.0,98.0,129.8837127685547,-0.038512631321084,2.682031424540229,-4.114820099304271,-3.677186148987121,-1.9248458133011512,1.3417066160210398,-0.0997871664703254,3.9665535968763006,-0.4441333499887892,1.3235751718190547
67.0,98.0,129.8837127685547,-0.0383018451630346,2.6825657222281154,-4.115490430001167,-3.682651472125516,-1.9231239052756093,1.340025079312943,-0.0984281458914428,3.964438100958562,-0.44245859712267,1.3243555689868682
67.0,98.0,129.8837127685547,-0.0369420673134079,2.682156759462516,-4.115233968800888,-3.681118528744986,-1.9241912649120807,1.3404944879605267,-0.1019006897305594,3.9629366710841913,-0.4428053176321996,1.3204831572845384
67.0,98.0,129.88369750976562,-0.0384394284723971,2.682975909148543,-4.114785849651962,-3.679239009035948,-1.9244454601702328,1.3399968271028857,-0.0992974966139006,3.9634126109169294,-0.4438348749963561,1.323728487499586
67.0,98.0,129.8837127685547,-0.0374892122458527,2.679457956822444,-4.115658211530698,-3.679870501501175,-1.9253536741192203,1.3399267165796034,-0.0984157724586413,3.963521263595336,-0.4453723617493761,1.3227355831122436
67.0,98.0,129.88369750976562,-0.0377454066103169,2.6825043046280004,-4.114788089707397,-3.679652743106941,-1.9244710726958925,1.340134709603629,-0.1004671214614538,3.9636188560680137,-0.4424447477359667,1.3231665976907154
67.0,98.0,129.88372802734375,-0.0413638328436621,2.68253667942558,-4.115538437909974,-3.680554187800771,-1.926196002556992,1.343223210668956,-0.1000168620530084,3.964448367182789,-0.4446670472232056,1.322383790710638
67.0,98.0,129.8837127685547,-0.037892110508682,2.6821359067353567,-4.115512312219881,-3.6795903565284767,-1.9252708498230648,1.3415193577507107,-0.0969607874607883,3.9641777212132654,-0.4436096646493943,1.320873907684612
67.0,98.0,129.88372802734375,-0.0394621301185116,2.681895405253066,-4.114145708257508,-3.679763424109368,-1.9241594048150383,1.339448483367928,-0.1004818458329689,3.960899682402396,-0.4429053430792187,1.3234053496158238
67.0,98.0,129.8837127685547,-0.0382216203829373,2.683077874438732,-4.117909061696708,-3.679519726936688,-1.923129919465451,1.339975724934507,-0.0994967729842343,3.963449567865349,-0.4438356221459683,1.3237498201827038
67.0,98.0,129.8837127685547,-0.0394954936172463,2.6825188067322765,-4.115058265340832,-3.681510634642686,-1.9228880618401816,1.3399492690560406,-0.1000011100859549,3.96471291422232,-0.442861539657224,1.321143834184915
67.0,98.0,129.8837127685547,-0.0387396005425392,2.682225447735511,-4.115479380597832,-3.681445627110278,-1.9244833563466768,1.3399580598807128,-0.0977809306001005,3.963170214857519,-0.4425159128700108,1.3251554978291538
67.0,98.0,129.8837127685547,-0.0381877718237811,2.681269931177165,-4.115189659054024,-3.682085768835373,-1.9230510096111444,1.3398880451910875,-0.1009314762252844,3.963350996410638,-0.4439422476527043,1.324298345464992
67.0,98.0,129.8837127685547,-0.0384002585396789,2.6833374735761875,-4.114840701572381,-3.6792657394353134,-1.9273756396492987,1.3403166463881573,-0.0992610033129927,3.9610703876214375,-0.4447960528246611,1.3232434334994534
67.0,98.0,129.8837127685547,-0.0381328019135585,2.6843326087515296,-4.1158076832592405,-3.677663573512685,-1.9246571519067115,1.3399667605667585,-0.1003988303632348,3.962898718619855,-0.4420186213820374,1.3237076275845006
67.0,98.0,129.88372802734375,-0.0364562979673581,2.681942566488224,-4.115709077188916,-3.683316691518306,-1.923309269025863,1.3397195529115484,-0.1020936410265639,3.96605988046728,-0.4430883786376737,1.3247307896339595
67.0,98.0,129.88369750976562,-0.0383216637770437,2.6825741157856324,-4.114967170153109,-3.6780063208760607,-1.924454085840296,1.3404595116488414,-0.099584917212826,3.9638032536282113,-0.4437830930453497,1.3237113962040006
67.0,98.0,129.88369750976562,-0.0379767604336877,2.680744641094622,-4.114477853527157,-3.6801701846835897,-1.924400799866619,1.3404674448137248,-0.0999418297218291,3.9646977554076215,-0.4444012423801128,1.3236911002911962
67.0,98.0,129.8837890625,-0.0394980867490792,2.6815779431972406,-4.1168785301556445,-3.681698391991953,-1.924053272910574,1.344643452859574,-0.102118036465461,3.9601782968794073,-0.4377647591669585,1.3205051770918452
67.0,98.0,129.8837127685547,-0.0383509350901446,2.683554487520209,-4.115953943396876,-3.681901951725871,-1.9261615167160413,1.3404514303598298,-0.0981858539516293,3.9646197884157295,-0.4435979971944109,1.3237898428322616
67.0,98.0,129.8837127685547,-0.037476355132344,2.682172626972016,-4.115645931609416,-3.680766274823792,-1.928885529169185,1.342282826697018,-0.1009795477887777,3.962878858255472,-0.4430706955358025,1.3233830072043231
67.0,98.0,129.8837432861328,-0.0369536338520861,2.6834832434335314,-4.110732885483033,-3.682000754389392,-1.925332537745041,1.3390878274264857,-0.1028720403009698,3.963019664666001,-0.4423472748414462,1.3221376020935554
67.0,98.0,129.8837127685547,-0.0384252998416297,2.681579126856393,-4.114612552734227,-3.678070309738456,-1.924969723707814,1.3398621080830238,-0.0977854578789893,3.964028631331747,-0.4454669754503732,1.323824181317693
67.0,98.0,129.8837127685547,-0.035826022591529,2.6822769513337303,-4.115999273270378,-3.678277181655396,-1.924474960699424,1.3382035352213062,-0.1008936209737533,3.962766066999645,-0.4439527265953525,1.324028160841294
67.0,98.0,129.8837127685547,-0.0393439610213545,2.6830619422745308,-4.114604043222708,-3.680368689308013,-1.9229080885171144,1.340185094365083,-0.099360564882717,3.963476834582344,-0.4430568216979387,1.320904571426344
67.0,98.0,129.88369750976562,-0.0370319986549597,2.682141311654721,-4.11568919640137,-3.679601765843594,-1.9250876999733395,1.3398228311447469,-0.1004837490685165,3.964237534852891,-0.442657322459007,1.323574800022745
67.0,98.0,129.8837127685547,-0.039440911561131,2.6827624219451405,-4.11506458789672,-3.67771517912234,-1.923054557415951,1.3408032007476178,-0.0998097523654513,3.9640459894506095,-0.4421005376844662,1.323667740397074
67.0,98.0,129.8837127685547,-0.0371175704728505,2.6812182813530163,-4.114826148555521,-3.6814360671443898,-1.9272192972100608,1.3392384010451557,-0.0975537949860169,3.963685680076699,-0.4423936017161028,1.3207502023375437
67.0,98.0,129.88369750976562,-0.0375504977495809,2.682280533818246,-4.115233018272244,-3.679761393898062,-1.925012808213688,1.3408448440508045,-0.0991535257406458,3.963799535448471,-0.4426996479812786,1.32341862225405
67.0,98.0,129.8837127685547,-0.0353928620126881,2.684844982485186,-4.114734682919397,-3.6814192467957407,-1.9241976470811808,1.3403668723367224,-0.1000266563011459,3.964715904633412,-0.4442067176368913,1.324261404745758
67.0,98.0,129.88369750976562,-0.0375050067521598,2.682394795215691,-4.114718372567042,-3.678092981168621,-1.9258440914610253,1.3400083563894525,-0.099182553119151,3.966016159885976,-0.4438312502809411,1.3218137438897066
67.0,98.0,129.88369750976562,-0.0385790505121479,2.6829151465589978,-4.114800802167872,-3.680258446862143,-1.924409893497719,1.340273682270729,-0.0988903953142273,3.964274155720028,-0.443693939368691,1.324358976709781
67.0,98.0,129.8837127685547,-0.040081021944508,2.682819963051315,-4.11573450425536,-3.678341426705801,-1.924630774856719,1.34016865119305,-0.0990628554863062,3.961913568924301,-0.4445842110298229,1.3246566623141085
67.0,98.0,129.8837127685547,-0.0383611265626394,2.683226787712788,-4.116181104027769,-3.679021207901581,-1.9237223788072124,1.3396867159900254,-0.0994498436116677,3.962246969983919,-0.4437140811166807,1.3235120612787594
67.0,98.0,129.88369750976562,-0.0379024272348933,2.681548237319513,-4.1147750510204935,-3.679808883893499,-1.9248620463978097,1.3398379650494014,-0.0992112748296654,3.963017815678836,-0.4424179299426491,1.3233375186841294
67.0,98.0,129.88369750976562,-0.0386119900478477,2.682502921158186,-4.115330536104988,-3.67922120648243,-1.924454899099244,1.3398214621333258,-0.0993185791376466,3.963886887649888,-0.4432911272000954,1.323338099550023
67.0,98.0,129.8837127685547,-0.0382654207234467,2.682587784029995,-4.116315727080707,-3.681914326747772,-1.925231346380788,1.3422989864010575,-0.0991434691892365,3.963637510711044,-0.4412507469254604,1.3238012034262578
67.0,98.0,129.88372802734375,-0.0372493071296836,2.6835811253477293,-4.11483009960698,-3.683210262062379,-1.9242530702296667,1.3414787559455248,-0.1006364693587568,3.960701901053829,-0.4437922653436964,1.3219303259065798
67.0,98.0,129.88377380371094,-0.0399577529350641,2.683951326737944,-4.11409128418014,-3.681289337371545,-1.924380755156704,1.3448717929242058,-0.0959637858982409,3.9596759122131417,-0.4415445670201363,1.3210377334526509
67.0,98.0,129.88372802734375,-0.0362153384817367,2.681257755810644,-4.113544440576583,-3.677401151108079,-1.9264857941235665,1.3452742254518384,-0.0991519989494779,3.963544784964683,-0.4433816479193971,1.3213754393746568
67.0,98.0,129.88369750976562,-0.0362685215543273,2.6824785535414897,-4.115228802300194,-3.679666890710486,-1.924817154336768,1.3397913112986377,-0.0984104785689082,3.965220519508229,-0.4431274438343454,1.3229101875008091
67.0,98.0,129.88369750976562,-0.0375539125029723,2.683178260371717,-4.114369649219112,-3.679430716965344,-1.9246000535494767,1.3402022966892828,-0.0991060381317665,3.964045450719317,-0.4435850165156397,1.3232991003993002
67.0,98.0,129.8837127685547,-0.0377462765827165,2.682754760261481,-4.116597352360581,-3.6779847629580704,-1.9229277577136537,1.3396366035122156,-0.099180540659422,3.9640289350007456,-0.4424196705885159,1.322401396617004
67.0,98.0,129.88372802734375,-0.0385240802739117,2.682520263725102,-4.116452738309021,-3.6816578045096486,-1.922659790826508,1.3379690272498028,-0.0992496851246273,3.965568471344164,-0.4404655002580575,1.3242609064921975
67.0,98.0,129.88372802734375,-0.0397115361384038,2.6810012229809903,-4.115411750977208,-3.680511080146436,-1.9237603358232287,1.3390459794750922,-0.1015468177255758,3.960578124505437,-0.4429465258328998,1.3222910970389383
67.0,98.0,129.8837127685547,-0.0373124369483331,2.6832220960120865,-4.113181996335128,-3.677504397458089,-1.9245716965852515,1.3406701693576415,-0.0999274775733262,3.9623884098118025,-0.4438717998652259,1.3212801265643588
67.0,98.0,129.8837127685547,-0.038784764001843,2.6830760806192355,-4.1144142906365735,-3.679230887654037,-1.9236684373725577,1.3397723611962573,-0.1004453232558953,3.96449507471759,-0.4433890991455693,1.3207952825392046
67.0,98.0,129.8837127685547,-0.0386578386044009,2.681792082379526,-4.113890488837926,-3.681684017792104,-1.9252787872839097,1.3430143146070412,-0.0992688342947948,3.96335946169527,-0.443926599176121,1.3252273274882396
67.0,99.0,129.8846893310547,-0.0127997238452373,2.6828241336079657,-4.115494098991841,-3.679567828870913,-1.9330136560721043,1.3439671285681192,-0.0971561573715005,3.961064781923638,-0.4610323109575511,1.3228639830384905
67.0,99.0,129.8837127685547,-0.0390624741841135,2.6833500180860588,-4.114207038504851,-3.678594862532497,-1.9248304854471967,1.3408691475849543,-0.0996418561712355,3.962054265880583,-0.4422969201386914,1.322950687968608
67.0,99.0,129.8837127685547,-0.038512631321084,2.682031424540229,-4.114820099304271,-3.677186148987121,-1.9248458133011512,1.3417066160210398,-0.0997871664703254,3.9665535968763006,-0.4441333499887892,1.3235751718190547
67.0,99.0,129.8837127685547,-0.0383018451630346,2.6825657222281154,-4.115490430001167,-3.682651472125516,-1.9231239052756093,1.340025079312943,-0.0984281458914428,3.964438100958562,-0.44245859712267,1.3243555689868682
67.0,99.0,129.8837127685547,-0.0369420673134079,2.682156759462516,-4.115233968800888,-3.681118528744986,-1.9241912649120807,1.3404944879605267,-0.1019006897305594,3.9629366710841913,-0.4428053176321996,1.3204831572845384
67.0,99.0,129.88369750976562,-0.0384394284723971,2.682975909148543,-4.114785849651962,-3.679239009035948,-1.9244454601702328,1.3399968271028857,-0.0992974966139006,3.9634126109169294,-0.4438348749963561,1.323728487499586
67.0,99.0,129.8837127685547,-0.0374892122458527,2.679457956822444,-4.115658211530698,-3.679870501501175,-1.9253536741192203,1.3399267165796034,-0.0984157724586413,3.963521263595336,-0.4453723617493761,1.3227355831122436
67.0,99.0,129.88369750976562,-0.0377454066103169,2.6825043046280004,-4.114788089707397,-3.679652743106941,-1.9244710726958925,1.340134709603629,-0.1004671214614538,3.9636188560680137,-0.4424447477359667,1.3231665976907154
67.0,99.0,129.88372802734375,-0.0413638328436621,2.68253667942558,-4.115538437909974,-3.680554187800771,-1.926196002556992,1.343223210668956,-0.1000168620530084,3.964448367182789,-0.4446670472232056,1.322383790710638
67.0,99.0,129.8837127685547,-0.037892110508682,2.6821359067353567,-4.115512312219881,-3.6795903565284767,-1.9252708498230648,1.3415193577507107,-0.0969607874607883,3.9641777212132654,-0.4436096646493943,1.320873907684612
67.0,99.0,129.88372802734375,-0.0394621301185116,2.681895405253066,-4.114145708257508,-3.679763424109368,-1.9241594048150383,1.339448483367928,-0.1004818458329689,3.960899682402396,-0.4429053430792187,1.3234053496158238
67.0,99.0,129.88369750976562,-0.0382710782515905,2.682893249029939,-4.115279657961465,-3.6792257495786993,-1.924598940320268,1.340114582927606,-0.0982937747407807,3.963413311773425,-0.4438361054294831,1.3238186492275428
67.0,99.0,129.8837127685547,-0.0394954936172463,2.6825188067322765,-4.115058265340832,-3.681510634642686,-1.9228880618401816,1.3399492690560406,-0.1000011100859549,3.96471291422232,-0.442861539657224,1.321143834184915
67.0,99.0,129.8837127685547,-0.0387396005425392,2.682225447735511,-4.115479380597832,-3.681445627110278,-1.9244833563466768,1.3399580598807128,-0.0977809306001005,3.963170214857519,-0.4425159128700108,1.3251554978291538
67.0,99.0,129.8837127685547,-0.0381877718237811,2.681269931177165,-4.115189659054024,-3.682085768835373,-1.9230510096111444,1.3398880451910875,-0.1009314762252844,3.963350996410638,-0.4439422476527043,1.324298345464992
67.0,99.0,129.88369750976562,-0.038409736125438,2.683223324443615,-4.114847609240932,-3.679415568245977,-1.9254956460903945,1.339956890140793,-0.0993767820110977,3.96545346379171,-0.4440833734044859,1.3235641918682983
67.0,99.0,129.8837127685547,-0.0381328019135585,2.6843326087515296,-4.1158076832592405,-3.677663573512685,-1.9246571519067115,1.3399667605667585,-0.1003988303632348,3.962898718619855,-0.4420186213820374,1.3237076275845006
67.0,99.0,129.88372802734375,-0.0364562979673581,2.681942566488224,-4.115709077188916,-3.683316691518306,-1.923309269025863,1.3397195529115484,-0.1020936410265639,3.96605988046728,-0.4430883786376737,1.3247307896339595
67.0,99.0,129.88369750976562,-0.0383216637770437,2.6825741157856324,-4.114967170153109,-3.6780063208760607,-1.924454085840296,1.3404595116488414,-0.099584917212826,3.9638032536282113,-0.4437830930453497,1.3237113962040006
67.0,99.0,129.88369750976562,-0.0379767604336877,2.680744641094622,-4.114477853527157,-3.6801701846835897,-1.924400799866619,1.3404674448137248,-0.0999418297218291,3.9646977554076215,-0.4444012423801128,1.3236911002911962
67.0,99.0,129.8837890625,-0.0394980867490792,2.6815779431972406,-4.1168785301556445,-3.681698391991953,-1.924053272910574,1.344643452859574,-0.102118036465461,3.9601782968794073,-0.4377647591669585,1.3205051770918452
67.0,99.0,129.8837127685547,-0.0383509350901446,2.683554487520209,-4.115953943396876,-3.681901951725871,-1.9261615167160413,1.3404514303598298,-0.0981858539516293,3.9646197884157295,-0.4435979971944109,1.3237898428322616
67.0,99.0,129.8837127685547,-0.037476355132344,2.682172626972016,-4.115645931609416,-3.680766274823792,-1.928885529169185,1.342282826697018,-0.1009795477887777,3.962878858255472,-0.4430706955358025,1.3233830072043231
67.0,99.0,129.8837432861328,-0.0369536338520861,2.6834832434335314,-4.110732885483033,-3.682000754389392,-1.925332537745041,1.3390878274264857,-0.1028720403009698,3.963019664666001,-0.4423472748414462,1.3221376020935554
67.0,99.0,129.8837127685547,-0.0384252998416297,2.681579126856393,-4.114612552734227,-3.678070309738456,-1.924969723707814,1.3398621080830238,-0.0977854578789893,3.964028631331747,-0.4454669754503732,1.323824181317693
67.0,99.0,129.8837127685547,-0.035826022591529,2.6822769513337303,-4.115999273270378,-3.678277181655396,-1.924474960699424,1.3382035352213062,-0.1008936209737533,3.962766066999645,-0.4439527265953525,1.324028160841294
67.0,99.0,129.8837127685547,-0.0393439610213545,2.6830619422745308,-4.114604043222708,-3.680368689308013,-1.9229080885171144,1.340185094365083,-0.099360564882717,3.963476834582344,-0.4430568216979387,1.320904571426344
67.0,99.0,129.88369750976562,-0.0370319986549597,2.682141311654721,-4.11568919640137,-3.679601765843594,-1.9250876999733395,1.3398228311447469,-0.1004837490685165,3.964237534852891,-0.442657322459007,1.323574800022745
67.0,99.0,129.8837127685547,-0.039440911561131,2.6827624219451405,-4.11506458789672,-3.67771517912234,-1.923054557415951,1.3408032007476178,-0.0998097523654513,3.9640459894506095,-0.4421005376844662,1.323667740397074
67.0,99.0,129.8837127685547,-0.0371175704728505,2.6812182813530163,-4.114826148555521,-3.6814360671443898,-1.9272192972100608,1.3392384010451557,-0.0975537949860169,3.963685680076699,-0.4423936017161028,1.3207502023375437
67.0,99.0,129.88369750976562,-0.0375504977495809,2.682280533818246,-4.115233018272244,-3.679761393898062,-1.925012808213688,1.3408448440508045,-0.0991535257406458,3.963799535448471,-0.4426996479812786,1.32341862225405
67.0,99.0,129.8837127685547,-0.0353928620126881,2.684844982485186,-4.114734682919397,-3.6814192467957407,-1.9241976470811808,1.3403668723367224,-0.1000266563011459,3.964715904633412,-0.4442067176368913,1.324261404745758
67.0,99.0,129.88369750976562,-0.0375050067521598,2.682394795215691,-4.114718372567042,-3.678092981168621,-1.9258440914610253,1.3400083563894525,-0.099182553119151,3.966016159885976,-0.4438312502809411,1.3218137438897066
67.0,99.0,129.88369750976562,-0.0385790505121479,2.6829151465589978,-4.114800802167872,-3.680258446862143,-1.924409893497719,1.340273682270729,-0.0988903953142273,3.964274155720028,-0.443693939368691,1.324358976709781
67.0,99.0,129.8837127685547,-0.040081021944508,2.682819963051315,-4.11573450425536,-3.678341426705801,-1.924630774856719,1.34016865119305,-0.0990628554863062,3.961913568924301,-0.4445842110298229,1.3246566623141085
67.0,99.0,129.8837127685547,-0.0383611265626394,2.683226787712788,-4.116181104027769,-3.679021207901581,-1.9237223788072124,1.3396867159900254,-0.0994498436116677,3.962246969983919,-0.4437140811166807,1.3235120612787594
67.0,99.0,129.88369750976562,-0.0379024272348933,2.681548237319513,-4.1147750510204935,-3.679808883893499,-1.9248620463978097,1.3398379650494014,-0.0992112748296654,3.963017815678836,-0.4424179299426491,1.3233375186841294
67.0,99.0,129.88369750976562,-0.0386119900478477,2.682502921158186,-4.115330536104988,-3.67922120648243,-1.924454899099244,1.3398214621333258,-0.0993185791376466,3.963886887649888,-0.4432911272000954,1.323338099550023
67.0,99.0,129.8837127685547,-0.0382654207234467,2.682587784029995,-4.116315727080707,-3.681914326747772,-1.925231346380788,1.3422989864010575,-0.0991434691892365,3.963637510711044,-0.4412507469254604,1.3238012034262578
67.0,99.0,129.88372802734375,-0.0372493071296836,2.6835811253477293,-4.11483009960698,-3.683210262062379,-1.9242530702296667,1.3414787559455248,-0.1006364693587568,3.960701901053829,-0.4437922653436964,1.3219303259065798
67.0,99.0,129.88375854492188,-0.0403022041478573,2.6839099598226857,-4.115090210334905,-3.678787434817099,-1.92443771322359,1.3430802952923162,-0.1034907158068248,3.959706847969554,-0.444727094001652,1.322566039143506
67.0,99.0,129.88372802734375,-0.0362153384817367,2.681257755810644,-4.113544440576583,-3.677401151108079,-1.9264857941235665,1.3452742254518384,-0.0991519989494779,3.963544784964683,-0.4433816479193971,1.3213754393746568
67.0,99.0,129.88369750976562,-0.0362685215543273,2.6824785535414897,-4.115228802300194,-3.679666890710486,-1.924817154336768,1.3397913112986377,-0.0984104785689082,3.965220519508229,-0.4431274438343454,1.3229101875008091
67.0,99.0,129.88369750976562,-0.0375539125029723,2.683178260371717,-4.114369649219112,-3.679430716965344,-1.9246000535494767,1.3402022966892828,-0.0991060381317665,3.964045450719317,-0.4435850165156397,1.3232991003993002
67.0,99.0,129.8837127685547,-0.0377462765827165,2.682754760261481,-4.116597352360581,-3.6779847629580704,-1.9229277577136537,1.3396366035122156,-0.099180540659422,3.9640289350007456,-0.4424196705885159,1.322401396617004
67.0,99.0,129.88372802734375,-0.0385240802739117,2.682520263725102,-4.116452738309021,-3.6816578045096486,-1.922659790826508,1.3379690272498028,-0.0992496851246273,3.965568471344164,-0.4404655002580575,1.3242609064921975
67.0,99.0,129.88372802734375,-0.0397115361384038,2.6810012229809903,-4.115411750977208,-3.680511080146436,-1.9237603358232287,1.3390459794750922,-0.1015468177255758,3.960578124505437,-0.4429465258328998,1.3222910970389383
67.0,99.0,129.8837127685547,-0.0373124369483331,2.6832220960120865,-4.113181996335128,-3.677504397458089,-1.9245716965852515,1.3406701693576415,-0.0999274775733262,3.9623884098118025,-0.4438717998652259,1.3212801265643588
67.0,99.0,129.8837127685547,-0.038784764001843,2.6830760806192355,-4.1144142906365735,-3.679230887654037,-1.9236684373725577,1.3397723611962573,-0.1004453232558953,3.96449507471759,-0.4433890991455693,1.3207952825392046
67.0,99.0,129.88369750976562,-0.0385026246801999,2.681902136710416,-4.116577281202409,-3.680540846948508,-1.92433206385908,1.3402460540770993,-0.099126385258616,3.9633692913641982,-0.4437405342625667,1.3232985721522927
67.0,100.0,129.8841552734375,-0.0175251625088388,2.6824044614389,-4.11455398610847,-3.680428788312626,-1.9205139582200328,1.343924510282495,-0.0944672657726614,3.962156429563085,-0.4446392061577687,1.3238919397458313
67.0,100.0,129.8837127685547,-0.0390624741841135,2.6833500180860588,-4.114207038504851,-3.678594862532497,-1.9248304854471967,1.3408691475849543,-0.0996418561712355,3.962054265880583,-0.4422969201386914,1.322950687968608
67.0,100.0,129.8837127685547,-0.038512631321084,2.682031424540229,-4.114820099304271,-3.677186148987121,-1.9248458133011512,1.3417066160210398,-0.0997871664703254,3.9665535968763006,-0.4441333499887892,1.3235751718190547
67.0,100.0,129.8837127685547,-0.0383018451630346,2.6825657222281154,-4.115490430001167,-3.682651472125516,-1.9231239052756093,1.340025079312943,-0.0984281458914428,3.964438100958562,-0.44245859712267,1.3243555689868682
67.0,100.0,129.8837127685547,-0.0369420673134079,2.682156759462516,-4.115233968800888,-3.681118528744986,-1.9241912649120807,1.3404944879605267,-0.1019006897305594,3.9629366710841913,-0.4428053176321996,1.3204831572845384
67.0,100.0,129.88369750976562,-0.0384394284723971,2.682975909148543,-4.114785849651962,-3.679239009035948,-1.9244454601702328,1.3399968271028857,-0.0992974966139006,3.9634126109169294,-0.4438348749963561,1.323728487499586
67.0,100.0,129.8837127685547,-0.0374892122458527,2.679457956822444,-4.115658211530698,-3.679870501501175,-1.9253536741192203,1.3399267165796034,-0.0984157724586413,3.963521263595336,-0.4453723617493761,1.3227355831122436
67.0,100.0,129.88369750976562,-0.0377454066103169,2.6825043046280004,-4.114788089707397,-3.679652743106941,-1.9244710726958925,1.340134709603629,-0.1004671214614538,3.9636188560680137,-0.4424447477359667,1.3231665976907154
67.0,100.0,129.88372802734375,-0.0413638328436621,2.68253667942558,-4.115538437909974,-3.680554187800771,-1.926196002556992,1.343223210668956,-0.1000168620530084,3.964448367182789,-0.4446670472232056,1.322383790710638
67.0,100.0,129.8837127685547,-0.037892110508682,2.6821359067353567,-4.115512312219881,-3.6795903565284767,-1.9252708498230648,1.3415193577507107,-0.0969607874607883,3.9641777212132654,-0.4436096646493943,1.320873907684612
67.0,100.0,129.88372802734375,-0.0394621301185116,2.681895405253066,-4.114145708257508,-3.679763424109368,-1.9241594048150383,1.339448483367928,-0.1004818458329689,3.960899682402396,-0.4429053430792187,1.3234053496158238
67.0,100.0,129.88369750976562,-0.0382710782515905,2.682893249029939,-4.115279657961465,-3.6792257495786993,-1.924598940320268,1.340114582927606,-0.0982937747407807,3.963413311773425,-0.4438361054294831,1.3238186492275428
67.0,100.0,129.8837127685547,-0.0394954936172463,2.6825188067322765,-4.115058265340832,-3.681510634642686,-1.9228880618401816,1.3399492690560406,-0.1000011100859549,3.96471291422232,-0.442861539657224,1.321143834184915
67.0,100.0,129.8837127685547,-0.0387396005425392,2.682225447735511,-4.115479380597832,-3.681445627110278,-1.9244833563466768,1.3399580598807128,-0.0977809306001005,3.963170214857519,-0.4425159128700108,1.3251554978291538
67.0,100.0,129.8837127685547,-0.0381877718237811,2.681269931177165,-4.115189659054024,-3.682085768835373,-1.9230510096111444,1.3398880451910875,-0.1009314762252844,3.963350996410638,-0.4439422476527043,1.324298345464992
67.0,100.0,129.88369750976562,-0.038409736125438,2.683223324443615,-4.114847609240932,-3.679415568245977,-1.9254956460903945,1.339956890140793,-0.0993767820110977,3.96545346379171,-0.4440833734044859,1.3235641918682983
67.0,100.0,129.8837127685547,-0.0381328019135585,2.6843326087515296,-4.1158076832592405,-3.677663573512685,-1.9246571519067115,1.3399667605667585,-0.1003988303632348,3.962898718619855,-0.4420186213820374,1.3237076275845006
67.0,100.0,129.88372802734375,-0.0364562979673581,2.681942566488224,-4.115709077188916,-3.683316691518306,-1.923309269025863,1.3397195529115484,-0.1020936410265639,3.96605988046728,-0.4430883786376737,1.3247307896339595
67.0,100.0,129.88369750976562,-0.0383216637770437,2.6825741157856324,-4.114967170153109,-3.6780063208760607,-1.924454085840296,1.3404595116488414,-0.099584917212826,3.9638032536282113,-0.4437830930453497,1.3237113962040006
67.0,100.0,129.88369750976562,-0.0379767604336877,2.680744641094622,-4.114477853527157,-3.6801701846835897,-1.924400799866619,1.3404674448137248,-0.0999418297218291,3.9646977554076215,-0.4444012423801128,1.3236911002911962
67.0,100.0,129.8837890625,-0.0394980867490792,2.6815779431972406,-4.1168785301556445,-3.681698391991953,-1.924053272910574,1.344643452859574,-0.102118036465461,3.9601782968794073,-0.4377647591669585,1.3205051770918452
67.0,100.0,129.8837127685547,-0.0383509350901446,2.683554487520209,-4.115953943396876,-3.681901951725871,-1.9261615167160413,1.3404514303598298,-0.0981858539516293,3.9646197884157295,-0.4435979971944109,1.3237898428322616
67.0,100.0,129.88369750976562,-0.0379627504806742,2.6821752792535305,-4.115112653936806,-3.679108163981376,-1.9271989799946387,1.3404670547282131,-0.0989285936155462,3.963762776092248,-0.4436037889685726,1.3234545198064809
67.0,100.0,129.8837432861328,-0.0369536338520861,2.6834832434335314,-4.110732885483033,-3.682000754389392,-1.925332537745041,1.3390878274264857,-0.1028720403009698,3.963019664666001,-0.4423472748414462,1.3221376020935554
67.0,100.0,129.8837127685547,-0.0384252998416297,2.681579126856393,-4.114612552734227,-3.678070309738456,-1.924969723707814,1.3398621080830238,-0.0977854578789893,3.964028631331747,-0.4454669754503732,1.323824181317693
67.0,100.0,129.8837127685547,-0.035826022591529,2.6822769513337303,-4.115999273270378,-3.678277181655396,-1.924474960699424,1.3382035352213062,-0.1008936209737533,3.962766066999645,-0.4439527265953525,1.324028160841294
67.0,100.0,129.8837127685547,-0.0393439610213545,2.6830619422745308,-4.114604043222708,-3.680368689308013,-1.9229080885171144,1.340185094365083,-0.099360564882717,3.963476834582344,-0.4430568216979387,1.320904571426344
67.0,100.0,129.88369750976562,-0.0370319986549597,2.682141311654721,-4.11568919640137,-3.679601765843594,-1.9250876999733395,1.3398228311447469,-0.1004837490685165,3.964237534852891,-0.442657322459007,1.323574800022745
67.0,100.0,129.8837127685547,-0.039440911561131,2.6827624219451405,-4.11506458789672,-3.67771517912234,-1.923054557415951,1.3408032007476178,-0.0998097523654513,3.9640459894506095,-0.4421005376844662,1.323667740397074
67.0,100.0,129.8837127685547,-0.0371175704728505,2.6812182813530163,-4.114826148555521,-3.6814360671443898,-1.9272192972100608,1.3392384010451557,-0.0975537949860169,3.963685680076699,-0.4423936017161028,1.3207502023375437
67.0,100.0,129.88369750976562,-0.0375504977495809,2.682280533818246,-4.115233018272244,-3.679761393898062,-1.925012808213688,1.3408448440508045,-0.0991535257406458,3.963799535448471,-0.4426996479812786,1.32341862225405
67.0,100.0,129.8837127685547,-0.0353928620126881,2.684844982485186,-4.114734682919397,-3.6814192467957407,-1.9241976470811808,1.3403668723367224,-0.1000266563011459,3.964715904633412,-0.4442067176368913,1.324261404745758
67.0,100.0,129.88369750976562,-0.0375050067521598,2.682394795215691,-4.114718372567042,-3.678092981168621,-1.9258440914610253,1.3400083563894525,-0.099182553119151,3.966016159885976,-0.4438312502809411,1.3218137438897066
67.0,100.0,129.88369750976562,-0.0385790505121479,2.6829151465589978,-4.114800802167872,-3.680258446862143,-1.924409893497719,1.340273682270729,-0.0988903953142273,3.964274155720028,-0.443693939368691,1.324358976709781
67.0,100.0,129.8837127685547,-0.040081021944508,2.682819963051315,-4.11573450425536,-3.678341426705801,-1.924630774856719,1.34016865119305,-0.0990628554863062,3.961913568924301,-0.4445842110298229,1.3246566623141085
67.0,100.0,129.8837127685547,-0.0383611265626394,2.683226787712788,-4.116181104027769,-3.679021207901581,-1.9237223788072124,1.3396867159900254,-0.0994498436116677,3.962246969983919,-0.4437140811166807,1.3235120612787594
67.0,100.0,129.88369750976562,-0.0379024272348933,2.681548237319513,-4.1147750510204935,-3.679808883893499,-1.9248620463978097,1.3398379650494014,-0.0992112748296654,3.963017815678836,-0.4424179299426491,1.3233375186841294
67.0,100.0,129.88369750976562,-0.0386119900478477,2.682502921158186,-4.115330536104988,-3.67922120648243,-1.924454899099244,1.3398214621333258,-0.0993185791376466,3.963886887649888,-0.4432911272000954,1.323338099550023
67.0,100.0,129.8837127685547,-0.0382654207234467,2.682587784029995,-4.116315727080707,-3.681914326747772,-1.925231346380788,1.3422989864010575,-0.0991434691892365,3.963637510711044,-0.4412507469254604,1.3238012034262578
67.0,100.0,129.88372802734375,-0.0372493071296836,2.6835811253477293,-4.11483009960698,-3.683210262062379,-1.9242530702296667,1.3414787559455248,-0.1006364693587568,3.960701901053829,-0.4437922653436964,1.3219303259065798
67.0,100.0,129.88375854492188,-0.0403022041478573,2.6839099598226857,-4.115090210334905,-3.678787434817099,-1.92443771322359,1.3430802952923162,-0.1034907158068248,3.959706847969554,-0.444727094001652,1.322566039143506
67.0,100.0,129.88372802734375,-0.0362153384817367,2.681257755810644,-4.113544440576583,-3.677401151108079,-1.9264857941235665,1.3452742254518384,-0.0991519989494779,3.963544784964683,-0.4433816479193971,1.3213754393746568
67.0,100.0,129.88369750976562,-0.0362685215543273,2.6824785535414897,-4.115228802300194,-3.679666890710486,-1.924817154336768,1.3397913112986377,-0.0984104785689082,3.965220519508229,-0.4431274438343454,1.3229101875008091
67.0,100.0,129.88369750976562,-0.0375539125029723,2.683178260371717,-4.114369649219112,-3.679430716965344,-1.9246000535494767,1.3402022966892828,-0.0991060381317665,3.964045450719317,-0.4435850165156397,1.3232991003993002
67.0,100.0,129.8837127685547,-0.0377462765827165,2.682754760261481,-4.116597352360581,-3.6779847629580704,-1.9229277577136537,1.3396366035122156,-0.099180540659422,3.9640289350007456,-0.4424196705885159,1.322401396617004
67.0,100.0,129.88372802734375,-0.0385240802739117,2.682520263725102,-4.116452738309021,-3.6816578045096486,-1.922659790826508,1.3379690272498028,-0.0992496851246273,3.965568471344164,-0.4404655002580575,1.3242609064921975
67.0,100.0,129.8837127685547,-0.038570402700159,2.6842286257227737,-4.114637589890693,-3.6774866275484746,-1.9245168707861933,1.3396716767725472,-0.0973820367857728,3.966176674350191,-0.4445492732623497,1.321640995502795
67.0,100.0,129.8837127685547,-0.0373124369483331,2.6832220960120865,-4.113181996335128,-3.677504397458089,-1.9245716965852515,1.3406701693576415,-0.0999274775733262,3.9623884098118025,-0.4438717998652259,1.3212801265643588
67.0,100.0,129.8837127685547,-0.038784764001843,2.6830760806192355,-4.1144142906365735,-3.679230887654037,-1.9236684373725577,1.3397723611962573,-0.1004453232558953,3.96449507471759,-0.4433890991455693,1.3207952825392046
67.0,100.0,129.88369750976562,-0.0385026246801999,2.681902136710416,-4.116577281202409,-3.680540846948508,-1.92433206385908,1.3402460540770993,-0.099126385258616,3.9633692913641982,-0.4437405342625667,1.3232985721522927
67.0,101.0,129.88394165039062,-0.0501768783294201,2.683193291092072,-4.114628898766918,-3.678928095165227,-1.924261531949804,1.3367647684844677,-0.0949133798670348,3.965492922112003,-0.4373911783231798,1.3242602764427822
67.0,101.0,129.8837127685547,-0.0390624741841135,2.6833500180860588,-4.114207038504851,-3.678594862532497,-1.9248304854471967,1.3408691475849543,-0.0996418561712355,3.962054265880583,-0.4422969201386914,1.322950687968608
67.0,101.0,129.8837127685547,-0.038512631321084,2.682031424540229,-4.114820099304271,-3.677186148987121,-1.9248458133011512,1.3417066160210398,-0.0997871664703254,3.9665535968763006,-0.4441333499887892,1.3235751718190547
67.0,101.0,129.8837127685547,-0.0383018451630346,2.6825657222281154,-4.115490430001167,-3.682651472125516,-1.9231239052756093,1.340025079312943,-0.0984281458914428,3.964438100958562,-0.44245859712267,1.3243555689868682
67.0,101.0,129.8837127685547,-0.0369420673134079,2.682156759462516,-4.115233968800888,-3.681118528744986,-1.9241912649120807,1.3404944879605267,-0.1019006897305594,3.9629366710841913,-0.4428053176321996,1.3204831572845384
67.0,101.0,129.88369750976562,-0.0384394284723971,2.682975909148543,-4.114785849651962,-3.679239009035948,-1.9244454601702328,1.3399968271028857,-0.0992974966139006,3.9634126109169294,-0.4438348749963561,1.323728487499586
67.0,101.0,129.8837127685547,-0.0374892122458527,2.679457956822444,-4.115658211530698,-3.679870501501175,-1.9253536741192203,1.3399267165796034,-0.0984157724586413,3.963521263595336,-0.4453723617493761,1.3227355831122436
67.0,101.0,129.88369750976562,-0.0377454066103169,2.6825043046280004,-4.114788089707397,-3.679652743106941,-1.9244710726958925,1.340134709603629,-0.1004671214614538,3.9636188560680137,-0.4424447477359667,1.3231665976907154
67.0,101.0,129.88372802734375,-0.0413638328436621,2.68253667942558,-4.115538437909974,-3.680554187800771,-1.926196002556992,1.343223210668956,-0.1000168620530084,3.964448367182789,-0.4446670472232056,1.322383790710638
67.0,101.0,129.8837127685547,-0.037892110508682,2.6821359067353567,-4.115512312219881,-3.6795903565284767,-1.9252708498230648,1.3415193577507107,-0.0969607874607883,3.9641777212132654,-0.4436096646493943,1.320873907684612
67.0,101.0,129.88372802734375,-0.0394621301185116,2.681895405253066,-4.114145708257508,-3.679763424109368,-1.9241594048150383,1.339448483367928,-0.1004818458329689,3.960899682402396,-0.4429053430792187,1.3234053496158238
67.0,101.0,129.88369750976562,-0.0382710782515905,2.682893249029939,-4.115279657961465,-3.6792257495786993,-1.924598940320268,1.340114582927606,-0.0982937747407807,3.963413311773425,-0.4438361054294831,1.3238186492275428
67.0,101.0,129.8837127685547,-0.0394954936172463,2.6825188067322765,-4.115058265340832,-3.681510634642686,-1.9228880618401816,1.3399492690560406,-0.1000011100859549,3.96471291422232,-0.442861539657224,1.321143834184915
67.0,101.0,129.8837127685547,-0.0387396005425392,2.682225447735511,-4.115479380597832,-3.681445627110278,-1.9244833563466768,1.3399580598807128,-0.0977809306001005,3.963170214857519,-0.4425159128700108,1.3251554978291538
67.0,101.0,129.8837127685547,-0.0381877718237811,2.681269931177165,-4.115189659054024,-3.682085768835373,-1.9230510096111444,1.3398880451910875,-0.1009314762252844,3.963350996410638,-0.4439422476527043,1.324298345464992
67.0,101.0,129.88369750976562,-0.038409736125438,2.683223324443615,-4.114847609240932,-3.679415568245977,-1.9254956460903945,1.339956890140793,-0.0993767820110977,3.96545346379171,-0.4440833734044859,1.3235641918682983
67.0,101.0,129.8837127685547,-0.0381328019135585,2.6843326087515296,-4.1158076832592405,-3.677663573512685,-1.9246571519067115,1.3399667605667585,-0.1003988303632348,3.962898718619855,-0.4420186213820374,1.3237076275845006
67.0,101.0,129.88372802734375,-0.0364562979673581,2.681942566488224,-4.115709077188916,-3.683316691518306,-1.923309269025863,1.3397195529115484,-0.1020936410265639,3.96605988046728,-0.4430883786376737,1.3247307896339595
67.0,101.0,129.88369750976562,-0.0383216637770437,2.6825741157856324,-4.114967170153109,-3.6780063208760607,-1.924454085840296,1.3404595116488414,-0.099584917212826,3.9638032536282113,-0.4437830930453497,1.3237113962040006
67.0,101.0,129.88369750976562,-0.0379767604336877,2.680744641094622,-4.114477853527157,-3.6801701846835897,-1.924400799866619,1.3404674448137248,-0.0999418297218291,3.9646977554076215,-0.4444012423801128,1.3236911002911962
67.0,101.0,129.88375854492188,-0.0382380335941279,2.68212591736376,-4.1150790951159655,-3.678852805626707,-1.9247689044802672,1.3445832686788464,-0.1001984425304501,3.960751842003612,-0.4429232512338434,1.3288522195763397
67.0,101.0,129.8837127685547,-0.0383509350901446,2.683554487520209,-4.115953943396876,-3.681901951725871,-1.9261615167160413,1.3404514303598298,-0.0981858539516293,3.9646197884157295,-0.4435979971944109,1.3237898428322616
67.0,101.0,129.88369750976562,-0.0379627504806742,2.6821752792535305,-4.115112653936806,-3.679108163981376,-1.9271989799946387,1.3404670547282131,-0.0989285936155462,3.963762776092248,-0.4436037889685726,1.3234545198064809
67.0,101.0,129.8837432861328,-0.0369536338520861,2.6834832434335314,-4.110732885483033,-3.682000754389392,-1.925332537745041,1.3390878274264857,-0.1028720403009698,3.963019664666001,-0.4423472748414462,1.3221376020935554
67.0,101.0,129.8837127685547,-0.0384252998416297,2.681579126856393,-4.114612552734227,-3.678070309738456,-1.924969723707814,1.3398621080830238,-0.0977854578789893,3.964028631331747,-0.4454669754503732,1.323824181317693
67.0,101.0,129.8837127685547,-0.035826022591529,2.6822769513337303,-4.115999273270378,-3.678277181655396,-1.924474960699424,1.3382035352213062,-0.1008936209737533,3.962766066999645,-0.4439527265953525,1.324028160841294
67.0,101.0,129.8837127685547,-0.0393439610213545,2.6830619422745308,-4.114604043222708,-3.680368689308013,-1.9229080885171144,1.340185094365083,-0.099360564882717,3.963476834582344,-0.4430568216979387,1.320904571426344
67.0,101.0,129.88369750976562,-0.0370319986549597,2.682141311654721,-4.11568919640137,-3.679601765843594,-1.9250876999733395,1.3398228311447469,-0.1004837490685165,3.964237534852891,-0.442657322459007,1.323574800022745
67.0,101.0,129.8837127685547,-0.039440911561131,2.6827624219451405,-4.11506458789672,-3.67771517912234,-1.923054557415951,1.3408032007476178,-0.0998097523654513,3.9640459894506095,-0.4421005376844662,1.323667740397074
67.0,101.0,129.8837127685547,-0.0371175704728505,2.6812182813530163,-4.114826148555521,-3.6814360671443898,-1.9272192972100608,1.3392384010451557,-0.0975537949860169,3.963685680076699,-0.4423936017161028,1.3207502023375437
67.0,101.0,129.88369750976562,-0.0375504977495809,2.682280533818246,-4.115233018272244,-3.679761393898062,-1.925012808213688,1.3408448440508045,-0.0991535257406458,3.963799535448471,-0.4426996479812786,1.32341862225405
67.0,101.0,129.8837127685547,-0.0353928620126881,2.684844982485186,-4.114734682919397,-3.6814192467957407,-1.9241976470811808,1.3403668723367224,-0.1000266563011459,3.964715904633412,-0.4442067176368913,1.324261404745758
67.0,101.0,129.88369750976562,-0.0375050067521598,2.682394795215691,-4.114718372567042,-3.678092981168621,-1.9258440914610253,1.3400083563894525,-0.099182553119151,3.966016159885976,-0.4438312502809411,1.3218137438897066
67.0,101.0,129.88369750976562,-0.0385790505121479,2.6829151465589978,-4.114800802167872,-3.680258446862143,-1.924409893497719,1.340273682270729,-0.0988903953142273,3.964274155720028,-0.443693939368691,1.324358976709781
67.0,101.0,129.8837127685547,-0.040081021944508,2.682819963051315,-4.11573450425536,-3.678341426705801,-1.924630774856719,1.34016865119305,-0.0990628554863062,3.961913568924301,-0.4445842110298229,1.3246566623141085
67.0,101.0,129.8837127685547,-0.0383611265626394,2.683226787712788,-4.116181104027769,-3.679021207901581,-1.9237223788072124,1.3396867159900254,-0.0994498436116677,3.962246969983919,-0.4437140811166807,1.3235120612787594
67.0,101.0,129.88369750976562,-0.0379024272348933,2.681548237319513,-4.1147750510204935,-3.679808883893499,-1.9248620463978097,1.3398379650494014,-0.0992112748296654,3.963017815678836,-0.4424179299426491,1.3233375186841294
67.0,101.0,129.88369750976562,-0.0386119900478477,2.682502921158186,-4.115330536104988,-3.67922120648243,-1.924454899099244,1.3398214621333258,-0.0993185791376466,3.963886887649888,-0.4432911272000954,1.323338099550023
67.0,101.0,129.8837127685547,-0.0382654207234467,2.682587784029995,-4.116315727080707,-3.681914326747772,-1.925231346380788,1.3422989864010575,-0.0991434691892365,3.963637510711044,-0.4412507469254604,1.3238012034262578
67.0,101.0,129.88372802734375,-0.0372493071296836,2.6835811253477293,-4.11483009960698,-3.683210262062379,-1.9242530702296667,1.3414787559455248,-0.1006364693587568,3.960701901053829,-0.4437922653436964,1.3219303259065798
67.0,101.0,129.88372802734375,-0.0350546245292483,2.6840100397387574,-4.115186078775408,-3.6784284371023817,-1.924213360474176,1.3423635279505728,-0.0986068456071874,3.962180798938293,-0.4433990374837146,1.324684384219845
67.0,101.0,129.88372802734375,-0.0362153384817367,2.681257755810644,-4.113544440576583,-3.677401151108079,-1.9264857941235665,1.3452742254518384,-0.0991519989494779,3.963544784964683,-0.4433816479193971,1.3213754393746568
67.0,101.0,129.88369750976562,-0.0362685215543273,2.6824785535414897,-4.115228802300194,-3.679666890710486,-1.924817154336768,1.3397913112986377,-0.0984104785689082,3.965220519508229,-0.4431274438343454,1.3229101875008091
67.0,101.0,129.88369750976562,-0.0375539125029723,2.683178260371717,-4.114369649219112,-3.679430716965344,-1.9246000535494767,1.3402022966892828,-0.0991060381317665,3.964045450719317,-0.4435850165156397,1.3232991003993002
67.0,101.0,129.8837127685547,-0.0377462765827165,2.682754760261481,-4.116597352360581,-3.6779847629580704,-1.9229277577136537,1.3396366035122156,-0.099180540659422,3.9640289350007456,-0.4424196705885159,1.322401396617004
67.0,101.0,129.88372802734375,-0.0385240802739117,2.682520263725102,-4.116452738309021,-3.6816578045096486,-1.922659790826508,1.3379690272498028,-0.0992496851246273,3.965568471344164,-0.4404655002580575,1.3242609064921975
67.0,101.0,129.8837127685547,-0.038570402700159,2.6842286257227737,-4.114637589890693,-3.6774866275484746,-1.9245168707861933,1.3396716767725472,-0.0973820367857728,3.966176674350191,-0.4445492732623497,1.321640995502795
67.0,101.0,129.8837127685547,-0.0373124369483331,2.6832220960120865,-4.113181996335128,-3.677504397458089,-1.9245716965852515,1.3406701693576415,-0.0999274775733262,3.9623884098118025,-0.4438717998652259,1.3212801265643588
67.0,101.0,129.8837127685547,-0.038784764001843,2.6830760806192355,-4.1144142906365735,-3.679230887654037,-1.9236684373725577,1.3397723611962573,-0.1004453232558953,3.96449507471759,-0.4433890991455693,1.3207952825392046
67.0,101.0,129.88369750976562,-0.0385026246801999,2.681902136710416,-4.116577281202409,-3.680540846948508,-1.92433206385908,1.3402460540770993,-0.099126385258616,3.9633692913641982,-0.4437405342625667,1.3232985721522927
67.0,102.0,129.88375854492188,-0.0379812252583437,2.6830356097679244,-4.114971049913355,-3.678651242420181,-1.925844023622956,1.3350855028870203,-0.0963210419666689,3.9645398503086566,-0.4480751881151034,1.3231681711700995
67.0,102.0,129.8837127685547,-0.0390624741841135,2.6833500180860588,-4.114207038504851,-3.678594862532497,-1.9248304854471967,1.3408691475849543,-0.0996418561712355,3.962054265880583,-0.4422969201386914,1.322950687968608
67.0,102.0,129.8837127685547,-0.038512631321084,2.682031424540229,-4.114820099304271,-3.677186148987121,-1.9248458133011512,1.3417066160210398,-0.0997871664703254,3.9665535968763006,-0.4441333499887892,1.3235751718190547
67.0,102.0,129.8837127685547,-0.0383018451630346,2.6825657222281154,-4.115490430001167,-3.682651472125516,-1.9231239052756093,1.340025079312943,-0.0984281458914428,3.964438100958562,-0.44245859712267,1.3243555689868682
67.0,102.0,129.8837127685547,-0.0369420673134079,2.682156759462516,-4.115233968800888,-3.681118528744986,-1.9241912649120807,1.3404944879605267,-0.1019006897305594,3.9629366710841913,-0.4428053176321996,1.3204831572845384
67.0,102.0,129.88369750976562,-0.0384394284723971,2.682975909148543,-4.114785849651962,-3.679239009035948,-1.9244454601702328,1.3399968271028857,-0.0992974966139006,3.9634126109169294,-0.4438348749963561,1.323728487499586
67.0,102.0,129.8837127685547,-0.0374892122458527,2.679457956822444,-4.115658211530698,-3.679870501501175,-1.9253536741192203,1.3399267165796034,-0.0984157724586413,3.963521263595336,-0.4453723617493761,1.3227355831122436
67.0,102.0,129.88369750976562,-0.0377454066103169,2.6825043046280004,-4.114788089707397,-3.679652743106941,-1.9244710726958925,1.340134709603629,-0.1004671214614538,3.9636188560680137,-0.4424447477359667,1.3231665976907154
67.0,102.0,129.88372802734375,-0.0413638328436621,2.68253667942558,-4.115538437909974,-3.680554187800771,-1.926196002556992,1.343223210668956,-0.1000168620530084,3.964448367182789,-0.4446670472232056,1.322383790710638
67.0,102.0,129.8837127685547,-0.037892110508682,2.6821359067353567,-4.115512312219881,-3.6795903565284767,-1.9252708498230648,1.3415193577507107,-0.0969607874607883,3.9641777212132654,-0.4436096646493943,1.320873907684612
67.0,102.0,129.8837127685547,-0.0387592687899251,2.683731806449508,-4.114092612458598,-3.6795792145427946,-1.924096831627562,1.3412511457577658,-0.0968455852544062,3.96511616953184,-0.4430831079177866,1.3234908957073217
67.0,102.0,129.88369750976562,-0.0382710782515905,2.682893249029939,-4.115279657961465,-3.6792257495786993,-1.924598940320268,1.340114582927606,-0.0982937747407807,3.963413311773425,-0.4438361054294831,1.3238186492275428
67.0,102.0,129.8837127685547,-0.0394954936172463,2.6825188067322765,-4.115058265340832,-3.681510634642686,-1.9228880618401816,1.3399492690560406,-0.1000011100859549,3.96471291422232,-0.442861539657224,1.321143834184915
67.0,102.0,129.8837127685547,-0.0387396005425392,2.682225447735511,-4.115479380597832,-3.681445627110278,-1.9244833563466768,1.3399580598807128,-0.0977809306001005,3.963170214857519,-0.4425159128700108,1.3251554978291538
67.0,102.0,129.8837127685547,-0.0381877718237811,2.681269931177165,-4.115189659054024,-3.682085768835373,-1.9230510096111444,1.3398880451910875,-0.1009314762252844,3.963350996410638,-0.4439422476527043,1.324298345464992
67.0,102.0,129.88369750976562,-0.038409736125438,2.683223324443615,-4.114847609240932,-3.679415568245977,-1.9254956460903945,1.339956890140793,-0.0993767820110977,3.96545346379171,-0.4440833734044859,1.3235641918682983
67.0,102.0,129.8837127685547,-0.0381328019135585,2.6843326087515296,-4.1158076832592405,-3.677663573512685,-1.9246571519067115,1.3399667605667585,-0.1003988303632348,3.962898718619855,-0.4420186213820374,1.3237076275845006
67.0,102.0,129.88372802734375,-0.0364562979673581,2.681942566488224,-4.115709077188916,-3.683316691518306,-1.923309269025863,1.3397195529115484,-0.1020936410265639,3.96605988046728,-0.4430883786376737,1.3247307896339595
67.0,102.0,129.88369750976562,-0.0383216637770437,2.6825741157856324,-4.114967170153109,-3.6780063208760607,-1.924454085840296,1.3404595116488414,-0.099584917212826,3.9638032536282113,-0.4437830930453497,1.3237113962040006
67.0,102.0,129.88369750976562,-0.0379767604336877,2.680744641094622,-4.114477853527157,-3.6801701846835897,-1.924400799866619,1.3404674448137248,-0.0999418297218291,3.9646977554076215,-0.4444012423801128,1.3236911002911962
67.0,102.0,129.8837127685547,-0.0394642453231005,2.6822165907899134,-4.114074645352336,-3.6799137978066345,-1.9238931671670203,1.3420153525299825,-0.0998143531951303,3.9629751126011934,-0.4443550203742832,1.3235550677799133
67.0,102.0,129.88369750976562,-0.0383148729229902,2.6832796999404445,-4.116294179060572,-3.6793979513078847,-1.9250865185851764,1.340689295518906,-0.0983386555168854,3.963023765613142,-0.4436402091529069,1.323783064095721
67.0,102.0,129.88369750976562,-0.0379627504806742,2.6821752792535305,-4.115112653936806,-3.679108163981376,-1.9271989799946387,1.3404670547282131,-0.0989285936155462,3.963762776092248,-0.4436037889685726,1.3234545198064809
67.0,102.0,129.88372802734375,-0.036628926860701,2.682825972211923,-4.111001460815832,-3.67945773042295,-1.9255382277504465,1.339202409684747,-0.0984343052094942,3.964046487001061,-0.442773090479475,1.32441233633976
67.0,102.0,129.8837127685547,-0.0384252998416297,2.681579126856393,-4.114612552734227,-3.678070309738456,-1.924969723707814,1.3398621080830238,-0.0977854578789893,3.964028631331747,-0.4454669754503732,1.323824181317693
67.0,102.0,129.8837127685547,-0.035826022591529,2.6822769513337303,-4.115999273270378,-3.678277181655396,-1.924474960699424,1.3382035352213062,-0.1008936209737533,3.962766066999645,-0.4439527265953525,1.324028160841294
67.0,102.0,129.8837127685547,-0.0393439610213545,2.6830619422745308,-4.114604043222708,-3.680368689308013,-1.9229080885171144,1.340185094365083,-0.099360564882717,3.963476834582344,-0.4430568216979387,1.320904571426344
67.0,102.0,129.88369750976562,-0.0370319986549597,2.682141311654721,-4.11568919640137,-3.679601765843594,-1.9250876999733395,1.3398228311447469,-0.1004837490685165,3.964237534852891,-0.442657322459007,1.323574800022745
67.0,102.0,129.8837127685547,-0.039440911561131,2.6827624219451405,-4.11506458789672,-3.67771517912234,-1.923054557415951,1.3408032007476178,-0.0998097523654513,3.9640459894506095,-0.4421005376844662,1.323667740397074
67.0,102.0,129.8837127685547,-0.0371175704728505,2.6812182813530163,-4.114826148555521,-3.6814360671443898,-1.9272192972100608,1.3392384010451557,-0.0975537949860169,3.963685680076699,-0.4423936017161028,1.3207502023375437
67.0,102.0,129.88369750976562,-0.0375504977495809,2.682280533818246,-4.115233018272244,-3.679761393898062,-1.925012808213688,1.3408448440508045,-0.0991535257406458,3.963799535448471,-0.4426996479812786,1.32341862225405
67.0,102.0,129.8837127685547,-0.0353928620126881,2.684844982485186,-4.114734682919397,-3.6814192467957407,-1.9241976470811808,1.3403668723367224,-0.1000266563011459,3.964715904633412,-0.4442067176368913,1.324261404745758
67.0,102.0,129.88369750976562,-0.0375050067521598,2.682394795215691,-4.114718372567042,-3.678092981168621,-1.9258440914610253,1.3400083563894525,-0.099182553119151,3.966016159885976,-0.4438312502809411,1.3218137438897066
67.0,102.0,129.88369750976562,-0.0385790505121479,2.6829151465589978,-4.114800802167872,-3.680258446862143,-1.924409893497719,1.340273682270729,-0.0988903953142273,3.964274155720028,-0.443693939368691,1.324358976709781
67.0,102.0,129.8837127685547,-0.040081021944508,2.682819963051315,-4.11573450425536,-3.678341426705801,-1.924630774856719,1.34016865119305,-0.0990628554863062,3.961913568924301,-0.4445842110298229,1.3246566623141085
67.0,102.0,129.8837127685547,-0.0383611265626394,2.683226787712788,-4.116181104027769,-3.679021207901581,-1.9237223788072124,1.3396867159900254,-0.0994498436116677,3.962246969983919,-0.4437140811166807,1.3235120612787594
67.0,102.0,129.88369750976562,-0.0379024272348933,2.681548237319513,-4.1147750510204935,-3.679808883893499,-1.9248620463978097,1.3398379650494014,-0.0992112748296654,3.963017815678836,-0.4424179299426491,1.3233375186841294
67.0,102.0,129.88369750976562,-0.0386119900478477,2.682502921158186,-4.115330536104988,-3.67922120648243,-1.924454899099244,1.3398214621333258,-0.0993185791376466,3.963886887649888,-0.4432911272000954,1.323338099550023
67.0,102.0,129.8837127685547,-0.0382654207234467,2.682587784029995,-4.116315727080707,-3.681914326747772,-1.925231346380788,1.3422989864010575,-0.0991434691892365,3.963637510711044,-0.4412507469254604,1.3238012034262578
67.0,102.0,129.88372802734375,-0.0372493071296836,2.6835811253477293,-4.11483009960698,-3.683210262062379,-1.9242530702296667,1.3414787559455248,-0.1006364693587568,3.960701901053829,-0.4437922653436964,1.3219303259065798
67.0,102.0,129.8837127685547,-0.0402953351447162,2.682501347146836,-4.114831625898882,-3.679870905466797,-1.9244005796315184,1.3417195916924884,-0.0977250314486938,3.9617199380596126,-0.4433945229635566,1.3239598773444936
67.0,102.0,129.88372802734375,-0.0362153384817367,2.681257755810644,-4.113544440576583,-3.677401151108079,-1.9264857941235665,1.3452742254518384,-0.0991519989494779,3.963544784964683,-0.4433816479193971,1.3213754393746568
67.0,102.0,129.88369750976562,-0.0362685215543273,2.6824785535414897,-4.115228802300194,-3.679666890710486,-1.924817154336768,1.3397913112986377,-0.0984104785689082,3.965220519508229,-0.4431274438343454,1.3229101875008091
67.0,102.0,129.88369750976562,-0.0375539125029723,2.683178260371717,-4.114369649219112,-3.679430716965344,-1.9246000535494767,1.3402022966892828,-0.0991060381317665,3.964045450719317,-0.4435850165156397,1.3232991003993002
67.0,102.0,129.8837127685547,-0.0377462765827165,2.682754760261481,-4.116597352360581,-3.6779847629580704,-1.9229277577136537,1.3396366035122156,-0.099180540659422,3.9640289350007456,-0.4424196705885159,1.322401396617004
67.0,102.0,129.88372802734375,-0.0385240802739117,2.682520263725102,-4.116452738309021,-3.6816578045096486,-1.922659790826508,1.3379690272498028,-0.0992496851246273,3.965568471344164,-0.4404655002580575,1.3242609064921975
67.0,102.0,129.8837127685547,-0.038570402700159,2.6842286257227737,-4.114637589890693,-3.6774866275484746,-1.9245168707861933,1.3396716767725472,-0.0973820367857728,3.966176674350191,-0.4445492732623497,1.321640995502795
67.0,102.0,129.8837127685547,-0.0373124369483331,2.6832220960120865,-4.113181996335128,-3.677504397458089,-1.9245716965852515,1.3406701693576415,-0.0999274775733262,3.9623884098118025,-0.4438717998652259,1.3212801265643588
67.0,102.0,129.8837127685547,-0.038784764001843,2.6830760806192355,-4.1144142906365735,-3.679230887654037,-1.9236684373725577,1.3397723611962573,-0.1004453232558953,3.96449507471759,-0.4433890991455693,1.3207952825392046
67.0,102.0,129.88369750976562,-0.0385026246801999,2.681902136710416,-4.116577281202409,-3.680540846948508,-1.92433206385908,1.3402460540770993,-0.099126385258616,3.9633692913641982,-0.4437405342625667,1.3232985721522927
67.0,103.0,129.88372802734375,-0.0340661694082904,2.6829338414886976,-4.114959951118533,-3.678570733919637,-1.9260484068612689,1.3382989212693004,-0.0989222232929916,3.961988291545138,-0.4460531240543361,1.3234060221343855
67.0,103.0,129.8837127685547,-0.0390624741841135,2.6833500180860588,-4.114207038504851,-3.678594862532497,-1.9248304854471967,1.3408691475849543,-0.0996418561712355,3.962054265880583,-0.4422969201386914,1.322950687968608
67.0,103.0,129.8837127685547,-0.038512631321084,2.682031424540229,-4.114820099304271,-3.677186148987121,-1.9248458133011512,1.3417066160210398,-0.0997871664703254,3.9665535968763006,-0.4441333499887892,1.3235751718190547
67.0,103.0,129.8837127685547,-0.0383018451630346,2.6825657222281154,-4.115490430001167,-3.682651472125516,-1.9231239052756093,1.340025079312943,-0.0984281458914428,3.964438100958562,-0.44245859712267,1.3243555689868682
67.0,103.0,129.8837127685547,-0.0369420673134079,2.682156759462516,-4.115233968800888,-3.681118528744986,-1.9241912649120807,1.3404944879605267,-0.1019006897305594,3.9629366710841913,-0.4428053176321996,1.3204831572845384
67.0,103.0,129.88369750976562,-0.0384394284723971,2.682975909148543,-4.114785849651962,-3.679239009035948,-1.9244454601702328,1.3399968271028857,-0.0992974966139006,3.9634126109169294,-0.4438348749963561,1.323728487499586
67.0,103.0,129.8837127685547,-0.0374892122458527,2.679457956822444,-4.115658211530698,-3.679870501501175,-1.9253536741192203,1.3399267165796034,-0.0984157724586413,3.963521263595336,-0.4453723617493761,1.3227355831122436
67.0,103.0,129.88369750976562,-0.0377454066103169,2.6825043046280004,-4.114788089707397,-3.679652743106941,-1.9244710726958925,1.340134709603629,-0.1004671214614538,3.9636188560680137,-0.4424447477359667,1.3231665976907154
67.0,103.0,129.88372802734375,-0.0413638328436621,2.68253667942558,-4.115538437909974,-3.680554187800771,-1.926196002556992,1.343223210668956,-0.1000168620530084,3.964448367182789,-0.4446670472232056,1.322383790710638
67.0,103.0,129.8837127685547,-0.037892110508682,2.6821359067353567,-4.115512312219881,-3.6795903565284767,-1.9252708498230648,1.3415193577507107,-0.0969607874607883,3.9641777212132654,-0.4436096646493943,1.320873907684612
67.0,103.0,129.8837127685547,-0.0387592687899251,2.683731806449508,-4.114092612458598,-3.6795792145427946,-1.924096831627562,1.3412511457577658,-0.0968455852544062,3.96511616953184,-0.4430831079177866,1.3234908957073217
67.0,103.0,129.88369750976562,-0.0382710782515905,2.682893249029939,-4.115279657961465,-3.6792257495786993,-1.924598940320268,1.340114582927606,-0.0982937747407807,3.963413311773425,-0.4438361054294831,1.3238186492275428
67.0,103.0,129.8837127685547,-0.0394954936172463,2.6825188067322765,-4.115058265340832,-3.681510634642686,-1.9228880618401816,1.3399492690560406,-0.1000011100859549,3.96471291422232,-0.442861539657224,1.321143834184915
67.0,103.0,129.8837127685547,-0.0387396005425392,2.682225447735511,-4.115479380597832,-3.681445627110278,-1.9244833563466768,1.3399580598807128,-0.0977809306001005,3.963170214857519,-0.4425159128700108,1.3251554978291538
67.0,103.0,129.8837127685547,-0.0381877718237811,2.681269931177165,-4.115189659054024,-3.682085768835373,-1.9230510096111444,1.3398880451910875,-0.1009314762252844,3.963350996410638,-0.4439422476527043,1.324298345464992
67.0,103.0,129.88369750976562,-0.038409736125438,2.683223324443615,-4.114847609240932,-3.679415568245977,-1.9254956460903945,1.339956890140793,-0.0993767820110977,3.96545346379171,-0.4440833734044859,1.3235641918682983
67.0,103.0,129.8837127685547,-0.0381328019135585,2.6843326087515296,-4.1158076832592405,-3.677663573512685,-1.9246571519067115,1.3399667605667585,-0.1003988303632348,3.962898718619855,-0.4420186213820374,1.3237076275845006
67.0,103.0,129.88372802734375,-0.0364562979673581,2.681942566488224,-4.115709077188916,-3.683316691518306,-1.923309269025863,1.3397195529115484,-0.1020936410265639,3.96605988046728,-0.4430883786376737,1.3247307896339595
67.0,103.0,129.88369750976562,-0.0383216637770437,2.6825741157856324,-4.114967170153109,-3.6780063208760607,-1.924454085840296,1.3404595116488414,-0.099584917212826,3.9638032536282113,-0.4437830930453497,1.3237113962040006
67.0,103.0,129.88369750976562,-0.0379767604336877,2.680744641094622,-4.114477853527157,-3.6801701846835897,-1.924400799866619,1.3404674448137248,-0.0999418297218291,3.9646977554076215,-0.4444012423801128,1.3236911002911962
67.0,103.0,129.8837127685547,-0.0394642453231005,2.6822165907899134,-4.114074645352336,-3.6799137978066345,-1.9238931671670203,1.3420153525299825,-0.0998143531951303,3.9629751126011934,-0.4443550203742832,1.3235550677799133
67.0,103.0,129.88369750976562,-0.0383148729229902,2.6832796999404445,-4.116294179060572,-3.6793979513078847,-1.9250865185851764,1.340689295518906,-0.0983386555168854,3.963023765613142,-0.4436402091529069,1.323783064095721
67.0,103.0,129.88369750976562,-0.0379627504806742,2.6821752792535305,-4.115112653936806,-3.679108163981376,-1.9271989799946387,1.3404670547282131,-0.0989285936155462,3.963762776092248,-0.4436037889685726,1.3234545198064809
67.0,103.0,129.88372802734375,-0.036628926860701,2.682825972211923,-4.111001460815832,-3.67945773042295,-1.9255382277504465,1.339202409684747,-0.0984343052094942,3.964046487001061,-0.442773090479475,1.32441233633976
67.0,103.0,129.8837127685547,-0.0384252998416297,2.681579126856393,-4.114612552734227,-3.678070309738456,-1.924969723707814,1.3398621080830238,-0.0977854578789893,3.964028631331747,-0.4454669754503732,1.323824181317693
67.0,103.0,129.88369750976562,-0.0381150873514049,2.682542042709517,-4.114430642239843,-3.678878579382245,-1.9244999050184943,1.3406975087022637,-0.0999938618507068,3.963198803446204,-0.4438787615061223,1.3237429493033557
67.0,103.0,129.8837127685547,-0.0393439610213545,2.6830619422745308,-4.114604043222708,-3.680368689308013,-1.9229080885171144,1.340185094365083,-0.099360564882717,3.963476834582344,-0.4430568216979387,1.320904571426344
67.0,103.0,129.88369750976562,-0.0370319986549597,2.682141311654721,-4.11568919640137,-3.679601765843594,-1.9250876999733395,1.3398228311447469,-0.1004837490685165,3.964237534852891,-0.442657322459007,1.323574800022745
67.0,103.0,129.8837127685547,-0.039440911561131,2.6827624219451405,-4.11506458789672,-3.67771517912234,-1.923054557415951,1.3408032007476178,-0.0998097523654513,3.9640459894506095,-0.4421005376844662,1.323667740397074
67.0,103.0,129.8837127685547,-0.0371175704728505,2.6812182813530163,-4.114826148555521,-3.6814360671443898,-1.9272192972100608,1.3392384010451557,-0.0975537949860169,3.963685680076699,-0.4423936017161028,1.3207502023375437
67.0,103.0,129.88369750976562,-0.0375504977495809,2.682280533818246,-4.115233018272244,-3.679761393898062,-1.925012808213688,1.3408448440508045,-0.0991535257406458,3.963799535448471,-0.4426996479812786,1.32341862225405
67.0,103.0,129.8837127685547,-0.0353928620126881,2.684844982485186,-4.114734682919397,-3.6814192467957407,-1.9241976470811808,1.3403668723367224,-0.1000266563011459,3.964715904633412,-0.4442067176368913,1.324261404745758
67.0,103.0,129.88369750976562,-0.0375050067521598,2.682394795215691,-4.114718372567042,-3.678092981168621,-1.9258440914610253,1.3400083563894525,-0.099182553119151,3.966016159885976,-0.4438312502809411,1.3218137438897066
67.0,103.0,129.88369750976562,-0.0385790505121479,2.6829151465589978,-4.114800802167872,-3.680258446862143,-1.924409893497719,1.340273682270729,-0.0988903953142273,3.964274155720028,-0.443693939368691,1.324358976709781
67.0,103.0,129.8837127685547,-0.040081021944508,2.682819963051315,-4.11573450425536,-3.678341426705801,-1.924630774856719,1.34016865119305,-0.0990628554863062,3.961913568924301,-0.4445842110298229,1.3246566623141085
67.0,103.0,129.8837127685547,-0.0383611265626394,2.683226787712788,-4.116181104027769,-3.679021207901581,-1.9237223788072124,1.3396867159900254,-0.0994498436116677,3.962246969983919,-0.4437140811166807,1.3235120612787594
67.0,103.0,129.88369750976562,-0.0379024272348933,2.681548237319513,-4.1147750510204935,-3.679808883893499,-1.9248620463978097,1.3398379650494014,-0.0992112748296654,3.963017815678836,-0.4424179299426491,1.3233375186841294
67.0,103.0,129.88369750976562,-0.0386119900478477,2.682502921158186,-4.115330536104988,-3.67922120648243,-1.924454899099244,1.3398214621333258,-0.0993185791376466,3.963886887649888,-0.4432911272000954,1.323338099550023
67.0,103.0,129.8837127685547,-0.0382654207234467,2.682587784029995,-4.116315727080707,-3.681914326747772,-1.925231346380788,1.3422989864010575,-0.0991434691892365,3.963637510711044,-0.4412507469254604,1.3238012034262578
67.0,103.0,129.88372802734375,-0.0372493071296836,2.6835811253477293,-4.11483009960698,-3.683210262062379,-1.9242530702296667,1.3414787559455248,-0.1006364693587568,3.960701901053829,-0.4437922653436964,1.3219303259065798
67.0,103.0,129.8837127685547,-0.0402953351447162,2.682501347146836,-4.114831625898882,-3.679870905466797,-1.9244005796315184,1.3417195916924884,-0.0977250314486938,3.9617199380596126,-0.4433945229635566,1.3239598773444936
67.0,103.0,129.88372802734375,-0.0362153384817367,2.681257755810644,-4.113544440576583,-3.677401151108079,-1.9264857941235665,1.3452742254518384,-0.0991519989494779,3.963544784964683,-0.4433816479193971,1.3213754393746568
67.0,103.0,129.88369750976562,-0.0362685215543273,2.6824785535414897,-4.115228802300194,-3.679666890710486,-1.924817154336768,1.3397913112986377,-0.0984104785689082,3.965220519508229,-0.4431274438343454,1.3229101875008091
67.0,103.0,129.88369750976562,-0.0375539125029723,2.683178260371717,-4.114369649219112,-3.679430716965344,-1.9246000535494767,1.3402022966892828,-0.0991060381317665,3.964045450719317,-0.4435850165156397,1.3232991003993002
67.0,103.0,129.8837127685547,-0.0377462765827165,2.682754760261481,-4.116597352360581,-3.6779847629580704,-1.9229277577136537,1.3396366035122156,-0.099180540659422,3.9640289350007456,-0.4424196705885159,1.322401396617004
67.0,103.0,129.88372802734375,-0.0385240802739117,2.682520263725102,-4.116452738309021,-3.6816578045096486,-1.922659790826508,1.3379690272498028,-0.0992496851246273,3.965568471344164,-0.4404655002580575,1.3242609064921975
67.0,103.0,129.8837127685547,-0.038570402700159,2.6842286257227737,-4.114637589890693,-3.6774866275484746,-1.9245168707861933,1.3396716767725472,-0.0973820367857728,3.966176674350191,-0.4445492732623497,1.321640995502795
67.0,103.0,129.8837127685547,-0.0373124369483331,2.6832220960120865,-4.113181996335128,-3.677504397458089,-1.9245716965852515,1.3406701693576415,-0.0999274775733262,3.9623884098118025,-0.4438717998652259,1.3212801265643588
67.0,103.0,129.8837127685547,-0.038784764001843,2.6830760806192355,-4.1144142906365735,-3.679230887654037,-1.9236684373725577,1.3397723611962573,-0.1004453232558953,3.96449507471759,-0.4433890991455693,1.3207952825392046
67.0,103.0,129.88369750976562,-0.0385026246801999,2.681902136710416,-4.116577281202409,-3.680540846948508,-1.92433206385908,1.3402460540770993,-0.099126385258616,3.9633692913641982,-0.4437405342625667,1.3232985721522927
67.0,104.0,129.88372802734375,-0.0340661694082904,2.6829338414886976,-4.114959951118533,-3.678570733919637,-1.9260484068612689,1.3382989212693004,-0.0989222232929916,3.961988291545138,-0.4460531240543361,1.3234060221343855
67.0,104.0,129.8837127685547,-0.0390624741841135,2.6833500180860588,-4.114207038504851,-3.678594862532497,-1.9248304854471967,1.3408691475849543,-0.0996418561712355,3.962054265880583,-0.4422969201386914,1.322950687968608
67.0,104.0,129.8837127685547,-0.038512631321084,2.682031424540229,-4.114820099304271,-3.677186148987121,-1.9248458133011512,1.3417066160210398,-0.0997871664703254,3.9665535968763006,-0.4441333499887892,1.3235751718190547
67.0,104.0,129.8837127685547,-0.0383018451630346,2.6825657222281154,-4.115490430001167,-3.682651472125516,-1.9231239052756093,1.340025079312943,-0.0984281458914428,3.964438100958562,-0.44245859712267,1.3243555689868682
67.0,104.0,129.8837127685547,-0.0369420673134079,2.682156759462516,-4.115233968800888,-3.681118528744986,-1.9241912649120807,1.3404944879605267,-0.1019006897305594,3.9629366710841913,-0.4428053176321996,1.3204831572845384
67.0,104.0,129.88369750976562,-0.0384394284723971,2.682975909148543,-4.114785849651962,-3.679239009035948,-1.9244454601702328,1.3399968271028857,-0.0992974966139006,3.9634126109169294,-0.4438348749963561,1.323728487499586
67.0,104.0,129.8837127685547,-0.0374892122458527,2.679457956822444,-4.115658211530698,-3.679870501501175,-1.9253536741192203,1.3399267165796034,-0.0984157724586413,3.963521263595336,-0.4453723617493761,1.3227355831122436
67.0,104.0,129.88369750976562,-0.0377454066103169,2.6825043046280004,-4.114788089707397,-3.679652743106941,-1.9244710726958925,1.340134709603629,-0.1004671214614538,3.9636188560680137,-0.4424447477359667,1.3231665976907154
67.0,104.0,129.88372802734375,-0.0413638328436621,2.68253667942558,-4.115538437909974,-3.680554187800771,-1.926196002556992,1.343223210668956,-0.1000168620530084,3.964448367182789,-0.4446670472232056,1.322383790710638
67.0,104.0,129.8837127685547,-0.037892110508682,2.6821359067353567,-4.115512312219881,-3.6795903565284767,-1.9252708498230648,1.3415193577507107,-0.0969607874607883,3.9641777212132654,-0.4436096646493943,1.320873907684612
67.0,104.0,129.8837127685547,-0.0387592687899251,2.683731806449508,-4.114092612458598,-3.6795792145427946,-1.924096831627562,1.3412511457577658,-0.0968455852544062,3.96511616953184,-0.4430831079177866,1.3234908957073217
67.0,104.0,129.88369750976562,-0.0382710782515905,2.682893249029939,-4.115279657961465,-3.6792257495786993,-1.924598940320268,1.340114582927606,-0.0982937747407807,3.963413311773425,-0.4438361054294831,1.3238186492275428
67.0,104.0,129.8837127685547,-0.0394954936172463,2.6825188067322765,-4.115058265340832,-3.681510634642686,-1.9228880618401816,1.3399492690560406,-0.1000011100859549,3.96471291422232,-0.442861539657224,1.321143834184915
67.0,104.0,129.8837127685547,-0.0387396005425392,2.682225447735511,-4.115479380597832,-3.681445627110278,-1.9244833563466768,1.3399580598807128,-0.0977809306001005,3.963170214857519,-0.4425159128700108,1.3251554978291538
67.0,104.0,129.8837127685547,-0.0381877718237811,2.681269931177165,-4.115189659054024,-3.682085768835373,-1.9230510096111444,1.3398880451910875,-0.1009314762252844,3.963350996410638,-0.4439422476527043,1.324298345464992
67.0,104.0,129.88369750976562,-0.038409736125438,2.683223324443615,-4.114847609240932,-3.679415568245977,-1.9254956460903945,1.339956890140793,-0.0993767820110977,3.96545346379171,-0.4440833734044859,1.3235641918682983
67.0,104.0,129.8837127685547,-0.0381328019135585,2.6843326087515296,-4.1158076832592405,-3.677663573512685,-1.9246571519067115,1.3399667605667585,-0.1003988303632348,3.962898718619855,-0.4420186213820374,1.3237076275845006
67.0,104.0,129.88372802734375,-0.0364562979673581,2.681942566488224,-4.115709077188916,-3.683316691518306,-1.923309269025863,1.3397195529115484,-0.1020936410265639,3.96605988046728,-0.4430883786376737,1.3247307896339595
67.0,104.0,129.88369750976562,-0.0383216637770437,2.6825741157856324,-4.114967170153109,-3.6780063208760607,-1.924454085840296,1.3404595116488414,-0.099584917212826,3.9638032536282113,-0.4437830930453497,1.3237113962040006
67.0,104.0,129.88369750976562,-0.0379767604336877,2.680744641094622,-4.114477853527157,-3.6801701846835897,-1.924400799866619,1.3404674448137248,-0.0999418297218291,3.9646977554076215,-0.4444012423801128,1.3236911002911962
67.0,104.0,129.8837127685547,-0.0394642453231005,2.6822165907899134,-4.114074645352336,-3.6799137978066345,-1.9238931671670203,1.3420153525299825,-0.0998143531951303,3.9629751126011934,-0.4443550203742832,1.3235550677799133
67.0,104.0,129.88369750976562,-0.0383148729229902,2.6832796999404445,-4.116294179060572,-3.6793979513078847,-1.9250865185851764,1.340689295518906,-0.0983386555168854,3.963023765613142,-0.4436402091529069,1.323783064095721
67.0,104.0,129.88369750976562,-0.0379627504806742,2.6821752792535305,-4.115112653936806,-3.679108163981376,-1.9271989799946387,1.3404670547282131,-0.0989285936155462,3.963762776092248,-0.4436037889685726,1.3234545198064809
67.0,104.0,129.8837127685547,-0.0394247546860561,2.68289069218586,-4.1135772234484085,-3.679928595984282,-1.923815193580224,1.3407847479919772,-0.1005923852938616,3.9640062383497088,-0.4433419564600773,1.324441524183235
67.0,104.0,129.8837127685547,-0.0384252998416297,2.681579126856393,-4.114612552734227,-3.678070309738456,-1.924969723707814,1.3398621080830238,-0.0977854578789893,3.964028631331747,-0.4454669754503732,1.323824181317693
67.0,104.0,129.88369750976562,-0.0381150873514049,2.682542042709517,-4.114430642239843,-3.678878579382245,-1.9244999050184943,1.3406975087022637,-0.0999938618507068,3.963198803446204,-0.4438787615061223,1.3237429493033557
67.0,104.0,129.8837127685547,-0.0393439610213545,2.6830619422745308,-4.114604043222708,-3.680368689308013,-1.9229080885171144,1.340185094365083,-0.099360564882717,3.963476834582344,-0.4430568216979387,1.320904571426344
67.0,104.0,129.88369750976562,-0.0370319986549597,2.682141311654721,-4.11568919640137,-3.679601765843594,-1.9250876999733395,1.3398228311447469,-0.1004837490685165,3.964237534852891,-0.442657322459007,1.323574800022745
67.0,104.0,129.8837127685547,-0.039440911561131,2.6827624219451405,-4.11506458789672,-3.67771517912234,-1.923054557415951,1.3408032007476178,-0.0998097523654513,3.9640459894506095,-0.4421005376844662,1.323667740397074
67.0,104.0,129.8837127685547,-0.0371175704728505,2.6812182813530163,-4.114826148555521,-3.6814360671443898,-1.9272192972100608,1.3392384010451557,-0.0975537949860169,3.963685680076699,-0.4423936017161028,1.3207502023375437
67.0,104.0,129.88369750976562,-0.0375504977495809,2.682280533818246,-4.115233018272244,-3.679761393898062,-1.925012808213688,1.3408448440508045,-0.0991535257406458,3.963799535448471,-0.4426996479812786,1.32341862225405
67.0,104.0,129.8837127685547,-0.0353928620126881,2.684844982485186,-4.114734682919397,-3.6814192467957407,-1.9241976470811808,1.3403668723367224,-0.1000266563011459,3.964715904633412,-0.4442067176368913,1.324261404745758
67.0,104.0,129.88369750976562,-0.0375050067521598,2.682394795215691,-4.114718372567042,-3.678092981168621,-1.9258440914610253,1.3400083563894525,-0.099182553119151,3.966016159885976,-0.4438312502809411,1.3218137438897066
67.0,104.0,129.88369750976562,-0.0385790505121479,2.6829151465589978,-4.114800802167872,-3.680258446862143,-1.924409893497719,1.340273682270729,-0.0988903953142273,3.964274155720028,-0.443693939368691,1.324358976709781
67.0,104.0,129.8837127685547,-0.040081021944508,2.682819963051315,-4.11573450425536,-3.678341426705801,-1.924630774856719,1.34016865119305,-0.0990628554863062,3.961913568924301,-0.4445842110298229,1.3246566623141085
67.0,104.0,129.8837127685547,-0.0383611265626394,2.683226787712788,-4.116181104027769,-3.679021207901581,-1.9237223788072124,1.3396867159900254,-0.0994498436116677,3.962246969983919,-0.4437140811166807,1.3235120612787594
67.0,104.0,129.88369750976562,-0.0379024272348933,2.681548237319513,-4.1147750510204935,-3.679808883893499,-1.9248620463978097,1.3398379650494014,-0.0992112748296654,3.963017815678836,-0.4424179299426491,1.3233375186841294
67.0,104.0,129.88369750976562,-0.0386119900478477,2.682502921158186,-4.115330536104988,-3.67922120648243,-1.924454899099244,1.3398214621333258,-0.0993185791376466,3.963886887649888,-0.4432911272000954,1.323338099550023
67.0,104.0,129.8837127685547,-0.0382654207234467,2.682587784029995,-4.116315727080707,-3.681914326747772,-1.925231346380788,1.3422989864010575,-0.0991434691892365,3.963637510711044,-0.4412507469254604,1.3238012034262578
67.0,104.0,129.8837127685547,-0.0364560768668281,2.682721714580719,-4.114610761576856,-3.678669844667728,-1.923656373058044,1.34280432953933,-0.0980165365981388,3.961914111739603,-0.443794010845197,1.3223327511473926
67.0,104.0,129.8837127685547,-0.0402953351447162,2.682501347146836,-4.114831625898882,-3.679870905466797,-1.9244005796315184,1.3417195916924884,-0.0977250314486938,3.9617199380596126,-0.4433945229635566,1.3239598773444936
67.0,104.0,129.88372802734375,-0.0362153384817367,2.681257755810644,-4.113544440576583,-3.677401151108079,-1.9264857941235665,1.3452742254518384,-0.0991519989494779,3.963544784964683,-0.4433816479193971,1.3213754393746568
67.0,104.0,129.88369750976562,-0.0362685215543273,2.6824785535414897,-4.115228802300194,-3.679666890710486,-1.924817154336768,1.3397913112986377,-0.0984104785689082,3.965220519508229,-0.4431274438343454,1.3229101875008091
67.0,104.0,129.88369750976562,-0.0375539125029723,2.683178260371717,-4.114369649219112,-3.679430716965344,-1.9246000535494767,1.3402022966892828,-0.0991060381317665,3.964045450719317,-0.4435850165156397,1.3232991003993002
67.0,104.0,129.8837127685547,-0.0377462765827165,2.682754760261481,-4.116597352360581,-3.6779847629580704,-1.9229277577136537,1.3396366035122156,-0.099180540659422,3.9640289350007456,-0.4424196705885159,1.322401396617004
67.0,104.0,129.88372802734375,-0.0385240802739117,2.682520263725102,-4.116452738309021,-3.6816578045096486,-1.922659790826508,1.3379690272498028,-0.0992496851246273,3.965568471344164,-0.4404655002580575,1.3242609064921975
67.0,104.0,129.8837127685547,-0.038570402700159,2.6842286257227737,-4.114637589890693,-3.6774866275484746,-1.9245168707861933,1.3396716767725472,-0.0973820367857728,3.966176674350191,-0.4445492732623497,1.321640995502795
67.0,104.0,129.8837127685547,-0.0373124369483331,2.6832220960120865,-4.113181996335128,-3.677504397458089,-1.9245716965852515,1.3406701693576415,-0.0999274775733262,3.9623884098118025,-0.4438717998652259,1.3212801265643588
67.0,104.0,129.8837127685547,-0.038784764001843,2.6830760806192355,-4.1144142906365735,-3.679230887654037,-1.9236684373725577,1.3397723611962573,-0.1004453232558953,3.96449507471759,-0.4433890991455693,1.3207952825392046
67.0,104.0,129.88369750976562,-0.0385026246801999,2.681902136710416,-4.116577281202409,-3.680540846948508,-1.92433206385908,1.3402460540770993,-0.099126385258616,3.9633692913641982,-0.4437405342625667,1.3232985721522927
67.0,105.0,129.88372802734375,-0.0340661694082904,2.6829338414886976,-4.114959951118533,-3.678570733919637,-1.9260484068612689,1.3382989212693004,-0.0989222232929916,3.961988291545138,-0.4460531240543361,1.3234060221343855
67.0,105.0,129.8837127685547,-0.0390624741841135,2.6833500180860588,-4.114207038504851,-3.678594862532497,-1.9248304854471967,1.3408691475849543,-0.0996418561712355,3.962054265880583,-0.4422969201386914,1.322950687968608
67.0,105.0,129.8837127685547,-0.038512631321084,2.682031424540229,-4.114820099304271,-3.677186148987121,-1.9248458133011512,1.3417066160210398,-0.0997871664703254,3.9665535968763006,-0.4441333499887892,1.3235751718190547
67.0,105.0,129.8837127685547,-0.0383018451630346,2.6825657222281154,-4.115490430001167,-3.682651472125516,-1.9231239052756093,1.340025079312943,-0.0984281458914428,3.964438100958562,-0.44245859712267,1.3243555689868682
67.0,105.0,129.8837127685547,-0.0369420673134079,2.682156759462516,-4.115233968800888,-3.681118528744986,-1.9241912649120807,1.3404944879605267,-0.1019006897305594,3.9629366710841913,-0.4428053176321996,1.3204831572845384
67.0,105.0,129.88369750976562,-0.0384394284723971,2.682975909148543,-4.114785849651962,-3.679239009035948,-1.9244454601702328,1.3399968271028857,-0.0992974966139006,3.9634126109169294,-0.4438348749963561,1.323728487499586
67.0,105.0,129.8837127685547,-0.0374892122458527,2.679457956822444,-4.115658211530698,-3.679870501501175,-1.9253536741192203,1.3399267165796034,-0.0984157724586413,3.963521263595336,-0.4453723617493761,1.3227355831122436
67.0,105.0,129.88369750976562,-0.0377454066103169,2.6825043046280004,-4.114788089707397,-3.679652743106941,-1.9244710726958925,1.340134709603629,-0.1004671214614538,3.9636188560680137,-0.4424447477359667,1.3231665976907154
67.0,105.0,129.8837127685547,-0.0362652747973755,2.6823901769844523,-4.116293217939296,-3.6782962831329993,-1.928995849366236,1.3427363674667676,-0.0986275656262325,3.964030074260883,-0.444997731679174,1.3229369289227255
67.0,105.0,129.8837127685547,-0.037892110508682,2.6821359067353567,-4.115512312219881,-3.6795903565284767,-1.9252708498230648,1.3415193577507107,-0.0969607874607883,3.9641777212132654,-0.4436096646493943,1.320873907684612
67.0,105.0,129.8837127685547,-0.0387592687899251,2.683731806449508,-4.114092612458598,-3.6795792145427946,-1.924096831627562,1.3412511457577658,-0.0968455852544062,3.96511616953184,-0.4430831079177866,1.3234908957073217
67.0,105.0,129.88369750976562,-0.0382710782515905,2.682893249029939,-4.115279657961465,-3.6792257495786993,-1.924598940320268,1.340114582927606,-0.0982937747407807,3.963413311773425,-0.4438361054294831,1.3238186492275428
67.0,105.0,129.8837127685547,-0.0394954936172463,2.6825188067322765,-4.115058265340832,-3.681510634642686,-1.9228880618401816,1.3399492690560406,-0.1000011100859549,3.96471291422232,-0.442861539657224,1.321143834184915
67.0,105.0,129.8837127685547,-0.0387396005425392,2.682225447735511,-4.115479380597832,-3.681445627110278,-1.9244833563466768,1.3399580598807128,-0.0977809306001005,3.963170214857519,-0.4425159128700108,1.3251554978291538
67.0,105.0,129.8837127685547,-0.0381877718237811,2.681269931177165,-4.115189659054024,-3.682085768835373,-1.9230510096111444,1.3398880451910875,-0.1009314762252844,3.963350996410638,-0.4439422476527043,1.324298345464992
67.0,105.0,129.88369750976562,-0.038409736125438,2.683223324443615,-4.114847609240932,-3.679415568245977,-1.9254956460903945,1.339956890140793,-0.0993767820110977,3.96545346379171,-0.4440833734044859,1.3235641918682983
67.0,105.0,129.8837127685547,-0.0381328019135585,2.6843326087515296,-4.1158076832592405,-3.677663573512685,-1.9246571519067115,1.3399667605667585,-0.1003988303632348,3.962898718619855,-0.4420186213820374,1.3237076275845006
67.0,105.0,129.88372802734375,-0.0364562979673581,2.681942566488224,-4.115709077188916,-3.683316691518306,-1.923309269025863,1.3397195529115484,-0.1020936410265639,3.96605988046728,-0.4430883786376737,1.3247307896339595
67.0,105.0,129.88369750976562,-0.0383216637770437,2.6825741157856324,-4.114967170153109,-3.6780063208760607,-1.924454085840296,1.3404595116488414,-0.099584917212826,3.9638032536282113,-0.4437830930453497,1.3237113962040006
67.0,105.0,129.88369750976562,-0.0379767604336877,2.680744641094622,-4.114477853527157,-3.6801701846835897,-1.924400799866619,1.3404674448137248,-0.0999418297218291,3.9646977554076215,-0.4444012423801128,1.3236911002911962
67.0,105.0,129.8837127685547,-0.0394642453231005,2.6822165907899134,-4.114074645352336,-3.6799137978066345,-1.9238931671670203,1.3420153525299825,-0.0998143531951303,3.9629751126011934,-0.4443550203742832,1.3235550677799133
67.0,105.0,129.88369750976562,-0.0383148729229902,2.6832796999404445,-4.116294179060572,-3.6793979513078847,-1.9250865185851764,1.340689295518906,-0.0983386555168854,3.963023765613142,-0.4436402091529069,1.323783064095721
67.0,105.0,129.88369750976562,-0.0379627504806742,2.6821752792535305,-4.115112653936806,-3.679108163981376,-1.9271989799946387,1.3404670547282131,-0.0989285936155462,3.963762776092248,-0.4436037889685726,1.3234545198064809
67.0,105.0,129.88369750976562,-0.0392187524807247,2.683054261908589,-4.114922136147859,-3.6795777604845856,-1.925288325593142,1.3412020927009516,-0.0999221139832497,3.9638507441902,-0.4441360716815598,1.3240769948011513
67.0,105.0,129.8837127685547,-0.0384252998416297,2.681579126856393,-4.114612552734227,-3.678070309738456,-1.924969723707814,1.3398621080830238,-0.0977854578789893,3.964028631331747,-0.4454669754503732,1.323824181317693
67.0,105.0,129.88369750976562,-0.0381150873514049,2.682542042709517,-4.114430642239843,-3.678878579382245,-1.9244999050184943,1.3406975087022637,-0.0999938618507068,3.963198803446204,-0.4438787615061223,1.3237429493033557
67.0,105.0,129.8837127685547,-0.0393439610213545,2.6830619422745308,-4.114604043222708,-3.680368689308013,-1.9229080885171144,1.340185094365083,-0.099360564882717,3.963476834582344,-0.4430568216979387,1.320904571426344
67.0,105.0,129.88369750976562,-0.0370319986549597,2.682141311654721,-4.11568919640137,-3.679601765843594,-1.9250876999733395,1.3398228311447469,-0.1004837490685165,3.964237534852891,-0.442657322459007,1.323574800022745
67.0,105.0,129.8837127685547,-0.039440911561131,2.6827624219451405,-4.11506458789672,-3.67771517912234,-1.923054557415951,1.3408032007476178,-0.0998097523654513,3.9640459894506095,-0.4421005376844662,1.323667740397074
67.0,105.0,129.8837127685547,-0.0371175704728505,2.6812182813530163,-4.114826148555521,-3.6814360671443898,-1.9272192972100608,1.3392384010451557,-0.0975537949860169,3.963685680076699,-0.4423936017161028,1.3207502023375437
67.0,105.0,129.88369750976562,-0.0375504977495809,2.682280533818246,-4.115233018272244,-3.679761393898062,-1.925012808213688,1.3408448440508045,-0.0991535257406458,3.963799535448471,-0.4426996479812786,1.32341862225405
67.0,105.0,129.8837127685547,-0.0353928620126881,2.684844982485186,-4.114734682919397,-3.6814192467957407,-1.9241976470811808,1.3403668723367224,-0.1000266563011459,3.964715904633412,-0.4442067176368913,1.324261404745758
67.0,105.0,129.88369750976562,-0.0375050067521598,2.682394795215691,-4.114718372567042,-3.678092981168621,-1.9258440914610253,1.3400083563894525,-0.099182553119151,3.966016159885976,-0.4438312502809411,1.3218137438897066
67.0,105.0,129.88369750976562,-0.0385790505121479,2.6829151465589978,-4.114800802167872,-3.680258446862143,-1.924409893497719,1.340273682270729,-0.0988903953142273,3.964274155720028,-0.443693939368691,1.324358976709781
67.0,105.0,129.8837127685547,-0.040081021944508,2.682819963051315,-4.11573450425536,-3.678341426705801,-1.924630774856719,1.34016865119305,-0.0990628554863062,3.961913568924301,-0.4445842110298229,1.3246566623141085
67.0,105.0,129.8837127685547,-0.0383611265626394,2.683226787712788,-4.116181104027769,-3.679021207901581,-1.9237223788072124,1.3396867159900254,-0.0994498436116677,3.962246969983919,-0.4437140811166807,1.3235120612787594
67.0,105.0,129.88369750976562,-0.0379024272348933,2.681548237319513,-4.1147750510204935,-3.679808883893499,-1.9248620463978097,1.3398379650494014,-0.0992112748296654,3.963017815678836,-0.4424179299426491,1.3233375186841294
67.0,105.0,129.88369750976562,-0.0386119900478477,2.682502921158186,-4.115330536104988,-3.67922120648243,-1.924454899099244,1.3398214621333258,-0.0993185791376466,3.963886887649888,-0.4432911272000954,1.323338099550023
67.0,105.0,129.8837127685547,-0.0382654207234467,2.682587784029995,-4.116315727080707,-3.681914326747772,-1.925231346380788,1.3422989864010575,-0.0991434691892365,3.963637510711044,-0.4412507469254604,1.3238012034262578
67.0,105.0,129.8837127685547,-0.0364560768668281,2.682721714580719,-4.114610761576856,-3.678669844667728,-1.923656373058044,1.34280432953933,-0.0980165365981388,3.961914111739603,-0.443794010845197,1.3223327511473926
67.0,105.0,129.8837127685547,-0.0402953351447162,2.682501347146836,-4.114831625898882,-3.679870905466797,-1.9244005796315184,1.3417195916924884,-0.0977250314486938,3.9617199380596126,-0.4433945229635566,1.3239598773444936
67.0,105.0,129.88372802734375,-0.0362153384817367,2.681257755810644,-4.113544440576583,-3.677401151108079,-1.9264857941235665,1.3452742254518384,-0.0991519989494779,3.963544784964683,-0.4433816479193971,1.3213754393746568
67.0,105.0,129.88369750976562,-0.0362685215543273,2.6824785535414897,-4.115228802300194,-3.679666890710486,-1.924817154336768,1.3397913112986377,-0.0984104785689082,3.965220519508229,-0.4431274438343454,1.3229101875008091
67.0,105.0,129.88369750976562,-0.0375539125029723,2.683178260371717,-4.114369649219112,-3.679430716965344,-1.9246000535494767,1.3402022966892828,-0.0991060381317665,3.964045450719317,-0.4435850165156397,1.3232991003993002
67.0,105.0,129.8837127685547,-0.0377462765827165,2.682754760261481,-4.116597352360581,-3.6779847629580704,-1.9229277577136537,1.3396366035122156,-0.099180540659422,3.9640289350007456,-0.4424196705885159,1.322401396617004
67.0,105.0,129.8837127685547,-0.0384557015208323,2.682627415337113,-4.1123587635104615,-3.680209406948144,-1.9237014243757844,1.34270171189778,-0.0991206517234278,3.9639897608437753,-0.4421421290146739,1.3241146792666707
67.0,105.0,129.8837127685547,-0.038570402700159,2.6842286257227737,-4.114637589890693,-3.6774866275484746,-1.9245168707861933,1.3396716767725472,-0.0973820367857728,3.966176674350191,-0.4445492732623497,1.321640995502795
67.0,105.0,129.8837127685547,-0.0373124369483331,2.6832220960120865,-4.113181996335128,-3.677504397458089,-1.9245716965852515,1.3406701693576415,-0.0999274775733262,3.9623884098118025,-0.4438717998652259,1.3212801265643588
67.0,105.0,129.8837127685547,-0.038784764001843,2.6830760806192355,-4.1144142906365735,-3.679230887654037,-1.9236684373725577,1.3397723611962573,-0.1004453232558953,3.96449507471759,-0.4433890991455693,1.3207952825392046
67.0,105.0,129.88369750976562,-0.0385026246801999,2.681902136710416,-4.116577281202409,-3.680540846948508,-1.92433206385908,1.3402460540770993,-0.099126385258616,3.9633692913641982,-0.4437405342625667,1.3232985721522927
67.0,106.0,129.88372802734375,-0.0340661694082904,2.6829338414886976,-4.114959951118533,-3.678570733919637,-1.9260484068612689,1.3382989212693004,-0.0989222232929916,3.961988291545138,-0.4460531240543361,1.3234060221343855
67.0,106.0,129.8837127685547,-0.0390624741841135,2.6833500180860588,-4.114207038504851,-3.678594862532497,-1.9248304854471967,1.3408691475849543,-0.0996418561712355,3.962054265880583,-0.4422969201386914,1.322950687968608
67.0,106.0,129.8837127685547,-0.038512631321084,2.682031424540229,-4.114820099304271,-3.677186148987121,-1.9248458133011512,1.3417066160210398,-0.0997871664703254,3.9665535968763006,-0.4441333499887892,1.3235751718190547
67.0,106.0,129.8837127685547,-0.0383018451630346,2.6825657222281154,-4.115490430001167,-3.682651472125516,-1.9231239052756093,1.340025079312943,-0.0984281458914428,3.964438100958562,-0.44245859712267,1.3243555689868682
67.0,106.0,129.8837127685547,-0.0369420673134079,2.682156759462516,-4.115233968800888,-3.681118528744986,-1.9241912649120807,1.3404944879605267,-0.1019006897305594,3.9629366710841913,-0.4428053176321996,1.3204831572845384
67.0,106.0,129.88369750976562,-0.0384394284723971,2.682975909148543,-4.114785849651962,-3.679239009035948,-1.9244454601702328,1.3399968271028857,-0.0992974966139006,3.9634126109169294,-0.4438348749963561,1.323728487499586
67.0,106.0,129.88369750976562,-0.0375151009923383,2.6815405326175563,-4.11492126820321,-3.678696413336605,-1.9248538354858755,1.3399425126041962,-0.0987835979778907,3.963714046279793,-0.4446811609730565,1.323395357397754
67.0,106.0,129.88369750976562,-0.0377454066103169,2.6825043046280004,-4.114788089707397,-3.679652743106941,-1.9244710726958925,1.340134709603629,-0.1004671214614538,3.9636188560680137,-0.4424447477359667,1.3231665976907154
67.0,106.0,129.8837127685547,-0.0362652747973755,2.6823901769844523,-4.116293217939296,-3.6782962831329993,-1.928995849366236,1.3427363674667676,-0.0986275656262325,3.964030074260883,-0.444997731679174,1.3229369289227255
67.0,106.0,129.8837127685547,-0.037892110508682,2.6821359067353567,-4.115512312219881,-3.6795903565284767,-1.9252708498230648,1.3415193577507107,-0.0969607874607883,3.9641777212132654,-0.4436096646493943,1.320873907684612
67.0,106.0,129.88369750976562,-0.0374471514184957,2.6830290313127803,-4.114093649499316,-3.679834210451842,-1.924097479454128,1.3403730799535918,-0.0989693227775162,3.9646815998637,-0.4441470635204132,1.3235251103658887
67.0,106.0,129.88369750976562,-0.0382710782515905,2.682893249029939,-4.115279657961465,-3.6792257495786993,-1.924598940320268,1.340114582927606,-0.0982937747407807,3.963413311773425,-0.4438361054294831,1.3238186492275428
67.0,106.0,129.8837127685547,-0.0394954936172463,2.6825188067322765,-4.115058265340832,-3.681510634642686,-1.9228880618401816,1.3399492690560406,-0.1000011100859549,3.96471291422232,-0.442861539657224,1.321143834184915
67.0,106.0,129.88369750976562,-0.0386743878574695,2.682514171969066,-4.114506661615946,-3.679438333994672,-1.9243521442453364,1.339783745789752,-0.0992489063510318,3.963839175972056,-0.4434921678817331,1.3240327725928551
67.0,106.0,129.8837127685547,-0.0381877718237811,2.681269931177165,-4.115189659054024,-3.682085768835373,-1.9230510096111444,1.3398880451910875,-0.1009314762252844,3.963350996410638,-0.4439422476527043,1.324298345464992
67.0,106.0,129.88369750976562,-0.038409736125438,2.683223324443615,-4.114847609240932,-3.679415568245977,-1.9254956460903945,1.339956890140793,-0.0993767820110977,3.96545346379171,-0.4440833734044859,1.3235641918682983
67.0,106.0,129.8837127685547,-0.0381328019135585,2.6843326087515296,-4.1158076832592405,-3.677663573512685,-1.9246571519067115,1.3399667605667585,-0.1003988303632348,3.962898718619855,-0.4420186213820374,1.3237076275845006
67.0,106.0,129.88372802734375,-0.0364562979673581,2.681942566488224,-4.115709077188916,-3.683316691518306,-1.923309269025863,1.3397195529115484,-0.1020936410265639,3.96605988046728,-0.4430883786376737,1.3247307896339595
67.0,106.0,129.88369750976562,-0.0383216637770437,2.6825741157856324,-4.114967170153109,-3.6780063208760607,-1.924454085840296,1.3404595116488414,-0.099584917212826,3.9638032536282113,-0.4437830930453497,1.3237113962040006
67.0,106.0,129.88369750976562,-0.0379767604336877,2.680744641094622,-4.114477853527157,-3.6801701846835897,-1.924400799866619,1.3404674448137248,-0.0999418297218291,3.9646977554076215,-0.4444012423801128,1.3236911002911962
67.0,106.0,129.8837127685547,-0.0394642453231005,2.6822165907899134,-4.114074645352336,-3.6799137978066345,-1.9238931671670203,1.3420153525299825,-0.0998143531951303,3.9629751126011934,-0.4443550203742832,1.3235550677799133
67.0,106.0,129.88369750976562,-0.0383148729229902,2.6832796999404445,-4.116294179060572,-3.6793979513078847,-1.9250865185851764,1.340689295518906,-0.0983386555168854,3.963023765613142,-0.4436402091529069,1.323783064095721
67.0,106.0,129.88369750976562,-0.0379627504806742,2.6821752792535305,-4.115112653936806,-3.679108163981376,-1.9271989799946387,1.3404670547282131,-0.0989285936155462,3.963762776092248,-0.4436037889685726,1.3234545198064809
67.0,106.0,129.88369750976562,-0.0392187524807247,2.683054261908589,-4.114922136147859,-3.6795777604845856,-1.925288325593142,1.3412020927009516,-0.0999221139832497,3.9638507441902,-0.4441360716815598,1.3240769948011513
67.0,106.0,129.8837127685547,-0.0384252998416297,2.681579126856393,-4.114612552734227,-3.678070309738456,-1.924969723707814,1.3398621080830238,-0.0977854578789893,3.964028631331747,-0.4454669754503732,1.323824181317693
67.0,106.0,129.88369750976562,-0.0381150873514049,2.682542042709517,-4.114430642239843,-3.678878579382245,-1.9244999050184943,1.3406975087022637,-0.0999938618507068,3.963198803446204,-0.4438787615061223,1.3237429493033557
67.0,106.0,129.8837127685547,-0.0393439610213545,2.6830619422745308,-4.114604043222708,-3.680368689308013,-1.9229080885171144,1.340185094365083,-0.099360564882717,3.963476834582344,-0.4430568216979387,1.320904571426344
67.0,106.0,129.88369750976562,-0.0370319986549597,2.682141311654721,-4.11568919640137,-3.679601765843594,-1.9250876999733395,1.3398228311447469,-0.1004837490685165,3.964237534852891,-0.442657322459007,1.323574800022745
67.0,106.0,129.8837127685547,-0.039440911561131,2.6827624219451405,-4.11506458789672,-3.67771517912234,-1.923054557415951,1.3408032007476178,-0.0998097523654513,3.9640459894506095,-0.4421005376844662,1.323667740397074
67.0,106.0,129.8837127685547,-0.0371175704728505,2.6812182813530163,-4.114826148555521,-3.6814360671443898,-1.9272192972100608,1.3392384010451557,-0.0975537949860169,3.963685680076699,-0.4423936017161028,1.3207502023375437
67.0,106.0,129.88369750976562,-0.0375504977495809,2.682280533818246,-4.115233018272244,-3.679761393898062,-1.925012808213688,1.3408448440508045,-0.0991535257406458,3.963799535448471,-0.4426996479812786,1.32341862225405
67.0,106.0,129.8837127685547,-0.0353928620126881,2.684844982485186,-4.114734682919397,-3.6814192467957407,-1.9241976470811808,1.3403668723367224,-0.1000266563011459,3.964715904633412,-0.4442067176368913,1.324261404745758
67.0,106.0,129.88369750976562,-0.0375050067521598,2.682394795215691,-4.114718372567042,-3.678092981168621,-1.9258440914610253,1.3400083563894525,-0.099182553119151,3.966016159885976,-0.4438312502809411,1.3218137438897066
67.0,106.0,129.88369750976562,-0.0385790505121479,2.6829151465589978,-4.114800802167872,-3.680258446862143,-1.924409893497719,1.340273682270729,-0.0988903953142273,3.964274155720028,-0.443693939368691,1.324358976709781
67.0,106.0,129.8837127685547,-0.040081021944508,2.682819963051315,-4.11573450425536,-3.678341426705801,-1.924630774856719,1.34016865119305,-0.0990628554863062,3.961913568924301,-0.4445842110298229,1.3246566623141085
67.0,106.0,129.8837127685547,-0.0383611265626394,2.683226787712788,-4.116181104027769,-3.679021207901581,-1.9237223788072124,1.3396867159900254,-0.0994498436116677,3.962246969983919,-0.4437140811166807,1.3235120612787594
67.0,106.0,129.88369750976562,-0.0379024272348933,2.681548237319513,-4.1147750510204935,-3.679808883893499,-1.9248620463978097,1.3398379650494014,-0.0992112748296654,3.963017815678836,-0.4424179299426491,1.3233375186841294
67.0,106.0,129.88369750976562,-0.0386119900478477,2.682502921158186,-4.115330536104988,-3.67922120648243,-1.924454899099244,1.3398214621333258,-0.0993185791376466,3.963886887649888,-0.4432911272000954,1.323338099550023
67.0,106.0,129.8837127685547,-0.0382654207234467,2.682587784029995,-4.116315727080707,-3.681914326747772,-1.925231346380788,1.3422989864010575,-0.0991434691892365,3.963637510711044,-0.4412507469254604,1.3238012034262578
67.0,106.0,129.8837127685547,-0.0364560768668281,2.682721714580719,-4.114610761576856,-3.678669844667728,-1.923656373058044,1.34280432953933,-0.0980165365981388,3.961914111739603,-0.443794010845197,1.3223327511473926
67.0,106.0,129.8837127685547,-0.0402953351447162,2.682501347146836,-4.114831625898882,-3.679870905466797,-1.9244005796315184,1.3417195916924884,-0.0977250314486938,3.9617199380596126,-0.4433945229635566,1.3239598773444936
67.0,106.0,129.88372802734375,-0.0362153384817367,2.681257755810644,-4.113544440576583,-3.677401151108079,-1.9264857941235665,1.3452742254518384,-0.0991519989494779,3.963544784964683,-0.4433816479193971,1.3213754393746568
67.0,106.0,129.88369750976562,-0.0362685215543273,2.6824785535414897,-4.115228802300194,-3.679666890710486,-1.924817154336768,1.3397913112986377,-0.0984104785689082,3.965220519508229,-0.4431274438343454,1.3229101875008091
67.0,106.0,129.88369750976562,-0.0375539125029723,2.683178260371717,-4.114369649219112,-3.679430716965344,-1.9246000535494767,1.3402022966892828,-0.0991060381317665,3.964045450719317,-0.4435850165156397,1.3232991003993002
67.0,106.0,129.8837127685547,-0.0377462765827165,2.682754760261481,-4.116597352360581,-3.6779847629580704,-1.9229277577136537,1.3396366035122156,-0.099180540659422,3.9640289350007456,-0.4424196705885159,1.322401396617004
67.0,106.0,129.8837127685547,-0.0384557015208323,2.682627415337113,-4.1123587635104615,-3.680209406948144,-1.9237014243757844,1.34270171189778,-0.0991206517234278,3.9639897608437753,-0.4421421290146739,1.3241146792666707
67.0,106.0,129.8837127685547,-0.038570402700159,2.6842286257227737,-4.114637589890693,-3.6774866275484746,-1.9245168707861933,1.3396716767725472,-0.0973820367857728,3.966176674350191,-0.4445492732623497,1.321640995502795
67.0,106.0,129.8837127685547,-0.0373124369483331,2.6832220960120865,-4.113181996335128,-3.677504397458089,-1.9245716965852515,1.3406701693576415,-0.0999274775733262,3.9623884098118025,-0.4438717998652259,1.3212801265643588
67.0,106.0,129.8837127685547,-0.038784764001843,2.6830760806192355,-4.1144142906365735,-3.679230887654037,-1.9236684373725577,1.3397723611962573,-0.1004453232558953,3.96449507471759,-0.4433890991455693,1.3207952825392046
67.0,106.0,129.88369750976562,-0.0385026246801999,2.681902136710416,-4.116577281202409,-3.680540846948508,-1.92433206385908,1.3402460540770993,-0.099126385258616,3.9633692913641982,-0.4437405342625667,1.3232985721522927
67.0,107.0,129.88372802734375,-0.0340661694082904,2.6829338414886976,-4.114959951118533,-3.678570733919637,-1.9260484068612689,1.3382989212693004,-0.0989222232929916,3.961988291545138,-0.4460531240543361,1.3234060221343855
67.0,107.0,129.8837127685547,-0.0390624741841135,2.6833500180860588,-4.114207038504851,-3.678594862532497,-1.9248304854471967,1.3408691475849543,-0.0996418561712355,3.962054265880583,-0.4422969201386914,1.322950687968608
67.0,107.0,129.88369750976562,-0.0384255196221009,2.6828457518910365,-4.115229419906435,-3.678280070499364,-1.9241863635424368,1.340197132733122,-0.0989346872452995,3.965045366748188,-0.4436973324717846,1.3237061726352286
67.0,107.0,129.8837127685547,-0.0383018451630346,2.6825657222281154,-4.115490430001167,-3.682651472125516,-1.9231239052756093,1.340025079312943,-0.0984281458914428,3.964438100958562,-0.44245859712267,1.3243555689868682
67.0,107.0,129.8837127685547,-0.0369420673134079,2.682156759462516,-4.115233968800888,-3.681118528744986,-1.9241912649120807,1.3404944879605267,-0.1019006897305594,3.9629366710841913,-0.4428053176321996,1.3204831572845384
67.0,107.0,129.88369750976562,-0.0384394284723971,2.682975909148543,-4.114785849651962,-3.679239009035948,-1.9244454601702328,1.3399968271028857,-0.0992974966139006,3.9634126109169294,-0.4438348749963561,1.323728487499586
67.0,107.0,129.88369750976562,-0.0375151009923383,2.6815405326175563,-4.11492126820321,-3.678696413336605,-1.9248538354858755,1.3399425126041962,-0.0987835979778907,3.963714046279793,-0.4446811609730565,1.323395357397754
67.0,107.0,129.88369750976562,-0.0377454066103169,2.6825043046280004,-4.114788089707397,-3.679652743106941,-1.9244710726958925,1.340134709603629,-0.1004671214614538,3.9636188560680137,-0.4424447477359667,1.3231665976907154
67.0,107.0,129.8837127685547,-0.0362652747973755,2.6823901769844523,-4.116293217939296,-3.6782962831329993,-1.928995849366236,1.3427363674667676,-0.0986275656262325,3.964030074260883,-0.444997731679174,1.3229369289227255
67.0,107.0,129.8837127685547,-0.037892110508682,2.6821359067353567,-4.115512312219881,-3.6795903565284767,-1.9252708498230648,1.3415193577507107,-0.0969607874607883,3.9641777212132654,-0.4436096646493943,1.320873907684612
67.0,107.0,129.88369750976562,-0.0374471514184957,2.6830290313127803,-4.114093649499316,-3.679834210451842,-1.924097479454128,1.3403730799535918,-0.0989693227775162,3.9646815998637,-0.4441470635204132,1.3235251103658887
67.0,107.0,129.88369750976562,-0.0382710782515905,2.682893249029939,-4.115279657961465,-3.6792257495786993,-1.924598940320268,1.340114582927606,-0.0982937747407807,3.963413311773425,-0.4438361054294831,1.3238186492275428
67.0,107.0,129.8837127685547,-0.0394954936172463,2.6825188067322765,-4.115058265340832,-3.681510634642686,-1.9228880618401816,1.3399492690560406,-0.1000011100859549,3.96471291422232,-0.442861539657224,1.321143834184915
67.0,107.0,129.88369750976562,-0.0386743878574695,2.682514171969066,-4.114506661615946,-3.679438333994672,-1.9243521442453364,1.339783745789752,-0.0992489063510318,3.963839175972056,-0.4434921678817331,1.3240327725928551
67.0,107.0,129.8837127685547,-0.0381877718237811,2.681269931177165,-4.115189659054024,-3.682085768835373,-1.9230510096111444,1.3398880451910875,-0.1009314762252844,3.963350996410638,-0.4439422476527043,1.324298345464992
67.0,107.0,129.88369750976562,-0.038409736125438,2.683223324443615,-4.114847609240932,-3.679415568245977,-1.9254956460903945,1.339956890140793,-0.0993767820110977,3.96545346379171,-0.4440833734044859,1.3235641918682983
67.0,107.0,129.8837127685547,-0.0381328019135585,2.6843326087515296,-4.1158076832592405,-3.677663573512685,-1.9246571519067115,1.3399667605667585,-0.1003988303632348,3.962898718619855,-0.4420186213820374,1.3237076275845006
67.0,107.0,129.88372802734375,-0.0364562979673581,2.681942566488224,-4.115709077188916,-3.683316691518306,-1.923309269025863,1.3397195529115484,-0.1020936410265639,3.96605988046728,-0.4430883786376737,1.3247307896339595
67.0,107.0,129.88369750976562,-0.0383216637770437,2.6825741157856324,-4.114967170153109,-3.6780063208760607,-1.924454085840296,1.3404595116488414,-0.099584917212826,3.9638032536282113,-0.4437830930453497,1.3237113962040006
67.0,107.0,129.88369750976562,-0.0379767604336877,2.680744641094622,-4.114477853527157,-3.6801701846835897,-1.924400799866619,1.3404674448137248,-0.0999418297218291,3.9646977554076215,-0.4444012423801128,1.3236911002911962
67.0,107.0,129.8837127685547,-0.0394642453231005,2.6822165907899134,-4.114074645352336,-3.6799137978066345,-1.9238931671670203,1.3420153525299825,-0.0998143531951303,3.9629751126011934,-0.4443550203742832,1.3235550677799133
67.0,107.0,129.88369750976562,-0.0383148729229902,2.6832796999404445,-4.116294179060572,-3.6793979513078847,-1.9250865185851764,1.340689295518906,-0.0983386555168854,3.963023765613142,-0.4436402091529069,1.323783064095721
67.0,107.0,129.88369750976562,-0.0379627504806742,2.6821752792535305,-4.115112653936806,-3.679108163981376,-1.9271989799946387,1.3404670547282131,-0.0989285936155462,3.963762776092248,-0.4436037889685726,1.3234545198064809
67.0,107.0,129.88369750976562,-0.0392187524807247,2.683054261908589,-4.114922136147859,-3.6795777604845856,-1.925288325593142,1.3412020927009516,-0.0999221139832497,3.9638507441902,-0.4441360716815598,1.3240769948011513
67.0,107.0,129.8837127685547,-0.0384252998416297,2.681579126856393,-4.114612552734227,-3.678070309738456,-1.924969723707814,1.3398621080830238,-0.0977854578789893,3.964028631331747,-0.4454669754503732,1.323824181317693
67.0,107.0,129.88369750976562,-0.0381150873514049,2.682542042709517,-4.114430642239843,-3.678878579382245,-1.9244999050184943,1.3406975087022637,-0.0999938618507068,3.963198803446204,-0.4438787615061223,1.3237429493033557
67.0,107.0,129.8837127685547,-0.0393439610213545,2.6830619422745308,-4.114604043222708,-3.680368689308013,-1.9229080885171144,1.340185094365083,-0.099360564882717,3.963476834582344,-0.4430568216979387,1.320904571426344
67.0,107.0,129.88369750976562,-0.0370319986549597,2.682141311654721,-4.11568919640137,-3.679601765843594,-1.9250876999733395,1.3398228311447469,-0.1004837490685165,3.964237534852891,-0.442657322459007,1.323574800022745
67.0,107.0,129.8837127685547,-0.039440911561131,2.6827624219451405,-4.11506458789672,-3.67771517912234,-1.923054557415951,1.3408032007476178,-0.0998097523654513,3.9640459894506095,-0.4421005376844662,1.323667740397074
67.0,107.0,129.8837127685547,-0.0371175704728505,2.6812182813530163,-4.114826148555521,-3.6814360671443898,-1.9272192972100608,1.3392384010451557,-0.0975537949860169,3.963685680076699,-0.4423936017161028,1.3207502023375437
67.0,107.0,129.88369750976562,-0.0375504977495809,2.682280533818246,-4.115233018272244,-3.679761393898062,-1.925012808213688,1.3408448440508045,-0.0991535257406458,3.963799535448471,-0.4426996479812786,1.32341862225405
67.0,107.0,129.8837127685547,-0.0353928620126881,2.684844982485186,-4.114734682919397,-3.6814192467957407,-1.9241976470811808,1.3403668723367224,-0.1000266563011459,3.964715904633412,-0.4442067176368913,1.324261404745758
67.0,107.0,129.88369750976562,-0.0375050067521598,2.682394795215691,-4.114718372567042,-3.678092981168621,-1.9258440914610253,1.3400083563894525,-0.099182553119151,3.966016159885976,-0.4438312502809411,1.3218137438897066
67.0,107.0,129.88369750976562,-0.0385790505121479,2.6829151465589978,-4.114800802167872,-3.680258446862143,-1.924409893497719,1.340273682270729,-0.0988903953142273,3.964274155720028,-0.443693939368691,1.324358976709781
67.0,107.0,129.8837127685547,-0.040081021944508,2.682819963051315,-4.11573450425536,-3.678341426705801,-1.924630774856719,1.34016865119305,-0.0990628554863062,3.961913568924301,-0.4445842110298229,1.3246566623141085
67.0,107.0,129.8837127685547,-0.0383611265626394,2.683226787712788,-4.116181104027769,-3.679021207901581,-1.9237223788072124,1.3396867159900254,-0.0994498436116677,3.962246969983919,-0.4437140811166807,1.3235120612787594
67.0,107.0,129.88369750976562,-0.0379024272348933,2.681548237319513,-4.1147750510204935,-3.679808883893499,-1.9248620463978097,1.3398379650494014,-0.0992112748296654,3.963017815678836,-0.4424179299426491,1.3233375186841294
67.0,107.0,129.88369750976562,-0.0386119900478477,2.682502921158186,-4.115330536104988,-3.67922120648243,-1.924454899099244,1.3398214621333258,-0.0993185791376466,3.963886887649888,-0.4432911272000954,1.323338099550023
67.0,107.0,129.8837127685547,-0.0382654207234467,2.682587784029995,-4.116315727080707,-3.681914326747772,-1.925231346380788,1.3422989864010575,-0.0991434691892365,3.963637510711044,-0.4412507469254604,1.3238012034262578
67.0,107.0,129.8837127685547,-0.0364560768668281,2.682721714580719,-4.114610761576856,-3.678669844667728,-1.923656373058044,1.34280432953933,-0.0980165365981388,3.961914111739603,-0.443794010845197,1.3223327511473926
67.0,107.0,129.8837127685547,-0.0402953351447162,2.682501347146836,-4.114831625898882,-3.679870905466797,-1.9244005796315184,1.3417195916924884,-0.0977250314486938,3.9617199380596126,-0.4433945229635566,1.3239598773444936
67.0,107.0,129.8837127685547,-0.0392103178766948,2.6814445942431324,-4.115852498807204,-3.6802525891075226,-1.92721307258968,1.3409021701880466,-0.09932972378555,3.9633384870675457,-0.4434096576926085,1.3234302165676934
67.0,107.0,129.88369750976562,-0.0362685215543273,2.6824785535414897,-4.115228802300194,-3.679666890710486,-1.924817154336768,1.3397913112986377,-0.0984104785689082,3.965220519508229,-0.4431274438343454,1.3229101875008091
67.0,107.0,129.88369750976562,-0.0375539125029723,2.683178260371717,-4.114369649219112,-3.679430716965344,-1.9246000535494767,1.3402022966892828,-0.0991060381317665,3.964045450719317,-0.4435850165156397,1.3232991003993002
67.0,107.0,129.8837127685547,-0.0377462765827165,2.682754760261481,-4.116597352360581,-3.6779847629580704,-1.9229277577136537,1.3396366035122156,-0.099180540659422,3.9640289350007456,-0.4424196705885159,1.322401396617004
67.0,107.0,129.8837127685547,-0.0384557015208323,2.682627415337113,-4.1123587635104615,-3.680209406948144,-1.9237014243757844,1.34270171189778,-0.0991206517234278,3.9639897608437753,-0.4421421290146739,1.3241146792666707
67.0,107.0,129.8837127685547,-0.038570402700159,2.6842286257227737,-4.114637589890693,-3.6774866275484746,-1.9245168707861933,1.3396716767725472,-0.0973820367857728,3.966176674350191,-0.4445492732623497,1.321640995502795
67.0,107.0,129.8837127685547,-0.0373124369483331,2.6832220960120865,-4.113181996335128,-3.677504397458089,-1.9245716965852515,1.3406701693576415,-0.0999274775733262,3.9623884098118025,-0.4438717998652259,1.3212801265643588
67.0,107.0,129.8837127685547,-0.038784764001843,2.6830760806192355,-4.1144142906365735,-3.679230887654037,-1.9236684373725577,1.3397723611962573,-0.1004453232558953,3.96449507471759,-0.4433890991455693,1.3207952825392046
67.0,107.0,129.88369750976562,-0.0385026246801999,2.681902136710416,-4.116577281202409,-3.680540846948508,-1.92433206385908,1.3402460540770993,-0.099126385258616,3.9633692913641982,-0.4437405342625667,1.3232985721522927
67.0,108.0,129.88372802734375,-0.0340661694082904,2.6829338414886976,-4.114959951118533,-3.678570733919637,-1.9260484068612689,1.3382989212693004,-0.0989222232929916,3.961988291545138,-0.4460531240543361,1.3234060221343855
67.0,108.0,129.8837127685547,-0.0390624741841135,2.6833500180860588,-4.114207038504851,-3.678594862532497,-1.9248304854471967,1.3408691475849543,-0.0996418561712355,3.962054265880583,-0.4422969201386914,1.322950687968608
67.0,108.0,129.88369750976562,-0.0384255196221009,2.6828457518910365,-4.115229419906435,-3.678280070499364,-1.9241863635424368,1.340197132733122,-0.0989346872452995,3.965045366748188,-0.4436973324717846,1.3237061726352286
67.0,108.0,129.8837127685547,-0.0383018451630346,2.6825657222281154,-4.115490430001167,-3.682651472125516,-1.9231239052756093,1.340025079312943,-0.0984281458914428,3.964438100958562,-0.44245859712267,1.3243555689868682
67.0,108.0,129.8837127685547,-0.0369420673134079,2.682156759462516,-4.115233968800888,-3.681118528744986,-1.9241912649120807,1.3404944879605267,-0.1019006897305594,3.9629366710841913,-0.4428053176321996,1.3204831572845384
67.0,108.0,129.88369750976562,-0.0384394284723971,2.682975909148543,-4.114785849651962,-3.679239009035948,-1.9244454601702328,1.3399968271028857,-0.0992974966139006,3.9634126109169294,-0.4438348749963561,1.323728487499586
67.0,108.0,129.88369750976562,-0.0375151009923383,2.6815405326175563,-4.11492126820321,-3.678696413336605,-1.9248538354858755,1.3399425126041962,-0.0987835979778907,3.963714046279793,-0.4446811609730565,1.323395357397754
67.0,108.0,129.88369750976562,-0.0377454066103169,2.6825043046280004,-4.114788089707397,-3.679652743106941,-1.9244710726958925,1.340134709603629,-0.1004671214614538,3.9636188560680137,-0.4424447477359667,1.3231665976907154
67.0,108.0,129.8837127685547,-0.0362652747973755,2.6823901769844523,-4.116293217939296,-3.6782962831329993,-1.928995849366236,1.3427363674667676,-0.0986275656262325,3.964030074260883,-0.444997731679174,1.3229369289227255
67.0,108.0,129.8837127685547,-0.037892110508682,2.6821359067353567,-4.115512312219881,-3.6795903565284767,-1.9252708498230648,1.3415193577507107,-0.0969607874607883,3.9641777212132654,-0.4436096646493943,1.320873907684612
67.0,108.0,129.88369750976562,-0.0374471514184957,2.6830290313127803,-4.114093649499316,-3.679834210451842,-1.924097479454128,1.3403730799535918,-0.0989693227775162,3.9646815998637,-0.4441470635204132,1.3235251103658887
67.0,108.0,129.88369750976562,-0.0382710782515905,2.682893249029939,-4.115279657961465,-3.6792257495786993,-1.924598940320268,1.340114582927606,-0.0982937747407807,3.963413311773425,-0.4438361054294831,1.3238186492275428
67.0,108.0,129.8837127685547,-0.0394954936172463,2.6825188067322765,-4.115058265340832,-3.681510634642686,-1.9228880618401816,1.3399492690560406,-0.1000011100859549,3.96471291422232,-0.442861539657224,1.321143834184915
67.0,108.0,129.88369750976562,-0.0386743878574695,2.682514171969066,-4.114506661615946,-3.679438333994672,-1.9243521442453364,1.339783745789752,-0.0992489063510318,3.963839175972056,-0.4434921678817331,1.3240327725928551
67.0,108.0,129.8837127685547,-0.0381877718237811,2.681269931177165,-4.115189659054024,-3.682085768835373,-1.9230510096111444,1.3398880451910875,-0.1009314762252844,3.963350996410638,-0.4439422476527043,1.324298345464992
67.0,108.0,129.88369750976562,-0.038409736125438,2.683223324443615,-4.114847609240932,-3.679415568245977,-1.9254956460903945,1.339956890140793,-0.0993767820110977,3.96545346379171,-0.4440833734044859,1.3235641918682983
67.0,108.0,129.8837127685547,-0.0381328019135585,2.6843326087515296,-4.1158076832592405,-3.677663573512685,-1.9246571519067115,1.3399667605667585,-0.1003988303632348,3.962898718619855,-0.4420186213820374,1.3237076275845006
67.0,108.0,129.88372802734375,-0.0364562979673581,2.681942566488224,-4.115709077188916,-3.683316691518306,-1.923309269025863,1.3397195529115484,-0.1020936410265639,3.96605988046728,-0.4430883786376737,1.3247307896339595
67.0,108.0,129.88369750976562,-0.0383216637770437,2.6825741157856324,-4.114967170153109,-3.6780063208760607,-1.924454085840296,1.3404595116488414,-0.099584917212826,3.9638032536282113,-0.4437830930453497,1.3237113962040006
67.0,108.0,129.88369750976562,-0.0379767604336877,2.680744641094622,-4.114477853527157,-3.6801701846835897,-1.924400799866619,1.3404674448137248,-0.0999418297218291,3.9646977554076215,-0.4444012423801128,1.3236911002911962
67.0,108.0,129.8837127685547,-0.0394642453231005,2.6822165907899134,-4.114074645352336,-3.6799137978066345,-1.9238931671670203,1.3420153525299825,-0.0998143531951303,3.9629751126011934,-0.4443550203742832,1.3235550677799133
67.0,108.0,129.88369750976562,-0.0383148729229902,2.6832796999404445,-4.116294179060572,-3.6793979513078847,-1.9250865185851764,1.340689295518906,-0.0983386555168854,3.963023765613142,-0.4436402091529069,1.323783064095721
67.0,108.0,129.88369750976562,-0.0379627504806742,2.6821752792535305,-4.115112653936806,-3.679108163981376,-1.9271989799946387,1.3404670547282131,-0.0989285936155462,3.963762776092248,-0.4436037889685726,1.3234545198064809
67.0,108.0,129.88369750976562,-0.0392187524807247,2.683054261908589,-4.114922136147859,-3.6795777604845856,-1.925288325593142,1.3412020927009516,-0.0999221139832497,3.9638507441902,-0.4441360716815598,1.3240769948011513
67.0,108.0,129.8837127685547,-0.0384252998416297,2.681579126856393,-4.114612552734227,-3.678070309738456,-1.924969723707814,1.3398621080830238,-0.0977854578789893,3.964028631331747,-0.4454669754503732,1.323824181317693
67.0,108.0,129.88369750976562,-0.0381150873514049,2.682542042709517,-4.114430642239843,-3.678878579382245,-1.9244999050184943,1.3406975087022637,-0.0999938618507068,3.963198803446204,-0.4438787615061223,1.3237429493033557
67.0,108.0,129.8837127685547,-0.0393439610213545,2.6830619422745308,-4.114604043222708,-3.680368689308013,-1.9229080885171144,1.340185094365083,-0.099360564882717,3.963476834582344,-0.4430568216979387,1.320904571426344
67.0,108.0,129.88369750976562,-0.0370319986549597,2.682141311654721,-4.11568919640137,-3.679601765843594,-1.9250876999733395,1.3398228311447469,-0.1004837490685165,3.964237534852891,-0.442657322459007,1.323574800022745
67.0,108.0,129.8837127685547,-0.039440911561131,2.6827624219451405,-4.11506458789672,-3.67771517912234,-1.923054557415951,1.3408032007476178,-0.0998097523654513,3.9640459894506095,-0.4421005376844662,1.323667740397074
67.0,108.0,129.8837127685547,-0.0371175704728505,2.6812182813530163,-4.114826148555521,-3.6814360671443898,-1.9272192972100608,1.3392384010451557,-0.0975537949860169,3.963685680076699,-0.4423936017161028,1.3207502023375437
67.0,108.0,129.88369750976562,-0.0375504977495809,2.682280533818246,-4.115233018272244,-3.679761393898062,-1.925012808213688,1.3408448440508045,-0.0991535257406458,3.963799535448471,-0.4426996479812786,1.32341862225405
67.0,108.0,129.8837127685547,-0.0353928620126881,2.684844982485186,-4.114734682919397,-3.6814192467957407,-1.9241976470811808,1.3403668723367224,-0.1000266563011459,3.964715904633412,-0.4442067176368913,1.324261404745758
67.0,108.0,129.88369750976562,-0.0375050067521598,2.682394795215691,-4.114718372567042,-3.678092981168621,-1.9258440914610253,1.3400083563894525,-0.099182553119151,3.966016159885976,-0.4438312502809411,1.3218137438897066
67.0,108.0,129.88369750976562,-0.0385790505121479,2.6829151465589978,-4.114800802167872,-3.680258446862143,-1.924409893497719,1.340273682270729,-0.0988903953142273,3.964274155720028,-0.443693939368691,1.324358976709781
67.0,108.0,129.8837127685547,-0.040081021944508,2.682819963051315,-4.11573450425536,-3.678341426705801,-1.924630774856719,1.34016865119305,-0.0990628554863062,3.961913568924301,-0.4445842110298229,1.3246566623141085
67.0,108.0,129.8837127685547,-0.0383611265626394,2.683226787712788,-4.116181104027769,-3.679021207901581,-1.9237223788072124,1.3396867159900254,-0.0994498436116677,3.962246969983919,-0.4437140811166807,1.3235120612787594
67.0,108.0,129.88369750976562,-0.0379024272348933,2.681548237319513,-4.1147750510204935,-3.679808883893499,-1.9248620463978097,1.3398379650494014,-0.0992112748296654,3.963017815678836,-0.4424179299426491,1.3233375186841294
67.0,108.0,129.88369750976562,-0.0386119900478477,2.682502921158186,-4.115330536104988,-3.67922120648243,-1.924454899099244,1.3398214621333258,-0.0993185791376466,3.963886887649888,-0.4432911272000954,1.323338099550023
67.0,108.0,129.8837127685547,-0.0382654207234467,2.682587784029995,-4.116315727080707,-3.681914326747772,-1.925231346380788,1.3422989864010575,-0.0991434691892365,3.963637510711044,-0.4412507469254604,1.3238012034262578
67.0,108.0,129.8837127685547,-0.0364560768668281,2.682721714580719,-4.114610761576856,-3.678669844667728,-1.923656373058044,1.34280432953933,-0.0980165365981388,3.961914111739603,-0.443794010845197,1.3223327511473926
67.0,108.0,129.8837127685547,-0.0402953351447162,2.682501347146836,-4.114831625898882,-3.679870905466797,-1.9244005796315184,1.3417195916924884,-0.0977250314486938,3.9617199380596126,-0.4433945229635566,1.3239598773444936
67.0,108.0,129.8837127685547,-0.0392103178766948,2.6814445942431324,-4.115852498807204,-3.6802525891075226,-1.92721307258968,1.3409021701880466,-0.09932972378555,3.9633384870675457,-0.4434096576926085,1.3234302165676934
67.0,108.0,129.88369750976562,-0.0362685215543273,2.6824785535414897,-4.115228802300194,-3.679666890710486,-1.924817154336768,1.3397913112986377,-0.0984104785689082,3.965220519508229,-0.4431274438343454,1.3229101875008091
67.0,108.0,129.88369750976562,-0.0375539125029723,2.683178260371717,-4.114369649219112,-3.679430716965344,-1.9246000535494767,1.3402022966892828,-0.0991060381317665,3.964045450719317,-0.4435850165156397,1.3232991003993002
67.0,108.0,129.8837127685547,-0.0377462765827165,2.682754760261481,-4.116597352360581,-3.6779847629580704,-1.9229277577136537,1.3396366035122156,-0.099180540659422,3.9640289350007456,-0.4424196705885159,1.322401396617004
67.0,108.0,129.8837127685547,-0.0384557015208323,2.682627415337113,-4.1123587635104615,-3.680209406948144,-1.9237014243757844,1.34270171189778,-0.0991206517234278,3.9639897608437753,-0.4421421290146739,1.3241146792666707
67.0,108.0,129.8837127685547,-0.038570402700159,2.6842286257227737,-4.114637589890693,-3.6774866275484746,-1.9245168707861933,1.3396716767725472,-0.0973820367857728,3.966176674350191,-0.4445492732623497,1.321640995502795
67.0,108.0,129.8837127685547,-0.0373124369483331,2.6832220960120865,-4.113181996335128,-3.677504397458089,-1.9245716965852515,1.3406701693576415,-0.0999274775733262,3.9623884098118025,-0.4438717998652259,1.3212801265643588
67.0,108.0,129.8837127685547,-0.038784764001843,2.6830760806192355,-4.1144142906365735,-3.679230887654037,-1.9236684373725577,1.3397723611962573,-0.1004453232558953,3.96449507471759,-0.4433890991455693,1.3207952825392046
67.0,108.0,129.88369750976562,-0.0385026246801999,2.681902136710416,-4.116577281202409,-3.680540846948508,-1.92433206385908,1.3402460540770993,-0.099126385258616,3.9633692913641982,-0.4437405342625667,1.3232985721522927
67.0,109.0,129.88372802734375,-0.0340661694082904,2.6829338414886976,-4.114959951118533,-3.678570733919637,-1.9260484068612689,1.3382989212693004,-0.0989222232929916,3.961988291545138,-0.4460531240543361,1.3234060221343855
67.0,109.0,129.8837127685547,-0.0390624741841135,2.6833500180860588,-4.114207038504851,-3.678594862532497,-1.9248304854471967,1.3408691475849543,-0.0996418561712355,3.962054265880583,-0.4422969201386914,1.322950687968608
67.0,109.0,129.88369750976562,-0.0384255196221009,2.6828457518910365,-4.115229419906435,-3.678280070499364,-1.9241863635424368,1.340197132733122,-0.0989346872452995,3.965045366748188,-0.4436973324717846,1.3237061726352286
67.0,109.0,129.8837127685547,-0.0383018451630346,2.6825657222281154,-4.115490430001167,-3.682651472125516,-1.9231239052756093,1.340025079312943,-0.0984281458914428,3.964438100958562,-0.44245859712267,1.3243555689868682
67.0,109.0,129.8837127685547,-0.0369420673134079,2.682156759462516,-4.115233968800888,-3.681118528744986,-1.9241912649120807,1.3404944879605267,-0.1019006897305594,3.9629366710841913,-0.4428053176321996,1.3204831572845384
67.0,109.0,129.88369750976562,-0.0384394284723971,2.682975909148543,-4.114785849651962,-3.679239009035948,-1.9244454601702328,1.3399968271028857,-0.0992974966139006,3.9634126109169294,-0.4438348749963561,1.323728487499586
67.0,109.0,129.88369750976562,-0.0375151009923383,2.6815405326175563,-4.11492126820321,-3.678696413336605,-1.9248538354858755,1.3399425126041962,-0.0987835979778907,3.963714046279793,-0.4446811609730565,1.323395357397754
67.0,109.0,129.88369750976562,-0.0377454066103169,2.6825043046280004,-4.114788089707397,-3.679652743106941,-1.9244710726958925,1.340134709603629,-0.1004671214614538,3.9636188560680137,-0.4424447477359667,1.3231665976907154
67.0,109.0,129.8837127685547,-0.0362652747973755,2.6823901769844523,-4.116293217939296,-3.6782962831329993,-1.928995849366236,1.3427363674667676,-0.0986275656262325,3.964030074260883,-0.444997731679174,1.3229369289227255
67.0,109.0,129.8837127685547,-0.037892110508682,2.6821359067353567,-4.115512312219881,-3.6795903565284767,-1.9252708498230648,1.3415193577507107,-0.0969607874607883,3.9641777212132654,-0.4436096646493943,1.320873907684612
67.0,109.0,129.88369750976562,-0.0374471514184957,2.6830290313127803,-4.114093649499316,-3.679834210451842,-1.924097479454128,1.3403730799535918,-0.0989693227775162,3.9646815998637,-0.4441470635204132,1.3235251103658887
67.0,109.0,129.88369750976562,-0.0382710782515905,2.682893249029939,-4.115279657961465,-3.6792257495786993,-1.924598940320268,1.340114582927606,-0.0982937747407807,3.963413311773425,-0.4438361054294831,1.3238186492275428
67.0,109.0,129.8837127685547,-0.0394954936172463,2.6825188067322765,-4.115058265340832,-3.681510634642686,-1.9228880618401816,1.3399492690560406,-0.1000011100859549,3.96471291422232,-0.442861539657224,1.321143834184915
67.0,109.0,129.88369750976562,-0.0386743878574695,2.682514171969066,-4.114506661615946,-3.679438333994672,-1.9243521442453364,1.339783745789752,-0.0992489063510318,3.963839175972056,-0.4434921678817331,1.3240327725928551
67.0,109.0,129.8837127685547,-0.0381877718237811,2.681269931177165,-4.115189659054024,-3.682085768835373,-1.9230510096111444,1.3398880451910875,-0.1009314762252844,3.963350996410638,-0.4439422476527043,1.324298345464992
67.0,109.0,129.88369750976562,-0.038409736125438,2.683223324443615,-4.114847609240932,-3.679415568245977,-1.9254956460903945,1.339956890140793,-0.0993767820110977,3.96545346379171,-0.4440833734044859,1.3235641918682983
67.0,109.0,129.8837127685547,-0.0381328019135585,2.6843326087515296,-4.1158076832592405,-3.677663573512685,-1.9246571519067115,1.3399667605667585,-0.1003988303632348,3.962898718619855,-0.4420186213820374,1.3237076275845006
67.0,109.0,129.88372802734375,-0.0364562979673581,2.681942566488224,-4.115709077188916,-3.683316691518306,-1.923309269025863,1.3397195529115484,-0.1020936410265639,3.96605988046728,-0.4430883786376737,1.3247307896339595
67.0,109.0,129.88369750976562,-0.0383216637770437,2.6825741157856324,-4.114967170153109,-3.6780063208760607,-1.924454085840296,1.3404595116488414,-0.099584917212826,3.9638032536282113,-0.4437830930453497,1.3237113962040006
67.0,109.0,129.88369750976562,-0.0379767604336877,2.680744641094622,-4.114477853527157,-3.6801701846835897,-1.924400799866619,1.3404674448137248,-0.0999418297218291,3.9646977554076215,-0.4444012423801128,1.3236911002911962
67.0,109.0,129.8837127685547,-0.0394642453231005,2.6822165907899134,-4.114074645352336,-3.6799137978066345,-1.9238931671670203,1.3420153525299825,-0.0998143531951303,3.9629751126011934,-0.4443550203742832,1.3235550677799133
67.0,109.0,129.88369750976562,-0.0383148729229902,2.6832796999404445,-4.116294179060572,-3.6793979513078847,-1.9250865185851764,1.340689295518906,-0.0983386555168854,3.963023765613142,-0.4436402091529069,1.323783064095721
67.0,109.0,129.88369750976562,-0.0379627504806742,2.6821752792535305,-4.115112653936806,-3.679108163981376,-1.9271989799946387,1.3404670547282131,-0.0989285936155462,3.963762776092248,-0.4436037889685726,1.3234545198064809
67.0,109.0,129.88369750976562,-0.0392187524807247,2.683054261908589,-4.114922136147859,-3.6795777604845856,-1.925288325593142,1.3412020927009516,-0.0999221139832497,3.9638507441902,-0.4441360716815598,1.3240769948011513
67.0,109.0,129.8837127685547,-0.0384252998416297,2.681579126856393,-4.114612552734227,-3.678070309738456,-1.924969723707814,1.3398621080830238,-0.0977854578789893,3.964028631331747,-0.4454669754503732,1.323824181317693
67.0,109.0,129.88369750976562,-0.0381150873514049,2.682542042709517,-4.114430642239843,-3.678878579382245,-1.9244999050184943,1.3406975087022637,-0.0999938618507068,3.963198803446204,-0.4438787615061223,1.3237429493033557
67.0,109.0,129.8837127685547,-0.0393439610213545,2.6830619422745308,-4.114604043222708,-3.680368689308013,-1.9229080885171144,1.340185094365083,-0.099360564882717,3.963476834582344,-0.4430568216979387,1.320904571426344
67.0,109.0,129.88369750976562,-0.0370319986549597,2.682141311654721,-4.11568919640137,-3.679601765843594,-1.9250876999733395,1.3398228311447469,-0.1004837490685165,3.964237534852891,-0.442657322459007,1.323574800022745
67.0,109.0,129.8837127685547,-0.039440911561131,2.6827624219451405,-4.11506458789672,-3.67771517912234,-1.923054557415951,1.3408032007476178,-0.0998097523654513,3.9640459894506095,-0.4421005376844662,1.323667740397074
67.0,109.0,129.8837127685547,-0.0371175704728505,2.6812182813530163,-4.114826148555521,-3.6814360671443898,-1.9272192972100608,1.3392384010451557,-0.0975537949860169,3.963685680076699,-0.4423936017161028,1.3207502023375437
67.0,109.0,129.88369750976562,-0.0375504977495809,2.682280533818246,-4.115233018272244,-3.679761393898062,-1.925012808213688,1.3408448440508045,-0.0991535257406458,3.963799535448471,-0.4426996479812786,1.32341862225405
67.0,109.0,129.8837127685547,-0.0353928620126881,2.684844982485186,-4.114734682919397,-3.6814192467957407,-1.9241976470811808,1.3403668723367224,-0.1000266563011459,3.964715904633412,-0.4442067176368913,1.324261404745758
67.0,109.0,129.88369750976562,-0.0375050067521598,2.682394795215691,-4.114718372567042,-3.678092981168621,-1.9258440914610253,1.3400083563894525,-0.099182553119151,3.966016159885976,-0.4438312502809411,1.3218137438897066
67.0,109.0,129.88369750976562,-0.0385790505121479,2.6829151465589978,-4.114800802167872,-3.680258446862143,-1.924409893497719,1.340273682270729,-0.0988903953142273,3.964274155720028,-0.443693939368691,1.324358976709781
67.0,109.0,129.8837127685547,-0.040081021944508,2.682819963051315,-4.11573450425536,-3.678341426705801,-1.924630774856719,1.34016865119305,-0.0990628554863062,3.961913568924301,-0.4445842110298229,1.3246566623141085
67.0,109.0,129.8837127685547,-0.0383611265626394,2.683226787712788,-4.116181104027769,-3.679021207901581,-1.9237223788072124,1.3396867159900254,-0.0994498436116677,3.962246969983919,-0.4437140811166807,1.3235120612787594
67.0,109.0,129.88369750976562,-0.0379024272348933,2.681548237319513,-4.1147750510204935,-3.679808883893499,-1.9248620463978097,1.3398379650494014,-0.0992112748296654,3.963017815678836,-0.4424179299426491,1.3233375186841294
67.0,109.0,129.88369750976562,-0.0386119900478477,2.682502921158186,-4.115330536104988,-3.67922120648243,-1.924454899099244,1.3398214621333258,-0.0993185791376466,3.963886887649888,-0.4432911272000954,1.323338099550023
67.0,109.0,129.88369750976562,-0.0382477403859779,2.68273101332882,-4.115921932644253,-3.677978964649831,-1.924749009834854,1.3417441945558162,-0.0989616560098664,3.9650317801400976,-0.4436610931860999,1.3237025486479133
67.0,109.0,129.8837127685547,-0.0364560768668281,2.682721714580719,-4.114610761576856,-3.678669844667728,-1.923656373058044,1.34280432953933,-0.0980165365981388,3.961914111739603,-0.443794010845197,1.3223327511473926
67.0,109.0,129.8837127685547,-0.0402953351447162,2.682501347146836,-4.114831625898882,-3.679870905466797,-1.9244005796315184,1.3417195916924884,-0.0977250314486938,3.9617199380596126,-0.4433945229635566,1.3239598773444936
67.0,109.0,129.8837127685547,-0.0392103178766948,2.6814445942431324,-4.115852498807204,-3.6802525891075226,-1.92721307258968,1.3409021701880466,-0.09932972378555,3.9633384870675457,-0.4434096576926085,1.3234302165676934
67.0,109.0,129.88369750976562,-0.0362685215543273,2.6824785535414897,-4.115228802300194,-3.679666890710486,-1.924817154336768,1.3397913112986377,-0.0984104785689082,3.965220519508229,-0.4431274438343454,1.3229101875008091
67.0,109.0,129.88369750976562,-0.0375539125029723,2.683178260371717,-4.114369649219112,-3.679430716965344,-1.9246000535494767,1.3402022966892828,-0.0991060381317665,3.964045450719317,-0.4435850165156397,1.3232991003993002
67.0,109.0,129.8837127685547,-0.0377462765827165,2.682754760261481,-4.116597352360581,-3.6779847629580704,-1.9229277577136537,1.3396366035122156,-0.099180540659422,3.9640289350007456,-0.4424196705885159,1.322401396617004
67.0,109.0,129.8837127685547,-0.0384557015208323,2.682627415337113,-4.1123587635104615,-3.680209406948144,-1.9237014243757844,1.34270171189778,-0.0991206517234278,3.9639897608437753,-0.4421421290146739,1.3241146792666707
67.0,109.0,129.8837127685547,-0.038570402700159,2.6842286257227737,-4.114637589890693,-3.6774866275484746,-1.9245168707861933,1.3396716767725472,-0.0973820367857728,3.966176674350191,-0.4445492732623497,1.321640995502795
67.0,109.0,129.88369750976562,-0.0371238674580442,2.6828863163114574,-4.116450644235016,-3.678852193219088,-1.9245006772364748,1.340853961483298,-0.1003745299408251,3.96483297132265,-0.4438758320633198,1.32253467512871
67.0,109.0,129.8837127685547,-0.038784764001843,2.6830760806192355,-4.1144142906365735,-3.679230887654037,-1.9236684373725577,1.3397723611962573,-0.1004453232558953,3.96449507471759,-0.4433890991455693,1.3207952825392046
67.0,109.0,129.88369750976562,-0.0385026246801999,2.681902136710416,-4.116577281202409,-3.680540846948508,-1.92433206385908,1.3402460540770993,-0.099126385258616,3.9633692913641982,-0.4437405342625667,1.3232985721522927
67.0,110.0,129.88372802734375,-0.0340661694082904,2.6829338414886976,-4.114959951118533,-3.678570733919637,-1.9260484068612689,1.3382989212693004,-0.0989222232929916,3.961988291545138,-0.4460531240543361,1.3234060221343855
67.0,110.0,129.8837127685547,-0.0390624741841135,2.6833500180860588,-4.114207038504851,-3.678594862532497,-1.9248304854471967,1.3408691475849543,-0.0996418561712355,3.962054265880583,-0.4422969201386914,1.322950687968608
67.0,110.0,129.88369750976562,-0.0384255196221009,2.6828457518910365,-4.115229419906435,-3.678280070499364,-1.9241863635424368,1.340197132733122,-0.0989346872452995,3.965045366748188,-0.4436973324717846,1.3237061726352286
67.0,110.0,129.8837127685547,-0.0383018451630346,2.6825657222281154,-4.115490430001167,-3.682651472125516,-1.9231239052756093,1.340025079312943,-0.0984281458914428,3.964438100958562,-0.44245859712267,1.3243555689868682
67.0,110.0,129.8837127685547,-0.0369420673134079,2.682156759462516,-4.115233968800888,-3.681118528744986,-1.9241912649120807,1.3404944879605267,-0.1019006897305594,3.9629366710841913,-0.4428053176321996,1.3204831572845384
67.0,110.0,129.88369750976562,-0.0384394284723971,2.682975909148543,-4.114785849651962,-3.679239009035948,-1.9244454601702328,1.3399968271028857,-0.0992974966139006,3.9634126109169294,-0.4438348749963561,1.323728487499586
67.0,110.0,129.88369750976562,-0.0375151009923383,2.6815405326175563,-4.11492126820321,-3.678696413336605,-1.9248538354858755,1.3399425126041962,-0.0987835979778907,3.963714046279793,-0.4446811609730565,1.323395357397754
67.0,110.0,129.88369750976562,-0.0377454066103169,2.6825043046280004,-4.114788089707397,-3.679652743106941,-1.9244710726958925,1.340134709603629,-0.1004671214614538,3.9636188560680137,-0.4424447477359667,1.3231665976907154
67.0,110.0,129.8837127685547,-0.0362652747973755,2.6823901769844523,-4.116293217939296,-3.6782962831329993,-1.928995849366236,1.3427363674667676,-0.0986275656262325,3.964030074260883,-0.444997731679174,1.3229369289227255
67.0,110.0,129.8837127685547,-0.037892110508682,2.6821359067353567,-4.115512312219881,-3.6795903565284767,-1.9252708498230648,1.3415193577507107,-0.0969607874607883,3.9641777212132654,-0.4436096646493943,1.320873907684612
67.0,110.0,129.88369750976562,-0.0374471514184957,2.6830290313127803,-4.114093649499316,-3.679834210451842,-1.924097479454128,1.3403730799535918,-0.0989693227775162,3.9646815998637,-0.4441470635204132,1.3235251103658887
67.0,110.0,129.88369750976562,-0.0382710782515905,2.682893249029939,-4.115279657961465,-3.6792257495786993,-1.924598940320268,1.340114582927606,-0.0982937747407807,3.963413311773425,-0.4438361054294831,1.3238186492275428
67.0,110.0,129.8837127685547,-0.0394954936172463,2.6825188067322765,-4.115058265340832,-3.681510634642686,-1.9228880618401816,1.3399492690560406,-0.1000011100859549,3.96471291422232,-0.442861539657224,1.321143834184915
67.0,110.0,129.88369750976562,-0.0386743878574695,2.682514171969066,-4.114506661615946,-3.679438333994672,-1.9243521442453364,1.339783745789752,-0.0992489063510318,3.963839175972056,-0.4434921678817331,1.3240327725928551
67.0,110.0,129.8837127685547,-0.0381877718237811,2.681269931177165,-4.115189659054024,-3.682085768835373,-1.9230510096111444,1.3398880451910875,-0.1009314762252844,3.963350996410638,-0.4439422476527043,1.324298345464992
67.0,110.0,129.88369750976562,-0.038409736125438,2.683223324443615,-4.114847609240932,-3.679415568245977,-1.9254956460903945,1.339956890140793,-0.0993767820110977,3.96545346379171,-0.4440833734044859,1.3235641918682983
67.0,110.0,129.8837127685547,-0.0381328019135585,2.6843326087515296,-4.1158076832592405,-3.677663573512685,-1.9246571519067115,1.3399667605667585,-0.1003988303632348,3.962898718619855,-0.4420186213820374,1.3237076275845006
67.0,110.0,129.88372802734375,-0.0364562979673581,2.681942566488224,-4.115709077188916,-3.683316691518306,-1.923309269025863,1.3397195529115484,-0.1020936410265639,3.96605988046728,-0.4430883786376737,1.3247307896339595
67.0,110.0,129.88369750976562,-0.0383216637770437,2.6825741157856324,-4.114967170153109,-3.6780063208760607,-1.924454085840296,1.3404595116488414,-0.099584917212826,3.9638032536282113,-0.4437830930453497,1.3237113962040006
67.0,110.0,129.88369750976562,-0.0379767604336877,2.680744641094622,-4.114477853527157,-3.6801701846835897,-1.924400799866619,1.3404674448137248,-0.0999418297218291,3.9646977554076215,-0.4444012423801128,1.3236911002911962
67.0,110.0,129.8837127685547,-0.0394642453231005,2.6822165907899134,-4.114074645352336,-3.6799137978066345,-1.9238931671670203,1.3420153525299825,-0.0998143531951303,3.9629751126011934,-0.4443550203742832,1.3235550677799133
67.0,110.0,129.88369750976562,-0.0383148729229902,2.6832796999404445,-4.116294179060572,-3.6793979513078847,-1.9250865185851764,1.340689295518906,-0.0983386555168854,3.963023765613142,-0.4436402091529069,1.323783064095721
67.0,110.0,129.88369750976562,-0.0379627504806742,2.6821752792535305,-4.115112653936806,-3.679108163981376,-1.9271989799946387,1.3404670547282131,-0.0989285936155462,3.963762776092248,-0.4436037889685726,1.3234545198064809
67.0,110.0,129.88369750976562,-0.0392187524807247,2.683054261908589,-4.114922136147859,-3.6795777604845856,-1.925288325593142,1.3412020927009516,-0.0999221139832497,3.9638507441902,-0.4441360716815598,1.3240769948011513
67.0,110.0,129.8837127685547,-0.0384252998416297,2.681579126856393,-4.114612552734227,-3.678070309738456,-1.924969723707814,1.3398621080830238,-0.0977854578789893,3.964028631331747,-0.4454669754503732,1.323824181317693
67.0,110.0,129.88369750976562,-0.0381150873514049,2.682542042709517,-4.114430642239843,-3.678878579382245,-1.9244999050184943,1.3406975087022637,-0.0999938618507068,3.963198803446204,-0.4438787615061223,1.3237429493033557
67.0,110.0,129.8837127685547,-0.0393439610213545,2.6830619422745308,-4.114604043222708,-3.680368689308013,-1.9229080885171144,1.340185094365083,-0.099360564882717,3.963476834582344,-0.4430568216979387,1.320904571426344
67.0,110.0,129.88369750976562,-0.0370319986549597,2.682141311654721,-4.11568919640137,-3.679601765843594,-1.9250876999733395,1.3398228311447469,-0.1004837490685165,3.964237534852891,-0.442657322459007,1.323574800022745
67.0,110.0,129.8837127685547,-0.039440911561131,2.6827624219451405,-4.11506458789672,-3.67771517912234,-1.923054557415951,1.3408032007476178,-0.0998097523654513,3.9640459894506095,-0.4421005376844662,1.323667740397074
67.0,110.0,129.8837127685547,-0.0371175704728505,2.6812182813530163,-4.114826148555521,-3.6814360671443898,-1.9272192972100608,1.3392384010451557,-0.0975537949860169,3.963685680076699,-0.4423936017161028,1.3207502023375437
67.0,110.0,129.88369750976562,-0.0375504977495809,2.682280533818246,-4.115233018272244,-3.679761393898062,-1.925012808213688,1.3408448440508045,-0.0991535257406458,3.963799535448471,-0.4426996479812786,1.32341862225405
67.0,110.0,129.8837127685547,-0.0353928620126881,2.684844982485186,-4.114734682919397,-3.6814192467957407,-1.9241976470811808,1.3403668723367224,-0.1000266563011459,3.964715904633412,-0.4442067176368913,1.324261404745758
67.0,110.0,129.88369750976562,-0.0375050067521598,2.682394795215691,-4.114718372567042,-3.678092981168621,-1.9258440914610253,1.3400083563894525,-0.099182553119151,3.966016159885976,-0.4438312502809411,1.3218137438897066
67.0,110.0,129.88369750976562,-0.0385790505121479,2.6829151465589978,-4.114800802167872,-3.680258446862143,-1.924409893497719,1.340273682270729,-0.0988903953142273,3.964274155720028,-0.443693939368691,1.324358976709781
67.0,110.0,129.8837127685547,-0.040081021944508,2.682819963051315,-4.11573450425536,-3.678341426705801,-1.924630774856719,1.34016865119305,-0.0990628554863062,3.961913568924301,-0.4445842110298229,1.3246566623141085
67.0,110.0,129.8837127685547,-0.0383611265626394,2.683226787712788,-4.116181104027769,-3.679021207901581,-1.9237223788072124,1.3396867159900254,-0.0994498436116677,3.962246969983919,-0.4437140811166807,1.3235120612787594
67.0,110.0,129.88369750976562,-0.0379024272348933,2.681548237319513,-4.1147750510204935,-3.679808883893499,-1.9248620463978097,1.3398379650494014,-0.0992112748296654,3.963017815678836,-0.4424179299426491,1.3233375186841294
67.0,110.0,129.88369750976562,-0.0386119900478477,2.682502921158186,-4.115330536104988,-3.67922120648243,-1.924454899099244,1.3398214621333258,-0.0993185791376466,3.963886887649888,-0.4432911272000954,1.323338099550023
67.0,110.0,129.88369750976562,-0.0382477403859779,2.68273101332882,-4.115921932644253,-3.677978964649831,-1.924749009834854,1.3417441945558162,-0.0989616560098664,3.9650317801400976,-0.4436610931860999,1.3237025486479133
67.0,110.0,129.8837127685547,-0.0364560768668281,2.682721714580719,-4.114610761576856,-3.678669844667728,-1.923656373058044,1.34280432953933,-0.0980165365981388,3.961914111739603,-0.443794010845197,1.3223327511473926
67.0,110.0,129.8837127685547,-0.0402953351447162,2.682501347146836,-4.114831625898882,-3.679870905466797,-1.9244005796315184,1.3417195916924884,-0.0977250314486938,3.9617199380596126,-0.4433945229635566,1.3239598773444936
67.0,110.0,129.8837127685547,-0.0392103178766948,2.6814445942431324,-4.115852498807204,-3.6802525891075226,-1.92721307258968,1.3409021701880466,-0.09932972378555,3.9633384870675457,-0.4434096576926085,1.3234302165676934
67.0,110.0,129.88369750976562,-0.0362685215543273,2.6824785535414897,-4.115228802300194,-3.679666890710486,-1.924817154336768,1.3397913112986377,-0.0984104785689082,3.965220519508229,-0.4431274438343454,1.3229101875008091
67.0,110.0,129.88369750976562,-0.0375539125029723,2.683178260371717,-4.114369649219112,-3.679430716965344,-1.9246000535494767,1.3402022966892828,-0.0991060381317665,3.964045450719317,-0.4435850165156397,1.3232991003993002
67.0,110.0,129.8837127685547,-0.0377462765827165,2.682754760261481,-4.116597352360581,-3.6779847629580704,-1.9229277577136537,1.3396366035122156,-0.099180540659422,3.9640289350007456,-0.4424196705885159,1.322401396617004
67.0,110.0,129.8837127685547,-0.0384557015208323,2.682627415337113,-4.1123587635104615,-3.680209406948144,-1.9237014243757844,1.34270171189778,-0.0991206517234278,3.9639897608437753,-0.4421421290146739,1.3241146792666707
67.0,110.0,129.8837127685547,-0.038570402700159,2.6842286257227737,-4.114637589890693,-3.6774866275484746,-1.9245168707861933,1.3396716767725472,-0.0973820367857728,3.966176674350191,-0.4445492732623497,1.321640995502795
67.0,110.0,129.88369750976562,-0.0371238674580442,2.6828863163114574,-4.116450644235016,-3.678852193219088,-1.9245006772364748,1.340853961483298,-0.1003745299408251,3.96483297132265,-0.4438758320633198,1.32253467512871
67.0,110.0,129.8837127685547,-0.038784764001843,2.6830760806192355,-4.1144142906365735,-3.679230887654037,-1.9236684373725577,1.3397723611962573,-0.1004453232558953,3.96449507471759,-0.4433890991455693,1.3207952825392046
67.0,110.0,129.88369750976562,-0.0385026246801999,2.681902136710416,-4.116577281202409,-3.680540846948508,-1.92433206385908,1.3402460540770993,-0.099126385258616,3.9633692913641982,-0.4437405342625667,1.3232985721522927
67.0,111.0,129.88372802734375,-0.0340661694082904,2.6829338414886976,-4.114959951118533,-3.678570733919637,-1.9260484068612689,1.3382989212693004,-0.0989222232929916,3.961988291545138,-0.4460531240543361,1.3234060221343855
67.0,111.0,129.8837127685547,-0.0390624741841135,2.6833500180860588,-4.114207038504851,-3.678594862532497,-1.9248304854471967,1.3408691475849543,-0.0996418561712355,3.962054265880583,-0.4422969201386914,1.322950687968608
67.0,111.0,129.88369750976562,-0.0384255196221009,2.6828457518910365,-4.115229419906435,-3.678280070499364,-1.9241863635424368,1.340197132733122,-0.0989346872452995,3.965045366748188,-0.4436973324717846,1.3237061726352286
67.0,111.0,129.8837127685547,-0.0383018451630346,2.6825657222281154,-4.115490430001167,-3.682651472125516,-1.9231239052756093,1.340025079312943,-0.0984281458914428,3.964438100958562,-0.44245859712267,1.3243555689868682
67.0,111.0,129.8837127685547,-0.0369420673134079,2.682156759462516,-4.115233968800888,-3.681118528744986,-1.9241912649120807,1.3404944879605267,-0.1019006897305594,3.9629366710841913,-0.4428053176321996,1.3204831572845384
67.0,111.0,129.88369750976562,-0.0384394284723971,2.682975909148543,-4.114785849651962,-3.679239009035948,-1.9244454601702328,1.3399968271028857,-0.0992974966139006,3.9634126109169294,-0.4438348749963561,1.323728487499586
67.0,111.0,129.88369750976562,-0.0375151009923383,2.6815405326175563,-4.11492126820321,-3.678696413336605,-1.9248538354858755,1.3399425126041962,-0.0987835979778907,3.963714046279793,-0.4446811609730565,1.323395357397754
67.0,111.0,129.88369750976562,-0.0377454066103169,2.6825043046280004,-4.114788089707397,-3.679652743106941,-1.9244710726958925,1.340134709603629,-0.1004671214614538,3.9636188560680137,-0.4424447477359667,1.3231665976907154
67.0,111.0,129.8837127685547,-0.0362652747973755,2.6823901769844523,-4.116293217939296,-3.6782962831329993,-1.928995849366236,1.3427363674667676,-0.0986275656262325,3.964030074260883,-0.444997731679174,1.3229369289227255
67.0,111.0,129.8837127685547,-0.037892110508682,2.6821359067353567,-4.115512312219881,-3.6795903565284767,-1.9252708498230648,1.3415193577507107,-0.0969607874607883,3.9641777212132654,-0.4436096646493943,1.320873907684612
67.0,111.0,129.88369750976562,-0.0374471514184957,2.6830290313127803,-4.114093649499316,-3.679834210451842,-1.924097479454128,1.3403730799535918,-0.0989693227775162,3.9646815998637,-0.4441470635204132,1.3235251103658887
67.0,111.0,129.88369750976562,-0.0382710782515905,2.682893249029939,-4.115279657961465,-3.6792257495786993,-1.924598940320268,1.340114582927606,-0.0982937747407807,3.963413311773425,-0.4438361054294831,1.3238186492275428
67.0,111.0,129.8837127685547,-0.0394954936172463,2.6825188067322765,-4.115058265340832,-3.681510634642686,-1.9228880618401816,1.3399492690560406,-0.1000011100859549,3.96471291422232,-0.442861539657224,1.321143834184915
67.0,111.0,129.88369750976562,-0.0386743878574695,2.682514171969066,-4.114506661615946,-3.679438333994672,-1.9243521442453364,1.339783745789752,-0.0992489063510318,3.963839175972056,-0.4434921678817331,1.3240327725928551
67.0,111.0,129.8837127685547,-0.0381877718237811,2.681269931177165,-4.115189659054024,-3.682085768835373,-1.9230510096111444,1.3398880451910875,-0.1009314762252844,3.963350996410638,-0.4439422476527043,1.324298345464992
67.0,111.0,129.88369750976562,-0.038409736125438,2.683223324443615,-4.114847609240932,-3.679415568245977,-1.9254956460903945,1.339956890140793,-0.0993767820110977,3.96545346379171,-0.4440833734044859,1.3235641918682983
67.0,111.0,129.8837127685547,-0.0381328019135585,2.6843326087515296,-4.1158076832592405,-3.677663573512685,-1.9246571519067115,1.3399667605667585,-0.1003988303632348,3.962898718619855,-0.4420186213820374,1.3237076275845006
67.0,111.0,129.88372802734375,-0.0364562979673581,2.681942566488224,-4.115709077188916,-3.683316691518306,-1.923309269025863,1.3397195529115484,-0.1020936410265639,3.96605988046728,-0.4430883786376737,1.3247307896339595
67.0,111.0,129.88369750976562,-0.0383216637770437,2.6825741157856324,-4.114967170153109,-3.6780063208760607,-1.924454085840296,1.3404595116488414,-0.099584917212826,3.9638032536282113,-0.4437830930453497,1.3237113962040006
67.0,111.0,129.88369750976562,-0.0379767604336877,2.680744641094622,-4.114477853527157,-3.6801701846835897,-1.924400799866619,1.3404674448137248,-0.0999418297218291,3.9646977554076215,-0.4444012423801128,1.3236911002911962
67.0,111.0,129.8837127685547,-0.0394642453231005,2.6822165907899134,-4.114074645352336,-3.6799137978066345,-1.9238931671670203,1.3420153525299825,-0.0998143531951303,3.9629751126011934,-0.4443550203742832,1.3235550677799133
67.0,111.0,129.88369750976562,-0.0383148729229902,2.6832796999404445,-4.116294179060572,-3.6793979513078847,-1.9250865185851764,1.340689295518906,-0.0983386555168854,3.963023765613142,-0.4436402091529069,1.323783064095721
67.0,111.0,129.88369750976562,-0.0379627504806742,2.6821752792535305,-4.115112653936806,-3.679108163981376,-1.9271989799946387,1.3404670547282131,-0.0989285936155462,3.963762776092248,-0.4436037889685726,1.3234545198064809
67.0,111.0,129.88369750976562,-0.0392187524807247,2.683054261908589,-4.114922136147859,-3.6795777604845856,-1.925288325593142,1.3412020927009516,-0.0999221139832497,3.9638507441902,-0.4441360716815598,1.3240769948011513
67.0,111.0,129.8837127685547,-0.0384252998416297,2.681579126856393,-4.114612552734227,-3.678070309738456,-1.924969723707814,1.3398621080830238,-0.0977854578789893,3.964028631331747,-0.4454669754503732,1.323824181317693
67.0,111.0,129.88369750976562,-0.0381150873514049,2.682542042709517,-4.114430642239843,-3.678878579382245,-1.9244999050184943,1.3406975087022637,-0.0999938618507068,3.963198803446204,-0.4438787615061223,1.3237429493033557
67.0,111.0,129.8837127685547,-0.0393439610213545,2.6830619422745308,-4.114604043222708,-3.680368689308013,-1.9229080885171144,1.340185094365083,-0.099360564882717,3.963476834582344,-0.4430568216979387,1.320904571426344
67.0,111.0,129.88369750976562,-0.0370319986549597,2.682141311654721,-4.11568919640137,-3.679601765843594,-1.9250876999733395,1.3398228311447469,-0.1004837490685165,3.964237534852891,-0.442657322459007,1.323574800022745
67.0,111.0,129.8837127685547,-0.039440911561131,2.6827624219451405,-4.11506458789672,-3.67771517912234,-1.923054557415951,1.3408032007476178,-0.0998097523654513,3.9640459894506095,-0.4421005376844662,1.323667740397074
67.0,111.0,129.8837127685547,-0.0371175704728505,2.6812182813530163,-4.114826148555521,-3.6814360671443898,-1.9272192972100608,1.3392384010451557,-0.0975537949860169,3.963685680076699,-0.4423936017161028,1.3207502023375437
67.0,111.0,129.88369750976562,-0.0375504977495809,2.682280533818246,-4.115233018272244,-3.679761393898062,-1.925012808213688,1.3408448440508045,-0.0991535257406458,3.963799535448471,-0.4426996479812786,1.32341862225405
67.0,111.0,129.8837127685547,-0.0353928620126881,2.684844982485186,-4.114734682919397,-3.6814192467957407,-1.9241976470811808,1.3403668723367224,-0.1000266563011459,3.964715904633412,-0.4442067176368913,1.324261404745758
67.0,111.0,129.88369750976562,-0.0375050067521598,2.682394795215691,-4.114718372567042,-3.678092981168621,-1.9258440914610253,1.3400083563894525,-0.099182553119151,3.966016159885976,-0.4438312502809411,1.3218137438897066
67.0,111.0,129.88369750976562,-0.0385790505121479,2.6829151465589978,-4.114800802167872,-3.680258446862143,-1.924409893497719,1.340273682270729,-0.0988903953142273,3.964274155720028,-0.443693939368691,1.324358976709781
67.0,111.0,129.8837127685547,-0.040081021944508,2.682819963051315,-4.11573450425536,-3.678341426705801,-1.924630774856719,1.34016865119305,-0.0990628554863062,3.961913568924301,-0.4445842110298229,1.3246566623141085
67.0,111.0,129.8837127685547,-0.0383611265626394,2.683226787712788,-4.116181104027769,-3.679021207901581,-1.9237223788072124,1.3396867159900254,-0.0994498436116677,3.962246969983919,-0.4437140811166807,1.3235120612787594
67.0,111.0,129.88369750976562,-0.0379024272348933,2.681548237319513,-4.1147750510204935,-3.679808883893499,-1.9248620463978097,1.3398379650494014,-0.0992112748296654,3.963017815678836,-0.4424179299426491,1.3233375186841294
67.0,111.0,129.88369750976562,-0.0386119900478477,2.682502921158186,-4.115330536104988,-3.67922120648243,-1.924454899099244,1.3398214621333258,-0.0993185791376466,3.963886887649888,-0.4432911272000954,1.323338099550023
67.0,111.0,129.88369750976562,-0.0382477403859779,2.68273101332882,-4.115921932644253,-3.677978964649831,-1.924749009834854,1.3417441945558162,-0.0989616560098664,3.9650317801400976,-0.4436610931860999,1.3237025486479133
67.0,111.0,129.8837127685547,-0.0364560768668281,2.682721714580719,-4.114610761576856,-3.678669844667728,-1.923656373058044,1.34280432953933,-0.0980165365981388,3.961914111739603,-0.443794010845197,1.3223327511473926
67.0,111.0,129.8837127685547,-0.0402953351447162,2.682501347146836,-4.114831625898882,-3.679870905466797,-1.9244005796315184,1.3417195916924884,-0.0977250314486938,3.9617199380596126,-0.4433945229635566,1.3239598773444936
67.0,111.0,129.8837127685547,-0.0392103178766948,2.6814445942431324,-4.115852498807204,-3.6802525891075226,-1.92721307258968,1.3409021701880466,-0.09932972378555,3.9633384870675457,-0.4434096576926085,1.3234302165676934
67.0,111.0,129.88369750976562,-0.0362685215543273,2.6824785535414897,-4.115228802300194,-3.679666890710486,-1.924817154336768,1.3397913112986377,-0.0984104785689082,3.965220519508229,-0.4431274438343454,1.3229101875008091
67.0,111.0,129.88369750976562,-0.0375539125029723,2.683178260371717,-4.114369649219112,-3.679430716965344,-1.9246000535494767,1.3402022966892828,-0.0991060381317665,3.964045450719317,-0.4435850165156397,1.3232991003993002
67.0,111.0,129.8837127685547,-0.0377462765827165,2.682754760261481,-4.116597352360581,-3.6779847629580704,-1.9229277577136537,1.3396366035122156,-0.099180540659422,3.9640289350007456,-0.4424196705885159,1.322401396617004
67.0,111.0,129.8837127685547,-0.0384557015208323,2.682627415337113,-4.1123587635104615,-3.680209406948144,-1.9237014243757844,1.34270171189778,-0.0991206517234278,3.9639897608437753,-0.4421421290146739,1.3241146792666707
67.0,111.0,129.8837127685547,-0.038570402700159,2.6842286257227737,-4.114637589890693,-3.6774866275484746,-1.9245168707861933,1.3396716767725472,-0.0973820367857728,3.966176674350191,-0.4445492732623497,1.321640995502795
67.0,111.0,129.88369750976562,-0.0371238674580442,2.6828863163114574,-4.116450644235016,-3.678852193219088,-1.9245006772364748,1.340853961483298,-0.1003745299408251,3.96483297132265,-0.4438758320633198,1.32253467512871
67.0,111.0,129.8837127685547,-0.038784764001843,2.6830760806192355,-4.1144142906365735,-3.679230887654037,-1.9236684373725577,1.3397723611962573,-0.1004453232558953,3.96449507471759,-0.4433890991455693,1.3207952825392046
67.0,111.0,129.88369750976562,-0.0385026246801999,2.681902136710416,-4.116577281202409,-3.680540846948508,-1.92433206385908,1.3402460540770993,-0.099126385258616,3.9633692913641982,-0.4437405342625667,1.3232985721522927
67.0,112.0,129.88372802734375,-0.0340661694082904,2.6829338414886976,-4.114959951118533,-3.678570733919637,-1.9260484068612689,1.3382989212693004,-0.0989222232929916,3.961988291545138,-0.4460531240543361,1.3234060221343855
67.0,112.0,129.8837127685547,-0.0390624741841135,2.6833500180860588,-4.114207038504851,-3.678594862532497,-1.9248304854471967,1.3408691475849543,-0.0996418561712355,3.962054265880583,-0.4422969201386914,1.322950687968608
67.0,112.0,129.88369750976562,-0.0384255196221009,2.6828457518910365,-4.115229419906435,-3.678280070499364,-1.9241863635424368,1.340197132733122,-0.0989346872452995,3.965045366748188,-0.4436973324717846,1.3237061726352286
67.0,112.0,129.8837127685547,-0.0383018451630346,2.6825657222281154,-4.115490430001167,-3.682651472125516,-1.9231239052756093,1.340025079312943,-0.0984281458914428,3.964438100958562,-0.44245859712267,1.3243555689868682
67.0,112.0,129.8837127685547,-0.0369420673134079,2.682156759462516,-4.115233968800888,-3.681118528744986,-1.9241912649120807,1.3404944879605267,-0.1019006897305594,3.9629366710841913,-0.4428053176321996,1.3204831572845384
67.0,112.0,129.88369750976562,-0.0384394284723971,2.682975909148543,-4.114785849651962,-3.679239009035948,-1.9244454601702328,1.3399968271028857,-0.0992974966139006,3.9634126109169294,-0.4438348749963561,1.323728487499586
67.0,112.0,129.88369750976562,-0.0375151009923383,2.6815405326175563,-4.11492126820321,-3.678696413336605,-1.9248538354858755,1.3399425126041962,-0.0987835979778907,3.963714046279793,-0.4446811609730565,1.323395357397754
67.0,112.0,129.88369750976562,-0.0377454066103169,2.6825043046280004,-4.114788089707397,-3.679652743106941,-1.9244710726958925,1.340134709603629,-0.1004671214614538,3.9636188560680137,-0.4424447477359667,1.3231665976907154
67.0,112.0,129.8837127685547,-0.0362652747973755,2.6823901769844523,-4.116293217939296,-3.6782962831329993,-1.928995849366236,1.3427363674667676,-0.0986275656262325,3.964030074260883,-0.444997731679174,1.3229369289227255
67.0,112.0,129.8837127685547,-0.037892110508682,2.6821359067353567,-4.115512312219881,-3.6795903565284767,-1.9252708498230648,1.3415193577507107,-0.0969607874607883,3.9641777212132654,-0.4436096646493943,1.320873907684612
67.0,112.0,129.88369750976562,-0.0374471514184957,2.6830290313127803,-4.114093649499316,-3.679834210451842,-1.924097479454128,1.3403730799535918,-0.0989693227775162,3.9646815998637,-0.4441470635204132,1.3235251103658887
67.0,112.0,129.88369750976562,-0.0382710782515905,2.682893249029939,-4.115279657961465,-3.6792257495786993,-1.924598940320268,1.340114582927606,-0.0982937747407807,3.963413311773425,-0.4438361054294831,1.3238186492275428
67.0,112.0,129.8837127685547,-0.0394954936172463,2.6825188067322765,-4.115058265340832,-3.681510634642686,-1.9228880618401816,1.3399492690560406,-0.1000011100859549,3.96471291422232,-0.442861539657224,1.321143834184915
67.0,112.0,129.88369750976562,-0.0386743878574695,2.682514171969066,-4.114506661615946,-3.679438333994672,-1.9243521442453364,1.339783745789752,-0.0992489063510318,3.963839175972056,-0.4434921678817331,1.3240327725928551
67.0,112.0,129.8837127685547,-0.0381877718237811,2.681269931177165,-4.115189659054024,-3.682085768835373,-1.9230510096111444,1.3398880451910875,-0.1009314762252844,3.963350996410638,-0.4439422476527043,1.324298345464992
67.0,112.0,129.88369750976562,-0.038409736125438,2.683223324443615,-4.114847609240932,-3.679415568245977,-1.9254956460903945,1.339956890140793,-0.0993767820110977,3.96545346379171,-0.4440833734044859,1.3235641918682983
67.0,112.0,129.8837127685547,-0.0381328019135585,2.6843326087515296,-4.1158076832592405,-3.677663573512685,-1.9246571519067115,1.3399667605667585,-0.1003988303632348,3.962898718619855,-0.4420186213820374,1.3237076275845006
67.0,112.0,129.88372802734375,-0.0364562979673581,2.681942566488224,-4.115709077188916,-3.683316691518306,-1.923309269025863,1.3397195529115484,-0.1020936410265639,3.96605988046728,-0.4430883786376737,1.3247307896339595
67.0,112.0,129.88369750976562,-0.0383216637770437,2.6825741157856324,-4.114967170153109,-3.6780063208760607,-1.924454085840296,1.3404595116488414,-0.099584917212826,3.9638032536282113,-0.4437830930453497,1.3237113962040006
67.0,112.0,129.88369750976562,-0.0379767604336877,2.680744641094622,-4.114477853527157,-3.6801701846835897,-1.924400799866619,1.3404674448137248,-0.0999418297218291,3.9646977554076215,-0.4444012423801128,1.3236911002911962
67.0,112.0,129.8837127685547,-0.0394642453231005,2.6822165907899134,-4.114074645352336,-3.6799137978066345,-1.9238931671670203,1.3420153525299825,-0.0998143531951303,3.9629751126011934,-0.4443550203742832,1.3235550677799133
67.0,112.0,129.88369750976562,-0.0383148729229902,2.6832796999404445,-4.116294179060572,-3.6793979513078847,-1.9250865185851764,1.340689295518906,-0.0983386555168854,3.963023765613142,-0.4436402091529069,1.323783064095721
67.0,112.0,129.88369750976562,-0.0379627504806742,2.6821752792535305,-4.115112653936806,-3.679108163981376,-1.9271989799946387,1.3404670547282131,-0.0989285936155462,3.963762776092248,-0.4436037889685726,1.3234545198064809
67.0,112.0,129.88369750976562,-0.0392187524807247,2.683054261908589,-4.114922136147859,-3.6795777604845856,-1.925288325593142,1.3412020927009516,-0.0999221139832497,3.9638507441902,-0.4441360716815598,1.3240769948011513
67.0,112.0,129.8837127685547,-0.0384252998416297,2.681579126856393,-4.114612552734227,-3.678070309738456,-1.924969723707814,1.3398621080830238,-0.0977854578789893,3.964028631331747,-0.4454669754503732,1.323824181317693
67.0,112.0,129.88369750976562,-0.0381150873514049,2.682542042709517,-4.114430642239843,-3.678878579382245,-1.9244999050184943,1.3406975087022637,-0.0999938618507068,3.963198803446204,-0.4438787615061223,1.3237429493033557
67.0,112.0,129.8837127685547,-0.0393439610213545,2.6830619422745308,-4.114604043222708,-3.680368689308013,-1.9229080885171144,1.340185094365083,-0.099360564882717,3.963476834582344,-0.4430568216979387,1.320904571426344
67.0,112.0,129.88369750976562,-0.0370319986549597,2.682141311654721,-4.11568919640137,-3.679601765843594,-1.9250876999733395,1.3398228311447469,-0.1004837490685165,3.964237534852891,-0.442657322459007,1.323574800022745
67.0,112.0,129.8837127685547,-0.039440911561131,2.6827624219451405,-4.11506458789672,-3.67771517912234,-1.923054557415951,1.3408032007476178,-0.0998097523654513,3.9640459894506095,-0.4421005376844662,1.323667740397074
67.0,112.0,129.8837127685547,-0.0371175704728505,2.6812182813530163,-4.114826148555521,-3.6814360671443898,-1.9272192972100608,1.3392384010451557,-0.0975537949860169,3.963685680076699,-0.4423936017161028,1.3207502023375437
67.0,112.0,129.88369750976562,-0.0375504977495809,2.682280533818246,-4.115233018272244,-3.679761393898062,-1.925012808213688,1.3408448440508045,-0.0991535257406458,3.963799535448471,-0.4426996479812786,1.32341862225405
67.0,112.0,129.8837127685547,-0.0353928620126881,2.684844982485186,-4.114734682919397,-3.6814192467957407,-1.9241976470811808,1.3403668723367224,-0.1000266563011459,3.964715904633412,-0.4442067176368913,1.324261404745758
67.0,112.0,129.88369750976562,-0.0375050067521598,2.682394795215691,-4.114718372567042,-3.678092981168621,-1.9258440914610253,1.3400083563894525,-0.099182553119151,3.966016159885976,-0.4438312502809411,1.3218137438897066
67.0,112.0,129.88369750976562,-0.0385790505121479,2.6829151465589978,-4.114800802167872,-3.680258446862143,-1.924409893497719,1.340273682270729,-0.0988903953142273,3.964274155720028,-0.443693939368691,1.324358976709781
67.0,112.0,129.8837127685547,-0.040081021944508,2.682819963051315,-4.11573450425536,-3.678341426705801,-1.924630774856719,1.34016865119305,-0.0990628554863062,3.961913568924301,-0.4445842110298229,1.3246566623141085
67.0,112.0,129.8837127685547,-0.0383611265626394,2.683226787712788,-4.116181104027769,-3.679021207901581,-1.9237223788072124,1.3396867159900254,-0.0994498436116677,3.962246969983919,-0.4437140811166807,1.3235120612787594
67.0,112.0,129.88369750976562,-0.0379024272348933,2.681548237319513,-4.1147750510204935,-3.679808883893499,-1.9248620463978097,1.3398379650494014,-0.0992112748296654,3.963017815678836,-0.4424179299426491,1.3233375186841294
67.0,112.0,129.88369750976562,-0.0386119900478477,2.682502921158186,-4.115330536104988,-3.67922120648243,-1.924454899099244,1.3398214621333258,-0.0993185791376466,3.963886887649888,-0.4432911272000954,1.323338099550023
67.0,112.0,129.88369750976562,-0.0382477403859779,2.68273101332882,-4.115921932644253,-3.677978964649831,-1.924749009834854,1.3417441945558162,-0.0989616560098664,3.9650317801400976,-0.4436610931860999,1.3237025486479133
67.0,112.0,129.8837127685547,-0.0364560768668281,2.682721714580719,-4.114610761576856,-3.678669844667728,-1.923656373058044,1.34280432953933,-0.0980165365981388,3.961914111739603,-0.443794010845197,1.3223327511473926
67.0,112.0,129.8837127685547,-0.0402953351447162,2.682501347146836,-4.114831625898882,-3.679870905466797,-1.9244005796315184,1.3417195916924884,-0.0977250314486938,3.9617199380596126,-0.4433945229635566,1.3239598773444936
67.0,112.0,129.8837127685547,-0.0392103178766948,2.6814445942431324,-4.115852498807204,-3.6802525891075226,-1.92721307258968,1.3409021701880466,-0.09932972378555,3.9633384870675457,-0.4434096576926085,1.3234302165676934
67.0,112.0,129.88369750976562,-0.0362685215543273,2.6824785535414897,-4.115228802300194,-3.679666890710486,-1.924817154336768,1.3397913112986377,-0.0984104785689082,3.965220519508229,-0.4431274438343454,1.3229101875008091
67.0,112.0,129.88369750976562,-0.0375539125029723,2.683178260371717,-4.114369649219112,-3.679430716965344,-1.9246000535494767,1.3402022966892828,-0.0991060381317665,3.964045450719317,-0.4435850165156397,1.3232991003993002
67.0,112.0,129.8837127685547,-0.0377462765827165,2.682754760261481,-4.116597352360581,-3.6779847629580704,-1.9229277577136537,1.3396366035122156,-0.099180540659422,3.9640289350007456,-0.4424196705885159,1.322401396617004
67.0,112.0,129.8837127685547,-0.0384557015208323,2.682627415337113,-4.1123587635104615,-3.680209406948144,-1.9237014243757844,1.34270171189778,-0.0991206517234278,3.9639897608437753,-0.4421421290146739,1.3241146792666707
67.0,112.0,129.8837127685547,-0.038570402700159,2.6842286257227737,-4.114637589890693,-3.6774866275484746,-1.9245168707861933,1.3396716767725472,-0.0973820367857728,3.966176674350191,-0.4445492732623497,1.321640995502795
67.0,112.0,129.88369750976562,-0.0371238674580442,2.6828863163114574,-4.116450644235016,-3.678852193219088,-1.9245006772364748,1.340853961483298,-0.1003745299408251,3.96483297132265,-0.4438758320633198,1.32253467512871
67.0,112.0,129.8837127685547,-0.038784764001843,2.6830760806192355,-4.1144142906365735,-3.679230887654037,-1.9236684373725577,1.3397723611962573,-0.1004453232558953,3.96449507471759,-0.4433890991455693,1.3207952825392046
67.0,112.0,129.88369750976562,-0.0385026246801999,2.681902136710416,-4.116577281202409,-3.680540846948508,-1.92433206385908,1.3402460540770993,-0.099126385258616,3.9633692913641982,-0.4437405342625667,1.3232985721522927
67.0,113.0,129.88372802734375,-0.0340661694082904,2.6829338414886976,-4.114959951118533,-3.678570733919637,-1.9260484068612689,1.3382989212693004,-0.0989222232929916,3.961988291545138,-0.4460531240543361,1.3234060221343855
67.0,113.0,129.8837127685547,-0.0390624741841135,2.6833500180860588,-4.114207038504851,-3.678594862532497,-1.9248304854471967,1.3408691475849543,-0.0996418561712355,3.962054265880583,-0.4422969201386914,1.322950687968608
67.0,113.0,129.88369750976562,-0.0384255196221009,2.6828457518910365,-4.115229419906435,-3.678280070499364,-1.9241863635424368,1.340197132733122,-0.0989346872452995,3.965045366748188,-0.4436973324717846,1.3237061726352286
67.0,113.0,129.8837127685547,-0.0383018451630346,2.6825657222281154,-4.115490430001167,-3.682651472125516,-1.9231239052756093,1.340025079312943,-0.0984281458914428,3.964438100958562,-0.44245859712267,1.3243555689868682
67.0,113.0,129.8837127685547,-0.0369420673134079,2.682156759462516,-4.115233968800888,-3.681118528744986,-1.9241912649120807,1.3404944879605267,-0.1019006897305594,3.9629366710841913,-0.4428053176321996,1.3204831572845384
67.0,113.0,129.88369750976562,-0.0384394284723971,2.682975909148543,-4.114785849651962,-3.679239009035948,-1.9244454601702328,1.3399968271028857,-0.0992974966139006,3.9634126109169294,-0.4438348749963561,1.323728487499586
67.0,113.0,129.88369750976562,-0.0375151009923383,2.6815405326175563,-4.11492126820321,-3.678696413336605,-1.9248538354858755,1.3399425126041962,-0.0987835979778907,3.963714046279793,-0.4446811609730565,1.323395357397754
67.0,113.0,129.88369750976562,-0.0377454066103169,2.6825043046280004,-4.114788089707397,-3.679652743106941,-1.9244710726958925,1.340134709603629,-0.1004671214614538,3.9636188560680137,-0.4424447477359667,1.3231665976907154
67.0,113.0,129.8837127685547,-0.0362652747973755,2.6823901769844523,-4.116293217939296,-3.6782962831329993,-1.928995849366236,1.3427363674667676,-0.0986275656262325,3.964030074260883,-0.444997731679174,1.3229369289227255
67.0,113.0,129.8837127685547,-0.037892110508682,2.6821359067353567,-4.115512312219881,-3.6795903565284767,-1.9252708498230648,1.3415193577507107,-0.0969607874607883,3.9641777212132654,-0.4436096646493943,1.320873907684612
67.0,113.0,129.88369750976562,-0.0374471514184957,2.6830290313127803,-4.114093649499316,-3.679834210451842,-1.924097479454128,1.3403730799535918,-0.0989693227775162,3.9646815998637,-0.4441470635204132,1.3235251103658887
67.0,113.0,129.88369750976562,-0.0382710782515905,2.682893249029939,-4.115279657961465,-3.6792257495786993,-1.924598940320268,1.340114582927606,-0.0982937747407807,3.963413311773425,-0.4438361054294831,1.3238186492275428
67.0,113.0,129.8837127685547,-0.0394954936172463,2.6825188067322765,-4.115058265340832,-3.681510634642686,-1.9228880618401816,1.3399492690560406,-0.1000011100859549,3.96471291422232,-0.442861539657224,1.321143834184915
67.0,113.0,129.88369750976562,-0.0386743878574695,2.682514171969066,-4.114506661615946,-3.679438333994672,-1.9243521442453364,1.339783745789752,-0.0992489063510318,3.963839175972056,-0.4434921678817331,1.3240327725928551
67.0,113.0,129.8837127685547,-0.0381877718237811,2.681269931177165,-4.115189659054024,-3.682085768835373,-1.9230510096111444,1.3398880451910875,-0.1009314762252844,3.963350996410638,-0.4439422476527043,1.324298345464992
67.0,113.0,129.88369750976562,-0.038409736125438,2.683223324443615,-4.114847609240932,-3.679415568245977,-1.9254956460903945,1.339956890140793,-0.0993767820110977,3.96545346379171,-0.4440833734044859,1.3235641918682983
67.0,113.0,129.8837127685547,-0.0381328019135585,2.6843326087515296,-4.1158076832592405,-3.677663573512685,-1.9246571519067115,1.3399667605667585,-0.1003988303632348,3.962898718619855,-0.4420186213820374,1.3237076275845006
67.0,113.0,129.88372802734375,-0.0364562979673581,2.681942566488224,-4.115709077188916,-3.683316691518306,-1.923309269025863,1.3397195529115484,-0.1020936410265639,3.96605988046728,-0.4430883786376737,1.3247307896339595
67.0,113.0,129.88369750976562,-0.0383216637770437,2.6825741157856324,-4.114967170153109,-3.6780063208760607,-1.924454085840296,1.3404595116488414,-0.099584917212826,3.9638032536282113,-0.4437830930453497,1.3237113962040006
67.0,113.0,129.88369750976562,-0.0379767604336877,2.680744641094622,-4.114477853527157,-3.6801701846835897,-1.924400799866619,1.3404674448137248,-0.0999418297218291,3.9646977554076215,-0.4444012423801128,1.3236911002911962
67.0,113.0,129.8837127685547,-0.0394642453231005,2.6822165907899134,-4.114074645352336,-3.6799137978066345,-1.9238931671670203,1.3420153525299825,-0.0998143531951303,3.9629751126011934,-0.4443550203742832,1.3235550677799133
67.0,113.0,129.88369750976562,-0.0383148729229902,2.6832796999404445,-4.116294179060572,-3.6793979513078847,-1.9250865185851764,1.340689295518906,-0.0983386555168854,3.963023765613142,-0.4436402091529069,1.323783064095721
67.0,113.0,129.88369750976562,-0.0379627504806742,2.6821752792535305,-4.115112653936806,-3.679108163981376,-1.9271989799946387,1.3404670547282131,-0.0989285936155462,3.963762776092248,-0.4436037889685726,1.3234545198064809
67.0,113.0,129.88369750976562,-0.0392187524807247,2.683054261908589,-4.114922136147859,-3.6795777604845856,-1.925288325593142,1.3412020927009516,-0.0999221139832497,3.9638507441902,-0.4441360716815598,1.3240769948011513
67.0,113.0,129.8837127685547,-0.0384252998416297,2.681579126856393,-4.114612552734227,-3.678070309738456,-1.924969723707814,1.3398621080830238,-0.0977854578789893,3.964028631331747,-0.4454669754503732,1.323824181317693
67.0,113.0,129.88369750976562,-0.0381150873514049,2.682542042709517,-4.114430642239843,-3.678878579382245,-1.9244999050184943,1.3406975087022637,-0.0999938618507068,3.963198803446204,-0.4438787615061223,1.3237429493033557
67.0,113.0,129.8837127685547,-0.0393439610213545,2.6830619422745308,-4.114604043222708,-3.680368689308013,-1.9229080885171144,1.340185094365083,-0.099360564882717,3.963476834582344,-0.4430568216979387,1.320904571426344
67.0,113.0,129.88369750976562,-0.0370319986549597,2.682141311654721,-4.11568919640137,-3.679601765843594,-1.9250876999733395,1.3398228311447469,-0.1004837490685165,3.964237534852891,-0.442657322459007,1.323574800022745
67.0,113.0,129.8837127685547,-0.039440911561131,2.6827624219451405,-4.11506458789672,-3.67771517912234,-1.923054557415951,1.3408032007476178,-0.0998097523654513,3.9640459894506095,-0.4421005376844662,1.323667740397074
67.0,113.0,129.8837127685547,-0.0371175704728505,2.6812182813530163,-4.114826148555521,-3.6814360671443898,-1.9272192972100608,1.3392384010451557,-0.0975537949860169,3.963685680076699,-0.4423936017161028,1.3207502023375437
67.0,113.0,129.88369750976562,-0.0375504977495809,2.682280533818246,-4.115233018272244,-3.679761393898062,-1.925012808213688,1.3408448440508045,-0.0991535257406458,3.963799535448471,-0.4426996479812786,1.32341862225405
67.0,113.0,129.8837127685547,-0.0353928620126881,2.684844982485186,-4.114734682919397,-3.6814192467957407,-1.9241976470811808,1.3403668723367224,-0.1000266563011459,3.964715904633412,-0.4442067176368913,1.324261404745758
67.0,113.0,129.88369750976562,-0.0375050067521598,2.682394795215691,-4.114718372567042,-3.678092981168621,-1.9258440914610253,1.3400083563894525,-0.099182553119151,3.966016159885976,-0.4438312502809411,1.3218137438897066
67.0,113.0,129.88369750976562,-0.0385790505121479,2.6829151465589978,-4.114800802167872,-3.680258446862143,-1.924409893497719,1.340273682270729,-0.0988903953142273,3.964274155720028,-0.443693939368691,1.324358976709781
67.0,113.0,129.8837127685547,-0.040081021944508,2.682819963051315,-4.11573450425536,-3.678341426705801,-1.924630774856719,1.34016865119305,-0.0990628554863062,3.961913568924301,-0.4445842110298229,1.3246566623141085
67.0,113.0,129.8837127685547,-0.0383611265626394,2.683226787712788,-4.116181104027769,-3.679021207901581,-1.9237223788072124,1.3396867159900254,-0.0994498436116677,3.962246969983919,-0.4437140811166807,1.3235120612787594
67.0,113.0,129.88369750976562,-0.0379024272348933,2.681548237319513,-4.1147750510204935,-3.679808883893499,-1.9248620463978097,1.3398379650494014,-0.0992112748296654,3.963017815678836,-0.4424179299426491,1.3233375186841294
67.0,113.0,129.88369750976562,-0.0386119900478477,2.682502921158186,-4.115330536104988,-3.67922120648243,-1.924454899099244,1.3398214621333258,-0.0993185791376466,3.963886887649888,-0.4432911272000954,1.323338099550023
67.0,113.0,129.88369750976562,-0.0382477403859779,2.68273101332882,-4.115921932644253,-3.677978964649831,-1.924749009834854,1.3417441945558162,-0.0989616560098664,3.9650317801400976,-0.4436610931860999,1.3237025486479133
67.0,113.0,129.8837127685547,-0.0364560768668281,2.682721714580719,-4.114610761576856,-3.678669844667728,-1.923656373058044,1.34280432953933,-0.0980165365981388,3.961914111739603,-0.443794010845197,1.3223327511473926
67.0,113.0,129.8837127685547,-0.0402953351447162,2.682501347146836,-4.114831625898882,-3.679870905466797,-1.9244005796315184,1.3417195916924884,-0.0977250314486938,3.9617199380596126,-0.4433945229635566,1.3239598773444936
67.0,113.0,129.88369750976562,-0.0385555590400413,2.682332051900679,-4.11561887003485,-3.678886500882304,-1.9246899936591084,1.339812599810698,-0.0990985889591814,3.964719517917539,-0.4435134565679196,1.3239478618172835
67.0,113.0,129.88369750976562,-0.0362685215543273,2.6824785535414897,-4.115228802300194,-3.679666890710486,-1.924817154336768,1.3397913112986377,-0.0984104785689082,3.965220519508229,-0.4431274438343454,1.3229101875008091
67.0,113.0,129.88369750976562,-0.0375539125029723,2.683178260371717,-4.114369649219112,-3.679430716965344,-1.9246000535494767,1.3402022966892828,-0.0991060381317665,3.964045450719317,-0.4435850165156397,1.3232991003993002
67.0,113.0,129.8837127685547,-0.0377462765827165,2.682754760261481,-4.116597352360581,-3.6779847629580704,-1.9229277577136537,1.3396366035122156,-0.099180540659422,3.9640289350007456,-0.4424196705885159,1.322401396617004
67.0,113.0,129.8837127685547,-0.0384557015208323,2.682627415337113,-4.1123587635104615,-3.680209406948144,-1.9237014243757844,1.34270171189778,-0.0991206517234278,3.9639897608437753,-0.4421421290146739,1.3241146792666707
67.0,113.0,129.8837127685547,-0.038570402700159,2.6842286257227737,-4.114637589890693,-3.6774866275484746,-1.9245168707861933,1.3396716767725472,-0.0973820367857728,3.966176674350191,-0.4445492732623497,1.321640995502795
67.0,113.0,129.88369750976562,-0.0371238674580442,2.6828863163114574,-4.116450644235016,-3.678852193219088,-1.9245006772364748,1.340853961483298,-0.1003745299408251,3.96483297132265,-0.4438758320633198,1.32253467512871
67.0,113.0,129.8837127685547,-0.038784764001843,2.6830760806192355,-4.1144142906365735,-3.679230887654037,-1.9236684373725577,1.3397723611962573,-0.1004453232558953,3.96449507471759,-0.4433890991455693,1.3207952825392046
67.0,113.0,129.88369750976562,-0.0385026246801999,2.681902136710416,-4.116577281202409,-3.680540846948508,-1.92433206385908,1.3402460540770993,-0.099126385258616,3.9633692913641982,-0.4437405342625667,1.3232985721522927
67.0,114.0,129.88372802734375,-0.0340661694082904,2.6829338414886976,-4.114959951118533,-3.678570733919637,-1.9260484068612689,1.3382989212693004,-0.0989222232929916,3.961988291545138,-0.4460531240543361,1.3234060221343855
67.0,114.0,129.8837127685547,-0.0390624741841135,2.6833500180860588,-4.114207038504851,-3.678594862532497,-1.9248304854471967,1.3408691475849543,-0.0996418561712355,3.962054265880583,-0.4422969201386914,1.322950687968608
67.0,114.0,129.88369750976562,-0.0384255196221009,2.6828457518910365,-4.115229419906435,-3.678280070499364,-1.9241863635424368,1.340197132733122,-0.0989346872452995,3.965045366748188,-0.4436973324717846,1.3237061726352286
67.0,114.0,129.8837127685547,-0.0383018451630346,2.6825657222281154,-4.115490430001167,-3.682651472125516,-1.9231239052756093,1.340025079312943,-0.0984281458914428,3.964438100958562,-0.44245859712267,1.3243555689868682
67.0,114.0,129.8837127685547,-0.0369420673134079,2.682156759462516,-4.115233968800888,-3.681118528744986,-1.9241912649120807,1.3404944879605267,-0.1019006897305594,3.9629366710841913,-0.4428053176321996,1.3204831572845384
67.0,114.0,129.88369750976562,-0.0384394284723971,2.682975909148543,-4.114785849651962,-3.679239009035948,-1.9244454601702328,1.3399968271028857,-0.0992974966139006,3.9634126109169294,-0.4438348749963561,1.323728487499586
67.0,114.0,129.88369750976562,-0.0375151009923383,2.6815405326175563,-4.11492126820321,-3.678696413336605,-1.9248538354858755,1.3399425126041962,-0.0987835979778907,3.963714046279793,-0.4446811609730565,1.323395357397754
67.0,114.0,129.88369750976562,-0.0377454066103169,2.6825043046280004,-4.114788089707397,-3.679652743106941,-1.9244710726958925,1.340134709603629,-0.1004671214614538,3.9636188560680137,-0.4424447477359667,1.3231665976907154
67.0,114.0,129.8837127685547,-0.0362652747973755,2.6823901769844523,-4.116293217939296,-3.6782962831329993,-1.928995849366236,1.3427363674667676,-0.0986275656262325,3.964030074260883,-0.444997731679174,1.3229369289227255
67.0,114.0,129.8837127685547,-0.037892110508682,2.6821359067353567,-4.115512312219881,-3.6795903565284767,-1.9252708498230648,1.3415193577507107,-0.0969607874607883,3.9641777212132654,-0.4436096646493943,1.320873907684612
67.0,114.0,129.88369750976562,-0.0374471514184957,2.6830290313127803,-4.114093649499316,-3.679834210451842,-1.924097479454128,1.3403730799535918,-0.0989693227775162,3.9646815998637,-0.4441470635204132,1.3235251103658887
67.0,114.0,129.88369750976562,-0.0382710782515905,2.682893249029939,-4.115279657961465,-3.6792257495786993,-1.924598940320268,1.340114582927606,-0.0982937747407807,3.963413311773425,-0.4438361054294831,1.3238186492275428
67.0,114.0,129.8837127685547,-0.0394954936172463,2.6825188067322765,-4.115058265340832,-3.681510634642686,-1.9228880618401816,1.3399492690560406,-0.1000011100859549,3.96471291422232,-0.442861539657224,1.321143834184915
67.0,114.0,129.88369750976562,-0.0386743878574695,2.682514171969066,-4.114506661615946,-3.679438333994672,-1.9243521442453364,1.339783745789752,-0.0992489063510318,3.963839175972056,-0.4434921678817331,1.3240327725928551
67.0,114.0,129.8837127685547,-0.0381877718237811,2.681269931177165,-4.115189659054024,-3.682085768835373,-1.9230510096111444,1.3398880451910875,-0.1009314762252844,3.963350996410638,-0.4439422476527043,1.324298345464992
67.0,114.0,129.88369750976562,-0.038409736125438,2.683223324443615,-4.114847609240932,-3.679415568245977,-1.9254956460903945,1.339956890140793,-0.0993767820110977,3.96545346379171,-0.4440833734044859,1.3235641918682983
67.0,114.0,129.8837127685547,-0.0381328019135585,2.6843326087515296,-4.1158076832592405,-3.677663573512685,-1.9246571519067115,1.3399667605667585,-0.1003988303632348,3.962898718619855,-0.4420186213820374,1.3237076275845006
67.0,114.0,129.88372802734375,-0.0364562979673581,2.681942566488224,-4.115709077188916,-3.683316691518306,-1.923309269025863,1.3397195529115484,-0.1020936410265639,3.96605988046728,-0.4430883786376737,1.3247307896339595
67.0,114.0,129.88369750976562,-0.0383216637770437,2.6825741157856324,-4.114967170153109,-3.6780063208760607,-1.924454085840296,1.3404595116488414,-0.099584917212826,3.9638032536282113,-0.4437830930453497,1.3237113962040006
67.0,114.0,129.88369750976562,-0.0379767604336877,2.680744641094622,-4.114477853527157,-3.6801701846835897,-1.924400799866619,1.3404674448137248,-0.0999418297218291,3.9646977554076215,-0.4444012423801128,1.3236911002911962
67.0,114.0,129.8837127685547,-0.0394642453231005,2.6822165907899134,-4.114074645352336,-3.6799137978066345,-1.9238931671670203,1.3420153525299825,-0.0998143531951303,3.9629751126011934,-0.4443550203742832,1.3235550677799133
67.0,114.0,129.88369750976562,-0.0383148729229902,2.6832796999404445,-4.116294179060572,-3.6793979513078847,-1.9250865185851764,1.340689295518906,-0.0983386555168854,3.963023765613142,-0.4436402091529069,1.323783064095721
67.0,114.0,129.88369750976562,-0.0379627504806742,2.6821752792535305,-4.115112653936806,-3.679108163981376,-1.9271989799946387,1.3404670547282131,-0.0989285936155462,3.963762776092248,-0.4436037889685726,1.3234545198064809
67.0,114.0,129.88369750976562,-0.0392187524807247,2.683054261908589,-4.114922136147859,-3.6795777604845856,-1.925288325593142,1.3412020927009516,-0.0999221139832497,3.9638507441902,-0.4441360716815598,1.3240769948011513
67.0,114.0,129.88369750976562,-0.0383849644671473,2.6829565493324656,-4.1152425670406885,-3.679085536259625,-1.9245625020625792,1.3398362901102925,-0.0989136901687004,3.964908554644228,-0.4445902552466633,1.3237140521602766
67.0,114.0,129.88369750976562,-0.0381150873514049,2.682542042709517,-4.114430642239843,-3.678878579382245,-1.9244999050184943,1.3406975087022637,-0.0999938618507068,3.963198803446204,-0.4438787615061223,1.3237429493033557
67.0,114.0,129.8837127685547,-0.0393439610213545,2.6830619422745308,-4.114604043222708,-3.680368689308013,-1.9229080885171144,1.340185094365083,-0.099360564882717,3.963476834582344,-0.4430568216979387,1.320904571426344
67.0,114.0,129.88369750976562,-0.0370319986549597,2.682141311654721,-4.11568919640137,-3.679601765843594,-1.9250876999733395,1.3398228311447469,-0.1004837490685165,3.964237534852891,-0.442657322459007,1.323574800022745
67.0,114.0,129.8837127685547,-0.039440911561131,2.6827624219451405,-4.11506458789672,-3.67771517912234,-1.923054557415951,1.3408032007476178,-0.0998097523654513,3.9640459894506095,-0.4421005376844662,1.323667740397074
67.0,114.0,129.8837127685547,-0.0371175704728505,2.6812182813530163,-4.114826148555521,-3.6814360671443898,-1.9272192972100608,1.3392384010451557,-0.0975537949860169,3.963685680076699,-0.4423936017161028,1.3207502023375437
67.0,114.0,129.88369750976562,-0.0375504977495809,2.682280533818246,-4.115233018272244,-3.679761393898062,-1.925012808213688,1.3408448440508045,-0.0991535257406458,3.963799535448471,-0.4426996479812786,1.32341862225405
67.0,114.0,129.8837127685547,-0.0353928620126881,2.684844982485186,-4.114734682919397,-3.6814192467957407,-1.9241976470811808,1.3403668723367224,-0.1000266563011459,3.964715904633412,-0.4442067176368913,1.324261404745758
67.0,114.0,129.88369750976562,-0.0375050067521598,2.682394795215691,-4.114718372567042,-3.678092981168621,-1.9258440914610253,1.3400083563894525,-0.099182553119151,3.966016159885976,-0.4438312502809411,1.3218137438897066
67.0,114.0,129.88369750976562,-0.0385790505121479,2.6829151465589978,-4.114800802167872,-3.680258446862143,-1.924409893497719,1.340273682270729,-0.0988903953142273,3.964274155720028,-0.443693939368691,1.324358976709781
67.0,114.0,129.8837127685547,-0.040081021944508,2.682819963051315,-4.11573450425536,-3.678341426705801,-1.924630774856719,1.34016865119305,-0.0990628554863062,3.961913568924301,-0.4445842110298229,1.3246566623141085
67.0,114.0,129.8837127685547,-0.0383611265626394,2.683226787712788,-4.116181104027769,-3.679021207901581,-1.9237223788072124,1.3396867159900254,-0.0994498436116677,3.962246969983919,-0.4437140811166807,1.3235120612787594
67.0,114.0,129.88369750976562,-0.0379024272348933,2.681548237319513,-4.1147750510204935,-3.679808883893499,-1.9248620463978097,1.3398379650494014,-0.0992112748296654,3.963017815678836,-0.4424179299426491,1.3233375186841294
67.0,114.0,129.88369750976562,-0.0386119900478477,2.682502921158186,-4.115330536104988,-3.67922120648243,-1.924454899099244,1.3398214621333258,-0.0993185791376466,3.963886887649888,-0.4432911272000954,1.323338099550023
67.0,114.0,129.88369750976562,-0.0382477403859779,2.68273101332882,-4.115921932644253,-3.677978964649831,-1.924749009834854,1.3417441945558162,-0.0989616560098664,3.9650317801400976,-0.4436610931860999,1.3237025486479133
67.0,114.0,129.8837127685547,-0.0364560768668281,2.682721714580719,-4.114610761576856,-3.678669844667728,-1.923656373058044,1.34280432953933,-0.0980165365981388,3.961914111739603,-0.443794010845197,1.3223327511473926
67.0,114.0,129.8837127685547,-0.0402953351447162,2.682501347146836,-4.114831625898882,-3.679870905466797,-1.9244005796315184,1.3417195916924884,-0.0977250314486938,3.9617199380596126,-0.4433945229635566,1.3239598773444936
67.0,114.0,129.88369750976562,-0.0385555590400413,2.682332051900679,-4.11561887003485,-3.678886500882304,-1.9246899936591084,1.339812599810698,-0.0990985889591814,3.964719517917539,-0.4435134565679196,1.3239478618172835
67.0,114.0,129.88369750976562,-0.0362685215543273,2.6824785535414897,-4.115228802300194,-3.679666890710486,-1.924817154336768,1.3397913112986377,-0.0984104785689082,3.965220519508229,-0.4431274438343454,1.3229101875008091
67.0,114.0,129.88369750976562,-0.0375539125029723,2.683178260371717,-4.114369649219112,-3.679430716965344,-1.9246000535494767,1.3402022966892828,-0.0991060381317665,3.964045450719317,-0.4435850165156397,1.3232991003993002
67.0,114.0,129.8837127685547,-0.0377462765827165,2.682754760261481,-4.116597352360581,-3.6779847629580704,-1.9229277577136537,1.3396366035122156,-0.099180540659422,3.9640289350007456,-0.4424196705885159,1.322401396617004
67.0,114.0,129.8837127685547,-0.0384557015208323,2.682627415337113,-4.1123587635104615,-3.680209406948144,-1.9237014243757844,1.34270171189778,-0.0991206517234278,3.9639897608437753,-0.4421421290146739,1.3241146792666707
67.0,114.0,129.8837127685547,-0.038570402700159,2.6842286257227737,-4.114637589890693,-3.6774866275484746,-1.9245168707861933,1.3396716767725472,-0.0973820367857728,3.966176674350191,-0.4445492732623497,1.321640995502795
67.0,114.0,129.88369750976562,-0.0371238674580442,2.6828863163114574,-4.116450644235016,-3.678852193219088,-1.9245006772364748,1.340853961483298,-0.1003745299408251,3.96483297132265,-0.4438758320633198,1.32253467512871
67.0,114.0,129.8837127685547,-0.038784764001843,2.6830760806192355,-4.1144142906365735,-3.679230887654037,-1.9236684373725577,1.3397723611962573,-0.1004453232558953,3.96449507471759,-0.4433890991455693,1.3207952825392046
67.0,114.0,129.88369750976562,-0.0385026246801999,2.681902136710416,-4.116577281202409,-3.680540846948508,-1.92433206385908,1.3402460540770993,-0.099126385258616,3.9633692913641982,-0.4437405342625667,1.3232985721522927
67.0,115.0,129.88372802734375,-0.0340661694082904,2.6829338414886976,-4.114959951118533,-3.678570733919637,-1.9260484068612689,1.3382989212693004,-0.0989222232929916,3.961988291545138,-0.4460531240543361,1.3234060221343855
67.0,115.0,129.8837127685547,-0.0390624741841135,2.6833500180860588,-4.114207038504851,-3.678594862532497,-1.9248304854471967,1.3408691475849543,-0.0996418561712355,3.962054265880583,-0.4422969201386914,1.322950687968608
67.0,115.0,129.88369750976562,-0.0384255196221009,2.6828457518910365,-4.115229419906435,-3.678280070499364,-1.9241863635424368,1.340197132733122,-0.0989346872452995,3.965045366748188,-0.4436973324717846,1.3237061726352286
67.0,115.0,129.8837127685547,-0.0383018451630346,2.6825657222281154,-4.115490430001167,-3.682651472125516,-1.9231239052756093,1.340025079312943,-0.0984281458914428,3.964438100958562,-0.44245859712267,1.3243555689868682
67.0,115.0,129.8837127685547,-0.0369420673134079,2.682156759462516,-4.115233968800888,-3.681118528744986,-1.9241912649120807,1.3404944879605267,-0.1019006897305594,3.9629366710841913,-0.4428053176321996,1.3204831572845384
67.0,115.0,129.88369750976562,-0.0384394284723971,2.682975909148543,-4.114785849651962,-3.679239009035948,-1.9244454601702328,1.3399968271028857,-0.0992974966139006,3.9634126109169294,-0.4438348749963561,1.323728487499586
67.0,115.0,129.88369750976562,-0.0375151009923383,2.6815405326175563,-4.11492126820321,-3.678696413336605,-1.9248538354858755,1.3399425126041962,-0.0987835979778907,3.963714046279793,-0.4446811609730565,1.323395357397754
67.0,115.0,129.88369750976562,-0.0377454066103169,2.6825043046280004,-4.114788089707397,-3.679652743106941,-1.9244710726958925,1.340134709603629,-0.1004671214614538,3.9636188560680137,-0.4424447477359667,1.3231665976907154
67.0,115.0,129.8837127685547,-0.0362652747973755,2.6823901769844523,-4.116293217939296,-3.6782962831329993,-1.928995849366236,1.3427363674667676,-0.0986275656262325,3.964030074260883,-0.444997731679174,1.3229369289227255
67.0,115.0,129.8837127685547,-0.037892110508682,2.6821359067353567,-4.115512312219881,-3.6795903565284767,-1.9252708498230648,1.3415193577507107,-0.0969607874607883,3.9641777212132654,-0.4436096646493943,1.320873907684612
67.0,115.0,129.88369750976562,-0.0374471514184957,2.6830290313127803,-4.114093649499316,-3.679834210451842,-1.924097479454128,1.3403730799535918,-0.0989693227775162,3.9646815998637,-0.4441470635204132,1.3235251103658887
67.0,115.0,129.88369750976562,-0.0382710782515905,2.682893249029939,-4.115279657961465,-3.6792257495786993,-1.924598940320268,1.340114582927606,-0.0982937747407807,3.963413311773425,-0.4438361054294831,1.3238186492275428
67.0,115.0,129.8837127685547,-0.0394954936172463,2.6825188067322765,-4.115058265340832,-3.681510634642686,-1.9228880618401816,1.3399492690560406,-0.1000011100859549,3.96471291422232,-0.442861539657224,1.321143834184915
67.0,115.0,129.88369750976562,-0.0386743878574695,2.682514171969066,-4.114506661615946,-3.679438333994672,-1.9243521442453364,1.339783745789752,-0.0992489063510318,3.963839175972056,-0.4434921678817331,1.3240327725928551
67.0,115.0,129.8837127685547,-0.0381877718237811,2.681269931177165,-4.115189659054024,-3.682085768835373,-1.9230510096111444,1.3398880451910875,-0.1009314762252844,3.963350996410638,-0.4439422476527043,1.324298345464992
67.0,115.0,129.88369750976562,-0.038409736125438,2.683223324443615,-4.114847609240932,-3.679415568245977,-1.9254956460903945,1.339956890140793,-0.0993767820110977,3.96545346379171,-0.4440833734044859,1.3235641918682983
67.0,115.0,129.8837127685547,-0.0381328019135585,2.6843326087515296,-4.1158076832592405,-3.677663573512685,-1.9246571519067115,1.3399667605667585,-0.1003988303632348,3.962898718619855,-0.4420186213820374,1.3237076275845006
67.0,115.0,129.8837127685547,-0.0365358024724783,2.6818681070312835,-4.112865976977184,-3.679602687252389,-1.924349351054988,1.3402820676057443,-0.1018320141376777,3.9651600061539054,-0.4432204102345752,1.3243243450746875
67.0,115.0,129.88369750976562,-0.0383216637770437,2.6825741157856324,-4.114967170153109,-3.6780063208760607,-1.924454085840296,1.3404595116488414,-0.099584917212826,3.9638032536282113,-0.4437830930453497,1.3237113962040006
67.0,115.0,129.88369750976562,-0.0379767604336877,2.680744641094622,-4.114477853527157,-3.6801701846835897,-1.924400799866619,1.3404674448137248,-0.0999418297218291,3.9646977554076215,-0.4444012423801128,1.3236911002911962
67.0,115.0,129.8837127685547,-0.0394642453231005,2.6822165907899134,-4.114074645352336,-3.6799137978066345,-1.9238931671670203,1.3420153525299825,-0.0998143531951303,3.9629751126011934,-0.4443550203742832,1.3235550677799133
67.0,115.0,129.88369750976562,-0.0383148729229902,2.6832796999404445,-4.116294179060572,-3.6793979513078847,-1.9250865185851764,1.340689295518906,-0.0983386555168854,3.963023765613142,-0.4436402091529069,1.323783064095721
67.0,115.0,129.88369750976562,-0.0379627504806742,2.6821752792535305,-4.115112653936806,-3.679108163981376,-1.9271989799946387,1.3404670547282131,-0.0989285936155462,3.963762776092248,-0.4436037889685726,1.3234545198064809
67.0,115.0,129.88369750976562,-0.0392187524807247,2.683054261908589,-4.114922136147859,-3.6795777604845856,-1.925288325593142,1.3412020927009516,-0.0999221139832497,3.9638507441902,-0.4441360716815598,1.3240769948011513
67.0,115.0,129.88369750976562,-0.0383849644671473,2.6829565493324656,-4.1152425670406885,-3.679085536259625,-1.9245625020625792,1.3398362901102925,-0.0989136901687004,3.964908554644228,-0.4445902552466633,1.3237140521602766
67.0,115.0,129.88369750976562,-0.0381150873514049,2.682542042709517,-4.114430642239843,-3.678878579382245,-1.9244999050184943,1.3406975087022637,-0.0999938618507068,3.963198803446204,-0.4438787615061223,1.3237429493033557
67.0,115.0,129.8837127685547,-0.0393439610213545,2.6830619422745308,-4.114604043222708,-3.680368689308013,-1.9229080885171144,1.340185094365083,-0.099360564882717,3.963476834582344,-0.4430568216979387,1.320904571426344
67.0,115.0,129.88369750976562,-0.0370319986549597,2.682141311654721,-4.11568919640137,-3.679601765843594,-1.9250876999733395,1.3398228311447469,-0.1004837490685165,3.964237534852891,-0.442657322459007,1.323574800022745
67.0,115.0,129.88369750976562,-0.0370807272260081,2.68264859514898,-4.115168223632826,-3.678252415128613,-1.9239598296335736,1.3405486072531194,-0.098422161926668,3.964345449074509,-0.4430919035377933,1.32368118639016
67.0,115.0,129.8837127685547,-0.0371175704728505,2.6812182813530163,-4.114826148555521,-3.6814360671443898,-1.9272192972100608,1.3392384010451557,-0.0975537949860169,3.963685680076699,-0.4423936017161028,1.3207502023375437
67.0,115.0,129.88369750976562,-0.0375504977495809,2.682280533818246,-4.115233018272244,-3.679761393898062,-1.925012808213688,1.3408448440508045,-0.0991535257406458,3.963799535448471,-0.4426996479812786,1.32341862225405
67.0,115.0,129.8837127685547,-0.0353928620126881,2.684844982485186,-4.114734682919397,-3.6814192467957407,-1.9241976470811808,1.3403668723367224,-0.1000266563011459,3.964715904633412,-0.4442067176368913,1.324261404745758
67.0,115.0,129.88369750976562,-0.0375050067521598,2.682394795215691,-4.114718372567042,-3.678092981168621,-1.9258440914610253,1.3400083563894525,-0.099182553119151,3.966016159885976,-0.4438312502809411,1.3218137438897066
67.0,115.0,129.88369750976562,-0.0385790505121479,2.6829151465589978,-4.114800802167872,-3.680258446862143,-1.924409893497719,1.340273682270729,-0.0988903953142273,3.964274155720028,-0.443693939368691,1.324358976709781
67.0,115.0,129.8837127685547,-0.040081021944508,2.682819963051315,-4.11573450425536,-3.678341426705801,-1.924630774856719,1.34016865119305,-0.0990628554863062,3.961913568924301,-0.4445842110298229,1.3246566623141085
67.0,115.0,129.8837127685547,-0.0383611265626394,2.683226787712788,-4.116181104027769,-3.679021207901581,-1.9237223788072124,1.3396867159900254,-0.0994498436116677,3.962246969983919,-0.4437140811166807,1.3235120612787594
67.0,115.0,129.88369750976562,-0.0379024272348933,2.681548237319513,-4.1147750510204935,-3.679808883893499,-1.9248620463978097,1.3398379650494014,-0.0992112748296654,3.963017815678836,-0.4424179299426491,1.3233375186841294
67.0,115.0,129.88369750976562,-0.0386119900478477,2.682502921158186,-4.115330536104988,-3.67922120648243,-1.924454899099244,1.3398214621333258,-0.0993185791376466,3.963886887649888,-0.4432911272000954,1.323338099550023
67.0,115.0,129.88369750976562,-0.0382477403859779,2.68273101332882,-4.115921932644253,-3.677978964649831,-1.924749009834854,1.3417441945558162,-0.0989616560098664,3.9650317801400976,-0.4436610931860999,1.3237025486479133
67.0,115.0,129.8837127685547,-0.0364560768668281,2.682721714580719,-4.114610761576856,-3.678669844667728,-1.923656373058044,1.34280432953933,-0.0980165365981388,3.961914111739603,-0.443794010845197,1.3223327511473926
67.0,115.0,129.88369750976562,-0.0368682580867013,2.6829220535883818,-4.115330151241876,-3.6800847775118006,-1.924143475813016,1.3403634962947215,-0.0977891263415146,3.964305456688996,-0.4434524361281761,1.323232495747224
67.0,115.0,129.88369750976562,-0.0385555590400413,2.682332051900679,-4.11561887003485,-3.678886500882304,-1.9246899936591084,1.339812599810698,-0.0990985889591814,3.964719517917539,-0.4435134565679196,1.3239478618172835
67.0,115.0,129.88369750976562,-0.0362685215543273,2.6824785535414897,-4.115228802300194,-3.679666890710486,-1.924817154336768,1.3397913112986377,-0.0984104785689082,3.965220519508229,-0.4431274438343454,1.3229101875008091
67.0,115.0,129.88369750976562,-0.0375539125029723,2.683178260371717,-4.114369649219112,-3.679430716965344,-1.9246000535494767,1.3402022966892828,-0.0991060381317665,3.964045450719317,-0.4435850165156397,1.3232991003993002
67.0,115.0,129.8837127685547,-0.0377462765827165,2.682754760261481,-4.116597352360581,-3.6779847629580704,-1.9229277577136537,1.3396366035122156,-0.099180540659422,3.9640289350007456,-0.4424196705885159,1.322401396617004
67.0,115.0,129.8837127685547,-0.0384557015208323,2.682627415337113,-4.1123587635104615,-3.680209406948144,-1.9237014243757844,1.34270171189778,-0.0991206517234278,3.9639897608437753,-0.4421421290146739,1.3241146792666707
67.0,115.0,129.8837127685547,-0.038570402700159,2.6842286257227737,-4.114637589890693,-3.6774866275484746,-1.9245168707861933,1.3396716767725472,-0.0973820367857728,3.966176674350191,-0.4445492732623497,1.321640995502795
67.0,115.0,129.88369750976562,-0.0371238674580442,2.6828863163114574,-4.116450644235016,-3.678852193219088,-1.9245006772364748,1.340853961483298,-0.1003745299408251,3.96483297132265,-0.4438758320633198,1.32253467512871
67.0,115.0,129.8837127685547,-0.038784764001843,2.6830760806192355,-4.1144142906365735,-3.679230887654037,-1.9236684373725577,1.3397723611962573,-0.1004453232558953,3.96449507471759,-0.4433890991455693,1.3207952825392046
67.0,115.0,129.88369750976562,-0.0385026246801999,2.681902136710416,-4.116577281202409,-3.680540846948508,-1.92433206385908,1.3402460540770993,-0.099126385258616,3.9633692913641982,-0.4437405342625667,1.3232985721522927
67.0,116.0,129.88372802734375,-0.0340661694082904,2.6829338414886976,-4.114959951118533,-3.678570733919637,-1.9260484068612689,1.3382989212693004,-0.0989222232929916,3.961988291545138,-0.4460531240543361,1.3234060221343855
67.0,116.0,129.8837127685547,-0.0390624741841135,2.6833500180860588,-4.114207038504851,-3.678594862532497,-1.9248304854471967,1.3408691475849543,-0.0996418561712355,3.962054265880583,-0.4422969201386914,1.322950687968608
67.0,116.0,129.88369750976562,-0.0384255196221009,2.6828457518910365,-4.115229419906435,-3.678280070499364,-1.9241863635424368,1.340197132733122,-0.0989346872452995,3.965045366748188,-0.4436973324717846,1.3237061726352286
67.0,116.0,129.8837127685547,-0.0383018451630346,2.6825657222281154,-4.115490430001167,-3.682651472125516,-1.9231239052756093,1.340025079312943,-0.0984281458914428,3.964438100958562,-0.44245859712267,1.3243555689868682
67.0,116.0,129.8837127685547,-0.0369420673134079,2.682156759462516,-4.115233968800888,-3.681118528744986,-1.9241912649120807,1.3404944879605267,-0.1019006897305594,3.9629366710841913,-0.4428053176321996,1.3204831572845384
67.0,116.0,129.88369750976562,-0.0384394284723971,2.682975909148543,-4.114785849651962,-3.679239009035948,-1.9244454601702328,1.3399968271028857,-0.0992974966139006,3.9634126109169294,-0.4438348749963561,1.323728487499586
67.0,116.0,129.88369750976562,-0.0375151009923383,2.6815405326175563,-4.11492126820321,-3.678696413336605,-1.9248538354858755,1.3399425126041962,-0.0987835979778907,3.963714046279793,-0.4446811609730565,1.323395357397754
67.0,116.0,129.88369750976562,-0.0377454066103169,2.6825043046280004,-4.114788089707397,-3.679652743106941,-1.9244710726958925,1.340134709603629,-0.1004671214614538,3.9636188560680137,-0.4424447477359667,1.3231665976907154
67.0,116.0,129.8837127685547,-0.0362652747973755,2.6823901769844523,-4.116293217939296,-3.6782962831329993,-1.928995849366236,1.3427363674667676,-0.0986275656262325,3.964030074260883,-0.444997731679174,1.3229369289227255
67.0,116.0,129.8837127685547,-0.037892110508682,2.6821359067353567,-4.115512312219881,-3.6795903565284767,-1.9252708498230648,1.3415193577507107,-0.0969607874607883,3.9641777212132654,-0.4436096646493943,1.320873907684612
67.0,116.0,129.88369750976562,-0.0374471514184957,2.6830290313127803,-4.114093649499316,-3.679834210451842,-1.924097479454128,1.3403730799535918,-0.0989693227775162,3.9646815998637,-0.4441470635204132,1.3235251103658887
67.0,116.0,129.88369750976562,-0.0382710782515905,2.682893249029939,-4.115279657961465,-3.6792257495786993,-1.924598940320268,1.340114582927606,-0.0982937747407807,3.963413311773425,-0.4438361054294831,1.3238186492275428
67.0,116.0,129.8837127685547,-0.0394954936172463,2.6825188067322765,-4.115058265340832,-3.681510634642686,-1.9228880618401816,1.3399492690560406,-0.1000011100859549,3.96471291422232,-0.442861539657224,1.321143834184915
67.0,116.0,129.88369750976562,-0.0386743878574695,2.682514171969066,-4.114506661615946,-3.679438333994672,-1.9243521442453364,1.339783745789752,-0.0992489063510318,3.963839175972056,-0.4434921678817331,1.3240327725928551
67.0,116.0,129.8837127685547,-0.0381877718237811,2.681269931177165,-4.115189659054024,-3.682085768835373,-1.9230510096111444,1.3398880451910875,-0.1009314762252844,3.963350996410638,-0.4439422476527043,1.324298345464992
67.0,116.0,129.88369750976562,-0.038409736125438,2.683223324443615,-4.114847609240932,-3.679415568245977,-1.9254956460903945,1.339956890140793,-0.0993767820110977,3.96545346379171,-0.4440833734044859,1.3235641918682983
67.0,116.0,129.8837127685547,-0.0381328019135585,2.6843326087515296,-4.1158076832592405,-3.677663573512685,-1.9246571519067115,1.3399667605667585,-0.1003988303632348,3.962898718619855,-0.4420186213820374,1.3237076275845006
67.0,116.0,129.8837127685547,-0.0365358024724783,2.6818681070312835,-4.112865976977184,-3.679602687252389,-1.924349351054988,1.3402820676057443,-0.1018320141376777,3.9651600061539054,-0.4432204102345752,1.3243243450746875
67.0,116.0,129.88369750976562,-0.0383216637770437,2.6825741157856324,-4.114967170153109,-3.6780063208760607,-1.924454085840296,1.3404595116488414,-0.099584917212826,3.9638032536282113,-0.4437830930453497,1.3237113962040006
67.0,116.0,129.88369750976562,-0.0379767604336877,2.680744641094622,-4.114477853527157,-3.6801701846835897,-1.924400799866619,1.3404674448137248,-0.0999418297218291,3.9646977554076215,-0.4444012423801128,1.3236911002911962
67.0,116.0,129.8837127685547,-0.0394642453231005,2.6822165907899134,-4.114074645352336,-3.6799137978066345,-1.9238931671670203,1.3420153525299825,-0.0998143531951303,3.9629751126011934,-0.4443550203742832,1.3235550677799133
67.0,116.0,129.88369750976562,-0.0383148729229902,2.6832796999404445,-4.116294179060572,-3.6793979513078847,-1.9250865185851764,1.340689295518906,-0.0983386555168854,3.963023765613142,-0.4436402091529069,1.323783064095721
67.0,116.0,129.88369750976562,-0.0379627504806742,2.6821752792535305,-4.115112653936806,-3.679108163981376,-1.9271989799946387,1.3404670547282131,-0.0989285936155462,3.963762776092248,-0.4436037889685726,1.3234545198064809
67.0,116.0,129.88369750976562,-0.0392187524807247,2.683054261908589,-4.114922136147859,-3.6795777604845856,-1.925288325593142,1.3412020927009516,-0.0999221139832497,3.9638507441902,-0.4441360716815598,1.3240769948011513
67.0,116.0,129.88369750976562,-0.0383849644671473,2.6829565493324656,-4.1152425670406885,-3.679085536259625,-1.9245625020625792,1.3398362901102925,-0.0989136901687004,3.964908554644228,-0.4445902552466633,1.3237140521602766
67.0,116.0,129.88369750976562,-0.0381150873514049,2.682542042709517,-4.114430642239843,-3.678878579382245,-1.9244999050184943,1.3406975087022637,-0.0999938618507068,3.963198803446204,-0.4438787615061223,1.3237429493033557
67.0,116.0,129.8837127685547,-0.0393439610213545,2.6830619422745308,-4.114604043222708,-3.680368689308013,-1.9229080885171144,1.340185094365083,-0.099360564882717,3.963476834582344,-0.4430568216979387,1.320904571426344
67.0,116.0,129.88369750976562,-0.0370319986549597,2.682141311654721,-4.11568919640137,-3.679601765843594,-1.9250876999733395,1.3398228311447469,-0.1004837490685165,3.964237534852891,-0.442657322459007,1.323574800022745
67.0,116.0,129.88369750976562,-0.0370807272260081,2.68264859514898,-4.115168223632826,-3.678252415128613,-1.9239598296335736,1.3405486072531194,-0.098422161926668,3.964345449074509,-0.4430919035377933,1.32368118639016
67.0,116.0,129.8837127685547,-0.0371175704728505,2.6812182813530163,-4.114826148555521,-3.6814360671443898,-1.9272192972100608,1.3392384010451557,-0.0975537949860169,3.963685680076699,-0.4423936017161028,1.3207502023375437
67.0,116.0,129.88369750976562,-0.0375504977495809,2.682280533818246,-4.115233018272244,-3.679761393898062,-1.925012808213688,1.3408448440508045,-0.0991535257406458,3.963799535448471,-0.4426996479812786,1.32341862225405
67.0,116.0,129.8837127685547,-0.0353928620126881,2.684844982485186,-4.114734682919397,-3.6814192467957407,-1.9241976470811808,1.3403668723367224,-0.1000266563011459,3.964715904633412,-0.4442067176368913,1.324261404745758
67.0,116.0,129.88369750976562,-0.0375050067521598,2.682394795215691,-4.114718372567042,-3.678092981168621,-1.9258440914610253,1.3400083563894525,-0.099182553119151,3.966016159885976,-0.4438312502809411,1.3218137438897066
67.0,116.0,129.88369750976562,-0.0385790505121479,2.6829151465589978,-4.114800802167872,-3.680258446862143,-1.924409893497719,1.340273682270729,-0.0988903953142273,3.964274155720028,-0.443693939368691,1.324358976709781
67.0,116.0,129.8837127685547,-0.040081021944508,2.682819963051315,-4.11573450425536,-3.678341426705801,-1.924630774856719,1.34016865119305,-0.0990628554863062,3.961913568924301,-0.4445842110298229,1.3246566623141085
67.0,116.0,129.8837127685547,-0.0383611265626394,2.683226787712788,-4.116181104027769,-3.679021207901581,-1.9237223788072124,1.3396867159900254,-0.0994498436116677,3.962246969983919,-0.4437140811166807,1.3235120612787594
67.0,116.0,129.88369750976562,-0.0379024272348933,2.681548237319513,-4.1147750510204935,-3.679808883893499,-1.9248620463978097,1.3398379650494014,-0.0992112748296654,3.963017815678836,-0.4424179299426491,1.3233375186841294
67.0,116.0,129.88369750976562,-0.0386119900478477,2.682502921158186,-4.115330536104988,-3.67922120648243,-1.924454899099244,1.3398214621333258,-0.0993185791376466,3.963886887649888,-0.4432911272000954,1.323338099550023
67.0,116.0,129.88369750976562,-0.0382477403859779,2.68273101332882,-4.115921932644253,-3.677978964649831,-1.924749009834854,1.3417441945558162,-0.0989616560098664,3.9650317801400976,-0.4436610931860999,1.3237025486479133
67.0,116.0,129.8837127685547,-0.0364560768668281,2.682721714580719,-4.114610761576856,-3.678669844667728,-1.923656373058044,1.34280432953933,-0.0980165365981388,3.961914111739603,-0.443794010845197,1.3223327511473926
67.0,116.0,129.88369750976562,-0.0368682580867013,2.6829220535883818,-4.115330151241876,-3.6800847775118006,-1.924143475813016,1.3403634962947215,-0.0977891263415146,3.964305456688996,-0.4434524361281761,1.323232495747224
67.0,116.0,129.88369750976562,-0.0385555590400413,2.682332051900679,-4.11561887003485,-3.678886500882304,-1.9246899936591084,1.339812599810698,-0.0990985889591814,3.964719517917539,-0.4435134565679196,1.3239478618172835
67.0,116.0,129.88369750976562,-0.0362685215543273,2.6824785535414897,-4.115228802300194,-3.679666890710486,-1.924817154336768,1.3397913112986377,-0.0984104785689082,3.965220519508229,-0.4431274438343454,1.3229101875008091
67.0,116.0,129.88369750976562,-0.0375539125029723,2.683178260371717,-4.114369649219112,-3.679430716965344,-1.9246000535494767,1.3402022966892828,-0.0991060381317665,3.964045450719317,-0.4435850165156397,1.3232991003993002
67.0,116.0,129.8837127685547,-0.0377462765827165,2.682754760261481,-4.116597352360581,-3.6779847629580704,-1.9229277577136537,1.3396366035122156,-0.099180540659422,3.9640289350007456,-0.4424196705885159,1.322401396617004
67.0,116.0,129.8837127685547,-0.0384557015208323,2.682627415337113,-4.1123587635104615,-3.680209406948144,-1.9237014243757844,1.34270171189778,-0.0991206517234278,3.9639897608437753,-0.4421421290146739,1.3241146792666707
67.0,116.0,129.8837127685547,-0.038570402700159,2.6842286257227737,-4.114637589890693,-3.6774866275484746,-1.9245168707861933,1.3396716767725472,-0.0973820367857728,3.966176674350191,-0.4445492732623497,1.321640995502795
67.0,116.0,129.88369750976562,-0.0371238674580442,2.6828863163114574,-4.116450644235016,-3.678852193219088,-1.9245006772364748,1.340853961483298,-0.1003745299408251,3.96483297132265,-0.4438758320633198,1.32253467512871
67.0,116.0,129.8837127685547,-0.038784764001843,2.6830760806192355,-4.1144142906365735,-3.679230887654037,-1.9236684373725577,1.3397723611962573,-0.1004453232558953,3.96449507471759,-0.4433890991455693,1.3207952825392046
67.0,116.0,129.88369750976562,-0.0385026246801999,2.681902136710416,-4.116577281202409,-3.680540846948508,-1.92433206385908,1.3402460540770993,-0.099126385258616,3.9633692913641982,-0.4437405342625667,1.3232985721522927
67.0,117.0,129.88372802734375,-0.0340661694082904,2.6829338414886976,-4.114959951118533,-3.678570733919637,-1.9260484068612689,1.3382989212693004,-0.0989222232929916,3.961988291545138,-0.4460531240543361,1.3234060221343855
67.0,117.0,129.8837127685547,-0.0390624741841135,2.6833500180860588,-4.114207038504851,-3.678594862532497,-1.9248304854471967,1.3408691475849543,-0.0996418561712355,3.962054265880583,-0.4422969201386914,1.322950687968608
67.0,117.0,129.88369750976562,-0.0384255196221009,2.6828457518910365,-4.115229419906435,-3.678280070499364,-1.9241863635424368,1.340197132733122,-0.0989346872452995,3.965045366748188,-0.4436973324717846,1.3237061726352286
67.0,117.0,129.8837127685547,-0.0383018451630346,2.6825657222281154,-4.115490430001167,-3.682651472125516,-1.9231239052756093,1.340025079312943,-0.0984281458914428,3.964438100958562,-0.44245859712267,1.3243555689868682
67.0,117.0,129.8837127685547,-0.0369420673134079,2.682156759462516,-4.115233968800888,-3.681118528744986,-1.9241912649120807,1.3404944879605267,-0.1019006897305594,3.9629366710841913,-0.4428053176321996,1.3204831572845384
67.0,117.0,129.88369750976562,-0.0384394284723971,2.682975909148543,-4.114785849651962,-3.679239009035948,-1.9244454601702328,1.3399968271028857,-0.0992974966139006,3.9634126109169294,-0.4438348749963561,1.323728487499586
67.0,117.0,129.88369750976562,-0.0375151009923383,2.6815405326175563,-4.11492126820321,-3.678696413336605,-1.9248538354858755,1.3399425126041962,-0.0987835979778907,3.963714046279793,-0.4446811609730565,1.323395357397754
67.0,117.0,129.88369750976562,-0.0377454066103169,2.6825043046280004,-4.114788089707397,-3.679652743106941,-1.9244710726958925,1.340134709603629,-0.1004671214614538,3.9636188560680137,-0.4424447477359667,1.3231665976907154
67.0,117.0,129.8837127685547,-0.0362652747973755,2.6823901769844523,-4.116293217939296,-3.6782962831329993,-1.928995849366236,1.3427363674667676,-0.0986275656262325,3.964030074260883,-0.444997731679174,1.3229369289227255
67.0,117.0,129.8837127685547,-0.037892110508682,2.6821359067353567,-4.115512312219881,-3.6795903565284767,-1.9252708498230648,1.3415193577507107,-0.0969607874607883,3.9641777212132654,-0.4436096646493943,1.320873907684612
67.0,117.0,129.88369750976562,-0.0374471514184957,2.6830290313127803,-4.114093649499316,-3.679834210451842,-1.924097479454128,1.3403730799535918,-0.0989693227775162,3.9646815998637,-0.4441470635204132,1.3235251103658887
67.0,117.0,129.88369750976562,-0.0382710782515905,2.682893249029939,-4.115279657961465,-3.6792257495786993,-1.924598940320268,1.340114582927606,-0.0982937747407807,3.963413311773425,-0.4438361054294831,1.3238186492275428
67.0,117.0,129.8837127685547,-0.0394954936172463,2.6825188067322765,-4.115058265340832,-3.681510634642686,-1.9228880618401816,1.3399492690560406,-0.1000011100859549,3.96471291422232,-0.442861539657224,1.321143834184915
67.0,117.0,129.88369750976562,-0.0386743878574695,2.682514171969066,-4.114506661615946,-3.679438333994672,-1.9243521442453364,1.339783745789752,-0.0992489063510318,3.963839175972056,-0.4434921678817331,1.3240327725928551
67.0,117.0,129.8837127685547,-0.0381877718237811,2.681269931177165,-4.115189659054024,-3.682085768835373,-1.9230510096111444,1.3398880451910875,-0.1009314762252844,3.963350996410638,-0.4439422476527043,1.324298345464992
67.0,117.0,129.88369750976562,-0.038409736125438,2.683223324443615,-4.114847609240932,-3.679415568245977,-1.9254956460903945,1.339956890140793,-0.0993767820110977,3.96545346379171,-0.4440833734044859,1.3235641918682983
67.0,117.0,129.8837127685547,-0.0381328019135585,2.6843326087515296,-4.1158076832592405,-3.677663573512685,-1.9246571519067115,1.3399667605667585,-0.1003988303632348,3.962898718619855,-0.4420186213820374,1.3237076275845006
67.0,117.0,129.8837127685547,-0.0365358024724783,2.6818681070312835,-4.112865976977184,-3.679602687252389,-1.924349351054988,1.3402820676057443,-0.1018320141376777,3.9651600061539054,-0.4432204102345752,1.3243243450746875
67.0,117.0,129.88369750976562,-0.0383216637770437,2.6825741157856324,-4.114967170153109,-3.6780063208760607,-1.924454085840296,1.3404595116488414,-0.099584917212826,3.9638032536282113,-0.4437830930453497,1.3237113962040006
67.0,117.0,129.88369750976562,-0.0379767604336877,2.680744641094622,-4.114477853527157,-3.6801701846835897,-1.924400799866619,1.3404674448137248,-0.0999418297218291,3.9646977554076215,-0.4444012423801128,1.3236911002911962
67.0,117.0,129.8837127685547,-0.0394642453231005,2.6822165907899134,-4.114074645352336,-3.6799137978066345,-1.9238931671670203,1.3420153525299825,-0.0998143531951303,3.9629751126011934,-0.4443550203742832,1.3235550677799133
67.0,117.0,129.88369750976562,-0.0383148729229902,2.6832796999404445,-4.116294179060572,-3.6793979513078847,-1.9250865185851764,1.340689295518906,-0.0983386555168854,3.963023765613142,-0.4436402091529069,1.323783064095721
67.0,117.0,129.88369750976562,-0.0379627504806742,2.6821752792535305,-4.115112653936806,-3.679108163981376,-1.9271989799946387,1.3404670547282131,-0.0989285936155462,3.963762776092248,-0.4436037889685726,1.3234545198064809
67.0,117.0,129.88369750976562,-0.0392187524807247,2.683054261908589,-4.114922136147859,-3.6795777604845856,-1.925288325593142,1.3412020927009516,-0.0999221139832497,3.9638507441902,-0.4441360716815598,1.3240769948011513
67.0,117.0,129.88369750976562,-0.0383849644671473,2.6829565493324656,-4.1152425670406885,-3.679085536259625,-1.9245625020625792,1.3398362901102925,-0.0989136901687004,3.964908554644228,-0.4445902552466633,1.3237140521602766
67.0,117.0,129.88369750976562,-0.0381150873514049,2.682542042709517,-4.114430642239843,-3.678878579382245,-1.9244999050184943,1.3406975087022637,-0.0999938618507068,3.963198803446204,-0.4438787615061223,1.3237429493033557
67.0,117.0,129.8837127685547,-0.0393439610213545,2.6830619422745308,-4.114604043222708,-3.680368689308013,-1.9229080885171144,1.340185094365083,-0.099360564882717,3.963476834582344,-0.4430568216979387,1.320904571426344
67.0,117.0,129.88369750976562,-0.0370319986549597,2.682141311654721,-4.11568919640137,-3.679601765843594,-1.9250876999733395,1.3398228311447469,-0.1004837490685165,3.964237534852891,-0.442657322459007,1.323574800022745
67.0,117.0,129.88369750976562,-0.0370807272260081,2.68264859514898,-4.115168223632826,-3.678252415128613,-1.9239598296335736,1.3405486072531194,-0.098422161926668,3.964345449074509,-0.4430919035377933,1.32368118639016
67.0,117.0,129.8837127685547,-0.0371175704728505,2.6812182813530163,-4.114826148555521,-3.6814360671443898,-1.9272192972100608,1.3392384010451557,-0.0975537949860169,3.963685680076699,-0.4423936017161028,1.3207502023375437
67.0,117.0,129.88369750976562,-0.0375504977495809,2.682280533818246,-4.115233018272244,-3.679761393898062,-1.925012808213688,1.3408448440508045,-0.0991535257406458,3.963799535448471,-0.4426996479812786,1.32341862225405
67.0,117.0,129.8837127685547,-0.0353928620126881,2.684844982485186,-4.114734682919397,-3.6814192467957407,-1.9241976470811808,1.3403668723367224,-0.1000266563011459,3.964715904633412,-0.4442067176368913,1.324261404745758
67.0,117.0,129.88369750976562,-0.0375050067521598,2.682394795215691,-4.114718372567042,-3.678092981168621,-1.9258440914610253,1.3400083563894525,-0.099182553119151,3.966016159885976,-0.4438312502809411,1.3218137438897066
67.0,117.0,129.88369750976562,-0.0385790505121479,2.6829151465589978,-4.114800802167872,-3.680258446862143,-1.924409893497719,1.340273682270729,-0.0988903953142273,3.964274155720028,-0.443693939368691,1.324358976709781
67.0,117.0,129.8837127685547,-0.040081021944508,2.682819963051315,-4.11573450425536,-3.678341426705801,-1.924630774856719,1.34016865119305,-0.0990628554863062,3.961913568924301,-0.4445842110298229,1.3246566623141085
67.0,117.0,129.8837127685547,-0.0383611265626394,2.683226787712788,-4.116181104027769,-3.679021207901581,-1.9237223788072124,1.3396867159900254,-0.0994498436116677,3.962246969983919,-0.4437140811166807,1.3235120612787594
67.0,117.0,129.88369750976562,-0.0379024272348933,2.681548237319513,-4.1147750510204935,-3.679808883893499,-1.9248620463978097,1.3398379650494014,-0.0992112748296654,3.963017815678836,-0.4424179299426491,1.3233375186841294
67.0,117.0,129.88369750976562,-0.0386119900478477,2.682502921158186,-4.115330536104988,-3.67922120648243,-1.924454899099244,1.3398214621333258,-0.0993185791376466,3.963886887649888,-0.4432911272000954,1.323338099550023
67.0,117.0,129.88369750976562,-0.0382477403859779,2.68273101332882,-4.115921932644253,-3.677978964649831,-1.924749009834854,1.3417441945558162,-0.0989616560098664,3.9650317801400976,-0.4436610931860999,1.3237025486479133
67.0,117.0,129.8837127685547,-0.0364560768668281,2.682721714580719,-4.114610761576856,-3.678669844667728,-1.923656373058044,1.34280432953933,-0.0980165365981388,3.961914111739603,-0.443794010845197,1.3223327511473926
67.0,117.0,129.88369750976562,-0.0368682580867013,2.6829220535883818,-4.115330151241876,-3.6800847775118006,-1.924143475813016,1.3403634962947215,-0.0977891263415146,3.964305456688996,-0.4434524361281761,1.323232495747224
67.0,117.0,129.88369750976562,-0.0385555590400413,2.682332051900679,-4.11561887003485,-3.678886500882304,-1.9246899936591084,1.339812599810698,-0.0990985889591814,3.964719517917539,-0.4435134565679196,1.3239478618172835
67.0,117.0,129.88369750976562,-0.0362685215543273,2.6824785535414897,-4.115228802300194,-3.679666890710486,-1.924817154336768,1.3397913112986377,-0.0984104785689082,3.965220519508229,-0.4431274438343454,1.3229101875008091
67.0,117.0,129.88369750976562,-0.0375539125029723,2.683178260371717,-4.114369649219112,-3.679430716965344,-1.9246000535494767,1.3402022966892828,-0.0991060381317665,3.964045450719317,-0.4435850165156397,1.3232991003993002
67.0,117.0,129.8837127685547,-0.0377462765827165,2.682754760261481,-4.116597352360581,-3.6779847629580704,-1.9229277577136537,1.3396366035122156,-0.099180540659422,3.9640289350007456,-0.4424196705885159,1.322401396617004
67.0,117.0,129.8837127685547,-0.0384557015208323,2.682627415337113,-4.1123587635104615,-3.680209406948144,-1.9237014243757844,1.34270171189778,-0.0991206517234278,3.9639897608437753,-0.4421421290146739,1.3241146792666707
67.0,117.0,129.8837127685547,-0.038570402700159,2.6842286257227737,-4.114637589890693,-3.6774866275484746,-1.9245168707861933,1.3396716767725472,-0.0973820367857728,3.966176674350191,-0.4445492732623497,1.321640995502795
67.0,117.0,129.88369750976562,-0.0371238674580442,2.6828863163114574,-4.116450644235016,-3.678852193219088,-1.9245006772364748,1.340853961483298,-0.1003745299408251,3.96483297132265,-0.4438758320633198,1.32253467512871
67.0,117.0,129.8837127685547,-0.038784764001843,2.6830760806192355,-4.1144142906365735,-3.679230887654037,-1.9236684373725577,1.3397723611962573,-0.1004453232558953,3.96449507471759,-0.4433890991455693,1.3207952825392046
67.0,117.0,129.88369750976562,-0.0385026246801999,2.681902136710416,-4.116577281202409,-3.680540846948508,-1.92433206385908,1.3402460540770993,-0.099126385258616,3.9633692913641982,-0.4437405342625667,1.3232985721522927
67.0,118.0,129.88372802734375,-0.0340661694082904,2.6829338414886976,-4.114959951118533,-3.678570733919637,-1.9260484068612689,1.3382989212693004,-0.0989222232929916,3.961988291545138,-0.4460531240543361,1.3234060221343855
67.0,118.0,129.88369750976562,-0.0386144815276365,2.682602177420531,-4.114692785083619,-3.6782825809630206,-1.925857278402108,1.3408475275948784,-0.0997619686173913,3.964034353113425,-0.4420803106852294,1.323383683790692
67.0,118.0,129.88369750976562,-0.0384255196221009,2.6828457518910365,-4.115229419906435,-3.678280070499364,-1.9241863635424368,1.340197132733122,-0.0989346872452995,3.965045366748188,-0.4436973324717846,1.3237061726352286
67.0,118.0,129.8837127685547,-0.0383018451630346,2.6825657222281154,-4.115490430001167,-3.682651472125516,-1.9231239052756093,1.340025079312943,-0.0984281458914428,3.964438100958562,-0.44245859712267,1.3243555689868682
67.0,118.0,129.8837127685547,-0.0369420673134079,2.682156759462516,-4.115233968800888,-3.681118528744986,-1.9241912649120807,1.3404944879605267,-0.1019006897305594,3.9629366710841913,-0.4428053176321996,1.3204831572845384
67.0,118.0,129.88369750976562,-0.0384394284723971,2.682975909148543,-4.114785849651962,-3.679239009035948,-1.9244454601702328,1.3399968271028857,-0.0992974966139006,3.9634126109169294,-0.4438348749963561,1.323728487499586
67.0,118.0,129.88369750976562,-0.0375151009923383,2.6815405326175563,-4.11492126820321,-3.678696413336605,-1.9248538354858755,1.3399425126041962,-0.0987835979778907,3.963714046279793,-0.4446811609730565,1.323395357397754
67.0,118.0,129.88369750976562,-0.0377454066103169,2.6825043046280004,-4.114788089707397,-3.679652743106941,-1.9244710726958925,1.340134709603629,-0.1004671214614538,3.9636188560680137,-0.4424447477359667,1.3231665976907154
67.0,118.0,129.8837127685547,-0.0362652747973755,2.6823901769844523,-4.116293217939296,-3.6782962831329993,-1.928995849366236,1.3427363674667676,-0.0986275656262325,3.964030074260883,-0.444997731679174,1.3229369289227255
67.0,118.0,129.8837127685547,-0.037892110508682,2.6821359067353567,-4.115512312219881,-3.6795903565284767,-1.9252708498230648,1.3415193577507107,-0.0969607874607883,3.9641777212132654,-0.4436096646493943,1.320873907684612
67.0,118.0,129.88369750976562,-0.0374471514184957,2.6830290313127803,-4.114093649499316,-3.679834210451842,-1.924097479454128,1.3403730799535918,-0.0989693227775162,3.9646815998637,-0.4441470635204132,1.3235251103658887
67.0,118.0,129.88369750976562,-0.0382710782515905,2.682893249029939,-4.115279657961465,-3.6792257495786993,-1.924598940320268,1.340114582927606,-0.0982937747407807,3.963413311773425,-0.4438361054294831,1.3238186492275428
67.0,118.0,129.8837127685547,-0.0394954936172463,2.6825188067322765,-4.115058265340832,-3.681510634642686,-1.9228880618401816,1.3399492690560406,-0.1000011100859549,3.96471291422232,-0.442861539657224,1.321143834184915
67.0,118.0,129.88369750976562,-0.0386743878574695,2.682514171969066,-4.114506661615946,-3.679438333994672,-1.9243521442453364,1.339783745789752,-0.0992489063510318,3.963839175972056,-0.4434921678817331,1.3240327725928551
67.0,118.0,129.8837127685547,-0.0381877718237811,2.681269931177165,-4.115189659054024,-3.682085768835373,-1.9230510096111444,1.3398880451910875,-0.1009314762252844,3.963350996410638,-0.4439422476527043,1.324298345464992
67.0,118.0,129.88369750976562,-0.038409736125438,2.683223324443615,-4.114847609240932,-3.679415568245977,-1.9254956460903945,1.339956890140793,-0.0993767820110977,3.96545346379171,-0.4440833734044859,1.3235641918682983
67.0,118.0,129.8837127685547,-0.0381328019135585,2.6843326087515296,-4.1158076832592405,-3.677663573512685,-1.9246571519067115,1.3399667605667585,-0.1003988303632348,3.962898718619855,-0.4420186213820374,1.3237076275845006
67.0,118.0,129.8837127685547,-0.0365358024724783,2.6818681070312835,-4.112865976977184,-3.679602687252389,-1.924349351054988,1.3402820676057443,-0.1018320141376777,3.9651600061539054,-0.4432204102345752,1.3243243450746875
67.0,118.0,129.88369750976562,-0.0383216637770437,2.6825741157856324,-4.114967170153109,-3.6780063208760607,-1.924454085840296,1.3404595116488414,-0.099584917212826,3.9638032536282113,-0.4437830930453497,1.3237113962040006
67.0,118.0,129.88369750976562,-0.0379767604336877,2.680744641094622,-4.114477853527157,-3.6801701846835897,-1.924400799866619,1.3404674448137248,-0.0999418297218291,3.9646977554076215,-0.4444012423801128,1.3236911002911962
67.0,118.0,129.8837127685547,-0.0394642453231005,2.6822165907899134,-4.114074645352336,-3.6799137978066345,-1.9238931671670203,1.3420153525299825,-0.0998143531951303,3.9629751126011934,-0.4443550203742832,1.3235550677799133
67.0,118.0,129.88369750976562,-0.0383148729229902,2.6832796999404445,-4.116294179060572,-3.6793979513078847,-1.9250865185851764,1.340689295518906,-0.0983386555168854,3.963023765613142,-0.4436402091529069,1.323783064095721
67.0,118.0,129.88369750976562,-0.0379627504806742,2.6821752792535305,-4.115112653936806,-3.679108163981376,-1.9271989799946387,1.3404670547282131,-0.0989285936155462,3.963762776092248,-0.4436037889685726,1.3234545198064809
67.0,118.0,129.88369750976562,-0.0392187524807247,2.683054261908589,-4.114922136147859,-3.6795777604845856,-1.925288325593142,1.3412020927009516,-0.0999221139832497,3.9638507441902,-0.4441360716815598,1.3240769948011513
67.0,118.0,129.88369750976562,-0.0383849644671473,2.6829565493324656,-4.1152425670406885,-3.679085536259625,-1.9245625020625792,1.3398362901102925,-0.0989136901687004,3.964908554644228,-0.4445902552466633,1.3237140521602766
67.0,118.0,129.88369750976562,-0.0381150873514049,2.682542042709517,-4.114430642239843,-3.678878579382245,-1.9244999050184943,1.3406975087022637,-0.0999938618507068,3.963198803446204,-0.4438787615061223,1.3237429493033557
67.0,118.0,129.8837127685547,-0.0393439610213545,2.6830619422745308,-4.114604043222708,-3.680368689308013,-1.9229080885171144,1.340185094365083,-0.099360564882717,3.963476834582344,-0.4430568216979387,1.320904571426344
67.0,118.0,129.88369750976562,-0.0370319986549597,2.682141311654721,-4.11568919640137,-3.679601765843594,-1.9250876999733395,1.3398228311447469,-0.1004837490685165,3.964237534852891,-0.442657322459007,1.323574800022745
67.0,118.0,129.88369750976562,-0.0370807272260081,2.68264859514898,-4.115168223632826,-3.678252415128613,-1.9239598296335736,1.3405486072531194,-0.098422161926668,3.964345449074509,-0.4430919035377933,1.32368118639016
67.0,118.0,129.8837127685547,-0.0371175704728505,2.6812182813530163,-4.114826148555521,-3.6814360671443898,-1.9272192972100608,1.3392384010451557,-0.0975537949860169,3.963685680076699,-0.4423936017161028,1.3207502023375437
67.0,118.0,129.88369750976562,-0.0375504977495809,2.682280533818246,-4.115233018272244,-3.679761393898062,-1.925012808213688,1.3408448440508045,-0.0991535257406458,3.963799535448471,-0.4426996479812786,1.32341862225405
67.0,118.0,129.8837127685547,-0.0353928620126881,2.684844982485186,-4.114734682919397,-3.6814192467957407,-1.9241976470811808,1.3403668723367224,-0.1000266563011459,3.964715904633412,-0.4442067176368913,1.324261404745758
67.0,118.0,129.88369750976562,-0.0375050067521598,2.682394795215691,-4.114718372567042,-3.678092981168621,-1.9258440914610253,1.3400083563894525,-0.099182553119151,3.966016159885976,-0.4438312502809411,1.3218137438897066
67.0,118.0,129.88369750976562,-0.0385790505121479,2.6829151465589978,-4.114800802167872,-3.680258446862143,-1.924409893497719,1.340273682270729,-0.0988903953142273,3.964274155720028,-0.443693939368691,1.324358976709781
67.0,118.0,129.8837127685547,-0.040081021944508,2.682819963051315,-4.11573450425536,-3.678341426705801,-1.924630774856719,1.34016865119305,-0.0990628554863062,3.961913568924301,-0.4445842110298229,1.3246566623141085
67.0,118.0,129.8837127685547,-0.0383611265626394,2.683226787712788,-4.116181104027769,-3.679021207901581,-1.9237223788072124,1.3396867159900254,-0.0994498436116677,3.962246969983919,-0.4437140811166807,1.3235120612787594
67.0,118.0,129.88369750976562,-0.0379024272348933,2.681548237319513,-4.1147750510204935,-3.679808883893499,-1.9248620463978097,1.3398379650494014,-0.0992112748296654,3.963017815678836,-0.4424179299426491,1.3233375186841294
67.0,118.0,129.88369750976562,-0.0386119900478477,2.682502921158186,-4.115330536104988,-3.67922120648243,-1.924454899099244,1.3398214621333258,-0.0993185791376466,3.963886887649888,-0.4432911272000954,1.323338099550023
67.0,118.0,129.88369750976562,-0.0382477403859779,2.68273101332882,-4.115921932644253,-3.677978964649831,-1.924749009834854,1.3417441945558162,-0.0989616560098664,3.9650317801400976,-0.4436610931860999,1.3237025486479133
67.0,118.0,129.8837127685547,-0.0364560768668281,2.682721714580719,-4.114610761576856,-3.678669844667728,-1.923656373058044,1.34280432953933,-0.0980165365981388,3.961914111739603,-0.443794010845197,1.3223327511473926
67.0,118.0,129.88369750976562,-0.0368682580867013,2.6829220535883818,-4.115330151241876,-3.6800847775118006,-1.924143475813016,1.3403634962947215,-0.0977891263415146,3.964305456688996,-0.4434524361281761,1.323232495747224
67.0,118.0,129.88369750976562,-0.0385555590400413,2.682332051900679,-4.11561887003485,-3.678886500882304,-1.9246899936591084,1.339812599810698,-0.0990985889591814,3.964719517917539,-0.4435134565679196,1.3239478618172835
67.0,118.0,129.88369750976562,-0.0362685215543273,2.6824785535414897,-4.115228802300194,-3.679666890710486,-1.924817154336768,1.3397913112986377,-0.0984104785689082,3.965220519508229,-0.4431274438343454,1.3229101875008091
67.0,118.0,129.88369750976562,-0.0375539125029723,2.683178260371717,-4.114369649219112,-3.679430716965344,-1.9246000535494767,1.3402022966892828,-0.0991060381317665,3.964045450719317,-0.4435850165156397,1.3232991003993002
67.0,118.0,129.8837127685547,-0.0377462765827165,2.682754760261481,-4.116597352360581,-3.6779847629580704,-1.9229277577136537,1.3396366035122156,-0.099180540659422,3.9640289350007456,-0.4424196705885159,1.322401396617004
67.0,118.0,129.8837127685547,-0.0384557015208323,2.682627415337113,-4.1123587635104615,-3.680209406948144,-1.9237014243757844,1.34270171189778,-0.0991206517234278,3.9639897608437753,-0.4421421290146739,1.3241146792666707
67.0,118.0,129.8837127685547,-0.038570402700159,2.6842286257227737,-4.114637589890693,-3.6774866275484746,-1.9245168707861933,1.3396716767725472,-0.0973820367857728,3.966176674350191,-0.4445492732623497,1.321640995502795
67.0,118.0,129.88369750976562,-0.0371238674580442,2.6828863163114574,-4.116450644235016,-3.678852193219088,-1.9245006772364748,1.340853961483298,-0.1003745299408251,3.96483297132265,-0.4438758320633198,1.32253467512871
67.0,118.0,129.8837127685547,-0.038784764001843,2.6830760806192355,-4.1144142906365735,-3.679230887654037,-1.9236684373725577,1.3397723611962573,-0.1004453232558953,3.96449507471759,-0.4433890991455693,1.3207952825392046
67.0,118.0,129.88369750976562,-0.0385026246801999,2.681902136710416,-4.116577281202409,-3.680540846948508,-1.92433206385908,1.3402460540770993,-0.099126385258616,3.9633692913641982,-0.4437405342625667,1.3232985721522927
67.0,119.0,129.88372802734375,-0.0340661694082904,2.6829338414886976,-4.114959951118533,-3.678570733919637,-1.9260484068612689,1.3382989212693004,-0.0989222232929916,3.961988291545138,-0.4460531240543361,1.3234060221343855
67.0,119.0,129.88369750976562,-0.0386144815276365,2.682602177420531,-4.114692785083619,-3.6782825809630206,-1.925857278402108,1.3408475275948784,-0.0997619686173913,3.964034353113425,-0.4420803106852294,1.323383683790692
67.0,119.0,129.88369750976562,-0.0384255196221009,2.6828457518910365,-4.115229419906435,-3.678280070499364,-1.9241863635424368,1.340197132733122,-0.0989346872452995,3.965045366748188,-0.4436973324717846,1.3237061726352286
67.0,119.0,129.8837127685547,-0.0383018451630346,2.6825657222281154,-4.115490430001167,-3.682651472125516,-1.9231239052756093,1.340025079312943,-0.0984281458914428,3.964438100958562,-0.44245859712267,1.3243555689868682
67.0,119.0,129.8837127685547,-0.0369420673134079,2.682156759462516,-4.115233968800888,-3.681118528744986,-1.9241912649120807,1.3404944879605267,-0.1019006897305594,3.9629366710841913,-0.4428053176321996,1.3204831572845384
67.0,119.0,129.88369750976562,-0.0384394284723971,2.682975909148543,-4.114785849651962,-3.679239009035948,-1.9244454601702328,1.3399968271028857,-0.0992974966139006,3.9634126109169294,-0.4438348749963561,1.323728487499586
67.0,119.0,129.88369750976562,-0.0375151009923383,2.6815405326175563,-4.11492126820321,-3.678696413336605,-1.9248538354858755,1.3399425126041962,-0.0987835979778907,3.963714046279793,-0.4446811609730565,1.323395357397754
67.0,119.0,129.88369750976562,-0.0377454066103169,2.6825043046280004,-4.114788089707397,-3.679652743106941,-1.9244710726958925,1.340134709603629,-0.1004671214614538,3.9636188560680137,-0.4424447477359667,1.3231665976907154
67.0,119.0,129.8837127685547,-0.0362652747973755,2.6823901769844523,-4.116293217939296,-3.6782962831329993,-1.928995849366236,1.3427363674667676,-0.0986275656262325,3.964030074260883,-0.444997731679174,1.3229369289227255
67.0,119.0,129.8837127685547,-0.037892110508682,2.6821359067353567,-4.115512312219881,-3.6795903565284767,-1.9252708498230648,1.3415193577507107,-0.0969607874607883,3.9641777212132654,-0.4436096646493943,1.320873907684612
67.0,119.0,129.88369750976562,-0.0374471514184957,2.6830290313127803,-4.114093649499316,-3.679834210451842,-1.924097479454128,1.3403730799535918,-0.0989693227775162,3.9646815998637,-0.4441470635204132,1.3235251103658887
67.0,119.0,129.88369750976562,-0.0382710782515905,2.682893249029939,-4.115279657961465,-3.6792257495786993,-1.924598940320268,1.340114582927606,-0.0982937747407807,3.963413311773425,-0.4438361054294831,1.3238186492275428
67.0,119.0,129.8837127685547,-0.0394954936172463,2.6825188067322765,-4.115058265340832,-3.681510634642686,-1.9228880618401816,1.3399492690560406,-0.1000011100859549,3.96471291422232,-0.442861539657224,1.321143834184915
67.0,119.0,129.88369750976562,-0.0386743878574695,2.682514171969066,-4.114506661615946,-3.679438333994672,-1.9243521442453364,1.339783745789752,-0.0992489063510318,3.963839175972056,-0.4434921678817331,1.3240327725928551
67.0,119.0,129.8837127685547,-0.0381877718237811,2.681269931177165,-4.115189659054024,-3.682085768835373,-1.9230510096111444,1.3398880451910875,-0.1009314762252844,3.963350996410638,-0.4439422476527043,1.324298345464992
67.0,119.0,129.88369750976562,-0.038409736125438,2.683223324443615,-4.114847609240932,-3.679415568245977,-1.9254956460903945,1.339956890140793,-0.0993767820110977,3.96545346379171,-0.4440833734044859,1.3235641918682983
67.0,119.0,129.8837127685547,-0.0381328019135585,2.6843326087515296,-4.1158076832592405,-3.677663573512685,-1.9246571519067115,1.3399667605667585,-0.1003988303632348,3.962898718619855,-0.4420186213820374,1.3237076275845006
67.0,119.0,129.8837127685547,-0.0365358024724783,2.6818681070312835,-4.112865976977184,-3.679602687252389,-1.924349351054988,1.3402820676057443,-0.1018320141376777,3.9651600061539054,-0.4432204102345752,1.3243243450746875
67.0,119.0,129.88369750976562,-0.0383216637770437,2.6825741157856324,-4.114967170153109,-3.6780063208760607,-1.924454085840296,1.3404595116488414,-0.099584917212826,3.9638032536282113,-0.4437830930453497,1.3237113962040006
67.0,119.0,129.88369750976562,-0.0379767604336877,2.680744641094622,-4.114477853527157,-3.6801701846835897,-1.924400799866619,1.3404674448137248,-0.0999418297218291,3.9646977554076215,-0.4444012423801128,1.3236911002911962
67.0,119.0,129.8837127685547,-0.0394642453231005,2.6822165907899134,-4.114074645352336,-3.6799137978066345,-1.9238931671670203,1.3420153525299825,-0.0998143531951303,3.9629751126011934,-0.4443550203742832,1.3235550677799133
67.0,119.0,129.88369750976562,-0.0383148729229902,2.6832796999404445,-4.116294179060572,-3.6793979513078847,-1.9250865185851764,1.340689295518906,-0.0983386555168854,3.963023765613142,-0.4436402091529069,1.323783064095721
67.0,119.0,129.88369750976562,-0.0379627504806742,2.6821752792535305,-4.115112653936806,-3.679108163981376,-1.9271989799946387,1.3404670547282131,-0.0989285936155462,3.963762776092248,-0.4436037889685726,1.3234545198064809
67.0,119.0,129.88369750976562,-0.0392187524807247,2.683054261908589,-4.114922136147859,-3.6795777604845856,-1.925288325593142,1.3412020927009516,-0.0999221139832497,3.9638507441902,-0.4441360716815598,1.3240769948011513
67.0,119.0,129.88369750976562,-0.0383849644671473,2.6829565493324656,-4.1152425670406885,-3.679085536259625,-1.9245625020625792,1.3398362901102925,-0.0989136901687004,3.964908554644228,-0.4445902552466633,1.3237140521602766
67.0,119.0,129.88369750976562,-0.0381150873514049,2.682542042709517,-4.114430642239843,-3.678878579382245,-1.9244999050184943,1.3406975087022637,-0.0999938618507068,3.963198803446204,-0.4438787615061223,1.3237429493033557
67.0,119.0,129.8837127685547,-0.0393439610213545,2.6830619422745308,-4.114604043222708,-3.680368689308013,-1.9229080885171144,1.340185094365083,-0.099360564882717,3.963476834582344,-0.4430568216979387,1.320904571426344
67.0,119.0,129.88369750976562,-0.0370319986549597,2.682141311654721,-4.11568919640137,-3.679601765843594,-1.9250876999733395,1.3398228311447469,-0.1004837490685165,3.964237534852891,-0.442657322459007,1.323574800022745
67.0,119.0,129.88369750976562,-0.0370807272260081,2.68264859514898,-4.115168223632826,-3.678252415128613,-1.9239598296335736,1.3405486072531194,-0.098422161926668,3.964345449074509,-0.4430919035377933,1.32368118639016
67.0,119.0,129.8837127685547,-0.0371175704728505,2.6812182813530163,-4.114826148555521,-3.6814360671443898,-1.9272192972100608,1.3392384010451557,-0.0975537949860169,3.963685680076699,-0.4423936017161028,1.3207502023375437
67.0,119.0,129.88369750976562,-0.0375504977495809,2.682280533818246,-4.115233018272244,-3.679761393898062,-1.925012808213688,1.3408448440508045,-0.0991535257406458,3.963799535448471,-0.4426996479812786,1.32341862225405
67.0,119.0,129.8837127685547,-0.0353928620126881,2.684844982485186,-4.114734682919397,-3.6814192467957407,-1.9241976470811808,1.3403668723367224,-0.1000266563011459,3.964715904633412,-0.4442067176368913,1.324261404745758
67.0,119.0,129.88369750976562,-0.0375050067521598,2.682394795215691,-4.114718372567042,-3.678092981168621,-1.9258440914610253,1.3400083563894525,-0.099182553119151,3.966016159885976,-0.4438312502809411,1.3218137438897066
67.0,119.0,129.88369750976562,-0.0385790505121479,2.6829151465589978,-4.114800802167872,-3.680258446862143,-1.924409893497719,1.340273682270729,-0.0988903953142273,3.964274155720028,-0.443693939368691,1.324358976709781
67.0,119.0,129.8837127685547,-0.040081021944508,2.682819963051315,-4.11573450425536,-3.678341426705801,-1.924630774856719,1.34016865119305,-0.0990628554863062,3.961913568924301,-0.4445842110298229,1.3246566623141085
67.0,119.0,129.8837127685547,-0.0383611265626394,2.683226787712788,-4.116181104027769,-3.679021207901581,-1.9237223788072124,1.3396867159900254,-0.0994498436116677,3.962246969983919,-0.4437140811166807,1.3235120612787594
67.0,119.0,129.88369750976562,-0.0379024272348933,2.681548237319513,-4.1147750510204935,-3.679808883893499,-1.9248620463978097,1.3398379650494014,-0.0992112748296654,3.963017815678836,-0.4424179299426491,1.3233375186841294
67.0,119.0,129.88369750976562,-0.0386119900478477,2.682502921158186,-4.115330536104988,-3.67922120648243,-1.924454899099244,1.3398214621333258,-0.0993185791376466,3.963886887649888,-0.4432911272000954,1.323338099550023
67.0,119.0,129.88369750976562,-0.0382477403859779,2.68273101332882,-4.115921932644253,-3.677978964649831,-1.924749009834854,1.3417441945558162,-0.0989616560098664,3.9650317801400976,-0.4436610931860999,1.3237025486479133
67.0,119.0,129.8837127685547,-0.0364560768668281,2.682721714580719,-4.114610761576856,-3.678669844667728,-1.923656373058044,1.34280432953933,-0.0980165365981388,3.961914111739603,-0.443794010845197,1.3223327511473926
67.0,119.0,129.88369750976562,-0.0368682580867013,2.6829220535883818,-4.115330151241876,-3.6800847775118006,-1.924143475813016,1.3403634962947215,-0.0977891263415146,3.964305456688996,-0.4434524361281761,1.323232495747224
67.0,119.0,129.88369750976562,-0.0385555590400413,2.682332051900679,-4.11561887003485,-3.678886500882304,-1.9246899936591084,1.339812599810698,-0.0990985889591814,3.964719517917539,-0.4435134565679196,1.3239478618172835
67.0,119.0,129.88369750976562,-0.0362685215543273,2.6824785535414897,-4.115228802300194,-3.679666890710486,-1.924817154336768,1.3397913112986377,-0.0984104785689082,3.965220519508229,-0.4431274438343454,1.3229101875008091
67.0,119.0,129.88369750976562,-0.0375539125029723,2.683178260371717,-4.114369649219112,-3.679430716965344,-1.9246000535494767,1.3402022966892828,-0.0991060381317665,3.964045450719317,-0.4435850165156397,1.3232991003993002
67.0,119.0,129.8837127685547,-0.0377462765827165,2.682754760261481,-4.116597352360581,-3.6779847629580704,-1.9229277577136537,1.3396366035122156,-0.099180540659422,3.9640289350007456,-0.4424196705885159,1.322401396617004
67.0,119.0,129.8837127685547,-0.0384557015208323,2.682627415337113,-4.1123587635104615,-3.680209406948144,-1.9237014243757844,1.34270171189778,-0.0991206517234278,3.9639897608437753,-0.4421421290146739,1.3241146792666707
67.0,119.0,129.88369750976562,-0.0391015901040685,2.6832066369908216,-4.11469770047713,-3.680059309122311,-1.9260168474946973,1.3411719572718803,-0.0990887163406583,3.963894911594921,-0.4433537251091182,1.3222977704533132
67.0,119.0,129.88369750976562,-0.0371238674580442,2.6828863163114574,-4.116450644235016,-3.678852193219088,-1.9245006772364748,1.340853961483298,-0.1003745299408251,3.96483297132265,-0.4438758320633198,1.32253467512871
67.0,119.0,129.8837127685547,-0.038784764001843,2.6830760806192355,-4.1144142906365735,-3.679230887654037,-1.9236684373725577,1.3397723611962573,-0.1004453232558953,3.96449507471759,-0.4433890991455693,1.3207952825392046
67.0,119.0,129.88369750976562,-0.0385026246801999,2.681902136710416,-4.116577281202409,-3.680540846948508,-1.92433206385908,1.3402460540770993,-0.099126385258616,3.9633692913641982,-0.4437405342625667,1.3232985721522927
67.0,120.0,129.8837127685547,-0.0410699955461876,2.682615507496506,-4.114835259838518,-3.6779582796373433,-1.9260988828092271,1.3409769554833308,-0.0997314706898726,3.963451229424613,-0.445619098497478,1.323987936238162
67.0,120.0,129.88369750976562,-0.0386144815276365,2.682602177420531,-4.114692785083619,-3.6782825809630206,-1.925857278402108,1.3408475275948784,-0.0997619686173913,3.964034353113425,-0.4420803106852294,1.323383683790692
67.0,120.0,129.88369750976562,-0.0384255196221009,2.6828457518910365,-4.115229419906435,-3.678280070499364,-1.9241863635424368,1.340197132733122,-0.0989346872452995,3.965045366748188,-0.4436973324717846,1.3237061726352286
67.0,120.0,129.8837127685547,-0.0383018451630346,2.6825657222281154,-4.115490430001167,-3.682651472125516,-1.9231239052756093,1.340025079312943,-0.0984281458914428,3.964438100958562,-0.44245859712267,1.3243555689868682
67.0,120.0,129.8837127685547,-0.0369420673134079,2.682156759462516,-4.115233968800888,-3.681118528744986,-1.9241912649120807,1.3404944879605267,-0.1019006897305594,3.9629366710841913,-0.4428053176321996,1.3204831572845384
67.0,120.0,129.88369750976562,-0.0384394284723971,2.682975909148543,-4.114785849651962,-3.679239009035948,-1.9244454601702328,1.3399968271028857,-0.0992974966139006,3.9634126109169294,-0.4438348749963561,1.323728487499586
67.0,120.0,129.88369750976562,-0.0375151009923383,2.6815405326175563,-4.11492126820321,-3.678696413336605,-1.9248538354858755,1.3399425126041962,-0.0987835979778907,3.963714046279793,-0.4446811609730565,1.323395357397754
67.0,120.0,129.88369750976562,-0.0377454066103169,2.6825043046280004,-4.114788089707397,-3.679652743106941,-1.9244710726958925,1.340134709603629,-0.1004671214614538,3.9636188560680137,-0.4424447477359667,1.3231665976907154
67.0,120.0,129.8837127685547,-0.0362652747973755,2.6823901769844523,-4.116293217939296,-3.6782962831329993,-1.928995849366236,1.3427363674667676,-0.0986275656262325,3.964030074260883,-0.444997731679174,1.3229369289227255
67.0,120.0,129.8837127685547,-0.037892110508682,2.6821359067353567,-4.115512312219881,-3.6795903565284767,-1.9252708498230648,1.3415193577507107,-0.0969607874607883,3.9641777212132654,-0.4436096646493943,1.320873907684612
67.0,120.0,129.88369750976562,-0.0374471514184957,2.6830290313127803,-4.114093649499316,-3.679834210451842,-1.924097479454128,1.3403730799535918,-0.0989693227775162,3.9646815998637,-0.4441470635204132,1.3235251103658887
67.0,120.0,129.88369750976562,-0.0382710782515905,2.682893249029939,-4.115279657961465,-3.6792257495786993,-1.924598940320268,1.340114582927606,-0.0982937747407807,3.963413311773425,-0.4438361054294831,1.3238186492275428
67.0,120.0,129.8837127685547,-0.0394954936172463,2.6825188067322765,-4.115058265340832,-3.681510634642686,-1.9228880618401816,1.3399492690560406,-0.1000011100859549,3.96471291422232,-0.442861539657224,1.321143834184915
67.0,120.0,129.88369750976562,-0.0386743878574695,2.682514171969066,-4.114506661615946,-3.679438333994672,-1.9243521442453364,1.339783745789752,-0.0992489063510318,3.963839175972056,-0.4434921678817331,1.3240327725928551
67.0,120.0,129.8837127685547,-0.0381877718237811,2.681269931177165,-4.115189659054024,-3.682085768835373,-1.9230510096111444,1.3398880451910875,-0.1009314762252844,3.963350996410638,-0.4439422476527043,1.324298345464992
67.0,120.0,129.88369750976562,-0.038409736125438,2.683223324443615,-4.114847609240932,-3.679415568245977,-1.9254956460903945,1.339956890140793,-0.0993767820110977,3.96545346379171,-0.4440833734044859,1.3235641918682983
67.0,120.0,129.8837127685547,-0.0381328019135585,2.6843326087515296,-4.1158076832592405,-3.677663573512685,-1.9246571519067115,1.3399667605667585,-0.1003988303632348,3.962898718619855,-0.4420186213820374,1.3237076275845006
67.0,120.0,129.8837127685547,-0.0365358024724783,2.6818681070312835,-4.112865976977184,-3.679602687252389,-1.924349351054988,1.3402820676057443,-0.1018320141376777,3.9651600061539054,-0.4432204102345752,1.3243243450746875
67.0,120.0,129.88369750976562,-0.0383216637770437,2.6825741157856324,-4.114967170153109,-3.6780063208760607,-1.924454085840296,1.3404595116488414,-0.099584917212826,3.9638032536282113,-0.4437830930453497,1.3237113962040006
67.0,120.0,129.88369750976562,-0.0379767604336877,2.680744641094622,-4.114477853527157,-3.6801701846835897,-1.924400799866619,1.3404674448137248,-0.0999418297218291,3.9646977554076215,-0.4444012423801128,1.3236911002911962
67.0,120.0,129.8837127685547,-0.0394642453231005,2.6822165907899134,-4.114074645352336,-3.6799137978066345,-1.9238931671670203,1.3420153525299825,-0.0998143531951303,3.9629751126011934,-0.4443550203742832,1.3235550677799133
67.0,120.0,129.88369750976562,-0.0383148729229902,2.6832796999404445,-4.116294179060572,-3.6793979513078847,-1.9250865185851764,1.340689295518906,-0.0983386555168854,3.963023765613142,-0.4436402091529069,1.323783064095721
67.0,120.0,129.88369750976562,-0.0379627504806742,2.6821752792535305,-4.115112653936806,-3.679108163981376,-1.9271989799946387,1.3404670547282131,-0.0989285936155462,3.963762776092248,-0.4436037889685726,1.3234545198064809
67.0,120.0,129.88369750976562,-0.0392187524807247,2.683054261908589,-4.114922136147859,-3.6795777604845856,-1.925288325593142,1.3412020927009516,-0.0999221139832497,3.9638507441902,-0.4441360716815598,1.3240769948011513
67.0,120.0,129.88369750976562,-0.0383849644671473,2.6829565493324656,-4.1152425670406885,-3.679085536259625,-1.9245625020625792,1.3398362901102925,-0.0989136901687004,3.964908554644228,-0.4445902552466633,1.3237140521602766
67.0,120.0,129.88369750976562,-0.0381150873514049,2.682542042709517,-4.114430642239843,-3.678878579382245,-1.9244999050184943,1.3406975087022637,-0.0999938618507068,3.963198803446204,-0.4438787615061223,1.3237429493033557
67.0,120.0,129.8837127685547,-0.0393439610213545,2.6830619422745308,-4.114604043222708,-3.680368689308013,-1.9229080885171144,1.340185094365083,-0.099360564882717,3.963476834582344,-0.4430568216979387,1.320904571426344
67.0,120.0,129.88369750976562,-0.0370319986549597,2.682141311654721,-4.11568919640137,-3.679601765843594,-1.9250876999733395,1.3398228311447469,-0.1004837490685165,3.964237534852891,-0.442657322459007,1.323574800022745
67.0,120.0,129.88369750976562,-0.0370807272260081,2.68264859514898,-4.115168223632826,-3.678252415128613,-1.9239598296335736,1.3405486072531194,-0.098422161926668,3.964345449074509,-0.4430919035377933,1.32368118639016
67.0,120.0,129.8837127685547,-0.0371175704728505,2.6812182813530163,-4.114826148555521,-3.6814360671443898,-1.9272192972100608,1.3392384010451557,-0.0975537949860169,3.963685680076699,-0.4423936017161028,1.3207502023375437
67.0,120.0,129.88369750976562,-0.0375504977495809,2.682280533818246,-4.115233018272244,-3.679761393898062,-1.925012808213688,1.3408448440508045,-0.0991535257406458,3.963799535448471,-0.4426996479812786,1.32341862225405
67.0,120.0,129.8837127685547,-0.0353928620126881,2.684844982485186,-4.114734682919397,-3.6814192467957407,-1.9241976470811808,1.3403668723367224,-0.1000266563011459,3.964715904633412,-0.4442067176368913,1.324261404745758
67.0,120.0,129.88369750976562,-0.0375050067521598,2.682394795215691,-4.114718372567042,-3.678092981168621,-1.9258440914610253,1.3400083563894525,-0.099182553119151,3.966016159885976,-0.4438312502809411,1.3218137438897066
67.0,120.0,129.88369750976562,-0.0385790505121479,2.6829151465589978,-4.114800802167872,-3.680258446862143,-1.924409893497719,1.340273682270729,-0.0988903953142273,3.964274155720028,-0.443693939368691,1.324358976709781
67.0,120.0,129.8837127685547,-0.040081021944508,2.682819963051315,-4.11573450425536,-3.678341426705801,-1.924630774856719,1.34016865119305,-0.0990628554863062,3.961913568924301,-0.4445842110298229,1.3246566623141085
67.0,120.0,129.8837127685547,-0.0383611265626394,2.683226787712788,-4.116181104027769,-3.679021207901581,-1.9237223788072124,1.3396867159900254,-0.0994498436116677,3.962246969983919,-0.4437140811166807,1.3235120612787594
67.0,120.0,129.88369750976562,-0.0379024272348933,2.681548237319513,-4.1147750510204935,-3.679808883893499,-1.9248620463978097,1.3398379650494014,-0.0992112748296654,3.963017815678836,-0.4424179299426491,1.3233375186841294
67.0,120.0,129.88369750976562,-0.0386119900478477,2.682502921158186,-4.115330536104988,-3.67922120648243,-1.924454899099244,1.3398214621333258,-0.0993185791376466,3.963886887649888,-0.4432911272000954,1.323338099550023
67.0,120.0,129.88369750976562,-0.0382477403859779,2.68273101332882,-4.115921932644253,-3.677978964649831,-1.924749009834854,1.3417441945558162,-0.0989616560098664,3.9650317801400976,-0.4436610931860999,1.3237025486479133
67.0,120.0,129.8837127685547,-0.0364560768668281,2.682721714580719,-4.114610761576856,-3.678669844667728,-1.923656373058044,1.34280432953933,-0.0980165365981388,3.961914111739603,-0.443794010845197,1.3223327511473926
67.0,120.0,129.88369750976562,-0.0368682580867013,2.6829220535883818,-4.115330151241876,-3.6800847775118006,-1.924143475813016,1.3403634962947215,-0.0977891263415146,3.964305456688996,-0.4434524361281761,1.323232495747224
67.0,120.0,129.88369750976562,-0.0385555590400413,2.682332051900679,-4.11561887003485,-3.678886500882304,-1.9246899936591084,1.339812599810698,-0.0990985889591814,3.964719517917539,-0.4435134565679196,1.3239478618172835
67.0,120.0,129.88369750976562,-0.0362685215543273,2.6824785535414897,-4.115228802300194,-3.679666890710486,-1.924817154336768,1.3397913112986377,-0.0984104785689082,3.965220519508229,-0.4431274438343454,1.3229101875008091
67.0,120.0,129.88369750976562,-0.0375539125029723,2.683178260371717,-4.114369649219112,-3.679430716965344,-1.9246000535494767,1.3402022966892828,-0.0991060381317665,3.964045450719317,-0.4435850165156397,1.3232991003993002
67.0,120.0,129.8837127685547,-0.0377462765827165,2.682754760261481,-4.116597352360581,-3.6779847629580704,-1.9229277577136537,1.3396366035122156,-0.099180540659422,3.9640289350007456,-0.4424196705885159,1.322401396617004
67.0,120.0,129.8837127685547,-0.0384557015208323,2.682627415337113,-4.1123587635104615,-3.680209406948144,-1.9237014243757844,1.34270171189778,-0.0991206517234278,3.9639897608437753,-0.4421421290146739,1.3241146792666707
67.0,120.0,129.88369750976562,-0.0391015901040685,2.6832066369908216,-4.11469770047713,-3.680059309122311,-1.9260168474946973,1.3411719572718803,-0.0990887163406583,3.963894911594921,-0.4433537251091182,1.3222977704533132
67.0,120.0,129.88369750976562,-0.0371238674580442,2.6828863163114574,-4.116450644235016,-3.678852193219088,-1.9245006772364748,1.340853961483298,-0.1003745299408251,3.96483297132265,-0.4438758320633198,1.32253467512871
67.0,120.0,129.8837127685547,-0.038784764001843,2.6830760806192355,-4.1144142906365735,-3.679230887654037,-1.9236684373725577,1.3397723611962573,-0.1004453232558953,3.96449507471759,-0.4433890991455693,1.3207952825392046
67.0,120.0,129.88369750976562,-0.0385026246801999,2.681902136710416,-4.116577281202409,-3.680540846948508,-1.92433206385908,1.3402460540770993,-0.099126385258616,3.9633692913641982,-0.4437405342625667,1.3232985721522927
67.0,121.0,129.8837127685547,-0.0410699955461876,2.682615507496506,-4.114835259838518,-3.6779582796373433,-1.9260988828092271,1.3409769554833308,-0.0997314706898726,3.963451229424613,-0.445619098497478,1.323987936238162
67.0,121.0,129.88369750976562,-0.0386144815276365,2.682602177420531,-4.114692785083619,-3.6782825809630206,-1.925857278402108,1.3408475275948784,-0.0997619686173913,3.964034353113425,-0.4420803106852294,1.323383683790692
67.0,121.0,129.88369750976562,-0.0384255196221009,2.6828457518910365,-4.115229419906435,-3.678280070499364,-1.9241863635424368,1.340197132733122,-0.0989346872452995,3.965045366748188,-0.4436973324717846,1.3237061726352286
67.0,121.0,129.8837127685547,-0.0383018451630346,2.6825657222281154,-4.115490430001167,-3.682651472125516,-1.9231239052756093,1.340025079312943,-0.0984281458914428,3.964438100958562,-0.44245859712267,1.3243555689868682
67.0,121.0,129.8837127685547,-0.0369420673134079,2.682156759462516,-4.115233968800888,-3.681118528744986,-1.9241912649120807,1.3404944879605267,-0.1019006897305594,3.9629366710841913,-0.4428053176321996,1.3204831572845384
67.0,121.0,129.88369750976562,-0.0384394284723971,2.682975909148543,-4.114785849651962,-3.679239009035948,-1.9244454601702328,1.3399968271028857,-0.0992974966139006,3.9634126109169294,-0.4438348749963561,1.323728487499586
67.0,121.0,129.88369750976562,-0.0375151009923383,2.6815405326175563,-4.11492126820321,-3.678696413336605,-1.9248538354858755,1.3399425126041962,-0.0987835979778907,3.963714046279793,-0.4446811609730565,1.323395357397754
67.0,121.0,129.88369750976562,-0.0377454066103169,2.6825043046280004,-4.114788089707397,-3.679652743106941,-1.9244710726958925,1.340134709603629,-0.1004671214614538,3.9636188560680137,-0.4424447477359667,1.3231665976907154
67.0,121.0,129.8837127685547,-0.0362652747973755,2.6823901769844523,-4.116293217939296,-3.6782962831329993,-1.928995849366236,1.3427363674667676,-0.0986275656262325,3.964030074260883,-0.444997731679174,1.3229369289227255
67.0,121.0,129.8837127685547,-0.037892110508682,2.6821359067353567,-4.115512312219881,-3.6795903565284767,-1.9252708498230648,1.3415193577507107,-0.0969607874607883,3.9641777212132654,-0.4436096646493943,1.320873907684612
67.0,121.0,129.88369750976562,-0.0374471514184957,2.6830290313127803,-4.114093649499316,-3.679834210451842,-1.924097479454128,1.3403730799535918,-0.0989693227775162,3.9646815998637,-0.4441470635204132,1.3235251103658887
67.0,121.0,129.88369750976562,-0.0382710782515905,2.682893249029939,-4.115279657961465,-3.6792257495786993,-1.924598940320268,1.340114582927606,-0.0982937747407807,3.963413311773425,-0.4438361054294831,1.3238186492275428
67.0,121.0,129.8837127685547,-0.0394954936172463,2.6825188067322765,-4.115058265340832,-3.681510634642686,-1.9228880618401816,1.3399492690560406,-0.1000011100859549,3.96471291422232,-0.442861539657224,1.321143834184915
67.0,121.0,129.88369750976562,-0.0386743878574695,2.682514171969066,-4.114506661615946,-3.679438333994672,-1.9243521442453364,1.339783745789752,-0.0992489063510318,3.963839175972056,-0.4434921678817331,1.3240327725928551
67.0,121.0,129.8837127685547,-0.0381877718237811,2.681269931177165,-4.115189659054024,-3.682085768835373,-1.9230510096111444,1.3398880451910875,-0.1009314762252844,3.963350996410638,-0.4439422476527043,1.324298345464992
67.0,121.0,129.88369750976562,-0.038409736125438,2.683223324443615,-4.114847609240932,-3.679415568245977,-1.9254956460903945,1.339956890140793,-0.0993767820110977,3.96545346379171,-0.4440833734044859,1.3235641918682983
67.0,121.0,129.8837127685547,-0.0381328019135585,2.6843326087515296,-4.1158076832592405,-3.677663573512685,-1.9246571519067115,1.3399667605667585,-0.1003988303632348,3.962898718619855,-0.4420186213820374,1.3237076275845006
67.0,121.0,129.8837127685547,-0.0365358024724783,2.6818681070312835,-4.112865976977184,-3.679602687252389,-1.924349351054988,1.3402820676057443,-0.1018320141376777,3.9651600061539054,-0.4432204102345752,1.3243243450746875
67.0,121.0,129.88369750976562,-0.0383216637770437,2.6825741157856324,-4.114967170153109,-3.6780063208760607,-1.924454085840296,1.3404595116488414,-0.099584917212826,3.9638032536282113,-0.4437830930453497,1.3237113962040006
67.0,121.0,129.88369750976562,-0.0379767604336877,2.680744641094622,-4.114477853527157,-3.6801701846835897,-1.924400799866619,1.3404674448137248,-0.0999418297218291,3.9646977554076215,-0.4444012423801128,1.3236911002911962
67.0,121.0,129.8837127685547,-0.0394642453231005,2.6822165907899134,-4.114074645352336,-3.6799137978066345,-1.9238931671670203,1.3420153525299825,-0.0998143531951303,3.9629751126011934,-0.4443550203742832,1.3235550677799133
67.0,121.0,129.88369750976562,-0.0383148729229902,2.6832796999404445,-4.116294179060572,-3.6793979513078847,-1.9250865185851764,1.340689295518906,-0.0983386555168854,3.963023765613142,-0.4436402091529069,1.323783064095721
67.0,121.0,129.88369750976562,-0.0379627504806742,2.6821752792535305,-4.115112653936806,-3.679108163981376,-1.9271989799946387,1.3404670547282131,-0.0989285936155462,3.963762776092248,-0.4436037889685726,1.3234545198064809
67.0,121.0,129.88369750976562,-0.0392187524807247,2.683054261908589,-4.114922136147859,-3.6795777604845856,-1.925288325593142,1.3412020927009516,-0.0999221139832497,3.9638507441902,-0.4441360716815598,1.3240769948011513
67.0,121.0,129.88369750976562,-0.0383849644671473,2.6829565493324656,-4.1152425670406885,-3.679085536259625,-1.9245625020625792,1.3398362901102925,-0.0989136901687004,3.964908554644228,-0.4445902552466633,1.3237140521602766
67.0,121.0,129.88369750976562,-0.0381150873514049,2.682542042709517,-4.114430642239843,-3.678878579382245,-1.9244999050184943,1.3406975087022637,-0.0999938618507068,3.963198803446204,-0.4438787615061223,1.3237429493033557
67.0,121.0,129.8837127685547,-0.0393439610213545,2.6830619422745308,-4.114604043222708,-3.680368689308013,-1.9229080885171144,1.340185094365083,-0.099360564882717,3.963476834582344,-0.4430568216979387,1.320904571426344
67.0,121.0,129.88369750976562,-0.0370319986549597,2.682141311654721,-4.11568919640137,-3.679601765843594,-1.9250876999733395,1.3398228311447469,-0.1004837490685165,3.964237534852891,-0.442657322459007,1.323574800022745
67.0,121.0,129.88369750976562,-0.0370807272260081,2.68264859514898,-4.115168223632826,-3.678252415128613,-1.9239598296335736,1.3405486072531194,-0.098422161926668,3.964345449074509,-0.4430919035377933,1.32368118639016
67.0,121.0,129.8837127685547,-0.0371175704728505,2.6812182813530163,-4.114826148555521,-3.6814360671443898,-1.9272192972100608,1.3392384010451557,-0.0975537949860169,3.963685680076699,-0.4423936017161028,1.3207502023375437
67.0,121.0,129.88369750976562,-0.0375504977495809,2.682280533818246,-4.115233018272244,-3.679761393898062,-1.925012808213688,1.3408448440508045,-0.0991535257406458,3.963799535448471,-0.4426996479812786,1.32341862225405
67.0,121.0,129.8837127685547,-0.0353928620126881,2.684844982485186,-4.114734682919397,-3.6814192467957407,-1.9241976470811808,1.3403668723367224,-0.1000266563011459,3.964715904633412,-0.4442067176368913,1.324261404745758
67.0,121.0,129.88369750976562,-0.0375050067521598,2.682394795215691,-4.114718372567042,-3.678092981168621,-1.9258440914610253,1.3400083563894525,-0.099182553119151,3.966016159885976,-0.4438312502809411,1.3218137438897066
67.0,121.0,129.88369750976562,-0.0385790505121479,2.6829151465589978,-4.114800802167872,-3.680258446862143,-1.924409893497719,1.340273682270729,-0.0988903953142273,3.964274155720028,-0.443693939368691,1.324358976709781
67.0,121.0,129.8837127685547,-0.040081021944508,2.682819963051315,-4.11573450425536,-3.678341426705801,-1.924630774856719,1.34016865119305,-0.0990628554863062,3.961913568924301,-0.4445842110298229,1.3246566623141085
67.0,121.0,129.8837127685547,-0.0383611265626394,2.683226787712788,-4.116181104027769,-3.679021207901581,-1.9237223788072124,1.3396867159900254,-0.0994498436116677,3.962246969983919,-0.4437140811166807,1.3235120612787594
67.0,121.0,129.88369750976562,-0.0379024272348933,2.681548237319513,-4.1147750510204935,-3.679808883893499,-1.9248620463978097,1.3398379650494014,-0.0992112748296654,3.963017815678836,-0.4424179299426491,1.3233375186841294
67.0,121.0,129.88369750976562,-0.0386119900478477,2.682502921158186,-4.115330536104988,-3.67922120648243,-1.924454899099244,1.3398214621333258,-0.0993185791376466,3.963886887649888,-0.4432911272000954,1.323338099550023
67.0,121.0,129.88369750976562,-0.0382477403859779,2.68273101332882,-4.115921932644253,-3.677978964649831,-1.924749009834854,1.3417441945558162,-0.0989616560098664,3.9650317801400976,-0.4436610931860999,1.3237025486479133
67.0,121.0,129.8837127685547,-0.0364560768668281,2.682721714580719,-4.114610761576856,-3.678669844667728,-1.923656373058044,1.34280432953933,-0.0980165365981388,3.961914111739603,-0.443794010845197,1.3223327511473926
67.0,121.0,129.88369750976562,-0.0368682580867013,2.6829220535883818,-4.115330151241876,-3.6800847775118006,-1.924143475813016,1.3403634962947215,-0.0977891263415146,3.964305456688996,-0.4434524361281761,1.323232495747224
67.0,121.0,129.88369750976562,-0.0385555590400413,2.682332051900679,-4.11561887003485,-3.678886500882304,-1.9246899936591084,1.339812599810698,-0.0990985889591814,3.964719517917539,-0.4435134565679196,1.3239478618172835
67.0,121.0,129.88369750976562,-0.0362685215543273,2.6824785535414897,-4.115228802300194,-3.679666890710486,-1.924817154336768,1.3397913112986377,-0.0984104785689082,3.965220519508229,-0.4431274438343454,1.3229101875008091
67.0,121.0,129.88369750976562,-0.0375539125029723,2.683178260371717,-4.114369649219112,-3.679430716965344,-1.9246000535494767,1.3402022966892828,-0.0991060381317665,3.964045450719317,-0.4435850165156397,1.3232991003993002
67.0,121.0,129.8837127685547,-0.0377462765827165,2.682754760261481,-4.116597352360581,-3.6779847629580704,-1.9229277577136537,1.3396366035122156,-0.099180540659422,3.9640289350007456,-0.4424196705885159,1.322401396617004
67.0,121.0,129.8837127685547,-0.0384557015208323,2.682627415337113,-4.1123587635104615,-3.680209406948144,-1.9237014243757844,1.34270171189778,-0.0991206517234278,3.9639897608437753,-0.4421421290146739,1.3241146792666707
67.0,121.0,129.88369750976562,-0.0391015901040685,2.6832066369908216,-4.11469770047713,-3.680059309122311,-1.9260168474946973,1.3411719572718803,-0.0990887163406583,3.963894911594921,-0.4433537251091182,1.3222977704533132
67.0,121.0,129.88369750976562,-0.0371238674580442,2.6828863163114574,-4.116450644235016,-3.678852193219088,-1.9245006772364748,1.340853961483298,-0.1003745299408251,3.96483297132265,-0.4438758320633198,1.32253467512871
67.0,121.0,129.8837127685547,-0.038784764001843,2.6830760806192355,-4.1144142906365735,-3.679230887654037,-1.9236684373725577,1.3397723611962573,-0.1004453232558953,3.96449507471759,-0.4433890991455693,1.3207952825392046
67.0,121.0,129.88369750976562,-0.0385026246801999,2.681902136710416,-4.116577281202409,-3.680540846948508,-1.92433206385908,1.3402460540770993,-0.099126385258616,3.9633692913641982,-0.4437405342625667,1.3232985721522927
67.0,122.0,129.8837127685547,-0.0410699955461876,2.682615507496506,-4.114835259838518,-3.6779582796373433,-1.9260988828092271,1.3409769554833308,-0.0997314706898726,3.963451229424613,-0.445619098497478,1.323987936238162
67.0,122.0,129.88369750976562,-0.0386144815276365,2.682602177420531,-4.114692785083619,-3.6782825809630206,-1.925857278402108,1.3408475275948784,-0.0997619686173913,3.964034353113425,-0.4420803106852294,1.323383683790692
67.0,122.0,129.88369750976562,-0.0384255196221009,2.6828457518910365,-4.115229419906435,-3.678280070499364,-1.9241863635424368,1.340197132733122,-0.0989346872452995,3.965045366748188,-0.4436973324717846,1.3237061726352286
67.0,122.0,129.8837127685547,-0.0383018451630346,2.6825657222281154,-4.115490430001167,-3.682651472125516,-1.9231239052756093,1.340025079312943,-0.0984281458914428,3.964438100958562,-0.44245859712267,1.3243555689868682
67.0,122.0,129.8837127685547,-0.0369420673134079,2.682156759462516,-4.115233968800888,-3.681118528744986,-1.9241912649120807,1.3404944879605267,-0.1019006897305594,3.9629366710841913,-0.4428053176321996,1.3204831572845384
67.0,122.0,129.88369750976562,-0.0384394284723971,2.682975909148543,-4.114785849651962,-3.679239009035948,-1.9244454601702328,1.3399968271028857,-0.0992974966139006,3.9634126109169294,-0.4438348749963561,1.323728487499586
67.0,122.0,129.88369750976562,-0.0375151009923383,2.6815405326175563,-4.11492126820321,-3.678696413336605,-1.9248538354858755,1.3399425126041962,-0.0987835979778907,3.963714046279793,-0.4446811609730565,1.323395357397754
67.0,122.0,129.88369750976562,-0.0377454066103169,2.6825043046280004,-4.114788089707397,-3.679652743106941,-1.9244710726958925,1.340134709603629,-0.1004671214614538,3.9636188560680137,-0.4424447477359667,1.3231665976907154
67.0,122.0,129.8837127685547,-0.0362652747973755,2.6823901769844523,-4.116293217939296,-3.6782962831329993,-1.928995849366236,1.3427363674667676,-0.0986275656262325,3.964030074260883,-0.444997731679174,1.3229369289227255
67.0,122.0,129.8837127685547,-0.037892110508682,2.6821359067353567,-4.115512312219881,-3.6795903565284767,-1.9252708498230648,1.3415193577507107,-0.0969607874607883,3.9641777212132654,-0.4436096646493943,1.320873907684612
67.0,122.0,129.88369750976562,-0.0374471514184957,2.6830290313127803,-4.114093649499316,-3.679834210451842,-1.924097479454128,1.3403730799535918,-0.0989693227775162,3.9646815998637,-0.4441470635204132,1.3235251103658887
67.0,122.0,129.88369750976562,-0.0382710782515905,2.682893249029939,-4.115279657961465,-3.6792257495786993,-1.924598940320268,1.340114582927606,-0.0982937747407807,3.963413311773425,-0.4438361054294831,1.3238186492275428
67.0,122.0,129.8837127685547,-0.0394954936172463,2.6825188067322765,-4.115058265340832,-3.681510634642686,-1.9228880618401816,1.3399492690560406,-0.1000011100859549,3.96471291422232,-0.442861539657224,1.321143834184915
67.0,122.0,129.88369750976562,-0.0386743878574695,2.682514171969066,-4.114506661615946,-3.679438333994672,-1.9243521442453364,1.339783745789752,-0.0992489063510318,3.963839175972056,-0.4434921678817331,1.3240327725928551
67.0,122.0,129.8837127685547,-0.0381877718237811,2.681269931177165,-4.115189659054024,-3.682085768835373,-1.9230510096111444,1.3398880451910875,-0.1009314762252844,3.963350996410638,-0.4439422476527043,1.324298345464992
67.0,122.0,129.88369750976562,-0.038409736125438,2.683223324443615,-4.114847609240932,-3.679415568245977,-1.9254956460903945,1.339956890140793,-0.0993767820110977,3.96545346379171,-0.4440833734044859,1.3235641918682983
67.0,122.0,129.8837127685547,-0.0381328019135585,2.6843326087515296,-4.1158076832592405,-3.677663573512685,-1.9246571519067115,1.3399667605667585,-0.1003988303632348,3.962898718619855,-0.4420186213820374,1.3237076275845006
67.0,122.0,129.8837127685547,-0.0365358024724783,2.6818681070312835,-4.112865976977184,-3.679602687252389,-1.924349351054988,1.3402820676057443,-0.1018320141376777,3.9651600061539054,-0.4432204102345752,1.3243243450746875
67.0,122.0,129.88369750976562,-0.0383216637770437,2.6825741157856324,-4.114967170153109,-3.6780063208760607,-1.924454085840296,1.3404595116488414,-0.099584917212826,3.9638032536282113,-0.4437830930453497,1.3237113962040006
67.0,122.0,129.88369750976562,-0.0379767604336877,2.680744641094622,-4.114477853527157,-3.6801701846835897,-1.924400799866619,1.3404674448137248,-0.0999418297218291,3.9646977554076215,-0.4444012423801128,1.3236911002911962
67.0,122.0,129.8837127685547,-0.0394642453231005,2.6822165907899134,-4.114074645352336,-3.6799137978066345,-1.9238931671670203,1.3420153525299825,-0.0998143531951303,3.9629751126011934,-0.4443550203742832,1.3235550677799133
67.0,122.0,129.88369750976562,-0.0383148729229902,2.6832796999404445,-4.116294179060572,-3.6793979513078847,-1.9250865185851764,1.340689295518906,-0.0983386555168854,3.963023765613142,-0.4436402091529069,1.323783064095721
67.0,122.0,129.88369750976562,-0.0379627504806742,2.6821752792535305,-4.115112653936806,-3.679108163981376,-1.9271989799946387,1.3404670547282131,-0.0989285936155462,3.963762776092248,-0.4436037889685726,1.3234545198064809
67.0,122.0,129.88369750976562,-0.0392187524807247,2.683054261908589,-4.114922136147859,-3.6795777604845856,-1.925288325593142,1.3412020927009516,-0.0999221139832497,3.9638507441902,-0.4441360716815598,1.3240769948011513
67.0,122.0,129.88369750976562,-0.0383849644671473,2.6829565493324656,-4.1152425670406885,-3.679085536259625,-1.9245625020625792,1.3398362901102925,-0.0989136901687004,3.964908554644228,-0.4445902552466633,1.3237140521602766
67.0,122.0,129.88369750976562,-0.0381150873514049,2.682542042709517,-4.114430642239843,-3.678878579382245,-1.9244999050184943,1.3406975087022637,-0.0999938618507068,3.963198803446204,-0.4438787615061223,1.3237429493033557
67.0,122.0,129.8837127685547,-0.0393439610213545,2.6830619422745308,-4.114604043222708,-3.680368689308013,-1.9229080885171144,1.340185094365083,-0.099360564882717,3.963476834582344,-0.4430568216979387,1.320904571426344
67.0,122.0,129.88369750976562,-0.0370319986549597,2.682141311654721,-4.11568919640137,-3.679601765843594,-1.9250876999733395,1.3398228311447469,-0.1004837490685165,3.964237534852891,-0.442657322459007,1.323574800022745
67.0,122.0,129.88369750976562,-0.0370807272260081,2.68264859514898,-4.115168223632826,-3.678252415128613,-1.9239598296335736,1.3405486072531194,-0.098422161926668,3.964345449074509,-0.4430919035377933,1.32368118639016
67.0,122.0,129.8837127685547,-0.0371175704728505,2.6812182813530163,-4.114826148555521,-3.6814360671443898,-1.9272192972100608,1.3392384010451557,-0.0975537949860169,3.963685680076699,-0.4423936017161028,1.3207502023375437
67.0,122.0,129.88369750976562,-0.0375504977495809,2.682280533818246,-4.115233018272244,-3.679761393898062,-1.925012808213688,1.3408448440508045,-0.0991535257406458,3.963799535448471,-0.4426996479812786,1.32341862225405
67.0,122.0,129.8837127685547,-0.0353928620126881,2.684844982485186,-4.114734682919397,-3.6814192467957407,-1.9241976470811808,1.3403668723367224,-0.1000266563011459,3.964715904633412,-0.4442067176368913,1.324261404745758
67.0,122.0,129.88369750976562,-0.0375050067521598,2.682394795215691,-4.114718372567042,-3.678092981168621,-1.9258440914610253,1.3400083563894525,-0.099182553119151,3.966016159885976,-0.4438312502809411,1.3218137438897066
67.0,122.0,129.88369750976562,-0.0385790505121479,2.6829151465589978,-4.114800802167872,-3.680258446862143,-1.924409893497719,1.340273682270729,-0.0988903953142273,3.964274155720028,-0.443693939368691,1.324358976709781
67.0,122.0,129.8837127685547,-0.040081021944508,2.682819963051315,-4.11573450425536,-3.678341426705801,-1.924630774856719,1.34016865119305,-0.0990628554863062,3.961913568924301,-0.4445842110298229,1.3246566623141085
67.0,122.0,129.8837127685547,-0.0383611265626394,2.683226787712788,-4.116181104027769,-3.679021207901581,-1.9237223788072124,1.3396867159900254,-0.0994498436116677,3.962246969983919,-0.4437140811166807,1.3235120612787594
67.0,122.0,129.88369750976562,-0.0379024272348933,2.681548237319513,-4.1147750510204935,-3.679808883893499,-1.9248620463978097,1.3398379650494014,-0.0992112748296654,3.963017815678836,-0.4424179299426491,1.3233375186841294
67.0,122.0,129.88369750976562,-0.0386119900478477,2.682502921158186,-4.115330536104988,-3.67922120648243,-1.924454899099244,1.3398214621333258,-0.0993185791376466,3.963886887649888,-0.4432911272000954,1.323338099550023
67.0,122.0,129.88369750976562,-0.0382477403859779,2.68273101332882,-4.115921932644253,-3.677978964649831,-1.924749009834854,1.3417441945558162,-0.0989616560098664,3.9650317801400976,-0.4436610931860999,1.3237025486479133
67.0,122.0,129.8837127685547,-0.0364560768668281,2.682721714580719,-4.114610761576856,-3.678669844667728,-1.923656373058044,1.34280432953933,-0.0980165365981388,3.961914111739603,-0.443794010845197,1.3223327511473926
67.0,122.0,129.88369750976562,-0.0368682580867013,2.6829220535883818,-4.115330151241876,-3.6800847775118006,-1.924143475813016,1.3403634962947215,-0.0977891263415146,3.964305456688996,-0.4434524361281761,1.323232495747224
67.0,122.0,129.88369750976562,-0.0385555590400413,2.682332051900679,-4.11561887003485,-3.678886500882304,-1.9246899936591084,1.339812599810698,-0.0990985889591814,3.964719517917539,-0.4435134565679196,1.3239478618172835
67.0,122.0,129.88369750976562,-0.0362685215543273,2.6824785535414897,-4.115228802300194,-3.679666890710486,-1.924817154336768,1.3397913112986377,-0.0984104785689082,3.965220519508229,-0.4431274438343454,1.3229101875008091
67.0,122.0,129.88369750976562,-0.0375539125029723,2.683178260371717,-4.114369649219112,-3.679430716965344,-1.9246000535494767,1.3402022966892828,-0.0991060381317665,3.964045450719317,-0.4435850165156397,1.3232991003993002
67.0,122.0,129.8837127685547,-0.0377462765827165,2.682754760261481,-4.116597352360581,-3.6779847629580704,-1.9229277577136537,1.3396366035122156,-0.099180540659422,3.9640289350007456,-0.4424196705885159,1.322401396617004
67.0,122.0,129.8837127685547,-0.0384557015208323,2.682627415337113,-4.1123587635104615,-3.680209406948144,-1.9237014243757844,1.34270171189778,-0.0991206517234278,3.9639897608437753,-0.4421421290146739,1.3241146792666707
67.0,122.0,129.88369750976562,-0.0391015901040685,2.6832066369908216,-4.11469770047713,-3.680059309122311,-1.9260168474946973,1.3411719572718803,-0.0990887163406583,3.963894911594921,-0.4433537251091182,1.3222977704533132
67.0,122.0,129.88369750976562,-0.0371238674580442,2.6828863163114574,-4.116450644235016,-3.678852193219088,-1.9245006772364748,1.340853961483298,-0.1003745299408251,3.96483297132265,-0.4438758320633198,1.32253467512871
67.0,122.0,129.8837127685547,-0.038784764001843,2.6830760806192355,-4.1144142906365735,-3.679230887654037,-1.9236684373725577,1.3397723611962573,-0.1004453232558953,3.96449507471759,-0.4433890991455693,1.3207952825392046
67.0,122.0,129.88369750976562,-0.0385026246801999,2.681902136710416,-4.116577281202409,-3.680540846948508,-1.92433206385908,1.3402460540770993,-0.099126385258616,3.9633692913641982,-0.4437405342625667,1.3232985721522927
67.0,123.0,129.8837127685547,-0.0410699955461876,2.682615507496506,-4.114835259838518,-3.6779582796373433,-1.9260988828092271,1.3409769554833308,-0.0997314706898726,3.963451229424613,-0.445619098497478,1.323987936238162
67.0,123.0,129.88369750976562,-0.0386144815276365,2.682602177420531,-4.114692785083619,-3.6782825809630206,-1.925857278402108,1.3408475275948784,-0.0997619686173913,3.964034353113425,-0.4420803106852294,1.323383683790692
67.0,123.0,129.88369750976562,-0.0384255196221009,2.6828457518910365,-4.115229419906435,-3.678280070499364,-1.9241863635424368,1.340197132733122,-0.0989346872452995,3.965045366748188,-0.4436973324717846,1.3237061726352286
67.0,123.0,129.8837127685547,-0.0383018451630346,2.6825657222281154,-4.115490430001167,-3.682651472125516,-1.9231239052756093,1.340025079312943,-0.0984281458914428,3.964438100958562,-0.44245859712267,1.3243555689868682
67.0,123.0,129.8837127685547,-0.0369420673134079,2.682156759462516,-4.115233968800888,-3.681118528744986,-1.9241912649120807,1.3404944879605267,-0.1019006897305594,3.9629366710841913,-0.4428053176321996,1.3204831572845384
67.0,123.0,129.88369750976562,-0.0384394284723971,2.682975909148543,-4.114785849651962,-3.679239009035948,-1.9244454601702328,1.3399968271028857,-0.0992974966139006,3.9634126109169294,-0.4438348749963561,1.323728487499586
67.0,123.0,129.88369750976562,-0.0375151009923383,2.6815405326175563,-4.11492126820321,-3.678696413336605,-1.9248538354858755,1.3399425126041962,-0.0987835979778907,3.963714046279793,-0.4446811609730565,1.323395357397754
67.0,123.0,129.88369750976562,-0.0377454066103169,2.6825043046280004,-4.114788089707397,-3.679652743106941,-1.9244710726958925,1.340134709603629,-0.1004671214614538,3.9636188560680137,-0.4424447477359667,1.3231665976907154
67.0,123.0,129.8837127685547,-0.0362652747973755,2.6823901769844523,-4.116293217939296,-3.6782962831329993,-1.928995849366236,1.3427363674667676,-0.0986275656262325,3.964030074260883,-0.444997731679174,1.3229369289227255
67.0,123.0,129.88369750976562,-0.0383554438796345,2.6837078456050074,-4.1148397309375175,-3.6796427651577615,-1.925935618093105,1.3413987342605571,-0.0995517511654577,3.963735392106942,-0.4447510661004394,1.3223569690262462
67.0,123.0,129.88369750976562,-0.0374471514184957,2.6830290313127803,-4.114093649499316,-3.679834210451842,-1.924097479454128,1.3403730799535918,-0.0989693227775162,3.9646815998637,-0.4441470635204132,1.3235251103658887
67.0,123.0,129.88369750976562,-0.0382710782515905,2.682893249029939,-4.115279657961465,-3.6792257495786993,-1.924598940320268,1.340114582927606,-0.0982937747407807,3.963413311773425,-0.4438361054294831,1.3238186492275428
67.0,123.0,129.8837127685547,-0.0394954936172463,2.6825188067322765,-4.115058265340832,-3.681510634642686,-1.9228880618401816,1.3399492690560406,-0.1000011100859549,3.96471291422232,-0.442861539657224,1.321143834184915
67.0,123.0,129.88369750976562,-0.0386743878574695,2.682514171969066,-4.114506661615946,-3.679438333994672,-1.9243521442453364,1.339783745789752,-0.0992489063510318,3.963839175972056,-0.4434921678817331,1.3240327725928551
67.0,123.0,129.8837127685547,-0.0381877718237811,2.681269931177165,-4.115189659054024,-3.682085768835373,-1.9230510096111444,1.3398880451910875,-0.1009314762252844,3.963350996410638,-0.4439422476527043,1.324298345464992
67.0,123.0,129.88369750976562,-0.038409736125438,2.683223324443615,-4.114847609240932,-3.679415568245977,-1.9254956460903945,1.339956890140793,-0.0993767820110977,3.96545346379171,-0.4440833734044859,1.3235641918682983
67.0,123.0,129.8837127685547,-0.0381328019135585,2.6843326087515296,-4.1158076832592405,-3.677663573512685,-1.9246571519067115,1.3399667605667585,-0.1003988303632348,3.962898718619855,-0.4420186213820374,1.3237076275845006
67.0,123.0,129.8837127685547,-0.0365358024724783,2.6818681070312835,-4.112865976977184,-3.679602687252389,-1.924349351054988,1.3402820676057443,-0.1018320141376777,3.9651600061539054,-0.4432204102345752,1.3243243450746875
67.0,123.0,129.88369750976562,-0.0383216637770437,2.6825741157856324,-4.114967170153109,-3.6780063208760607,-1.924454085840296,1.3404595116488414,-0.099584917212826,3.9638032536282113,-0.4437830930453497,1.3237113962040006
67.0,123.0,129.88369750976562,-0.0379767604336877,2.680744641094622,-4.114477853527157,-3.6801701846835897,-1.924400799866619,1.3404674448137248,-0.0999418297218291,3.9646977554076215,-0.4444012423801128,1.3236911002911962
67.0,123.0,129.8837127685547,-0.0394642453231005,2.6822165907899134,-4.114074645352336,-3.6799137978066345,-1.9238931671670203,1.3420153525299825,-0.0998143531951303,3.9629751126011934,-0.4443550203742832,1.3235550677799133
67.0,123.0,129.88369750976562,-0.0383148729229902,2.6832796999404445,-4.116294179060572,-3.6793979513078847,-1.9250865185851764,1.340689295518906,-0.0983386555168854,3.963023765613142,-0.4436402091529069,1.323783064095721
67.0,123.0,129.88369750976562,-0.0379627504806742,2.6821752792535305,-4.115112653936806,-3.679108163981376,-1.9271989799946387,1.3404670547282131,-0.0989285936155462,3.963762776092248,-0.4436037889685726,1.3234545198064809
67.0,123.0,129.88369750976562,-0.0392187524807247,2.683054261908589,-4.114922136147859,-3.6795777604845856,-1.925288325593142,1.3412020927009516,-0.0999221139832497,3.9638507441902,-0.4441360716815598,1.3240769948011513
67.0,123.0,129.88369750976562,-0.0383849644671473,2.6829565493324656,-4.1152425670406885,-3.679085536259625,-1.9245625020625792,1.3398362901102925,-0.0989136901687004,3.964908554644228,-0.4445902552466633,1.3237140521602766
67.0,123.0,129.88369750976562,-0.0381150873514049,2.682542042709517,-4.114430642239843,-3.678878579382245,-1.9244999050184943,1.3406975087022637,-0.0999938618507068,3.963198803446204,-0.4438787615061223,1.3237429493033557
67.0,123.0,129.8837127685547,-0.0393439610213545,2.6830619422745308,-4.114604043222708,-3.680368689308013,-1.9229080885171144,1.340185094365083,-0.099360564882717,3.963476834582344,-0.4430568216979387,1.320904571426344
67.0,123.0,129.88369750976562,-0.0370319986549597,2.682141311654721,-4.11568919640137,-3.679601765843594,-1.9250876999733395,1.3398228311447469,-0.1004837490685165,3.964237534852891,-0.442657322459007,1.323574800022745
67.0,123.0,129.88369750976562,-0.0370807272260081,2.68264859514898,-4.115168223632826,-3.678252415128613,-1.9239598296335736,1.3405486072531194,-0.098422161926668,3.964345449074509,-0.4430919035377933,1.32368118639016
67.0,123.0,129.8837127685547,-0.0371175704728505,2.6812182813530163,-4.114826148555521,-3.6814360671443898,-1.9272192972100608,1.3392384010451557,-0.0975537949860169,3.963685680076699,-0.4423936017161028,1.3207502023375437
67.0,123.0,129.88369750976562,-0.0375504977495809,2.682280533818246,-4.115233018272244,-3.679761393898062,-1.925012808213688,1.3408448440508045,-0.0991535257406458,3.963799535448471,-0.4426996479812786,1.32341862225405
67.0,123.0,129.8837127685547,-0.0353928620126881,2.684844982485186,-4.114734682919397,-3.6814192467957407,-1.9241976470811808,1.3403668723367224,-0.1000266563011459,3.964715904633412,-0.4442067176368913,1.324261404745758
67.0,123.0,129.88369750976562,-0.0375050067521598,2.682394795215691,-4.114718372567042,-3.678092981168621,-1.9258440914610253,1.3400083563894525,-0.099182553119151,3.966016159885976,-0.4438312502809411,1.3218137438897066
67.0,123.0,129.88369750976562,-0.0385790505121479,2.6829151465589978,-4.114800802167872,-3.680258446862143,-1.924409893497719,1.340273682270729,-0.0988903953142273,3.964274155720028,-0.443693939368691,1.324358976709781
67.0,123.0,129.8837127685547,-0.040081021944508,2.682819963051315,-4.11573450425536,-3.678341426705801,-1.924630774856719,1.34016865119305,-0.0990628554863062,3.961913568924301,-0.4445842110298229,1.3246566623141085
67.0,123.0,129.8837127685547,-0.0383611265626394,2.683226787712788,-4.116181104027769,-3.679021207901581,-1.9237223788072124,1.3396867159900254,-0.0994498436116677,3.962246969983919,-0.4437140811166807,1.3235120612787594
67.0,123.0,129.88369750976562,-0.0379024272348933,2.681548237319513,-4.1147750510204935,-3.679808883893499,-1.9248620463978097,1.3398379650494014,-0.0992112748296654,3.963017815678836,-0.4424179299426491,1.3233375186841294
67.0,123.0,129.88369750976562,-0.0386119900478477,2.682502921158186,-4.115330536104988,-3.67922120648243,-1.924454899099244,1.3398214621333258,-0.0993185791376466,3.963886887649888,-0.4432911272000954,1.323338099550023
67.0,123.0,129.88369750976562,-0.0382477403859779,2.68273101332882,-4.115921932644253,-3.677978964649831,-1.924749009834854,1.3417441945558162,-0.0989616560098664,3.9650317801400976,-0.4436610931860999,1.3237025486479133
67.0,123.0,129.8837127685547,-0.0364560768668281,2.682721714580719,-4.114610761576856,-3.678669844667728,-1.923656373058044,1.34280432953933,-0.0980165365981388,3.961914111739603,-0.443794010845197,1.3223327511473926
67.0,123.0,129.88369750976562,-0.0368682580867013,2.6829220535883818,-4.115330151241876,-3.6800847775118006,-1.924143475813016,1.3403634962947215,-0.0977891263415146,3.964305456688996,-0.4434524361281761,1.323232495747224
67.0,123.0,129.88369750976562,-0.0385555590400413,2.682332051900679,-4.11561887003485,-3.678886500882304,-1.9246899936591084,1.339812599810698,-0.0990985889591814,3.964719517917539,-0.4435134565679196,1.3239478618172835
67.0,123.0,129.88369750976562,-0.0362685215543273,2.6824785535414897,-4.115228802300194,-3.679666890710486,-1.924817154336768,1.3397913112986377,-0.0984104785689082,3.965220519508229,-0.4431274438343454,1.3229101875008091
67.0,123.0,129.88369750976562,-0.0375539125029723,2.683178260371717,-4.114369649219112,-3.679430716965344,-1.9246000535494767,1.3402022966892828,-0.0991060381317665,3.964045450719317,-0.4435850165156397,1.3232991003993002
67.0,123.0,129.8837127685547,-0.0377462765827165,2.682754760261481,-4.116597352360581,-3.6779847629580704,-1.9229277577136537,1.3396366035122156,-0.099180540659422,3.9640289350007456,-0.4424196705885159,1.322401396617004
67.0,123.0,129.8837127685547,-0.0384557015208323,2.682627415337113,-4.1123587635104615,-3.680209406948144,-1.9237014243757844,1.34270171189778,-0.0991206517234278,3.9639897608437753,-0.4421421290146739,1.3241146792666707
67.0,123.0,129.88369750976562,-0.0391015901040685,2.6832066369908216,-4.11469770047713,-3.680059309122311,-1.9260168474946973,1.3411719572718803,-0.0990887163406583,3.963894911594921,-0.4433537251091182,1.3222977704533132
67.0,123.0,129.88369750976562,-0.0371238674580442,2.6828863163114574,-4.116450644235016,-3.678852193219088,-1.9245006772364748,1.340853961483298,-0.1003745299408251,3.96483297132265,-0.4438758320633198,1.32253467512871
67.0,123.0,129.88369750976562,-0.0387529514039979,2.682332987600346,-4.114907536737543,-3.6795098013530296,-1.9263257462158496,1.3407473142017434,-0.0999818312495976,3.964815872089346,-0.4437279455012012,1.3221885533632094
67.0,123.0,129.88369750976562,-0.0385026246801999,2.681902136710416,-4.116577281202409,-3.680540846948508,-1.92433206385908,1.3402460540770993,-0.099126385258616,3.9633692913641982,-0.4437405342625667,1.3232985721522927
67.0,124.0,129.8837127685547,-0.0410699955461876,2.682615507496506,-4.114835259838518,-3.6779582796373433,-1.9260988828092271,1.3409769554833308,-0.0997314706898726,3.963451229424613,-0.445619098497478,1.323987936238162
67.0,124.0,129.88369750976562,-0.0386144815276365,2.682602177420531,-4.114692785083619,-3.6782825809630206,-1.925857278402108,1.3408475275948784,-0.0997619686173913,3.964034353113425,-0.4420803106852294,1.323383683790692
67.0,124.0,129.88369750976562,-0.0384255196221009,2.6828457518910365,-4.115229419906435,-3.678280070499364,-1.9241863635424368,1.340197132733122,-0.0989346872452995,3.965045366748188,-0.4436973324717846,1.3237061726352286
67.0,124.0,129.8837127685547,-0.0383018451630346,2.6825657222281154,-4.115490430001167,-3.682651472125516,-1.9231239052756093,1.340025079312943,-0.0984281458914428,3.964438100958562,-0.44245859712267,1.3243555689868682
67.0,124.0,129.8837127685547,-0.0369420673134079,2.682156759462516,-4.115233968800888,-3.681118528744986,-1.9241912649120807,1.3404944879605267,-0.1019006897305594,3.9629366710841913,-0.4428053176321996,1.3204831572845384
67.0,124.0,129.88369750976562,-0.0384394284723971,2.682975909148543,-4.114785849651962,-3.679239009035948,-1.9244454601702328,1.3399968271028857,-0.0992974966139006,3.9634126109169294,-0.4438348749963561,1.323728487499586
67.0,124.0,129.88369750976562,-0.0375151009923383,2.6815405326175563,-4.11492126820321,-3.678696413336605,-1.9248538354858755,1.3399425126041962,-0.0987835979778907,3.963714046279793,-0.4446811609730565,1.323395357397754
67.0,124.0,129.88369750976562,-0.0377454066103169,2.6825043046280004,-4.114788089707397,-3.679652743106941,-1.9244710726958925,1.340134709603629,-0.1004671214614538,3.9636188560680137,-0.4424447477359667,1.3231665976907154
67.0,124.0,129.8837127685547,-0.0362652747973755,2.6823901769844523,-4.116293217939296,-3.6782962831329993,-1.928995849366236,1.3427363674667676,-0.0986275656262325,3.964030074260883,-0.444997731679174,1.3229369289227255
67.0,124.0,129.88369750976562,-0.0383554438796345,2.6837078456050074,-4.1148397309375175,-3.6796427651577615,-1.925935618093105,1.3413987342605571,-0.0995517511654577,3.963735392106942,-0.4447510661004394,1.3223569690262462
67.0,124.0,129.88369750976562,-0.0374471514184957,2.6830290313127803,-4.114093649499316,-3.679834210451842,-1.924097479454128,1.3403730799535918,-0.0989693227775162,3.9646815998637,-0.4441470635204132,1.3235251103658887
67.0,124.0,129.88369750976562,-0.0382710782515905,2.682893249029939,-4.115279657961465,-3.6792257495786993,-1.924598940320268,1.340114582927606,-0.0982937747407807,3.963413311773425,-0.4438361054294831,1.3238186492275428
67.0,124.0,129.8837127685547,-0.0394954936172463,2.6825188067322765,-4.115058265340832,-3.681510634642686,-1.9228880618401816,1.3399492690560406,-0.1000011100859549,3.96471291422232,-0.442861539657224,1.321143834184915
67.0,124.0,129.88369750976562,-0.0386743878574695,2.682514171969066,-4.114506661615946,-3.679438333994672,-1.9243521442453364,1.339783745789752,-0.0992489063510318,3.963839175972056,-0.4434921678817331,1.3240327725928551
67.0,124.0,129.8837127685547,-0.0381877718237811,2.681269931177165,-4.115189659054024,-3.682085768835373,-1.9230510096111444,1.3398880451910875,-0.1009314762252844,3.963350996410638,-0.4439422476527043,1.324298345464992
67.0,124.0,129.88369750976562,-0.038409736125438,2.683223324443615,-4.114847609240932,-3.679415568245977,-1.9254956460903945,1.339956890140793,-0.0993767820110977,3.96545346379171,-0.4440833734044859,1.3235641918682983
67.0,124.0,129.8837127685547,-0.0381328019135585,2.6843326087515296,-4.1158076832592405,-3.677663573512685,-1.9246571519067115,1.3399667605667585,-0.1003988303632348,3.962898718619855,-0.4420186213820374,1.3237076275845006
67.0,124.0,129.8837127685547,-0.0365358024724783,2.6818681070312835,-4.112865976977184,-3.679602687252389,-1.924349351054988,1.3402820676057443,-0.1018320141376777,3.9651600061539054,-0.4432204102345752,1.3243243450746875
67.0,124.0,129.88369750976562,-0.0383216637770437,2.6825741157856324,-4.114967170153109,-3.6780063208760607,-1.924454085840296,1.3404595116488414,-0.099584917212826,3.9638032536282113,-0.4437830930453497,1.3237113962040006
67.0,124.0,129.88369750976562,-0.0379767604336877,2.680744641094622,-4.114477853527157,-3.6801701846835897,-1.924400799866619,1.3404674448137248,-0.0999418297218291,3.9646977554076215,-0.4444012423801128,1.3236911002911962
67.0,124.0,129.8837127685547,-0.0394642453231005,2.6822165907899134,-4.114074645352336,-3.6799137978066345,-1.9238931671670203,1.3420153525299825,-0.0998143531951303,3.9629751126011934,-0.4443550203742832,1.3235550677799133
67.0,124.0,129.88369750976562,-0.0383148729229902,2.6832796999404445,-4.116294179060572,-3.6793979513078847,-1.9250865185851764,1.340689295518906,-0.0983386555168854,3.963023765613142,-0.4436402091529069,1.323783064095721
67.0,124.0,129.88369750976562,-0.0379627504806742,2.6821752792535305,-4.115112653936806,-3.679108163981376,-1.9271989799946387,1.3404670547282131,-0.0989285936155462,3.963762776092248,-0.4436037889685726,1.3234545198064809
67.0,124.0,129.88369750976562,-0.0392187524807247,2.683054261908589,-4.114922136147859,-3.6795777604845856,-1.925288325593142,1.3412020927009516,-0.0999221139832497,3.9638507441902,-0.4441360716815598,1.3240769948011513
67.0,124.0,129.88369750976562,-0.0383849644671473,2.6829565493324656,-4.1152425670406885,-3.679085536259625,-1.9245625020625792,1.3398362901102925,-0.0989136901687004,3.964908554644228,-0.4445902552466633,1.3237140521602766
67.0,124.0,129.88369750976562,-0.0381150873514049,2.682542042709517,-4.114430642239843,-3.678878579382245,-1.9244999050184943,1.3406975087022637,-0.0999938618507068,3.963198803446204,-0.4438787615061223,1.3237429493033557
67.0,124.0,129.8837127685547,-0.0393439610213545,2.6830619422745308,-4.114604043222708,-3.680368689308013,-1.9229080885171144,1.340185094365083,-0.099360564882717,3.963476834582344,-0.4430568216979387,1.320904571426344
67.0,124.0,129.88369750976562,-0.0370319986549597,2.682141311654721,-4.11568919640137,-3.679601765843594,-1.9250876999733395,1.3398228311447469,-0.1004837490685165,3.964237534852891,-0.442657322459007,1.323574800022745
67.0,124.0,129.88369750976562,-0.0370807272260081,2.68264859514898,-4.115168223632826,-3.678252415128613,-1.9239598296335736,1.3405486072531194,-0.098422161926668,3.964345449074509,-0.4430919035377933,1.32368118639016
67.0,124.0,129.8837127685547,-0.0371175704728505,2.6812182813530163,-4.114826148555521,-3.6814360671443898,-1.9272192972100608,1.3392384010451557,-0.0975537949860169,3.963685680076699,-0.4423936017161028,1.3207502023375437
67.0,124.0,129.88369750976562,-0.0375504977495809,2.682280533818246,-4.115233018272244,-3.679761393898062,-1.925012808213688,1.3408448440508045,-0.0991535257406458,3.963799535448471,-0.4426996479812786,1.32341862225405
67.0,124.0,129.8837127685547,-0.0353928620126881,2.684844982485186,-4.114734682919397,-3.6814192467957407,-1.9241976470811808,1.3403668723367224,-0.1000266563011459,3.964715904633412,-0.4442067176368913,1.324261404745758
67.0,124.0,129.88369750976562,-0.0375050067521598,2.682394795215691,-4.114718372567042,-3.678092981168621,-1.9258440914610253,1.3400083563894525,-0.099182553119151,3.966016159885976,-0.4438312502809411,1.3218137438897066
67.0,124.0,129.88369750976562,-0.0385790505121479,2.6829151465589978,-4.114800802167872,-3.680258446862143,-1.924409893497719,1.340273682270729,-0.0988903953142273,3.964274155720028,-0.443693939368691,1.324358976709781
67.0,124.0,129.8837127685547,-0.040081021944508,2.682819963051315,-4.11573450425536,-3.678341426705801,-1.924630774856719,1.34016865119305,-0.0990628554863062,3.961913568924301,-0.4445842110298229,1.3246566623141085
67.0,124.0,129.8837127685547,-0.0383611265626394,2.683226787712788,-4.116181104027769,-3.679021207901581,-1.9237223788072124,1.3396867159900254,-0.0994498436116677,3.962246969983919,-0.4437140811166807,1.3235120612787594
67.0,124.0,129.88369750976562,-0.0379024272348933,2.681548237319513,-4.1147750510204935,-3.679808883893499,-1.9248620463978097,1.3398379650494014,-0.0992112748296654,3.963017815678836,-0.4424179299426491,1.3233375186841294
67.0,124.0,129.88369750976562,-0.0386119900478477,2.682502921158186,-4.115330536104988,-3.67922120648243,-1.924454899099244,1.3398214621333258,-0.0993185791376466,3.963886887649888,-0.4432911272000954,1.323338099550023
67.0,124.0,129.88369750976562,-0.0382477403859779,2.68273101332882,-4.115921932644253,-3.677978964649831,-1.924749009834854,1.3417441945558162,-0.0989616560098664,3.9650317801400976,-0.4436610931860999,1.3237025486479133
67.0,124.0,129.8837127685547,-0.0364560768668281,2.682721714580719,-4.114610761576856,-3.678669844667728,-1.923656373058044,1.34280432953933,-0.0980165365981388,3.961914111739603,-0.443794010845197,1.3223327511473926
67.0,124.0,129.88369750976562,-0.0368682580867013,2.6829220535883818,-4.115330151241876,-3.6800847775118006,-1.924143475813016,1.3403634962947215,-0.0977891263415146,3.964305456688996,-0.4434524361281761,1.323232495747224
67.0,124.0,129.88369750976562,-0.0385555590400413,2.682332051900679,-4.11561887003485,-3.678886500882304,-1.9246899936591084,1.339812599810698,-0.0990985889591814,3.964719517917539,-0.4435134565679196,1.3239478618172835
67.0,124.0,129.88369750976562,-0.0362685215543273,2.6824785535414897,-4.115228802300194,-3.679666890710486,-1.924817154336768,1.3397913112986377,-0.0984104785689082,3.965220519508229,-0.4431274438343454,1.3229101875008091
67.0,124.0,129.88369750976562,-0.0375539125029723,2.683178260371717,-4.114369649219112,-3.679430716965344,-1.9246000535494767,1.3402022966892828,-0.0991060381317665,3.964045450719317,-0.4435850165156397,1.3232991003993002
67.0,124.0,129.8837127685547,-0.0377462765827165,2.682754760261481,-4.116597352360581,-3.6779847629580704,-1.9229277577136537,1.3396366035122156,-0.099180540659422,3.9640289350007456,-0.4424196705885159,1.322401396617004
67.0,124.0,129.8837127685547,-0.0384557015208323,2.682627415337113,-4.1123587635104615,-3.680209406948144,-1.9237014243757844,1.34270171189778,-0.0991206517234278,3.9639897608437753,-0.4421421290146739,1.3241146792666707
67.0,124.0,129.88369750976562,-0.0391015901040685,2.6832066369908216,-4.11469770047713,-3.680059309122311,-1.9260168474946973,1.3411719572718803,-0.0990887163406583,3.963894911594921,-0.4433537251091182,1.3222977704533132
67.0,124.0,129.88369750976562,-0.0371238674580442,2.6828863163114574,-4.116450644235016,-3.678852193219088,-1.9245006772364748,1.340853961483298,-0.1003745299408251,3.96483297132265,-0.4438758320633198,1.32253467512871
67.0,124.0,129.88369750976562,-0.0387529514039979,2.682332987600346,-4.114907536737543,-3.6795098013530296,-1.9263257462158496,1.3407473142017434,-0.0999818312495976,3.964815872089346,-0.4437279455012012,1.3221885533632094
67.0,124.0,129.88369750976562,-0.0385026246801999,2.681902136710416,-4.116577281202409,-3.680540846948508,-1.92433206385908,1.3402460540770993,-0.099126385258616,3.9633692913641982,-0.4437405342625667,1.3232985721522927
67.0,125.0,129.8837127685547,-0.0410699955461876,2.682615507496506,-4.114835259838518,-3.6779582796373433,-1.9260988828092271,1.3409769554833308,-0.0997314706898726,3.963451229424613,-0.445619098497478,1.323987936238162
67.0,125.0,129.88369750976562,-0.0386144815276365,2.682602177420531,-4.114692785083619,-3.6782825809630206,-1.925857278402108,1.3408475275948784,-0.0997619686173913,3.964034353113425,-0.4420803106852294,1.323383683790692
67.0,125.0,129.88369750976562,-0.0384255196221009,2.6828457518910365,-4.115229419906435,-3.678280070499364,-1.9241863635424368,1.340197132733122,-0.0989346872452995,3.965045366748188,-0.4436973324717846,1.3237061726352286
67.0,125.0,129.8837127685547,-0.0383018451630346,2.6825657222281154,-4.115490430001167,-3.682651472125516,-1.9231239052756093,1.340025079312943,-0.0984281458914428,3.964438100958562,-0.44245859712267,1.3243555689868682
67.0,125.0,129.8837127685547,-0.0369420673134079,2.682156759462516,-4.115233968800888,-3.681118528744986,-1.9241912649120807,1.3404944879605267,-0.1019006897305594,3.9629366710841913,-0.4428053176321996,1.3204831572845384
67.0,125.0,129.88369750976562,-0.0384394284723971,2.682975909148543,-4.114785849651962,-3.679239009035948,-1.9244454601702328,1.3399968271028857,-0.0992974966139006,3.9634126109169294,-0.4438348749963561,1.323728487499586
67.0,125.0,129.88369750976562,-0.0375151009923383,2.6815405326175563,-4.11492126820321,-3.678696413336605,-1.9248538354858755,1.3399425126041962,-0.0987835979778907,3.963714046279793,-0.4446811609730565,1.323395357397754
67.0,125.0,129.88369750976562,-0.0377454066103169,2.6825043046280004,-4.114788089707397,-3.679652743106941,-1.9244710726958925,1.340134709603629,-0.1004671214614538,3.9636188560680137,-0.4424447477359667,1.3231665976907154
67.0,125.0,129.8837127685547,-0.0362652747973755,2.6823901769844523,-4.116293217939296,-3.6782962831329993,-1.928995849366236,1.3427363674667676,-0.0986275656262325,3.964030074260883,-0.444997731679174,1.3229369289227255
67.0,125.0,129.88369750976562,-0.0383554438796345,2.6837078456050074,-4.1148397309375175,-3.6796427651577615,-1.925935618093105,1.3413987342605571,-0.0995517511654577,3.963735392106942,-0.4447510661004394,1.3223569690262462
67.0,125.0,129.88369750976562,-0.0374471514184957,2.6830290313127803,-4.114093649499316,-3.679834210451842,-1.924097479454128,1.3403730799535918,-0.0989693227775162,3.9646815998637,-0.4441470635204132,1.3235251103658887
67.0,125.0,129.88369750976562,-0.0382710782515905,2.682893249029939,-4.115279657961465,-3.6792257495786993,-1.924598940320268,1.340114582927606,-0.0982937747407807,3.963413311773425,-0.4438361054294831,1.3238186492275428
67.0,125.0,129.8837127685547,-0.0394954936172463,2.6825188067322765,-4.115058265340832,-3.681510634642686,-1.9228880618401816,1.3399492690560406,-0.1000011100859549,3.96471291422232,-0.442861539657224,1.321143834184915
67.0,125.0,129.88369750976562,-0.0386743878574695,2.682514171969066,-4.114506661615946,-3.679438333994672,-1.9243521442453364,1.339783745789752,-0.0992489063510318,3.963839175972056,-0.4434921678817331,1.3240327725928551
67.0,125.0,129.8837127685547,-0.0381877718237811,2.681269931177165,-4.115189659054024,-3.682085768835373,-1.9230510096111444,1.3398880451910875,-0.1009314762252844,3.963350996410638,-0.4439422476527043,1.324298345464992
67.0,125.0,129.88369750976562,-0.038409736125438,2.683223324443615,-4.114847609240932,-3.679415568245977,-1.9254956460903945,1.339956890140793,-0.0993767820110977,3.96545346379171,-0.4440833734044859,1.3235641918682983
67.0,125.0,129.8837127685547,-0.0381328019135585,2.6843326087515296,-4.1158076832592405,-3.677663573512685,-1.9246571519067115,1.3399667605667585,-0.1003988303632348,3.962898718619855,-0.4420186213820374,1.3237076275845006
67.0,125.0,129.8837127685547,-0.0365358024724783,2.6818681070312835,-4.112865976977184,-3.679602687252389,-1.924349351054988,1.3402820676057443,-0.1018320141376777,3.9651600061539054,-0.4432204102345752,1.3243243450746875
67.0,125.0,129.88369750976562,-0.0383216637770437,2.6825741157856324,-4.114967170153109,-3.6780063208760607,-1.924454085840296,1.3404595116488414,-0.099584917212826,3.9638032536282113,-0.4437830930453497,1.3237113962040006
67.0,125.0,129.88369750976562,-0.0379767604336877,2.680744641094622,-4.114477853527157,-3.6801701846835897,-1.924400799866619,1.3404674448137248,-0.0999418297218291,3.9646977554076215,-0.4444012423801128,1.3236911002911962
67.0,125.0,129.8837127685547,-0.0394642453231005,2.6822165907899134,-4.114074645352336,-3.6799137978066345,-1.9238931671670203,1.3420153525299825,-0.0998143531951303,3.9629751126011934,-0.4443550203742832,1.3235550677799133
67.0,125.0,129.88369750976562,-0.0383148729229902,2.6832796999404445,-4.116294179060572,-3.6793979513078847,-1.9250865185851764,1.340689295518906,-0.0983386555168854,3.963023765613142,-0.4436402091529069,1.323783064095721
67.0,125.0,129.88369750976562,-0.0379627504806742,2.6821752792535305,-4.115112653936806,-3.679108163981376,-1.9271989799946387,1.3404670547282131,-0.0989285936155462,3.963762776092248,-0.4436037889685726,1.3234545198064809
67.0,125.0,129.88369750976562,-0.0392187524807247,2.683054261908589,-4.114922136147859,-3.6795777604845856,-1.925288325593142,1.3412020927009516,-0.0999221139832497,3.9638507441902,-0.4441360716815598,1.3240769948011513
67.0,125.0,129.88369750976562,-0.0383849644671473,2.6829565493324656,-4.1152425670406885,-3.679085536259625,-1.9245625020625792,1.3398362901102925,-0.0989136901687004,3.964908554644228,-0.4445902552466633,1.3237140521602766
67.0,125.0,129.88369750976562,-0.0381150873514049,2.682542042709517,-4.114430642239843,-3.678878579382245,-1.9244999050184943,1.3406975087022637,-0.0999938618507068,3.963198803446204,-0.4438787615061223,1.3237429493033557
67.0,125.0,129.8837127685547,-0.0393439610213545,2.6830619422745308,-4.114604043222708,-3.680368689308013,-1.9229080885171144,1.340185094365083,-0.099360564882717,3.963476834582344,-0.4430568216979387,1.320904571426344
67.0,125.0,129.88369750976562,-0.0370319986549597,2.682141311654721,-4.11568919640137,-3.679601765843594,-1.9250876999733395,1.3398228311447469,-0.1004837490685165,3.964237534852891,-0.442657322459007,1.323574800022745
67.0,125.0,129.88369750976562,-0.0370807272260081,2.68264859514898,-4.115168223632826,-3.678252415128613,-1.9239598296335736,1.3405486072531194,-0.098422161926668,3.964345449074509,-0.4430919035377933,1.32368118639016
67.0,125.0,129.8837127685547,-0.0371175704728505,2.6812182813530163,-4.114826148555521,-3.6814360671443898,-1.9272192972100608,1.3392384010451557,-0.0975537949860169,3.963685680076699,-0.4423936017161028,1.3207502023375437
67.0,125.0,129.88369750976562,-0.0375504977495809,2.682280533818246,-4.115233018272244,-3.679761393898062,-1.925012808213688,1.3408448440508045,-0.0991535257406458,3.963799535448471,-0.4426996479812786,1.32341862225405
67.0,125.0,129.8837127685547,-0.0353928620126881,2.684844982485186,-4.114734682919397,-3.6814192467957407,-1.9241976470811808,1.3403668723367224,-0.1000266563011459,3.964715904633412,-0.4442067176368913,1.324261404745758
67.0,125.0,129.88369750976562,-0.0375050067521598,2.682394795215691,-4.114718372567042,-3.678092981168621,-1.9258440914610253,1.3400083563894525,-0.099182553119151,3.966016159885976,-0.4438312502809411,1.3218137438897066
67.0,125.0,129.88369750976562,-0.0385790505121479,2.6829151465589978,-4.114800802167872,-3.680258446862143,-1.924409893497719,1.340273682270729,-0.0988903953142273,3.964274155720028,-0.443693939368691,1.324358976709781
67.0,125.0,129.8837127685547,-0.040081021944508,2.682819963051315,-4.11573450425536,-3.678341426705801,-1.924630774856719,1.34016865119305,-0.0990628554863062,3.961913568924301,-0.4445842110298229,1.3246566623141085
67.0,125.0,129.8837127685547,-0.0383611265626394,2.683226787712788,-4.116181104027769,-3.679021207901581,-1.9237223788072124,1.3396867159900254,-0.0994498436116677,3.962246969983919,-0.4437140811166807,1.3235120612787594
67.0,125.0,129.88369750976562,-0.0379024272348933,2.681548237319513,-4.1147750510204935,-3.679808883893499,-1.9248620463978097,1.3398379650494014,-0.0992112748296654,3.963017815678836,-0.4424179299426491,1.3233375186841294
67.0,125.0,129.88369750976562,-0.0386119900478477,2.682502921158186,-4.115330536104988,-3.67922120648243,-1.924454899099244,1.3398214621333258,-0.0993185791376466,3.963886887649888,-0.4432911272000954,1.323338099550023
67.0,125.0,129.88369750976562,-0.0382477403859779,2.68273101332882,-4.115921932644253,-3.677978964649831,-1.924749009834854,1.3417441945558162,-0.0989616560098664,3.9650317801400976,-0.4436610931860999,1.3237025486479133
67.0,125.0,129.8837127685547,-0.0364560768668281,2.682721714580719,-4.114610761576856,-3.678669844667728,-1.923656373058044,1.34280432953933,-0.0980165365981388,3.961914111739603,-0.443794010845197,1.3223327511473926
67.0,125.0,129.88369750976562,-0.0368682580867013,2.6829220535883818,-4.115330151241876,-3.6800847775118006,-1.924143475813016,1.3403634962947215,-0.0977891263415146,3.964305456688996,-0.4434524361281761,1.323232495747224
67.0,125.0,129.88369750976562,-0.0385555590400413,2.682332051900679,-4.11561887003485,-3.678886500882304,-1.9246899936591084,1.339812599810698,-0.0990985889591814,3.964719517917539,-0.4435134565679196,1.3239478618172835
67.0,125.0,129.88369750976562,-0.0362685215543273,2.6824785535414897,-4.115228802300194,-3.679666890710486,-1.924817154336768,1.3397913112986377,-0.0984104785689082,3.965220519508229,-0.4431274438343454,1.3229101875008091
67.0,125.0,129.88369750976562,-0.0375539125029723,2.683178260371717,-4.114369649219112,-3.679430716965344,-1.9246000535494767,1.3402022966892828,-0.0991060381317665,3.964045450719317,-0.4435850165156397,1.3232991003993002
67.0,125.0,129.8837127685547,-0.0377462765827165,2.682754760261481,-4.116597352360581,-3.6779847629580704,-1.9229277577136537,1.3396366035122156,-0.099180540659422,3.9640289350007456,-0.4424196705885159,1.322401396617004
67.0,125.0,129.8837127685547,-0.0384557015208323,2.682627415337113,-4.1123587635104615,-3.680209406948144,-1.9237014243757844,1.34270171189778,-0.0991206517234278,3.9639897608437753,-0.4421421290146739,1.3241146792666707
67.0,125.0,129.88369750976562,-0.0391015901040685,2.6832066369908216,-4.11469770047713,-3.680059309122311,-1.9260168474946973,1.3411719572718803,-0.0990887163406583,3.963894911594921,-0.4433537251091182,1.3222977704533132
67.0,125.0,129.88369750976562,-0.0371238674580442,2.6828863163114574,-4.116450644235016,-3.678852193219088,-1.9245006772364748,1.340853961483298,-0.1003745299408251,3.96483297132265,-0.4438758320633198,1.32253467512871
67.0,125.0,129.88369750976562,-0.0387529514039979,2.682332987600346,-4.114907536737543,-3.6795098013530296,-1.9263257462158496,1.3407473142017434,-0.0999818312495976,3.964815872089346,-0.4437279455012012,1.3221885533632094
67.0,125.0,129.88369750976562,-0.0385026246801999,2.681902136710416,-4.116577281202409,-3.680540846948508,-1.92433206385908,1.3402460540770993,-0.099126385258616,3.9633692913641982,-0.4437405342625667,1.3232985721522927
67.0,126.0,129.8837127685547,-0.0410699955461876,2.682615507496506,-4.114835259838518,-3.6779582796373433,-1.9260988828092271,1.3409769554833308,-0.0997314706898726,3.963451229424613,-0.445619098497478,1.323987936238162
67.0,126.0,129.88369750976562,-0.0386144815276365,2.682602177420531,-4.114692785083619,-3.6782825809630206,-1.925857278402108,1.3408475275948784,-0.0997619686173913,3.964034353113425,-0.4420803106852294,1.323383683790692
67.0,126.0,129.88369750976562,-0.0384255196221009,2.6828457518910365,-4.115229419906435,-3.678280070499364,-1.9241863635424368,1.340197132733122,-0.0989346872452995,3.965045366748188,-0.4436973324717846,1.3237061726352286
67.0,126.0,129.8837127685547,-0.0383018451630346,2.6825657222281154,-4.115490430001167,-3.682651472125516,-1.9231239052756093,1.340025079312943,-0.0984281458914428,3.964438100958562,-0.44245859712267,1.3243555689868682
67.0,126.0,129.8837127685547,-0.0369420673134079,2.682156759462516,-4.115233968800888,-3.681118528744986,-1.9241912649120807,1.3404944879605267,-0.1019006897305594,3.9629366710841913,-0.4428053176321996,1.3204831572845384
67.0,126.0,129.88369750976562,-0.0384394284723971,2.682975909148543,-4.114785849651962,-3.679239009035948,-1.9244454601702328,1.3399968271028857,-0.0992974966139006,3.9634126109169294,-0.4438348749963561,1.323728487499586
67.0,126.0,129.88369750976562,-0.0375151009923383,2.6815405326175563,-4.11492126820321,-3.678696413336605,-1.9248538354858755,1.3399425126041962,-0.0987835979778907,3.963714046279793,-0.4446811609730565,1.323395357397754
67.0,126.0,129.88369750976562,-0.0377454066103169,2.6825043046280004,-4.114788089707397,-3.679652743106941,-1.9244710726958925,1.340134709603629,-0.1004671214614538,3.9636188560680137,-0.4424447477359667,1.3231665976907154
67.0,126.0,129.8837127685547,-0.0362652747973755,2.6823901769844523,-4.116293217939296,-3.6782962831329993,-1.928995849366236,1.3427363674667676,-0.0986275656262325,3.964030074260883,-0.444997731679174,1.3229369289227255
67.0,126.0,129.88369750976562,-0.0383554438796345,2.6837078456050074,-4.1148397309375175,-3.6796427651577615,-1.925935618093105,1.3413987342605571,-0.0995517511654577,3.963735392106942,-0.4447510661004394,1.3223569690262462
67.0,126.0,129.88369750976562,-0.0374471514184957,2.6830290313127803,-4.114093649499316,-3.679834210451842,-1.924097479454128,1.3403730799535918,-0.0989693227775162,3.9646815998637,-0.4441470635204132,1.3235251103658887
67.0,126.0,129.88369750976562,-0.0382710782515905,2.682893249029939,-4.115279657961465,-3.6792257495786993,-1.924598940320268,1.340114582927606,-0.0982937747407807,3.963413311773425,-0.4438361054294831,1.3238186492275428
67.0,126.0,129.8837127685547,-0.0394954936172463,2.6825188067322765,-4.115058265340832,-3.681510634642686,-1.9228880618401816,1.3399492690560406,-0.1000011100859549,3.96471291422232,-0.442861539657224,1.321143834184915
67.0,126.0,129.88369750976562,-0.0386743878574695,2.682514171969066,-4.114506661615946,-3.679438333994672,-1.9243521442453364,1.339783745789752,-0.0992489063510318,3.963839175972056,-0.4434921678817331,1.3240327725928551
67.0,126.0,129.8837127685547,-0.0381877718237811,2.681269931177165,-4.115189659054024,-3.682085768835373,-1.9230510096111444,1.3398880451910875,-0.1009314762252844,3.963350996410638,-0.4439422476527043,1.324298345464992
67.0,126.0,129.88369750976562,-0.038409736125438,2.683223324443615,-4.114847609240932,-3.679415568245977,-1.9254956460903945,1.339956890140793,-0.0993767820110977,3.96545346379171,-0.4440833734044859,1.3235641918682983
67.0,126.0,129.8837127685547,-0.0381328019135585,2.6843326087515296,-4.1158076832592405,-3.677663573512685,-1.9246571519067115,1.3399667605667585,-0.1003988303632348,3.962898718619855,-0.4420186213820374,1.3237076275845006
67.0,126.0,129.8837127685547,-0.0365358024724783,2.6818681070312835,-4.112865976977184,-3.679602687252389,-1.924349351054988,1.3402820676057443,-0.1018320141376777,3.9651600061539054,-0.4432204102345752,1.3243243450746875
67.0,126.0,129.88369750976562,-0.0383216637770437,2.6825741157856324,-4.114967170153109,-3.6780063208760607,-1.924454085840296,1.3404595116488414,-0.099584917212826,3.9638032536282113,-0.4437830930453497,1.3237113962040006
67.0,126.0,129.88369750976562,-0.0379767604336877,2.680744641094622,-4.114477853527157,-3.6801701846835897,-1.924400799866619,1.3404674448137248,-0.0999418297218291,3.9646977554076215,-0.4444012423801128,1.3236911002911962
67.0,126.0,129.8837127685547,-0.0394642453231005,2.6822165907899134,-4.114074645352336,-3.6799137978066345,-1.9238931671670203,1.3420153525299825,-0.0998143531951303,3.9629751126011934,-0.4443550203742832,1.3235550677799133
67.0,126.0,129.88369750976562,-0.0383148729229902,2.6832796999404445,-4.116294179060572,-3.6793979513078847,-1.9250865185851764,1.340689295518906,-0.0983386555168854,3.963023765613142,-0.4436402091529069,1.323783064095721
67.0,126.0,129.88369750976562,-0.0379627504806742,2.6821752792535305,-4.115112653936806,-3.679108163981376,-1.9271989799946387,1.3404670547282131,-0.0989285936155462,3.963762776092248,-0.4436037889685726,1.3234545198064809
67.0,126.0,129.88369750976562,-0.0392187524807247,2.683054261908589,-4.114922136147859,-3.6795777604845856,-1.925288325593142,1.3412020927009516,-0.0999221139832497,3.9638507441902,-0.4441360716815598,1.3240769948011513
67.0,126.0,129.88369750976562,-0.0383849644671473,2.6829565493324656,-4.1152425670406885,-3.679085536259625,-1.9245625020625792,1.3398362901102925,-0.0989136901687004,3.964908554644228,-0.4445902552466633,1.3237140521602766
67.0,126.0,129.88369750976562,-0.0381150873514049,2.682542042709517,-4.114430642239843,-3.678878579382245,-1.9244999050184943,1.3406975087022637,-0.0999938618507068,3.963198803446204,-0.4438787615061223,1.3237429493033557
67.0,126.0,129.8837127685547,-0.0393439610213545,2.6830619422745308,-4.114604043222708,-3.680368689308013,-1.9229080885171144,1.340185094365083,-0.099360564882717,3.963476834582344,-0.4430568216979387,1.320904571426344
67.0,126.0,129.88369750976562,-0.0370319986549597,2.682141311654721,-4.11568919640137,-3.679601765843594,-1.9250876999733395,1.3398228311447469,-0.1004837490685165,3.964237534852891,-0.442657322459007,1.323574800022745
67.0,126.0,129.88369750976562,-0.0370807272260081,2.68264859514898,-4.115168223632826,-3.678252415128613,-1.9239598296335736,1.3405486072531194,-0.098422161926668,3.964345449074509,-0.4430919035377933,1.32368118639016
67.0,126.0,129.8837127685547,-0.0371175704728505,2.6812182813530163,-4.114826148555521,-3.6814360671443898,-1.9272192972100608,1.3392384010451557,-0.0975537949860169,3.963685680076699,-0.4423936017161028,1.3207502023375437
67.0,126.0,129.88369750976562,-0.0375504977495809,2.682280533818246,-4.115233018272244,-3.679761393898062,-1.925012808213688,1.3408448440508045,-0.0991535257406458,3.963799535448471,-0.4426996479812786,1.32341862225405
67.0,126.0,129.8837127685547,-0.0353928620126881,2.684844982485186,-4.114734682919397,-3.6814192467957407,-1.9241976470811808,1.3403668723367224,-0.1000266563011459,3.964715904633412,-0.4442067176368913,1.324261404745758
67.0,126.0,129.88369750976562,-0.0375050067521598,2.682394795215691,-4.114718372567042,-3.678092981168621,-1.9258440914610253,1.3400083563894525,-0.099182553119151,3.966016159885976,-0.4438312502809411,1.3218137438897066
67.0,126.0,129.88369750976562,-0.0385790505121479,2.6829151465589978,-4.114800802167872,-3.680258446862143,-1.924409893497719,1.340273682270729,-0.0988903953142273,3.964274155720028,-0.443693939368691,1.324358976709781
67.0,126.0,129.8837127685547,-0.040081021944508,2.682819963051315,-4.11573450425536,-3.678341426705801,-1.924630774856719,1.34016865119305,-0.0990628554863062,3.961913568924301,-0.4445842110298229,1.3246566623141085
67.0,126.0,129.8837127685547,-0.0383611265626394,2.683226787712788,-4.116181104027769,-3.679021207901581,-1.9237223788072124,1.3396867159900254,-0.0994498436116677,3.962246969983919,-0.4437140811166807,1.3235120612787594
67.0,126.0,129.88369750976562,-0.0379024272348933,2.681548237319513,-4.1147750510204935,-3.679808883893499,-1.9248620463978097,1.3398379650494014,-0.0992112748296654,3.963017815678836,-0.4424179299426491,1.3233375186841294
67.0,126.0,129.88369750976562,-0.0386119900478477,2.682502921158186,-4.115330536104988,-3.67922120648243,-1.924454899099244,1.3398214621333258,-0.0993185791376466,3.963886887649888,-0.4432911272000954,1.323338099550023
67.0,126.0,129.88369750976562,-0.0382477403859779,2.68273101332882,-4.115921932644253,-3.677978964649831,-1.924749009834854,1.3417441945558162,-0.0989616560098664,3.9650317801400976,-0.4436610931860999,1.3237025486479133
67.0,126.0,129.8837127685547,-0.0364560768668281,2.682721714580719,-4.114610761576856,-3.678669844667728,-1.923656373058044,1.34280432953933,-0.0980165365981388,3.961914111739603,-0.443794010845197,1.3223327511473926
67.0,126.0,129.88369750976562,-0.0368682580867013,2.6829220535883818,-4.115330151241876,-3.6800847775118006,-1.924143475813016,1.3403634962947215,-0.0977891263415146,3.964305456688996,-0.4434524361281761,1.323232495747224
67.0,126.0,129.88369750976562,-0.0385555590400413,2.682332051900679,-4.11561887003485,-3.678886500882304,-1.9246899936591084,1.339812599810698,-0.0990985889591814,3.964719517917539,-0.4435134565679196,1.3239478618172835
67.0,126.0,129.88369750976562,-0.0362685215543273,2.6824785535414897,-4.115228802300194,-3.679666890710486,-1.924817154336768,1.3397913112986377,-0.0984104785689082,3.965220519508229,-0.4431274438343454,1.3229101875008091
67.0,126.0,129.88369750976562,-0.0375539125029723,2.683178260371717,-4.114369649219112,-3.679430716965344,-1.9246000535494767,1.3402022966892828,-0.0991060381317665,3.964045450719317,-0.4435850165156397,1.3232991003993002
67.0,126.0,129.8837127685547,-0.0377462765827165,2.682754760261481,-4.116597352360581,-3.6779847629580704,-1.9229277577136537,1.3396366035122156,-0.099180540659422,3.9640289350007456,-0.4424196705885159,1.322401396617004
67.0,126.0,129.8837127685547,-0.0384557015208323,2.682627415337113,-4.1123587635104615,-3.680209406948144,-1.9237014243757844,1.34270171189778,-0.0991206517234278,3.9639897608437753,-0.4421421290146739,1.3241146792666707
67.0,126.0,129.88369750976562,-0.0391015901040685,2.6832066369908216,-4.11469770047713,-3.680059309122311,-1.9260168474946973,1.3411719572718803,-0.0990887163406583,3.963894911594921,-0.4433537251091182,1.3222977704533132
67.0,126.0,129.88369750976562,-0.0371238674580442,2.6828863163114574,-4.116450644235016,-3.678852193219088,-1.9245006772364748,1.340853961483298,-0.1003745299408251,3.96483297132265,-0.4438758320633198,1.32253467512871
67.0,126.0,129.88369750976562,-0.0387529514039979,2.682332987600346,-4.114907536737543,-3.6795098013530296,-1.9263257462158496,1.3407473142017434,-0.0999818312495976,3.964815872089346,-0.4437279455012012,1.3221885533632094
67.0,126.0,129.88369750976562,-0.0385026246801999,2.681902136710416,-4.116577281202409,-3.680540846948508,-1.92433206385908,1.3402460540770993,-0.099126385258616,3.9633692913641982,-0.4437405342625667,1.3232985721522927
67.0,127.0,129.8837127685547,-0.0410699955461876,2.682615507496506,-4.114835259838518,-3.6779582796373433,-1.9260988828092271,1.3409769554833308,-0.0997314706898726,3.963451229424613,-0.445619098497478,1.323987936238162
67.0,127.0,129.88369750976562,-0.0386144815276365,2.682602177420531,-4.114692785083619,-3.6782825809630206,-1.925857278402108,1.3408475275948784,-0.0997619686173913,3.964034353113425,-0.4420803106852294,1.323383683790692
67.0,127.0,129.88369750976562,-0.0384255196221009,2.6828457518910365,-4.115229419906435,-3.678280070499364,-1.9241863635424368,1.340197132733122,-0.0989346872452995,3.965045366748188,-0.4436973324717846,1.3237061726352286
67.0,127.0,129.8837127685547,-0.0383018451630346,2.6825657222281154,-4.115490430001167,-3.682651472125516,-1.9231239052756093,1.340025079312943,-0.0984281458914428,3.964438100958562,-0.44245859712267,1.3243555689868682
67.0,127.0,129.8837127685547,-0.0369420673134079,2.682156759462516,-4.115233968800888,-3.681118528744986,-1.9241912649120807,1.3404944879605267,-0.1019006897305594,3.9629366710841913,-0.4428053176321996,1.3204831572845384
67.0,127.0,129.88369750976562,-0.0384394284723971,2.682975909148543,-4.114785849651962,-3.679239009035948,-1.9244454601702328,1.3399968271028857,-0.0992974966139006,3.9634126109169294,-0.4438348749963561,1.323728487499586
67.0,127.0,129.88369750976562,-0.0375151009923383,2.6815405326175563,-4.11492126820321,-3.678696413336605,-1.9248538354858755,1.3399425126041962,-0.0987835979778907,3.963714046279793,-0.4446811609730565,1.323395357397754
67.0,127.0,129.88369750976562,-0.0377454066103169,2.6825043046280004,-4.114788089707397,-3.679652743106941,-1.9244710726958925,1.340134709603629,-0.1004671214614538,3.9636188560680137,-0.4424447477359667,1.3231665976907154
67.0,127.0,129.8837127685547,-0.0362652747973755,2.6823901769844523,-4.116293217939296,-3.6782962831329993,-1.928995849366236,1.3427363674667676,-0.0986275656262325,3.964030074260883,-0.444997731679174,1.3229369289227255
67.0,127.0,129.88369750976562,-0.0383554438796345,2.6837078456050074,-4.1148397309375175,-3.6796427651577615,-1.925935618093105,1.3413987342605571,-0.0995517511654577,3.963735392106942,-0.4447510661004394,1.3223569690262462
67.0,127.0,129.88369750976562,-0.0374471514184957,2.6830290313127803,-4.114093649499316,-3.679834210451842,-1.924097479454128,1.3403730799535918,-0.0989693227775162,3.9646815998637,-0.4441470635204132,1.3235251103658887
67.0,127.0,129.88369750976562,-0.0382710782515905,2.682893249029939,-4.115279657961465,-3.6792257495786993,-1.924598940320268,1.340114582927606,-0.0982937747407807,3.963413311773425,-0.4438361054294831,1.3238186492275428
67.0,127.0,129.8837127685547,-0.0394954936172463,2.6825188067322765,-4.115058265340832,-3.681510634642686,-1.9228880618401816,1.3399492690560406,-0.1000011100859549,3.96471291422232,-0.442861539657224,1.321143834184915
67.0,127.0,129.88369750976562,-0.0386743878574695,2.682514171969066,-4.114506661615946,-3.679438333994672,-1.9243521442453364,1.339783745789752,-0.0992489063510318,3.963839175972056,-0.4434921678817331,1.3240327725928551
67.0,127.0,129.8837127685547,-0.0381877718237811,2.681269931177165,-4.115189659054024,-3.682085768835373,-1.9230510096111444,1.3398880451910875,-0.1009314762252844,3.963350996410638,-0.4439422476527043,1.324298345464992
67.0,127.0,129.88369750976562,-0.038409736125438,2.683223324443615,-4.114847609240932,-3.679415568245977,-1.9254956460903945,1.339956890140793,-0.0993767820110977,3.96545346379171,-0.4440833734044859,1.3235641918682983
67.0,127.0,129.8837127685547,-0.0381328019135585,2.6843326087515296,-4.1158076832592405,-3.677663573512685,-1.9246571519067115,1.3399667605667585,-0.1003988303632348,3.962898718619855,-0.4420186213820374,1.3237076275845006
67.0,127.0,129.8837127685547,-0.0365358024724783,2.6818681070312835,-4.112865976977184,-3.679602687252389,-1.924349351054988,1.3402820676057443,-0.1018320141376777,3.9651600061539054,-0.4432204102345752,1.3243243450746875
67.0,127.0,129.88369750976562,-0.0383216637770437,2.6825741157856324,-4.114967170153109,-3.6780063208760607,-1.924454085840296,1.3404595116488414,-0.099584917212826,3.9638032536282113,-0.4437830930453497,1.3237113962040006
67.0,127.0,129.88369750976562,-0.0379767604336877,2.680744641094622,-4.114477853527157,-3.6801701846835897,-1.924400799866619,1.3404674448137248,-0.0999418297218291,3.9646977554076215,-0.4444012423801128,1.3236911002911962
67.0,127.0,129.8837127685547,-0.0394642453231005,2.6822165907899134,-4.114074645352336,-3.6799137978066345,-1.9238931671670203,1.3420153525299825,-0.0998143531951303,3.9629751126011934,-0.4443550203742832,1.3235550677799133
67.0,127.0,129.88369750976562,-0.0383148729229902,2.6832796999404445,-4.116294179060572,-3.6793979513078847,-1.9250865185851764,1.340689295518906,-0.0983386555168854,3.963023765613142,-0.4436402091529069,1.323783064095721
67.0,127.0,129.88369750976562,-0.0379627504806742,2.6821752792535305,-4.115112653936806,-3.679108163981376,-1.9271989799946387,1.3404670547282131,-0.0989285936155462,3.963762776092248,-0.4436037889685726,1.3234545198064809
67.0,127.0,129.88369750976562,-0.0392187524807247,2.683054261908589,-4.114922136147859,-3.6795777604845856,-1.925288325593142,1.3412020927009516,-0.0999221139832497,3.9638507441902,-0.4441360716815598,1.3240769948011513
67.0,127.0,129.88369750976562,-0.0383849644671473,2.6829565493324656,-4.1152425670406885,-3.679085536259625,-1.9245625020625792,1.3398362901102925,-0.0989136901687004,3.964908554644228,-0.4445902552466633,1.3237140521602766
67.0,127.0,129.88369750976562,-0.0381150873514049,2.682542042709517,-4.114430642239843,-3.678878579382245,-1.9244999050184943,1.3406975087022637,-0.0999938618507068,3.963198803446204,-0.4438787615061223,1.3237429493033557
67.0,127.0,129.8837127685547,-0.0393439610213545,2.6830619422745308,-4.114604043222708,-3.680368689308013,-1.9229080885171144,1.340185094365083,-0.099360564882717,3.963476834582344,-0.4430568216979387,1.320904571426344
67.0,127.0,129.88369750976562,-0.0370319986549597,2.682141311654721,-4.11568919640137,-3.679601765843594,-1.9250876999733395,1.3398228311447469,-0.1004837490685165,3.964237534852891,-0.442657322459007,1.323574800022745
67.0,127.0,129.88369750976562,-0.0370807272260081,2.68264859514898,-4.115168223632826,-3.678252415128613,-1.9239598296335736,1.3405486072531194,-0.098422161926668,3.964345449074509,-0.4430919035377933,1.32368118639016
67.0,127.0,129.8837127685547,-0.0371175704728505,2.6812182813530163,-4.114826148555521,-3.6814360671443898,-1.9272192972100608,1.3392384010451557,-0.0975537949860169,3.963685680076699,-0.4423936017161028,1.3207502023375437
67.0,127.0,129.88369750976562,-0.0375504977495809,2.682280533818246,-4.115233018272244,-3.679761393898062,-1.925012808213688,1.3408448440508045,-0.0991535257406458,3.963799535448471,-0.4426996479812786,1.32341862225405
67.0,127.0,129.8837127685547,-0.0353928620126881,2.684844982485186,-4.114734682919397,-3.6814192467957407,-1.9241976470811808,1.3403668723367224,-0.1000266563011459,3.964715904633412,-0.4442067176368913,1.324261404745758
67.0,127.0,129.88369750976562,-0.0375050067521598,2.682394795215691,-4.114718372567042,-3.678092981168621,-1.9258440914610253,1.3400083563894525,-0.099182553119151,3.966016159885976,-0.4438312502809411,1.3218137438897066
67.0,127.0,129.88369750976562,-0.0385790505121479,2.6829151465589978,-4.114800802167872,-3.680258446862143,-1.924409893497719,1.340273682270729,-0.0988903953142273,3.964274155720028,-0.443693939368691,1.324358976709781
67.0,127.0,129.8837127685547,-0.040081021944508,2.682819963051315,-4.11573450425536,-3.678341426705801,-1.924630774856719,1.34016865119305,-0.0990628554863062,3.961913568924301,-0.4445842110298229,1.3246566623141085
67.0,127.0,129.8837127685547,-0.0383611265626394,2.683226787712788,-4.116181104027769,-3.679021207901581,-1.9237223788072124,1.3396867159900254,-0.0994498436116677,3.962246969983919,-0.4437140811166807,1.3235120612787594
67.0,127.0,129.88369750976562,-0.0379024272348933,2.681548237319513,-4.1147750510204935,-3.679808883893499,-1.9248620463978097,1.3398379650494014,-0.0992112748296654,3.963017815678836,-0.4424179299426491,1.3233375186841294
67.0,127.0,129.88369750976562,-0.0386119900478477,2.682502921158186,-4.115330536104988,-3.67922120648243,-1.924454899099244,1.3398214621333258,-0.0993185791376466,3.963886887649888,-0.4432911272000954,1.323338099550023
67.0,127.0,129.88369750976562,-0.0382477403859779,2.68273101332882,-4.115921932644253,-3.677978964649831,-1.924749009834854,1.3417441945558162,-0.0989616560098664,3.9650317801400976,-0.4436610931860999,1.3237025486479133
67.0,127.0,129.8837127685547,-0.0364560768668281,2.682721714580719,-4.114610761576856,-3.678669844667728,-1.923656373058044,1.34280432953933,-0.0980165365981388,3.961914111739603,-0.443794010845197,1.3223327511473926
67.0,127.0,129.88369750976562,-0.0368682580867013,2.6829220535883818,-4.115330151241876,-3.6800847775118006,-1.924143475813016,1.3403634962947215,-0.0977891263415146,3.964305456688996,-0.4434524361281761,1.323232495747224
67.0,127.0,129.88369750976562,-0.0385555590400413,2.682332051900679,-4.11561887003485,-3.678886500882304,-1.9246899936591084,1.339812599810698,-0.0990985889591814,3.964719517917539,-0.4435134565679196,1.3239478618172835
67.0,127.0,129.88369750976562,-0.0362685215543273,2.6824785535414897,-4.115228802300194,-3.679666890710486,-1.924817154336768,1.3397913112986377,-0.0984104785689082,3.965220519508229,-0.4431274438343454,1.3229101875008091
67.0,127.0,129.88369750976562,-0.0375539125029723,2.683178260371717,-4.114369649219112,-3.679430716965344,-1.9246000535494767,1.3402022966892828,-0.0991060381317665,3.964045450719317,-0.4435850165156397,1.3232991003993002
67.0,127.0,129.8837127685547,-0.0377462765827165,2.682754760261481,-4.116597352360581,-3.6779847629580704,-1.9229277577136537,1.3396366035122156,-0.099180540659422,3.9640289350007456,-0.4424196705885159,1.322401396617004
67.0,127.0,129.8837127685547,-0.0384557015208323,2.682627415337113,-4.1123587635104615,-3.680209406948144,-1.9237014243757844,1.34270171189778,-0.0991206517234278,3.9639897608437753,-0.4421421290146739,1.3241146792666707
67.0,127.0,129.88369750976562,-0.0391015901040685,2.6832066369908216,-4.11469770047713,-3.680059309122311,-1.9260168474946973,1.3411719572718803,-0.0990887163406583,3.963894911594921,-0.4433537251091182,1.3222977704533132
67.0,127.0,129.88369750976562,-0.0371238674580442,2.6828863163114574,-4.116450644235016,-3.678852193219088,-1.9245006772364748,1.340853961483298,-0.1003745299408251,3.96483297132265,-0.4438758320633198,1.32253467512871
67.0,127.0,129.88369750976562,-0.0387529514039979,2.682332987600346,-4.114907536737543,-3.6795098013530296,-1.9263257462158496,1.3407473142017434,-0.0999818312495976,3.964815872089346,-0.4437279455012012,1.3221885533632094
67.0,127.0,129.88369750976562,-0.0385026246801999,2.681902136710416,-4.116577281202409,-3.680540846948508,-1.92433206385908,1.3402460540770993,-0.099126385258616,3.9633692913641982,-0.4437405342625667,1.3232985721522927
67.0,128.0,129.8837127685547,-0.0410699955461876,2.682615507496506,-4.114835259838518,-3.6779582796373433,-1.9260988828092271,1.3409769554833308,-0.0997314706898726,3.963451229424613,-0.445619098497478,1.323987936238162
67.0,128.0,129.88369750976562,-0.0386144815276365,2.682602177420531,-4.114692785083619,-3.6782825809630206,-1.925857278402108,1.3408475275948784,-0.0997619686173913,3.964034353113425,-0.4420803106852294,1.323383683790692
67.0,128.0,129.88369750976562,-0.0384255196221009,2.6828457518910365,-4.115229419906435,-3.678280070499364,-1.9241863635424368,1.340197132733122,-0.0989346872452995,3.965045366748188,-0.4436973324717846,1.3237061726352286
67.0,128.0,129.8837127685547,-0.0383018451630346,2.6825657222281154,-4.115490430001167,-3.682651472125516,-1.9231239052756093,1.340025079312943,-0.0984281458914428,3.964438100958562,-0.44245859712267,1.3243555689868682
67.0,128.0,129.8837127685547,-0.0369420673134079,2.682156759462516,-4.115233968800888,-3.681118528744986,-1.9241912649120807,1.3404944879605267,-0.1019006897305594,3.9629366710841913,-0.4428053176321996,1.3204831572845384
67.0,128.0,129.88369750976562,-0.0384394284723971,2.682975909148543,-4.114785849651962,-3.679239009035948,-1.9244454601702328,1.3399968271028857,-0.0992974966139006,3.9634126109169294,-0.4438348749963561,1.323728487499586
67.0,128.0,129.88369750976562,-0.0375151009923383,2.6815405326175563,-4.11492126820321,-3.678696413336605,-1.9248538354858755,1.3399425126041962,-0.0987835979778907,3.963714046279793,-0.4446811609730565,1.323395357397754
67.0,128.0,129.88369750976562,-0.0377454066103169,2.6825043046280004,-4.114788089707397,-3.679652743106941,-1.9244710726958925,1.340134709603629,-0.1004671214614538,3.9636188560680137,-0.4424447477359667,1.3231665976907154
67.0,128.0,129.8837127685547,-0.0362652747973755,2.6823901769844523,-4.116293217939296,-3.6782962831329993,-1.928995849366236,1.3427363674667676,-0.0986275656262325,3.964030074260883,-0.444997731679174,1.3229369289227255
67.0,128.0,129.88369750976562,-0.0383554438796345,2.6837078456050074,-4.1148397309375175,-3.6796427651577615,-1.925935618093105,1.3413987342605571,-0.0995517511654577,3.963735392106942,-0.4447510661004394,1.3223569690262462
67.0,128.0,129.88369750976562,-0.0374471514184957,2.6830290313127803,-4.114093649499316,-3.679834210451842,-1.924097479454128,1.3403730799535918,-0.0989693227775162,3.9646815998637,-0.4441470635204132,1.3235251103658887
67.0,128.0,129.88369750976562,-0.0382710782515905,2.682893249029939,-4.115279657961465,-3.6792257495786993,-1.924598940320268,1.340114582927606,-0.0982937747407807,3.963413311773425,-0.4438361054294831,1.3238186492275428
67.0,128.0,129.8837127685547,-0.0394954936172463,2.6825188067322765,-4.115058265340832,-3.681510634642686,-1.9228880618401816,1.3399492690560406,-0.1000011100859549,3.96471291422232,-0.442861539657224,1.321143834184915
67.0,128.0,129.88369750976562,-0.0386743878574695,2.682514171969066,-4.114506661615946,-3.679438333994672,-1.9243521442453364,1.339783745789752,-0.0992489063510318,3.963839175972056,-0.4434921678817331,1.3240327725928551
67.0,128.0,129.8837127685547,-0.0381877718237811,2.681269931177165,-4.115189659054024,-3.682085768835373,-1.9230510096111444,1.3398880451910875,-0.1009314762252844,3.963350996410638,-0.4439422476527043,1.324298345464992
67.0,128.0,129.88369750976562,-0.038409736125438,2.683223324443615,-4.114847609240932,-3.679415568245977,-1.9254956460903945,1.339956890140793,-0.0993767820110977,3.96545346379171,-0.4440833734044859,1.3235641918682983
67.0,128.0,129.8837127685547,-0.0381328019135585,2.6843326087515296,-4.1158076832592405,-3.677663573512685,-1.9246571519067115,1.3399667605667585,-0.1003988303632348,3.962898718619855,-0.4420186213820374,1.3237076275845006
67.0,128.0,129.8837127685547,-0.0365358024724783,2.6818681070312835,-4.112865976977184,-3.679602687252389,-1.924349351054988,1.3402820676057443,-0.1018320141376777,3.9651600061539054,-0.4432204102345752,1.3243243450746875
67.0,128.0,129.88369750976562,-0.0383216637770437,2.6825741157856324,-4.114967170153109,-3.6780063208760607,-1.924454085840296,1.3404595116488414,-0.099584917212826,3.9638032536282113,-0.4437830930453497,1.3237113962040006
67.0,128.0,129.88369750976562,-0.0379767604336877,2.680744641094622,-4.114477853527157,-3.6801701846835897,-1.924400799866619,1.3404674448137248,-0.0999418297218291,3.9646977554076215,-0.4444012423801128,1.3236911002911962
67.0,128.0,129.8837127685547,-0.0394642453231005,2.6822165907899134,-4.114074645352336,-3.6799137978066345,-1.9238931671670203,1.3420153525299825,-0.0998143531951303,3.9629751126011934,-0.4443550203742832,1.3235550677799133
67.0,128.0,129.88369750976562,-0.0383148729229902,2.6832796999404445,-4.116294179060572,-3.6793979513078847,-1.9250865185851764,1.340689295518906,-0.0983386555168854,3.963023765613142,-0.4436402091529069,1.323783064095721
67.0,128.0,129.88369750976562,-0.0379627504806742,2.6821752792535305,-4.115112653936806,-3.679108163981376,-1.9271989799946387,1.3404670547282131,-0.0989285936155462,3.963762776092248,-0.4436037889685726,1.3234545198064809
67.0,128.0,129.88369750976562,-0.0392187524807247,2.683054261908589,-4.114922136147859,-3.6795777604845856,-1.925288325593142,1.3412020927009516,-0.0999221139832497,3.9638507441902,-0.4441360716815598,1.3240769948011513
67.0,128.0,129.88369750976562,-0.0383849644671473,2.6829565493324656,-4.1152425670406885,-3.679085536259625,-1.9245625020625792,1.3398362901102925,-0.0989136901687004,3.964908554644228,-0.4445902552466633,1.3237140521602766
67.0,128.0,129.88369750976562,-0.0381150873514049,2.682542042709517,-4.114430642239843,-3.678878579382245,-1.9244999050184943,1.3406975087022637,-0.0999938618507068,3.963198803446204,-0.4438787615061223,1.3237429493033557
67.0,128.0,129.8837127685547,-0.0393439610213545,2.6830619422745308,-4.114604043222708,-3.680368689308013,-1.9229080885171144,1.340185094365083,-0.099360564882717,3.963476834582344,-0.4430568216979387,1.320904571426344
67.0,128.0,129.88369750976562,-0.0370319986549597,2.682141311654721,-4.11568919640137,-3.679601765843594,-1.9250876999733395,1.3398228311447469,-0.1004837490685165,3.964237534852891,-0.442657322459007,1.323574800022745
67.0,128.0,129.88369750976562,-0.0370807272260081,2.68264859514898,-4.115168223632826,-3.678252415128613,-1.9239598296335736,1.3405486072531194,-0.098422161926668,3.964345449074509,-0.4430919035377933,1.32368118639016
67.0,128.0,129.8837127685547,-0.0371175704728505,2.6812182813530163,-4.114826148555521,-3.6814360671443898,-1.9272192972100608,1.3392384010451557,-0.0975537949860169,3.963685680076699,-0.4423936017161028,1.3207502023375437
67.0,128.0,129.88369750976562,-0.0375504977495809,2.682280533818246,-4.115233018272244,-3.679761393898062,-1.925012808213688,1.3408448440508045,-0.0991535257406458,3.963799535448471,-0.4426996479812786,1.32341862225405
67.0,128.0,129.8837127685547,-0.0353928620126881,2.684844982485186,-4.114734682919397,-3.6814192467957407,-1.9241976470811808,1.3403668723367224,-0.1000266563011459,3.964715904633412,-0.4442067176368913,1.324261404745758
67.0,128.0,129.88369750976562,-0.0375050067521598,2.682394795215691,-4.114718372567042,-3.678092981168621,-1.9258440914610253,1.3400083563894525,-0.099182553119151,3.966016159885976,-0.4438312502809411,1.3218137438897066
67.0,128.0,129.88369750976562,-0.0385790505121479,2.6829151465589978,-4.114800802167872,-3.680258446862143,-1.924409893497719,1.340273682270729,-0.0988903953142273,3.964274155720028,-0.443693939368691,1.324358976709781
67.0,128.0,129.8837127685547,-0.040081021944508,2.682819963051315,-4.11573450425536,-3.678341426705801,-1.924630774856719,1.34016865119305,-0.0990628554863062,3.961913568924301,-0.4445842110298229,1.3246566623141085
67.0,128.0,129.8837127685547,-0.0383611265626394,2.683226787712788,-4.116181104027769,-3.679021207901581,-1.9237223788072124,1.3396867159900254,-0.0994498436116677,3.962246969983919,-0.4437140811166807,1.3235120612787594
67.0,128.0,129.88369750976562,-0.0379024272348933,2.681548237319513,-4.1147750510204935,-3.679808883893499,-1.9248620463978097,1.3398379650494014,-0.0992112748296654,3.963017815678836,-0.4424179299426491,1.3233375186841294
67.0,128.0,129.88369750976562,-0.0386119900478477,2.682502921158186,-4.115330536104988,-3.67922120648243,-1.924454899099244,1.3398214621333258,-0.0993185791376466,3.963886887649888,-0.4432911272000954,1.323338099550023
67.0,128.0,129.88369750976562,-0.0382477403859779,2.68273101332882,-4.115921932644253,-3.677978964649831,-1.924749009834854,1.3417441945558162,-0.0989616560098664,3.9650317801400976,-0.4436610931860999,1.3237025486479133
67.0,128.0,129.8837127685547,-0.0364560768668281,2.682721714580719,-4.114610761576856,-3.678669844667728,-1.923656373058044,1.34280432953933,-0.0980165365981388,3.961914111739603,-0.443794010845197,1.3223327511473926
67.0,128.0,129.88369750976562,-0.0368682580867013,2.6829220535883818,-4.115330151241876,-3.6800847775118006,-1.924143475813016,1.3403634962947215,-0.0977891263415146,3.964305456688996,-0.4434524361281761,1.323232495747224
67.0,128.0,129.88369750976562,-0.0385555590400413,2.682332051900679,-4.11561887003485,-3.678886500882304,-1.9246899936591084,1.339812599810698,-0.0990985889591814,3.964719517917539,-0.4435134565679196,1.3239478618172835
67.0,128.0,129.88369750976562,-0.0362685215543273,2.6824785535414897,-4.115228802300194,-3.679666890710486,-1.924817154336768,1.3397913112986377,-0.0984104785689082,3.965220519508229,-0.4431274438343454,1.3229101875008091
67.0,128.0,129.88369750976562,-0.0375539125029723,2.683178260371717,-4.114369649219112,-3.679430716965344,-1.9246000535494767,1.3402022966892828,-0.0991060381317665,3.964045450719317,-0.4435850165156397,1.3232991003993002
67.0,128.0,129.8837127685547,-0.0377462765827165,2.682754760261481,-4.116597352360581,-3.6779847629580704,-1.9229277577136537,1.3396366035122156,-0.099180540659422,3.9640289350007456,-0.4424196705885159,1.322401396617004
67.0,128.0,129.8837127685547,-0.0384557015208323,2.682627415337113,-4.1123587635104615,-3.680209406948144,-1.9237014243757844,1.34270171189778,-0.0991206517234278,3.9639897608437753,-0.4421421290146739,1.3241146792666707
67.0,128.0,129.88369750976562,-0.0391015901040685,2.6832066369908216,-4.11469770047713,-3.680059309122311,-1.9260168474946973,1.3411719572718803,-0.0990887163406583,3.963894911594921,-0.4433537251091182,1.3222977704533132
67.0,128.0,129.88369750976562,-0.0371238674580442,2.6828863163114574,-4.116450644235016,-3.678852193219088,-1.9245006772364748,1.340853961483298,-0.1003745299408251,3.96483297132265,-0.4438758320633198,1.32253467512871
67.0,128.0,129.88369750976562,-0.0387529514039979,2.682332987600346,-4.114907536737543,-3.6795098013530296,-1.9263257462158496,1.3407473142017434,-0.0999818312495976,3.964815872089346,-0.4437279455012012,1.3221885533632094
67.0,128.0,129.88369750976562,-0.0385026246801999,2.681902136710416,-4.116577281202409,-3.680540846948508,-1.92433206385908,1.3402460540770993,-0.099126385258616,3.9633692913641982,-0.4437405342625667,1.3232985721522927
67.0,129.0,129.8837127685547,-0.0410699955461876,2.682615507496506,-4.114835259838518,-3.6779582796373433,-1.9260988828092271,1.3409769554833308,-0.0997314706898726,3.963451229424613,-0.445619098497478,1.323987936238162
67.0,129.0,129.88369750976562,-0.0386144815276365,2.682602177420531,-4.114692785083619,-3.6782825809630206,-1.925857278402108,1.3408475275948784,-0.0997619686173913,3.964034353113425,-0.4420803106852294,1.323383683790692
67.0,129.0,129.88369750976562,-0.0384255196221009,2.6828457518910365,-4.115229419906435,-3.678280070499364,-1.9241863635424368,1.340197132733122,-0.0989346872452995,3.965045366748188,-0.4436973324717846,1.3237061726352286
67.0,129.0,129.8837127685547,-0.0383018451630346,2.6825657222281154,-4.115490430001167,-3.682651472125516,-1.9231239052756093,1.340025079312943,-0.0984281458914428,3.964438100958562,-0.44245859712267,1.3243555689868682
67.0,129.0,129.8837127685547,-0.0369420673134079,2.682156759462516,-4.115233968800888,-3.681118528744986,-1.9241912649120807,1.3404944879605267,-0.1019006897305594,3.9629366710841913,-0.4428053176321996,1.3204831572845384
67.0,129.0,129.88369750976562,-0.0384394284723971,2.682975909148543,-4.114785849651962,-3.679239009035948,-1.9244454601702328,1.3399968271028857,-0.0992974966139006,3.9634126109169294,-0.4438348749963561,1.323728487499586
67.0,129.0,129.88369750976562,-0.0375151009923383,2.6815405326175563,-4.11492126820321,-3.678696413336605,-1.9248538354858755,1.3399425126041962,-0.0987835979778907,3.963714046279793,-0.4446811609730565,1.323395357397754
67.0,129.0,129.88369750976562,-0.0377454066103169,2.6825043046280004,-4.114788089707397,-3.679652743106941,-1.9244710726958925,1.340134709603629,-0.1004671214614538,3.9636188560680137,-0.4424447477359667,1.3231665976907154
67.0,129.0,129.8837127685547,-0.0362652747973755,2.6823901769844523,-4.116293217939296,-3.6782962831329993,-1.928995849366236,1.3427363674667676,-0.0986275656262325,3.964030074260883,-0.444997731679174,1.3229369289227255
67.0,129.0,129.88369750976562,-0.0383554438796345,2.6837078456050074,-4.1148397309375175,-3.6796427651577615,-1.925935618093105,1.3413987342605571,-0.0995517511654577,3.963735392106942,-0.4447510661004394,1.3223569690262462
67.0,129.0,129.88369750976562,-0.0374471514184957,2.6830290313127803,-4.114093649499316,-3.679834210451842,-1.924097479454128,1.3403730799535918,-0.0989693227775162,3.9646815998637,-0.4441470635204132,1.3235251103658887
67.0,129.0,129.88369750976562,-0.0382710782515905,2.682893249029939,-4.115279657961465,-3.6792257495786993,-1.924598940320268,1.340114582927606,-0.0982937747407807,3.963413311773425,-0.4438361054294831,1.3238186492275428
67.0,129.0,129.8837127685547,-0.0394954936172463,2.6825188067322765,-4.115058265340832,-3.681510634642686,-1.9228880618401816,1.3399492690560406,-0.1000011100859549,3.96471291422232,-0.442861539657224,1.321143834184915
67.0,129.0,129.88369750976562,-0.0386743878574695,2.682514171969066,-4.114506661615946,-3.679438333994672,-1.9243521442453364,1.339783745789752,-0.0992489063510318,3.963839175972056,-0.4434921678817331,1.3240327725928551
67.0,129.0,129.8837127685547,-0.0381877718237811,2.681269931177165,-4.115189659054024,-3.682085768835373,-1.9230510096111444,1.3398880451910875,-0.1009314762252844,3.963350996410638,-0.4439422476527043,1.324298345464992
67.0,129.0,129.88369750976562,-0.038409736125438,2.683223324443615,-4.114847609240932,-3.679415568245977,-1.9254956460903945,1.339956890140793,-0.0993767820110977,3.96545346379171,-0.4440833734044859,1.3235641918682983
67.0,129.0,129.8837127685547,-0.0381328019135585,2.6843326087515296,-4.1158076832592405,-3.677663573512685,-1.9246571519067115,1.3399667605667585,-0.1003988303632348,3.962898718619855,-0.4420186213820374,1.3237076275845006
67.0,129.0,129.8837127685547,-0.0365358024724783,2.6818681070312835,-4.112865976977184,-3.679602687252389,-1.924349351054988,1.3402820676057443,-0.1018320141376777,3.9651600061539054,-0.4432204102345752,1.3243243450746875
67.0,129.0,129.88369750976562,-0.0383216637770437,2.6825741157856324,-4.114967170153109,-3.6780063208760607,-1.924454085840296,1.3404595116488414,-0.099584917212826,3.9638032536282113,-0.4437830930453497,1.3237113962040006
67.0,129.0,129.88369750976562,-0.0379767604336877,2.680744641094622,-4.114477853527157,-3.6801701846835897,-1.924400799866619,1.3404674448137248,-0.0999418297218291,3.9646977554076215,-0.4444012423801128,1.3236911002911962
67.0,129.0,129.8837127685547,-0.0394642453231005,2.6822165907899134,-4.114074645352336,-3.6799137978066345,-1.9238931671670203,1.3420153525299825,-0.0998143531951303,3.9629751126011934,-0.4443550203742832,1.3235550677799133
67.0,129.0,129.88369750976562,-0.0383148729229902,2.6832796999404445,-4.116294179060572,-3.6793979513078847,-1.9250865185851764,1.340689295518906,-0.0983386555168854,3.963023765613142,-0.4436402091529069,1.323783064095721
67.0,129.0,129.88369750976562,-0.0379627504806742,2.6821752792535305,-4.115112653936806,-3.679108163981376,-1.9271989799946387,1.3404670547282131,-0.0989285936155462,3.963762776092248,-0.4436037889685726,1.3234545198064809
67.0,129.0,129.88369750976562,-0.0392187524807247,2.683054261908589,-4.114922136147859,-3.6795777604845856,-1.925288325593142,1.3412020927009516,-0.0999221139832497,3.9638507441902,-0.4441360716815598,1.3240769948011513
67.0,129.0,129.88369750976562,-0.0383849644671473,2.6829565493324656,-4.1152425670406885,-3.679085536259625,-1.9245625020625792,1.3398362901102925,-0.0989136901687004,3.964908554644228,-0.4445902552466633,1.3237140521602766
67.0,129.0,129.88369750976562,-0.0381150873514049,2.682542042709517,-4.114430642239843,-3.678878579382245,-1.9244999050184943,1.3406975087022637,-0.0999938618507068,3.963198803446204,-0.4438787615061223,1.3237429493033557
67.0,129.0,129.8837127685547,-0.0393439610213545,2.6830619422745308,-4.114604043222708,-3.680368689308013,-1.9229080885171144,1.340185094365083,-0.099360564882717,3.963476834582344,-0.4430568216979387,1.320904571426344
67.0,129.0,129.88369750976562,-0.0370319986549597,2.682141311654721,-4.11568919640137,-3.679601765843594,-1.9250876999733395,1.3398228311447469,-0.1004837490685165,3.964237534852891,-0.442657322459007,1.323574800022745
67.0,129.0,129.88369750976562,-0.0370807272260081,2.68264859514898,-4.115168223632826,-3.678252415128613,-1.9239598296335736,1.3405486072531194,-0.098422161926668,3.964345449074509,-0.4430919035377933,1.32368118639016
67.0,129.0,129.8837127685547,-0.0371175704728505,2.6812182813530163,-4.114826148555521,-3.6814360671443898,-1.9272192972100608,1.3392384010451557,-0.0975537949860169,3.963685680076699,-0.4423936017161028,1.3207502023375437
67.0,129.0,129.88369750976562,-0.0375504977495809,2.682280533818246,-4.115233018272244,-3.679761393898062,-1.925012808213688,1.3408448440508045,-0.0991535257406458,3.963799535448471,-0.4426996479812786,1.32341862225405
67.0,129.0,129.8837127685547,-0.0353928620126881,2.684844982485186,-4.114734682919397,-3.6814192467957407,-1.9241976470811808,1.3403668723367224,-0.1000266563011459,3.964715904633412,-0.4442067176368913,1.324261404745758
67.0,129.0,129.88369750976562,-0.0375050067521598,2.682394795215691,-4.114718372567042,-3.678092981168621,-1.9258440914610253,1.3400083563894525,-0.099182553119151,3.966016159885976,-0.4438312502809411,1.3218137438897066
67.0,129.0,129.88369750976562,-0.0385790505121479,2.6829151465589978,-4.114800802167872,-3.680258446862143,-1.924409893497719,1.340273682270729,-0.0988903953142273,3.964274155720028,-0.443693939368691,1.324358976709781
67.0,129.0,129.8837127685547,-0.040081021944508,2.682819963051315,-4.11573450425536,-3.678341426705801,-1.924630774856719,1.34016865119305,-0.0990628554863062,3.961913568924301,-0.4445842110298229,1.3246566623141085
67.0,129.0,129.8837127685547,-0.0383611265626394,2.683226787712788,-4.116181104027769,-3.679021207901581,-1.9237223788072124,1.3396867159900254,-0.0994498436116677,3.962246969983919,-0.4437140811166807,1.3235120612787594
67.0,129.0,129.88369750976562,-0.0379024272348933,2.681548237319513,-4.1147750510204935,-3.679808883893499,-1.9248620463978097,1.3398379650494014,-0.0992112748296654,3.963017815678836,-0.4424179299426491,1.3233375186841294
67.0,129.0,129.88369750976562,-0.0386119900478477,2.682502921158186,-4.115330536104988,-3.67922120648243,-1.924454899099244,1.3398214621333258,-0.0993185791376466,3.963886887649888,-0.4432911272000954,1.323338099550023
67.0,129.0,129.88369750976562,-0.0382477403859779,2.68273101332882,-4.115921932644253,-3.677978964649831,-1.924749009834854,1.3417441945558162,-0.0989616560098664,3.9650317801400976,-0.4436610931860999,1.3237025486479133
67.0,129.0,129.8837127685547,-0.0364560768668281,2.682721714580719,-4.114610761576856,-3.678669844667728,-1.923656373058044,1.34280432953933,-0.0980165365981388,3.961914111739603,-0.443794010845197,1.3223327511473926
67.0,129.0,129.88369750976562,-0.0368682580867013,2.6829220535883818,-4.115330151241876,-3.6800847775118006,-1.924143475813016,1.3403634962947215,-0.0977891263415146,3.964305456688996,-0.4434524361281761,1.323232495747224
67.0,129.0,129.88369750976562,-0.0385555590400413,2.682332051900679,-4.11561887003485,-3.678886500882304,-1.9246899936591084,1.339812599810698,-0.0990985889591814,3.964719517917539,-0.4435134565679196,1.3239478618172835
67.0,129.0,129.88369750976562,-0.0362685215543273,2.6824785535414897,-4.115228802300194,-3.679666890710486,-1.924817154336768,1.3397913112986377,-0.0984104785689082,3.965220519508229,-0.4431274438343454,1.3229101875008091
67.0,129.0,129.88369750976562,-0.0375539125029723,2.683178260371717,-4.114369649219112,-3.679430716965344,-1.9246000535494767,1.3402022966892828,-0.0991060381317665,3.964045450719317,-0.4435850165156397,1.3232991003993002
67.0,129.0,129.8837127685547,-0.0377462765827165,2.682754760261481,-4.116597352360581,-3.6779847629580704,-1.9229277577136537,1.3396366035122156,-0.099180540659422,3.9640289350007456,-0.4424196705885159,1.322401396617004
67.0,129.0,129.8837127685547,-0.0384557015208323,2.682627415337113,-4.1123587635104615,-3.680209406948144,-1.9237014243757844,1.34270171189778,-0.0991206517234278,3.9639897608437753,-0.4421421290146739,1.3241146792666707
67.0,129.0,129.88369750976562,-0.0391015901040685,2.6832066369908216,-4.11469770047713,-3.680059309122311,-1.9260168474946973,1.3411719572718803,-0.0990887163406583,3.963894911594921,-0.4433537251091182,1.3222977704533132
67.0,129.0,129.88369750976562,-0.0371238674580442,2.6828863163114574,-4.116450644235016,-3.678852193219088,-1.9245006772364748,1.340853961483298,-0.1003745299408251,3.96483297132265,-0.4438758320633198,1.32253467512871
67.0,129.0,129.88369750976562,-0.0387529514039979,2.682332987600346,-4.114907536737543,-3.6795098013530296,-1.9263257462158496,1.3407473142017434,-0.0999818312495976,3.964815872089346,-0.4437279455012012,1.3221885533632094
67.0,129.0,129.88369750976562,-0.0385026246801999,2.681902136710416,-4.116577281202409,-3.680540846948508,-1.92433206385908,1.3402460540770993,-0.099126385258616,3.9633692913641982,-0.4437405342625667,1.3232985721522927
67.0,130.0,129.8837127685547,-0.0410699955461876,2.682615507496506,-4.114835259838518,-3.6779582796373433,-1.9260988828092271,1.3409769554833308,-0.0997314706898726,3.963451229424613,-0.445619098497478,1.323987936238162
67.0,130.0,129.88369750976562,-0.0386144815276365,2.682602177420531,-4.114692785083619,-3.6782825809630206,-1.925857278402108,1.3408475275948784,-0.0997619686173913,3.964034353113425,-0.4420803106852294,1.323383683790692
67.0,130.0,129.88369750976562,-0.0384255196221009,2.6828457518910365,-4.115229419906435,-3.678280070499364,-1.9241863635424368,1.340197132733122,-0.0989346872452995,3.965045366748188,-0.4436973324717846,1.3237061726352286
67.0,130.0,129.8837127685547,-0.0383018451630346,2.6825657222281154,-4.115490430001167,-3.682651472125516,-1.9231239052756093,1.340025079312943,-0.0984281458914428,3.964438100958562,-0.44245859712267,1.3243555689868682
67.0,130.0,129.8837127685547,-0.0369420673134079,2.682156759462516,-4.115233968800888,-3.681118528744986,-1.9241912649120807,1.3404944879605267,-0.1019006897305594,3.9629366710841913,-0.4428053176321996,1.3204831572845384
67.0,130.0,129.88369750976562,-0.0384394284723971,2.682975909148543,-4.114785849651962,-3.679239009035948,-1.9244454601702328,1.3399968271028857,-0.0992974966139006,3.9634126109169294,-0.4438348749963561,1.323728487499586
67.0,130.0,129.88369750976562,-0.0375151009923383,2.6815405326175563,-4.11492126820321,-3.678696413336605,-1.9248538354858755,1.3399425126041962,-0.0987835979778907,3.963714046279793,-0.4446811609730565,1.323395357397754
67.0,130.0,129.88369750976562,-0.0377454066103169,2.6825043046280004,-4.114788089707397,-3.679652743106941,-1.9244710726958925,1.340134709603629,-0.1004671214614538,3.9636188560680137,-0.4424447477359667,1.3231665976907154
67.0,130.0,129.8837127685547,-0.0362652747973755,2.6823901769844523,-4.116293217939296,-3.6782962831329993,-1.928995849366236,1.3427363674667676,-0.0986275656262325,3.964030074260883,-0.444997731679174,1.3229369289227255
67.0,130.0,129.88369750976562,-0.0383554438796345,2.6837078456050074,-4.1148397309375175,-3.6796427651577615,-1.925935618093105,1.3413987342605571,-0.0995517511654577,3.963735392106942,-0.4447510661004394,1.3223569690262462
67.0,130.0,129.88369750976562,-0.0374471514184957,2.6830290313127803,-4.114093649499316,-3.679834210451842,-1.924097479454128,1.3403730799535918,-0.0989693227775162,3.9646815998637,-0.4441470635204132,1.3235251103658887
67.0,130.0,129.88369750976562,-0.0382710782515905,2.682893249029939,-4.115279657961465,-3.6792257495786993,-1.924598940320268,1.340114582927606,-0.0982937747407807,3.963413311773425,-0.4438361054294831,1.3238186492275428
67.0,130.0,129.8837127685547,-0.0394954936172463,2.6825188067322765,-4.115058265340832,-3.681510634642686,-1.9228880618401816,1.3399492690560406,-0.1000011100859549,3.96471291422232,-0.442861539657224,1.321143834184915
67.0,130.0,129.88369750976562,-0.0386743878574695,2.682514171969066,-4.114506661615946,-3.679438333994672,-1.9243521442453364,1.339783745789752,-0.0992489063510318,3.963839175972056,-0.4434921678817331,1.3240327725928551
67.0,130.0,129.8837127685547,-0.0381877718237811,2.681269931177165,-4.115189659054024,-3.682085768835373,-1.9230510096111444,1.3398880451910875,-0.1009314762252844,3.963350996410638,-0.4439422476527043,1.324298345464992
67.0,130.0,129.88369750976562,-0.038409736125438,2.683223324443615,-4.114847609240932,-3.679415568245977,-1.9254956460903945,1.339956890140793,-0.0993767820110977,3.96545346379171,-0.4440833734044859,1.3235641918682983
67.0,130.0,129.8837127685547,-0.0381328019135585,2.6843326087515296,-4.1158076832592405,-3.677663573512685,-1.9246571519067115,1.3399667605667585,-0.1003988303632348,3.962898718619855,-0.4420186213820374,1.3237076275845006
67.0,130.0,129.8837127685547,-0.0365358024724783,2.6818681070312835,-4.112865976977184,-3.679602687252389,-1.924349351054988,1.3402820676057443,-0.1018320141376777,3.9651600061539054,-0.4432204102345752,1.3243243450746875
67.0,130.0,129.88369750976562,-0.0383216637770437,2.6825741157856324,-4.114967170153109,-3.6780063208760607,-1.924454085840296,1.3404595116488414,-0.099584917212826,3.9638032536282113,-0.4437830930453497,1.3237113962040006
67.0,130.0,129.88369750976562,-0.0379767604336877,2.680744641094622,-4.114477853527157,-3.6801701846835897,-1.924400799866619,1.3404674448137248,-0.0999418297218291,3.9646977554076215,-0.4444012423801128,1.3236911002911962
67.0,130.0,129.8837127685547,-0.0394642453231005,2.6822165907899134,-4.114074645352336,-3.6799137978066345,-1.9238931671670203,1.3420153525299825,-0.0998143531951303,3.9629751126011934,-0.4443550203742832,1.3235550677799133
67.0,130.0,129.88369750976562,-0.0383148729229902,2.6832796999404445,-4.116294179060572,-3.6793979513078847,-1.9250865185851764,1.340689295518906,-0.0983386555168854,3.963023765613142,-0.4436402091529069,1.323783064095721
67.0,130.0,129.88369750976562,-0.0379627504806742,2.6821752792535305,-4.115112653936806,-3.679108163981376,-1.9271989799946387,1.3404670547282131,-0.0989285936155462,3.963762776092248,-0.4436037889685726,1.3234545198064809
67.0,130.0,129.88369750976562,-0.0392187524807247,2.683054261908589,-4.114922136147859,-3.6795777604845856,-1.925288325593142,1.3412020927009516,-0.0999221139832497,3.9638507441902,-0.4441360716815598,1.3240769948011513
67.0,130.0,129.88369750976562,-0.0383849644671473,2.6829565493324656,-4.1152425670406885,-3.679085536259625,-1.9245625020625792,1.3398362901102925,-0.0989136901687004,3.964908554644228,-0.4445902552466633,1.3237140521602766
67.0,130.0,129.88369750976562,-0.0381150873514049,2.682542042709517,-4.114430642239843,-3.678878579382245,-1.9244999050184943,1.3406975087022637,-0.0999938618507068,3.963198803446204,-0.4438787615061223,1.3237429493033557
67.0,130.0,129.8837127685547,-0.0393439610213545,2.6830619422745308,-4.114604043222708,-3.680368689308013,-1.9229080885171144,1.340185094365083,-0.099360564882717,3.963476834582344,-0.4430568216979387,1.320904571426344
67.0,130.0,129.88369750976562,-0.0370319986549597,2.682141311654721,-4.11568919640137,-3.679601765843594,-1.9250876999733395,1.3398228311447469,-0.1004837490685165,3.964237534852891,-0.442657322459007,1.323574800022745
67.0,130.0,129.88369750976562,-0.0370807272260081,2.68264859514898,-4.115168223632826,-3.678252415128613,-1.9239598296335736,1.3405486072531194,-0.098422161926668,3.964345449074509,-0.4430919035377933,1.32368118639016
67.0,130.0,129.8837127685547,-0.0371175704728505,2.6812182813530163,-4.114826148555521,-3.6814360671443898,-1.9272192972100608,1.3392384010451557,-0.0975537949860169,3.963685680076699,-0.4423936017161028,1.3207502023375437
67.0,130.0,129.88369750976562,-0.0375504977495809,2.682280533818246,-4.115233018272244,-3.679761393898062,-1.925012808213688,1.3408448440508045,-0.0991535257406458,3.963799535448471,-0.4426996479812786,1.32341862225405
67.0,130.0,129.8837127685547,-0.0353928620126881,2.684844982485186,-4.114734682919397,-3.6814192467957407,-1.9241976470811808,1.3403668723367224,-0.1000266563011459,3.964715904633412,-0.4442067176368913,1.324261404745758
67.0,130.0,129.88369750976562,-0.0375050067521598,2.682394795215691,-4.114718372567042,-3.678092981168621,-1.9258440914610253,1.3400083563894525,-0.099182553119151,3.966016159885976,-0.4438312502809411,1.3218137438897066
67.0,130.0,129.88369750976562,-0.0385790505121479,2.6829151465589978,-4.114800802167872,-3.680258446862143,-1.924409893497719,1.340273682270729,-0.0988903953142273,3.964274155720028,-0.443693939368691,1.324358976709781
67.0,130.0,129.8837127685547,-0.040081021944508,2.682819963051315,-4.11573450425536,-3.678341426705801,-1.924630774856719,1.34016865119305,-0.0990628554863062,3.961913568924301,-0.4445842110298229,1.3246566623141085
67.0,130.0,129.8837127685547,-0.0383611265626394,2.683226787712788,-4.116181104027769,-3.679021207901581,-1.9237223788072124,1.3396867159900254,-0.0994498436116677,3.962246969983919,-0.4437140811166807,1.3235120612787594
67.0,130.0,129.88369750976562,-0.0379024272348933,2.681548237319513,-4.1147750510204935,-3.679808883893499,-1.9248620463978097,1.3398379650494014,-0.0992112748296654,3.963017815678836,-0.4424179299426491,1.3233375186841294
67.0,130.0,129.88369750976562,-0.0386119900478477,2.682502921158186,-4.115330536104988,-3.67922120648243,-1.924454899099244,1.3398214621333258,-0.0993185791376466,3.963886887649888,-0.4432911272000954,1.323338099550023
67.0,130.0,129.88369750976562,-0.0382477403859779,2.68273101332882,-4.115921932644253,-3.677978964649831,-1.924749009834854,1.3417441945558162,-0.0989616560098664,3.9650317801400976,-0.4436610931860999,1.3237025486479133
67.0,130.0,129.8837127685547,-0.0364560768668281,2.682721714580719,-4.114610761576856,-3.678669844667728,-1.923656373058044,1.34280432953933,-0.0980165365981388,3.961914111739603,-0.443794010845197,1.3223327511473926
67.0,130.0,129.88369750976562,-0.0368682580867013,2.6829220535883818,-4.115330151241876,-3.6800847775118006,-1.924143475813016,1.3403634962947215,-0.0977891263415146,3.964305456688996,-0.4434524361281761,1.323232495747224
67.0,130.0,129.88369750976562,-0.0385555590400413,2.682332051900679,-4.11561887003485,-3.678886500882304,-1.9246899936591084,1.339812599810698,-0.0990985889591814,3.964719517917539,-0.4435134565679196,1.3239478618172835
67.0,130.0,129.88369750976562,-0.0362685215543273,2.6824785535414897,-4.115228802300194,-3.679666890710486,-1.924817154336768,1.3397913112986377,-0.0984104785689082,3.965220519508229,-0.4431274438343454,1.3229101875008091
67.0,130.0,129.88369750976562,-0.0375539125029723,2.683178260371717,-4.114369649219112,-3.679430716965344,-1.9246000535494767,1.3402022966892828,-0.0991060381317665,3.964045450719317,-0.4435850165156397,1.3232991003993002
67.0,130.0,129.8837127685547,-0.0377462765827165,2.682754760261481,-4.116597352360581,-3.6779847629580704,-1.9229277577136537,1.3396366035122156,-0.099180540659422,3.9640289350007456,-0.4424196705885159,1.322401396617004
67.0,130.0,129.8837127685547,-0.0384557015208323,2.682627415337113,-4.1123587635104615,-3.680209406948144,-1.9237014243757844,1.34270171189778,-0.0991206517234278,3.9639897608437753,-0.4421421290146739,1.3241146792666707
67.0,130.0,129.88369750976562,-0.0391015901040685,2.6832066369908216,-4.11469770047713,-3.680059309122311,-1.9260168474946973,1.3411719572718803,-0.0990887163406583,3.963894911594921,-0.4433537251091182,1.3222977704533132
67.0,130.0,129.88369750976562,-0.0371238674580442,2.6828863163114574,-4.116450644235016,-3.678852193219088,-1.9245006772364748,1.340853961483298,-0.1003745299408251,3.96483297132265,-0.4438758320633198,1.32253467512871
67.0,130.0,129.88369750976562,-0.0387529514039979,2.682332987600346,-4.114907536737543,-3.6795098013530296,-1.9263257462158496,1.3407473142017434,-0.0999818312495976,3.964815872089346,-0.4437279455012012,1.3221885533632094
67.0,130.0,129.88369750976562,-0.0385026246801999,2.681902136710416,-4.116577281202409,-3.680540846948508,-1.92433206385908,1.3402460540770993,-0.099126385258616,3.9633692913641982,-0.4437405342625667,1.3232985721522927
67.0,131.0,129.8837127685547,-0.0410699955461876,2.682615507496506,-4.114835259838518,-3.6779582796373433,-1.9260988828092271,1.3409769554833308,-0.0997314706898726,3.963451229424613,-0.445619098497478,1.323987936238162
67.0,131.0,129.88369750976562,-0.0386144815276365,2.682602177420531,-4.114692785083619,-3.6782825809630206,-1.925857278402108,1.3408475275948784,-0.0997619686173913,3.964034353113425,-0.4420803106852294,1.323383683790692
67.0,131.0,129.88369750976562,-0.0384255196221009,2.6828457518910365,-4.115229419906435,-3.678280070499364,-1.9241863635424368,1.340197132733122,-0.0989346872452995,3.965045366748188,-0.4436973324717846,1.3237061726352286
67.0,131.0,129.8837127685547,-0.0383018451630346,2.6825657222281154,-4.115490430001167,-3.682651472125516,-1.9231239052756093,1.340025079312943,-0.0984281458914428,3.964438100958562,-0.44245859712267,1.3243555689868682
67.0,131.0,129.8837127685547,-0.0369420673134079,2.682156759462516,-4.115233968800888,-3.681118528744986,-1.9241912649120807,1.3404944879605267,-0.1019006897305594,3.9629366710841913,-0.4428053176321996,1.3204831572845384
67.0,131.0,129.88369750976562,-0.0384394284723971,2.682975909148543,-4.114785849651962,-3.679239009035948,-1.9244454601702328,1.3399968271028857,-0.0992974966139006,3.9634126109169294,-0.4438348749963561,1.323728487499586
67.0,131.0,129.88369750976562,-0.0375151009923383,2.6815405326175563,-4.11492126820321,-3.678696413336605,-1.9248538354858755,1.3399425126041962,-0.0987835979778907,3.963714046279793,-0.4446811609730565,1.323395357397754
67.0,131.0,129.88369750976562,-0.0377454066103169,2.6825043046280004,-4.114788089707397,-3.679652743106941,-1.9244710726958925,1.340134709603629,-0.1004671214614538,3.9636188560680137,-0.4424447477359667,1.3231665976907154
67.0,131.0,129.8837127685547,-0.0362652747973755,2.6823901769844523,-4.116293217939296,-3.6782962831329993,-1.928995849366236,1.3427363674667676,-0.0986275656262325,3.964030074260883,-0.444997731679174,1.3229369289227255
67.0,131.0,129.88369750976562,-0.0383554438796345,2.6837078456050074,-4.1148397309375175,-3.6796427651577615,-1.925935618093105,1.3413987342605571,-0.0995517511654577,3.963735392106942,-0.4447510661004394,1.3223569690262462
67.0,131.0,129.88369750976562,-0.0374471514184957,2.6830290313127803,-4.114093649499316,-3.679834210451842,-1.924097479454128,1.3403730799535918,-0.0989693227775162,3.9646815998637,-0.4441470635204132,1.3235251103658887
67.0,131.0,129.88369750976562,-0.0382710782515905,2.682893249029939,-4.115279657961465,-3.6792257495786993,-1.924598940320268,1.340114582927606,-0.0982937747407807,3.963413311773425,-0.4438361054294831,1.3238186492275428
67.0,131.0,129.8837127685547,-0.0394954936172463,2.6825188067322765,-4.115058265340832,-3.681510634642686,-1.9228880618401816,1.3399492690560406,-0.1000011100859549,3.96471291422232,-0.442861539657224,1.321143834184915
67.0,131.0,129.88369750976562,-0.0386743878574695,2.682514171969066,-4.114506661615946,-3.679438333994672,-1.9243521442453364,1.339783745789752,-0.0992489063510318,3.963839175972056,-0.4434921678817331,1.3240327725928551
67.0,131.0,129.8837127685547,-0.0381877718237811,2.681269931177165,-4.115189659054024,-3.682085768835373,-1.9230510096111444,1.3398880451910875,-0.1009314762252844,3.963350996410638,-0.4439422476527043,1.324298345464992
67.0,131.0,129.88369750976562,-0.038409736125438,2.683223324443615,-4.114847609240932,-3.679415568245977,-1.9254956460903945,1.339956890140793,-0.0993767820110977,3.96545346379171,-0.4440833734044859,1.3235641918682983
67.0,131.0,129.8837127685547,-0.0381328019135585,2.6843326087515296,-4.1158076832592405,-3.677663573512685,-1.9246571519067115,1.3399667605667585,-0.1003988303632348,3.962898718619855,-0.4420186213820374,1.3237076275845006
67.0,131.0,129.8837127685547,-0.0365358024724783,2.6818681070312835,-4.112865976977184,-3.679602687252389,-1.924349351054988,1.3402820676057443,-0.1018320141376777,3.9651600061539054,-0.4432204102345752,1.3243243450746875
67.0,131.0,129.88369750976562,-0.0383216637770437,2.6825741157856324,-4.114967170153109,-3.6780063208760607,-1.924454085840296,1.3404595116488414,-0.099584917212826,3.9638032536282113,-0.4437830930453497,1.3237113962040006
67.0,131.0,129.88369750976562,-0.0379767604336877,2.680744641094622,-4.114477853527157,-3.6801701846835897,-1.924400799866619,1.3404674448137248,-0.0999418297218291,3.9646977554076215,-0.4444012423801128,1.3236911002911962
67.0,131.0,129.8837127685547,-0.0394642453231005,2.6822165907899134,-4.114074645352336,-3.6799137978066345,-1.9238931671670203,1.3420153525299825,-0.0998143531951303,3.9629751126011934,-0.4443550203742832,1.3235550677799133
67.0,131.0,129.88369750976562,-0.0383148729229902,2.6832796999404445,-4.116294179060572,-3.6793979513078847,-1.9250865185851764,1.340689295518906,-0.0983386555168854,3.963023765613142,-0.4436402091529069,1.323783064095721
67.0,131.0,129.88369750976562,-0.0379627504806742,2.6821752792535305,-4.115112653936806,-3.679108163981376,-1.9271989799946387,1.3404670547282131,-0.0989285936155462,3.963762776092248,-0.4436037889685726,1.3234545198064809
67.0,131.0,129.88369750976562,-0.0392187524807247,2.683054261908589,-4.114922136147859,-3.6795777604845856,-1.925288325593142,1.3412020927009516,-0.0999221139832497,3.9638507441902,-0.4441360716815598,1.3240769948011513
67.0,131.0,129.88369750976562,-0.0383849644671473,2.6829565493324656,-4.1152425670406885,-3.679085536259625,-1.9245625020625792,1.3398362901102925,-0.0989136901687004,3.964908554644228,-0.4445902552466633,1.3237140521602766
67.0,131.0,129.88369750976562,-0.0381150873514049,2.682542042709517,-4.114430642239843,-3.678878579382245,-1.9244999050184943,1.3406975087022637,-0.0999938618507068,3.963198803446204,-0.4438787615061223,1.3237429493033557
67.0,131.0,129.8837127685547,-0.0393439610213545,2.6830619422745308,-4.114604043222708,-3.680368689308013,-1.9229080885171144,1.340185094365083,-0.099360564882717,3.963476834582344,-0.4430568216979387,1.320904571426344
67.0,131.0,129.88369750976562,-0.0370319986549597,2.682141311654721,-4.11568919640137,-3.679601765843594,-1.9250876999733395,1.3398228311447469,-0.1004837490685165,3.964237534852891,-0.442657322459007,1.323574800022745
67.0,131.0,129.88369750976562,-0.0370807272260081,2.68264859514898,-4.115168223632826,-3.678252415128613,-1.9239598296335736,1.3405486072531194,-0.098422161926668,3.964345449074509,-0.4430919035377933,1.32368118639016
67.0,131.0,129.8837127685547,-0.0371175704728505,2.6812182813530163,-4.114826148555521,-3.6814360671443898,-1.9272192972100608,1.3392384010451557,-0.0975537949860169,3.963685680076699,-0.4423936017161028,1.3207502023375437
67.0,131.0,129.88369750976562,-0.0375504977495809,2.682280533818246,-4.115233018272244,-3.679761393898062,-1.925012808213688,1.3408448440508045,-0.0991535257406458,3.963799535448471,-0.4426996479812786,1.32341862225405
67.0,131.0,129.8837127685547,-0.0353928620126881,2.684844982485186,-4.114734682919397,-3.6814192467957407,-1.9241976470811808,1.3403668723367224,-0.1000266563011459,3.964715904633412,-0.4442067176368913,1.324261404745758
67.0,131.0,129.88369750976562,-0.0375050067521598,2.682394795215691,-4.114718372567042,-3.678092981168621,-1.9258440914610253,1.3400083563894525,-0.099182553119151,3.966016159885976,-0.4438312502809411,1.3218137438897066
67.0,131.0,129.88369750976562,-0.0385790505121479,2.6829151465589978,-4.114800802167872,-3.680258446862143,-1.924409893497719,1.340273682270729,-0.0988903953142273,3.964274155720028,-0.443693939368691,1.324358976709781
67.0,131.0,129.8837127685547,-0.040081021944508,2.682819963051315,-4.11573450425536,-3.678341426705801,-1.924630774856719,1.34016865119305,-0.0990628554863062,3.961913568924301,-0.4445842110298229,1.3246566623141085
67.0,131.0,129.8837127685547,-0.0383611265626394,2.683226787712788,-4.116181104027769,-3.679021207901581,-1.9237223788072124,1.3396867159900254,-0.0994498436116677,3.962246969983919,-0.4437140811166807,1.3235120612787594
67.0,131.0,129.88369750976562,-0.0379024272348933,2.681548237319513,-4.1147750510204935,-3.679808883893499,-1.9248620463978097,1.3398379650494014,-0.0992112748296654,3.963017815678836,-0.4424179299426491,1.3233375186841294
67.0,131.0,129.88369750976562,-0.0386119900478477,2.682502921158186,-4.115330536104988,-3.67922120648243,-1.924454899099244,1.3398214621333258,-0.0993185791376466,3.963886887649888,-0.4432911272000954,1.323338099550023
67.0,131.0,129.88369750976562,-0.0382477403859779,2.68273101332882,-4.115921932644253,-3.677978964649831,-1.924749009834854,1.3417441945558162,-0.0989616560098664,3.9650317801400976,-0.4436610931860999,1.3237025486479133
67.0,131.0,129.8837127685547,-0.0364560768668281,2.682721714580719,-4.114610761576856,-3.678669844667728,-1.923656373058044,1.34280432953933,-0.0980165365981388,3.961914111739603,-0.443794010845197,1.3223327511473926
67.0,131.0,129.88369750976562,-0.0368682580867013,2.6829220535883818,-4.115330151241876,-3.6800847775118006,-1.924143475813016,1.3403634962947215,-0.0977891263415146,3.964305456688996,-0.4434524361281761,1.323232495747224
67.0,131.0,129.88369750976562,-0.0385555590400413,2.682332051900679,-4.11561887003485,-3.678886500882304,-1.9246899936591084,1.339812599810698,-0.0990985889591814,3.964719517917539,-0.4435134565679196,1.3239478618172835
67.0,131.0,129.88369750976562,-0.0362685215543273,2.6824785535414897,-4.115228802300194,-3.679666890710486,-1.924817154336768,1.3397913112986377,-0.0984104785689082,3.965220519508229,-0.4431274438343454,1.3229101875008091
67.0,131.0,129.88369750976562,-0.0375539125029723,2.683178260371717,-4.114369649219112,-3.679430716965344,-1.9246000535494767,1.3402022966892828,-0.0991060381317665,3.964045450719317,-0.4435850165156397,1.3232991003993002
67.0,131.0,129.8837127685547,-0.0377462765827165,2.682754760261481,-4.116597352360581,-3.6779847629580704,-1.9229277577136537,1.3396366035122156,-0.099180540659422,3.9640289350007456,-0.4424196705885159,1.322401396617004
67.0,131.0,129.8837127685547,-0.0384557015208323,2.682627415337113,-4.1123587635104615,-3.680209406948144,-1.9237014243757844,1.34270171189778,-0.0991206517234278,3.9639897608437753,-0.4421421290146739,1.3241146792666707
67.0,131.0,129.88369750976562,-0.0391015901040685,2.6832066369908216,-4.11469770047713,-3.680059309122311,-1.9260168474946973,1.3411719572718803,-0.0990887163406583,3.963894911594921,-0.4433537251091182,1.3222977704533132
67.0,131.0,129.88369750976562,-0.0371238674580442,2.6828863163114574,-4.116450644235016,-3.678852193219088,-1.9245006772364748,1.340853961483298,-0.1003745299408251,3.96483297132265,-0.4438758320633198,1.32253467512871
67.0,131.0,129.88369750976562,-0.0387529514039979,2.682332987600346,-4.114907536737543,-3.6795098013530296,-1.9263257462158496,1.3407473142017434,-0.0999818312495976,3.964815872089346,-0.4437279455012012,1.3221885533632094
67.0,131.0,129.88369750976562,-0.0385026246801999,2.681902136710416,-4.116577281202409,-3.680540846948508,-1.92433206385908,1.3402460540770993,-0.099126385258616,3.9633692913641982,-0.4437405342625667,1.3232985721522927
67.0,132.0,129.8837127685547,-0.0410699955461876,2.682615507496506,-4.114835259838518,-3.6779582796373433,-1.9260988828092271,1.3409769554833308,-0.0997314706898726,3.963451229424613,-0.445619098497478,1.323987936238162
67.0,132.0,129.88369750976562,-0.0386144815276365,2.682602177420531,-4.114692785083619,-3.6782825809630206,-1.925857278402108,1.3408475275948784,-0.0997619686173913,3.964034353113425,-0.4420803106852294,1.323383683790692
67.0,132.0,129.88369750976562,-0.0384255196221009,2.6828457518910365,-4.115229419906435,-3.678280070499364,-1.9241863635424368,1.340197132733122,-0.0989346872452995,3.965045366748188,-0.4436973324717846,1.3237061726352286
67.0,132.0,129.8837127685547,-0.0383018451630346,2.6825657222281154,-4.115490430001167,-3.682651472125516,-1.9231239052756093,1.340025079312943,-0.0984281458914428,3.964438100958562,-0.44245859712267,1.3243555689868682
67.0,132.0,129.8837127685547,-0.0369420673134079,2.682156759462516,-4.115233968800888,-3.681118528744986,-1.9241912649120807,1.3404944879605267,-0.1019006897305594,3.9629366710841913,-0.4428053176321996,1.3204831572845384
67.0,132.0,129.88369750976562,-0.0384394284723971,2.682975909148543,-4.114785849651962,-3.679239009035948,-1.9244454601702328,1.3399968271028857,-0.0992974966139006,3.9634126109169294,-0.4438348749963561,1.323728487499586
67.0,132.0,129.88369750976562,-0.0375151009923383,2.6815405326175563,-4.11492126820321,-3.678696413336605,-1.9248538354858755,1.3399425126041962,-0.0987835979778907,3.963714046279793,-0.4446811609730565,1.323395357397754
67.0,132.0,129.88369750976562,-0.0377454066103169,2.6825043046280004,-4.114788089707397,-3.679652743106941,-1.9244710726958925,1.340134709603629,-0.1004671214614538,3.9636188560680137,-0.4424447477359667,1.3231665976907154
67.0,132.0,129.8837127685547,-0.0362652747973755,2.6823901769844523,-4.116293217939296,-3.6782962831329993,-1.928995849366236,1.3427363674667676,-0.0986275656262325,3.964030074260883,-0.444997731679174,1.3229369289227255
67.0,132.0,129.88369750976562,-0.0383554438796345,2.6837078456050074,-4.1148397309375175,-3.6796427651577615,-1.925935618093105,1.3413987342605571,-0.0995517511654577,3.963735392106942,-0.4447510661004394,1.3223569690262462
67.0,132.0,129.88369750976562,-0.0374471514184957,2.6830290313127803,-4.114093649499316,-3.679834210451842,-1.924097479454128,1.3403730799535918,-0.0989693227775162,3.9646815998637,-0.4441470635204132,1.3235251103658887
67.0,132.0,129.88369750976562,-0.0382710782515905,2.682893249029939,-4.115279657961465,-3.6792257495786993,-1.924598940320268,1.340114582927606,-0.0982937747407807,3.963413311773425,-0.4438361054294831,1.3238186492275428
67.0,132.0,129.8837127685547,-0.0394954936172463,2.6825188067322765,-4.115058265340832,-3.681510634642686,-1.9228880618401816,1.3399492690560406,-0.1000011100859549,3.96471291422232,-0.442861539657224,1.321143834184915
67.0,132.0,129.88369750976562,-0.0386743878574695,2.682514171969066,-4.114506661615946,-3.679438333994672,-1.9243521442453364,1.339783745789752,-0.0992489063510318,3.963839175972056,-0.4434921678817331,1.3240327725928551
67.0,132.0,129.8837127685547,-0.0381877718237811,2.681269931177165,-4.115189659054024,-3.682085768835373,-1.9230510096111444,1.3398880451910875,-0.1009314762252844,3.963350996410638,-0.4439422476527043,1.324298345464992
67.0,132.0,129.88369750976562,-0.038409736125438,2.683223324443615,-4.114847609240932,-3.679415568245977,-1.9254956460903945,1.339956890140793,-0.0993767820110977,3.96545346379171,-0.4440833734044859,1.3235641918682983
67.0,132.0,129.8837127685547,-0.0381328019135585,2.6843326087515296,-4.1158076832592405,-3.677663573512685,-1.9246571519067115,1.3399667605667585,-0.1003988303632348,3.962898718619855,-0.4420186213820374,1.3237076275845006
67.0,132.0,129.8837127685547,-0.0365358024724783,2.6818681070312835,-4.112865976977184,-3.679602687252389,-1.924349351054988,1.3402820676057443,-0.1018320141376777,3.9651600061539054,-0.4432204102345752,1.3243243450746875
67.0,132.0,129.88369750976562,-0.0383216637770437,2.6825741157856324,-4.114967170153109,-3.6780063208760607,-1.924454085840296,1.3404595116488414,-0.099584917212826,3.9638032536282113,-0.4437830930453497,1.3237113962040006
67.0,132.0,129.88369750976562,-0.0379767604336877,2.680744641094622,-4.114477853527157,-3.6801701846835897,-1.924400799866619,1.3404674448137248,-0.0999418297218291,3.9646977554076215,-0.4444012423801128,1.3236911002911962
67.0,132.0,129.8837127685547,-0.0394642453231005,2.6822165907899134,-4.114074645352336,-3.6799137978066345,-1.9238931671670203,1.3420153525299825,-0.0998143531951303,3.9629751126011934,-0.4443550203742832,1.3235550677799133
67.0,132.0,129.88369750976562,-0.0383148729229902,2.6832796999404445,-4.116294179060572,-3.6793979513078847,-1.9250865185851764,1.340689295518906,-0.0983386555168854,3.963023765613142,-0.4436402091529069,1.323783064095721
67.0,132.0,129.88369750976562,-0.0379627504806742,2.6821752792535305,-4.115112653936806,-3.679108163981376,-1.9271989799946387,1.3404670547282131,-0.0989285936155462,3.963762776092248,-0.4436037889685726,1.3234545198064809
67.0,132.0,129.88369750976562,-0.0392187524807247,2.683054261908589,-4.114922136147859,-3.6795777604845856,-1.925288325593142,1.3412020927009516,-0.0999221139832497,3.9638507441902,-0.4441360716815598,1.3240769948011513
67.0,132.0,129.88369750976562,-0.0383849644671473,2.6829565493324656,-4.1152425670406885,-3.679085536259625,-1.9245625020625792,1.3398362901102925,-0.0989136901687004,3.964908554644228,-0.4445902552466633,1.3237140521602766
67.0,132.0,129.88369750976562,-0.0381150873514049,2.682542042709517,-4.114430642239843,-3.678878579382245,-1.9244999050184943,1.3406975087022637,-0.0999938618507068,3.963198803446204,-0.4438787615061223,1.3237429493033557
67.0,132.0,129.8837127685547,-0.0393439610213545,2.6830619422745308,-4.114604043222708,-3.680368689308013,-1.9229080885171144,1.340185094365083,-0.099360564882717,3.963476834582344,-0.4430568216979387,1.320904571426344
67.0,132.0,129.88369750976562,-0.0370319986549597,2.682141311654721,-4.11568919640137,-3.679601765843594,-1.9250876999733395,1.3398228311447469,-0.1004837490685165,3.964237534852891,-0.442657322459007,1.323574800022745
67.0,132.0,129.88369750976562,-0.0370807272260081,2.68264859514898,-4.115168223632826,-3.678252415128613,-1.9239598296335736,1.3405486072531194,-0.098422161926668,3.964345449074509,-0.4430919035377933,1.32368118639016
67.0,132.0,129.8837127685547,-0.0371175704728505,2.6812182813530163,-4.114826148555521,-3.6814360671443898,-1.9272192972100608,1.3392384010451557,-0.0975537949860169,3.963685680076699,-0.4423936017161028,1.3207502023375437
67.0,132.0,129.88369750976562,-0.0375504977495809,2.682280533818246,-4.115233018272244,-3.679761393898062,-1.925012808213688,1.3408448440508045,-0.0991535257406458,3.963799535448471,-0.4426996479812786,1.32341862225405
67.0,132.0,129.8837127685547,-0.0353928620126881,2.684844982485186,-4.114734682919397,-3.6814192467957407,-1.9241976470811808,1.3403668723367224,-0.1000266563011459,3.964715904633412,-0.4442067176368913,1.324261404745758
67.0,132.0,129.88369750976562,-0.0375050067521598,2.682394795215691,-4.114718372567042,-3.678092981168621,-1.9258440914610253,1.3400083563894525,-0.099182553119151,3.966016159885976,-0.4438312502809411,1.3218137438897066
67.0,132.0,129.88369750976562,-0.0385790505121479,2.6829151465589978,-4.114800802167872,-3.680258446862143,-1.924409893497719,1.340273682270729,-0.0988903953142273,3.964274155720028,-0.443693939368691,1.324358976709781
67.0,132.0,129.8837127685547,-0.040081021944508,2.682819963051315,-4.11573450425536,-3.678341426705801,-1.924630774856719,1.34016865119305,-0.0990628554863062,3.961913568924301,-0.4445842110298229,1.3246566623141085
67.0,132.0,129.8837127685547,-0.0383611265626394,2.683226787712788,-4.116181104027769,-3.679021207901581,-1.9237223788072124,1.3396867159900254,-0.0994498436116677,3.962246969983919,-0.4437140811166807,1.3235120612787594
67.0,132.0,129.88369750976562,-0.0379024272348933,2.681548237319513,-4.1147750510204935,-3.679808883893499,-1.9248620463978097,1.3398379650494014,-0.0992112748296654,3.963017815678836,-0.4424179299426491,1.3233375186841294
67.0,132.0,129.88369750976562,-0.0386119900478477,2.682502921158186,-4.115330536104988,-3.67922120648243,-1.924454899099244,1.3398214621333258,-0.0993185791376466,3.963886887649888,-0.4432911272000954,1.323338099550023
67.0,132.0,129.88369750976562,-0.0382477403859779,2.68273101332882,-4.115921932644253,-3.677978964649831,-1.924749009834854,1.3417441945558162,-0.0989616560098664,3.9650317801400976,-0.4436610931860999,1.3237025486479133
67.0,132.0,129.8837127685547,-0.0364560768668281,2.682721714580719,-4.114610761576856,-3.678669844667728,-1.923656373058044,1.34280432953933,-0.0980165365981388,3.961914111739603,-0.443794010845197,1.3223327511473926
67.0,132.0,129.88369750976562,-0.0368682580867013,2.6829220535883818,-4.115330151241876,-3.6800847775118006,-1.924143475813016,1.3403634962947215,-0.0977891263415146,3.964305456688996,-0.4434524361281761,1.323232495747224
67.0,132.0,129.88369750976562,-0.0385555590400413,2.682332051900679,-4.11561887003485,-3.678886500882304,-1.9246899936591084,1.339812599810698,-0.0990985889591814,3.964719517917539,-0.4435134565679196,1.3239478618172835
67.0,132.0,129.88369750976562,-0.0362685215543273,2.6824785535414897,-4.115228802300194,-3.679666890710486,-1.924817154336768,1.3397913112986377,-0.0984104785689082,3.965220519508229,-0.4431274438343454,1.3229101875008091
67.0,132.0,129.88369750976562,-0.0375539125029723,2.683178260371717,-4.114369649219112,-3.679430716965344,-1.9246000535494767,1.3402022966892828,-0.0991060381317665,3.964045450719317,-0.4435850165156397,1.3232991003993002
67.0,132.0,129.8837127685547,-0.0377462765827165,2.682754760261481,-4.116597352360581,-3.6779847629580704,-1.9229277577136537,1.3396366035122156,-0.099180540659422,3.9640289350007456,-0.4424196705885159,1.322401396617004
67.0,132.0,129.8837127685547,-0.0384557015208323,2.682627415337113,-4.1123587635104615,-3.680209406948144,-1.9237014243757844,1.34270171189778,-0.0991206517234278,3.9639897608437753,-0.4421421290146739,1.3241146792666707
67.0,132.0,129.88369750976562,-0.0391015901040685,2.6832066369908216,-4.11469770047713,-3.680059309122311,-1.9260168474946973,1.3411719572718803,-0.0990887163406583,3.963894911594921,-0.4433537251091182,1.3222977704533132
67.0,132.0,129.88369750976562,-0.0371238674580442,2.6828863163114574,-4.116450644235016,-3.678852193219088,-1.9245006772364748,1.340853961483298,-0.1003745299408251,3.96483297132265,-0.4438758320633198,1.32253467512871
67.0,132.0,129.88369750976562,-0.0387529514039979,2.682332987600346,-4.114907536737543,-3.6795098013530296,-1.9263257462158496,1.3407473142017434,-0.0999818312495976,3.964815872089346,-0.4437279455012012,1.3221885533632094
67.0,132.0,129.88369750976562,-0.0385026246801999,2.681902136710416,-4.116577281202409,-3.680540846948508,-1.92433206385908,1.3402460540770993,-0.099126385258616,3.9633692913641982,-0.4437405342625667,1.3232985721522927
67.0,133.0,129.8837127685547,-0.0410699955461876,2.682615507496506,-4.114835259838518,-3.6779582796373433,-1.9260988828092271,1.3409769554833308,-0.0997314706898726,3.963451229424613,-0.445619098497478,1.323987936238162
67.0,133.0,129.88369750976562,-0.0386144815276365,2.682602177420531,-4.114692785083619,-3.6782825809630206,-1.925857278402108,1.3408475275948784,-0.0997619686173913,3.964034353113425,-0.4420803106852294,1.323383683790692
67.0,133.0,129.88369750976562,-0.0384255196221009,2.6828457518910365,-4.115229419906435,-3.678280070499364,-1.9241863635424368,1.340197132733122,-0.0989346872452995,3.965045366748188,-0.4436973324717846,1.3237061726352286
67.0,133.0,129.8837127685547,-0.0383018451630346,2.6825657222281154,-4.115490430001167,-3.682651472125516,-1.9231239052756093,1.340025079312943,-0.0984281458914428,3.964438100958562,-0.44245859712267,1.3243555689868682
67.0,133.0,129.8837127685547,-0.0369420673134079,2.682156759462516,-4.115233968800888,-3.681118528744986,-1.9241912649120807,1.3404944879605267,-0.1019006897305594,3.9629366710841913,-0.4428053176321996,1.3204831572845384
67.0,133.0,129.88369750976562,-0.0384394284723971,2.682975909148543,-4.114785849651962,-3.679239009035948,-1.9244454601702328,1.3399968271028857,-0.0992974966139006,3.9634126109169294,-0.4438348749963561,1.323728487499586
67.0,133.0,129.88369750976562,-0.0375151009923383,2.6815405326175563,-4.11492126820321,-3.678696413336605,-1.9248538354858755,1.3399425126041962,-0.0987835979778907,3.963714046279793,-0.4446811609730565,1.323395357397754
67.0,133.0,129.88369750976562,-0.0377454066103169,2.6825043046280004,-4.114788089707397,-3.679652743106941,-1.9244710726958925,1.340134709603629,-0.1004671214614538,3.9636188560680137,-0.4424447477359667,1.3231665976907154
67.0,133.0,129.8837127685547,-0.0362652747973755,2.6823901769844523,-4.116293217939296,-3.6782962831329993,-1.928995849366236,1.3427363674667676,-0.0986275656262325,3.964030074260883,-0.444997731679174,1.3229369289227255
67.0,133.0,129.88369750976562,-0.0383554438796345,2.6837078456050074,-4.1148397309375175,-3.6796427651577615,-1.925935618093105,1.3413987342605571,-0.0995517511654577,3.963735392106942,-0.4447510661004394,1.3223569690262462
67.0,133.0,129.88369750976562,-0.0374471514184957,2.6830290313127803,-4.114093649499316,-3.679834210451842,-1.924097479454128,1.3403730799535918,-0.0989693227775162,3.9646815998637,-0.4441470635204132,1.3235251103658887
67.0,133.0,129.88369750976562,-0.0382710782515905,2.682893249029939,-4.115279657961465,-3.6792257495786993,-1.924598940320268,1.340114582927606,-0.0982937747407807,3.963413311773425,-0.4438361054294831,1.3238186492275428
67.0,133.0,129.8837127685547,-0.0394954936172463,2.6825188067322765,-4.115058265340832,-3.681510634642686,-1.9228880618401816,1.3399492690560406,-0.1000011100859549,3.96471291422232,-0.442861539657224,1.321143834184915
67.0,133.0,129.88369750976562,-0.0386743878574695,2.682514171969066,-4.114506661615946,-3.679438333994672,-1.9243521442453364,1.339783745789752,-0.0992489063510318,3.963839175972056,-0.4434921678817331,1.3240327725928551
67.0,133.0,129.8837127685547,-0.0381877718237811,2.681269931177165,-4.115189659054024,-3.682085768835373,-1.9230510096111444,1.3398880451910875,-0.1009314762252844,3.963350996410638,-0.4439422476527043,1.324298345464992
67.0,133.0,129.88369750976562,-0.038409736125438,2.683223324443615,-4.114847609240932,-3.679415568245977,-1.9254956460903945,1.339956890140793,-0.0993767820110977,3.96545346379171,-0.4440833734044859,1.3235641918682983
67.0,133.0,129.8837127685547,-0.0381328019135585,2.6843326087515296,-4.1158076832592405,-3.677663573512685,-1.9246571519067115,1.3399667605667585,-0.1003988303632348,3.962898718619855,-0.4420186213820374,1.3237076275845006
67.0,133.0,129.8837127685547,-0.0365358024724783,2.6818681070312835,-4.112865976977184,-3.679602687252389,-1.924349351054988,1.3402820676057443,-0.1018320141376777,3.9651600061539054,-0.4432204102345752,1.3243243450746875
67.0,133.0,129.88369750976562,-0.0383216637770437,2.6825741157856324,-4.114967170153109,-3.6780063208760607,-1.924454085840296,1.3404595116488414,-0.099584917212826,3.9638032536282113,-0.4437830930453497,1.3237113962040006
67.0,133.0,129.88369750976562,-0.0379767604336877,2.680744641094622,-4.114477853527157,-3.6801701846835897,-1.924400799866619,1.3404674448137248,-0.0999418297218291,3.9646977554076215,-0.4444012423801128,1.3236911002911962
67.0,133.0,129.8837127685547,-0.0394642453231005,2.6822165907899134,-4.114074645352336,-3.6799137978066345,-1.9238931671670203,1.3420153525299825,-0.0998143531951303,3.9629751126011934,-0.4443550203742832,1.3235550677799133
67.0,133.0,129.88369750976562,-0.0383148729229902,2.6832796999404445,-4.116294179060572,-3.6793979513078847,-1.9250865185851764,1.340689295518906,-0.0983386555168854,3.963023765613142,-0.4436402091529069,1.323783064095721
67.0,133.0,129.88369750976562,-0.0379627504806742,2.6821752792535305,-4.115112653936806,-3.679108163981376,-1.9271989799946387,1.3404670547282131,-0.0989285936155462,3.963762776092248,-0.4436037889685726,1.3234545198064809
67.0,133.0,129.88369750976562,-0.0392187524807247,2.683054261908589,-4.114922136147859,-3.6795777604845856,-1.925288325593142,1.3412020927009516,-0.0999221139832497,3.9638507441902,-0.4441360716815598,1.3240769948011513
67.0,133.0,129.88369750976562,-0.0383849644671473,2.6829565493324656,-4.1152425670406885,-3.679085536259625,-1.9245625020625792,1.3398362901102925,-0.0989136901687004,3.964908554644228,-0.4445902552466633,1.3237140521602766
67.0,133.0,129.88369750976562,-0.0381150873514049,2.682542042709517,-4.114430642239843,-3.678878579382245,-1.9244999050184943,1.3406975087022637,-0.0999938618507068,3.963198803446204,-0.4438787615061223,1.3237429493033557
67.0,133.0,129.8837127685547,-0.0393439610213545,2.6830619422745308,-4.114604043222708,-3.680368689308013,-1.9229080885171144,1.340185094365083,-0.099360564882717,3.963476834582344,-0.4430568216979387,1.320904571426344
67.0,133.0,129.88369750976562,-0.0370319986549597,2.682141311654721,-4.11568919640137,-3.679601765843594,-1.9250876999733395,1.3398228311447469,-0.1004837490685165,3.964237534852891,-0.442657322459007,1.323574800022745
67.0,133.0,129.88369750976562,-0.0370807272260081,2.68264859514898,-4.115168223632826,-3.678252415128613,-1.9239598296335736,1.3405486072531194,-0.098422161926668,3.964345449074509,-0.4430919035377933,1.32368118639016
67.0,133.0,129.8837127685547,-0.0371175704728505,2.6812182813530163,-4.114826148555521,-3.6814360671443898,-1.9272192972100608,1.3392384010451557,-0.0975537949860169,3.963685680076699,-0.4423936017161028,1.3207502023375437
67.0,133.0,129.88369750976562,-0.0375504977495809,2.682280533818246,-4.115233018272244,-3.679761393898062,-1.925012808213688,1.3408448440508045,-0.0991535257406458,3.963799535448471,-0.4426996479812786,1.32341862225405
67.0,133.0,129.8837127685547,-0.0353928620126881,2.684844982485186,-4.114734682919397,-3.6814192467957407,-1.9241976470811808,1.3403668723367224,-0.1000266563011459,3.964715904633412,-0.4442067176368913,1.324261404745758
67.0,133.0,129.88369750976562,-0.0375050067521598,2.682394795215691,-4.114718372567042,-3.678092981168621,-1.9258440914610253,1.3400083563894525,-0.099182553119151,3.966016159885976,-0.4438312502809411,1.3218137438897066
67.0,133.0,129.88369750976562,-0.0385790505121479,2.6829151465589978,-4.114800802167872,-3.680258446862143,-1.924409893497719,1.340273682270729,-0.0988903953142273,3.964274155720028,-0.443693939368691,1.324358976709781
67.0,133.0,129.8837127685547,-0.040081021944508,2.682819963051315,-4.11573450425536,-3.678341426705801,-1.924630774856719,1.34016865119305,-0.0990628554863062,3.961913568924301,-0.4445842110298229,1.3246566623141085
67.0,133.0,129.8837127685547,-0.0383611265626394,2.683226787712788,-4.116181104027769,-3.679021207901581,-1.9237223788072124,1.3396867159900254,-0.0994498436116677,3.962246969983919,-0.4437140811166807,1.3235120612787594
67.0,133.0,129.88369750976562,-0.0379024272348933,2.681548237319513,-4.1147750510204935,-3.679808883893499,-1.9248620463978097,1.3398379650494014,-0.0992112748296654,3.963017815678836,-0.4424179299426491,1.3233375186841294
67.0,133.0,129.88369750976562,-0.0386119900478477,2.682502921158186,-4.115330536104988,-3.67922120648243,-1.924454899099244,1.3398214621333258,-0.0993185791376466,3.963886887649888,-0.4432911272000954,1.323338099550023
67.0,133.0,129.88369750976562,-0.0382477403859779,2.68273101332882,-4.115921932644253,-3.677978964649831,-1.924749009834854,1.3417441945558162,-0.0989616560098664,3.9650317801400976,-0.4436610931860999,1.3237025486479133
67.0,133.0,129.8837127685547,-0.0364560768668281,2.682721714580719,-4.114610761576856,-3.678669844667728,-1.923656373058044,1.34280432953933,-0.0980165365981388,3.961914111739603,-0.443794010845197,1.3223327511473926
67.0,133.0,129.88369750976562,-0.0368682580867013,2.6829220535883818,-4.115330151241876,-3.6800847775118006,-1.924143475813016,1.3403634962947215,-0.0977891263415146,3.964305456688996,-0.4434524361281761,1.323232495747224
67.0,133.0,129.88369750976562,-0.0385555590400413,2.682332051900679,-4.11561887003485,-3.678886500882304,-1.9246899936591084,1.339812599810698,-0.0990985889591814,3.964719517917539,-0.4435134565679196,1.3239478618172835
67.0,133.0,129.88369750976562,-0.0362685215543273,2.6824785535414897,-4.115228802300194,-3.679666890710486,-1.924817154336768,1.3397913112986377,-0.0984104785689082,3.965220519508229,-0.4431274438343454,1.3229101875008091
67.0,133.0,129.88369750976562,-0.0375539125029723,2.683178260371717,-4.114369649219112,-3.679430716965344,-1.9246000535494767,1.3402022966892828,-0.0991060381317665,3.964045450719317,-0.4435850165156397,1.3232991003993002
67.0,133.0,129.8837127685547,-0.0377462765827165,2.682754760261481,-4.116597352360581,-3.6779847629580704,-1.9229277577136537,1.3396366035122156,-0.099180540659422,3.9640289350007456,-0.4424196705885159,1.322401396617004
67.0,133.0,129.8837127685547,-0.0384557015208323,2.682627415337113,-4.1123587635104615,-3.680209406948144,-1.9237014243757844,1.34270171189778,-0.0991206517234278,3.9639897608437753,-0.4421421290146739,1.3241146792666707
67.0,133.0,129.88369750976562,-0.0391015901040685,2.6832066369908216,-4.11469770047713,-3.680059309122311,-1.9260168474946973,1.3411719572718803,-0.0990887163406583,3.963894911594921,-0.4433537251091182,1.3222977704533132
67.0,133.0,129.88369750976562,-0.0371238674580442,2.6828863163114574,-4.116450644235016,-3.678852193219088,-1.9245006772364748,1.340853961483298,-0.1003745299408251,3.96483297132265,-0.4438758320633198,1.32253467512871
67.0,133.0,129.88369750976562,-0.0387529514039979,2.682332987600346,-4.114907536737543,-3.6795098013530296,-1.9263257462158496,1.3407473142017434,-0.0999818312495976,3.964815872089346,-0.4437279455012012,1.3221885533632094
67.0,133.0,129.88369750976562,-0.0385026246801999,2.681902136710416,-4.116577281202409,-3.680540846948508,-1.92433206385908,1.3402460540770993,-0.099126385258616,3.9633692913641982,-0.4437405342625667,1.3232985721522927
67.0,134.0,129.8837127685547,-0.0410699955461876,2.682615507496506,-4.114835259838518,-3.6779582796373433,-1.9260988828092271,1.3409769554833308,-0.0997314706898726,3.963451229424613,-0.445619098497478,1.323987936238162
67.0,134.0,129.88369750976562,-0.0386144815276365,2.682602177420531,-4.114692785083619,-3.6782825809630206,-1.925857278402108,1.3408475275948784,-0.0997619686173913,3.964034353113425,-0.4420803106852294,1.323383683790692
67.0,134.0,129.88369750976562,-0.0384255196221009,2.6828457518910365,-4.115229419906435,-3.678280070499364,-1.9241863635424368,1.340197132733122,-0.0989346872452995,3.965045366748188,-0.4436973324717846,1.3237061726352286
67.0,134.0,129.8837127685547,-0.0383018451630346,2.6825657222281154,-4.115490430001167,-3.682651472125516,-1.9231239052756093,1.340025079312943,-0.0984281458914428,3.964438100958562,-0.44245859712267,1.3243555689868682
67.0,134.0,129.8837127685547,-0.0369420673134079,2.682156759462516,-4.115233968800888,-3.681118528744986,-1.9241912649120807,1.3404944879605267,-0.1019006897305594,3.9629366710841913,-0.4428053176321996,1.3204831572845384
67.0,134.0,129.88369750976562,-0.0384394284723971,2.682975909148543,-4.114785849651962,-3.679239009035948,-1.9244454601702328,1.3399968271028857,-0.0992974966139006,3.9634126109169294,-0.4438348749963561,1.323728487499586
67.0,134.0,129.88369750976562,-0.0375151009923383,2.6815405326175563,-4.11492126820321,-3.678696413336605,-1.9248538354858755,1.3399425126041962,-0.0987835979778907,3.963714046279793,-0.4446811609730565,1.323395357397754
67.0,134.0,129.88369750976562,-0.0377454066103169,2.6825043046280004,-4.114788089707397,-3.679652743106941,-1.9244710726958925,1.340134709603629,-0.1004671214614538,3.9636188560680137,-0.4424447477359667,1.3231665976907154
67.0,134.0,129.8837127685547,-0.0362652747973755,2.6823901769844523,-4.116293217939296,-3.6782962831329993,-1.928995849366236,1.3427363674667676,-0.0986275656262325,3.964030074260883,-0.444997731679174,1.3229369289227255
67.0,134.0,129.88369750976562,-0.0383554438796345,2.6837078456050074,-4.1148397309375175,-3.6796427651577615,-1.925935618093105,1.3413987342605571,-0.0995517511654577,3.963735392106942,-0.4447510661004394,1.3223569690262462
67.0,134.0,129.88369750976562,-0.0374471514184957,2.6830290313127803,-4.114093649499316,-3.679834210451842,-1.924097479454128,1.3403730799535918,-0.0989693227775162,3.9646815998637,-0.4441470635204132,1.3235251103658887
67.0,134.0,129.88369750976562,-0.0382710782515905,2.682893249029939,-4.115279657961465,-3.6792257495786993,-1.924598940320268,1.340114582927606,-0.0982937747407807,3.963413311773425,-0.4438361054294831,1.3238186492275428
67.0,134.0,129.8837127685547,-0.0394954936172463,2.6825188067322765,-4.115058265340832,-3.681510634642686,-1.9228880618401816,1.3399492690560406,-0.1000011100859549,3.96471291422232,-0.442861539657224,1.321143834184915
67.0,134.0,129.88369750976562,-0.0386743878574695,2.682514171969066,-4.114506661615946,-3.679438333994672,-1.9243521442453364,1.339783745789752,-0.0992489063510318,3.963839175972056,-0.4434921678817331,1.3240327725928551
67.0,134.0,129.8837127685547,-0.0381877718237811,2.681269931177165,-4.115189659054024,-3.682085768835373,-1.9230510096111444,1.3398880451910875,-0.1009314762252844,3.963350996410638,-0.4439422476527043,1.324298345464992
67.0,134.0,129.88369750976562,-0.038409736125438,2.683223324443615,-4.114847609240932,-3.679415568245977,-1.9254956460903945,1.339956890140793,-0.0993767820110977,3.96545346379171,-0.4440833734044859,1.3235641918682983
67.0,134.0,129.8837127685547,-0.0381328019135585,2.6843326087515296,-4.1158076832592405,-3.677663573512685,-1.9246571519067115,1.3399667605667585,-0.1003988303632348,3.962898718619855,-0.4420186213820374,1.3237076275845006
67.0,134.0,129.8837127685547,-0.0365358024724783,2.6818681070312835,-4.112865976977184,-3.679602687252389,-1.924349351054988,1.3402820676057443,-0.1018320141376777,3.9651600061539054,-0.4432204102345752,1.3243243450746875
67.0,134.0,129.88369750976562,-0.0383216637770437,2.6825741157856324,-4.114967170153109,-3.6780063208760607,-1.924454085840296,1.3404595116488414,-0.099584917212826,3.9638032536282113,-0.4437830930453497,1.3237113962040006
67.0,134.0,129.88369750976562,-0.0379767604336877,2.680744641094622,-4.114477853527157,-3.6801701846835897,-1.924400799866619,1.3404674448137248,-0.0999418297218291,3.9646977554076215,-0.4444012423801128,1.3236911002911962
67.0,134.0,129.8837127685547,-0.0394642453231005,2.6822165907899134,-4.114074645352336,-3.6799137978066345,-1.9238931671670203,1.3420153525299825,-0.0998143531951303,3.9629751126011934,-0.4443550203742832,1.3235550677799133
67.0,134.0,129.88369750976562,-0.0383148729229902,2.6832796999404445,-4.116294179060572,-3.6793979513078847,-1.9250865185851764,1.340689295518906,-0.0983386555168854,3.963023765613142,-0.4436402091529069,1.323783064095721
67.0,134.0,129.88369750976562,-0.0379627504806742,2.6821752792535305,-4.115112653936806,-3.679108163981376,-1.9271989799946387,1.3404670547282131,-0.0989285936155462,3.963762776092248,-0.4436037889685726,1.3234545198064809
67.0,134.0,129.88369750976562,-0.0392187524807247,2.683054261908589,-4.114922136147859,-3.6795777604845856,-1.925288325593142,1.3412020927009516,-0.0999221139832497,3.9638507441902,-0.4441360716815598,1.3240769948011513
67.0,134.0,129.88369750976562,-0.0383849644671473,2.6829565493324656,-4.1152425670406885,-3.679085536259625,-1.9245625020625792,1.3398362901102925,-0.0989136901687004,3.964908554644228,-0.4445902552466633,1.3237140521602766
67.0,134.0,129.88369750976562,-0.0381150873514049,2.682542042709517,-4.114430642239843,-3.678878579382245,-1.9244999050184943,1.3406975087022637,-0.0999938618507068,3.963198803446204,-0.4438787615061223,1.3237429493033557
67.0,134.0,129.8837127685547,-0.0393439610213545,2.6830619422745308,-4.114604043222708,-3.680368689308013,-1.9229080885171144,1.340185094365083,-0.099360564882717,3.963476834582344,-0.4430568216979387,1.320904571426344
67.0,134.0,129.88369750976562,-0.0370319986549597,2.682141311654721,-4.11568919640137,-3.679601765843594,-1.9250876999733395,1.3398228311447469,-0.1004837490685165,3.964237534852891,-0.442657322459007,1.323574800022745
67.0,134.0,129.88369750976562,-0.0370807272260081,2.68264859514898,-4.115168223632826,-3.678252415128613,-1.9239598296335736,1.3405486072531194,-0.098422161926668,3.964345449074509,-0.4430919035377933,1.32368118639016
67.0,134.0,129.8837127685547,-0.0371175704728505,2.6812182813530163,-4.114826148555521,-3.6814360671443898,-1.9272192972100608,1.3392384010451557,-0.0975537949860169,3.963685680076699,-0.4423936017161028,1.3207502023375437
67.0,134.0,129.88369750976562,-0.0375504977495809,2.682280533818246,-4.115233018272244,-3.679761393898062,-1.925012808213688,1.3408448440508045,-0.0991535257406458,3.963799535448471,-0.4426996479812786,1.32341862225405
67.0,134.0,129.8837127685547,-0.0353928620126881,2.684844982485186,-4.114734682919397,-3.6814192467957407,-1.9241976470811808,1.3403668723367224,-0.1000266563011459,3.964715904633412,-0.4442067176368913,1.324261404745758
67.0,134.0,129.88369750976562,-0.0375050067521598,2.682394795215691,-4.114718372567042,-3.678092981168621,-1.9258440914610253,1.3400083563894525,-0.099182553119151,3.966016159885976,-0.4438312502809411,1.3218137438897066
67.0,134.0,129.88369750976562,-0.0385790505121479,2.6829151465589978,-4.114800802167872,-3.680258446862143,-1.924409893497719,1.340273682270729,-0.0988903953142273,3.964274155720028,-0.443693939368691,1.324358976709781
67.0,134.0,129.8837127685547,-0.040081021944508,2.682819963051315,-4.11573450425536,-3.678341426705801,-1.924630774856719,1.34016865119305,-0.0990628554863062,3.961913568924301,-0.4445842110298229,1.3246566623141085
67.0,134.0,129.8837127685547,-0.0383611265626394,2.683226787712788,-4.116181104027769,-3.679021207901581,-1.9237223788072124,1.3396867159900254,-0.0994498436116677,3.962246969983919,-0.4437140811166807,1.3235120612787594
67.0,134.0,129.88369750976562,-0.0379024272348933,2.681548237319513,-4.1147750510204935,-3.679808883893499,-1.9248620463978097,1.3398379650494014,-0.0992112748296654,3.963017815678836,-0.4424179299426491,1.3233375186841294
67.0,134.0,129.88369750976562,-0.0386119900478477,2.682502921158186,-4.115330536104988,-3.67922120648243,-1.924454899099244,1.3398214621333258,-0.0993185791376466,3.963886887649888,-0.4432911272000954,1.323338099550023
67.0,134.0,129.88369750976562,-0.0382477403859779,2.68273101332882,-4.115921932644253,-3.677978964649831,-1.924749009834854,1.3417441945558162,-0.0989616560098664,3.9650317801400976,-0.4436610931860999,1.3237025486479133
67.0,134.0,129.8837127685547,-0.0364560768668281,2.682721714580719,-4.114610761576856,-3.678669844667728,-1.923656373058044,1.34280432953933,-0.0980165365981388,3.961914111739603,-0.443794010845197,1.3223327511473926
67.0,134.0,129.88369750976562,-0.0368682580867013,2.6829220535883818,-4.115330151241876,-3.6800847775118006,-1.924143475813016,1.3403634962947215,-0.0977891263415146,3.964305456688996,-0.4434524361281761,1.323232495747224
67.0,134.0,129.88369750976562,-0.0385555590400413,2.682332051900679,-4.11561887003485,-3.678886500882304,-1.9246899936591084,1.339812599810698,-0.0990985889591814,3.964719517917539,-0.4435134565679196,1.3239478618172835
67.0,134.0,129.88369750976562,-0.0362685215543273,2.6824785535414897,-4.115228802300194,-3.679666890710486,-1.924817154336768,1.3397913112986377,-0.0984104785689082,3.965220519508229,-0.4431274438343454,1.3229101875008091
67.0,134.0,129.88369750976562,-0.0375539125029723,2.683178260371717,-4.114369649219112,-3.679430716965344,-1.9246000535494767,1.3402022966892828,-0.0991060381317665,3.964045450719317,-0.4435850165156397,1.3232991003993002
67.0,134.0,129.8837127685547,-0.0377462765827165,2.682754760261481,-4.116597352360581,-3.6779847629580704,-1.9229277577136537,1.3396366035122156,-0.099180540659422,3.9640289350007456,-0.4424196705885159,1.322401396617004
67.0,134.0,129.8837127685547,-0.0384557015208323,2.682627415337113,-4.1123587635104615,-3.680209406948144,-1.9237014243757844,1.34270171189778,-0.0991206517234278,3.9639897608437753,-0.4421421290146739,1.3241146792666707
67.0,134.0,129.88369750976562,-0.0391015901040685,2.6832066369908216,-4.11469770047713,-3.680059309122311,-1.9260168474946973,1.3411719572718803,-0.0990887163406583,3.963894911594921,-0.4433537251091182,1.3222977704533132
67.0,134.0,129.88369750976562,-0.0371238674580442,2.6828863163114574,-4.116450644235016,-3.678852193219088,-1.9245006772364748,1.340853961483298,-0.1003745299408251,3.96483297132265,-0.4438758320633198,1.32253467512871
67.0,134.0,129.88369750976562,-0.0387529514039979,2.682332987600346,-4.114907536737543,-3.6795098013530296,-1.9263257462158496,1.3407473142017434,-0.0999818312495976,3.964815872089346,-0.4437279455012012,1.3221885533632094
67.0,134.0,129.88369750976562,-0.0385026246801999,2.681902136710416,-4.116577281202409,-3.680540846948508,-1.92433206385908,1.3402460540770993,-0.099126385258616,3.9633692913641982,-0.4437405342625667,1.3232985721522927
67.0,135.0,129.8837127685547,-0.0410699955461876,2.682615507496506,-4.114835259838518,-3.6779582796373433,-1.9260988828092271,1.3409769554833308,-0.0997314706898726,3.963451229424613,-0.445619098497478,1.323987936238162
67.0,135.0,129.88369750976562,-0.0386144815276365,2.682602177420531,-4.114692785083619,-3.6782825809630206,-1.925857278402108,1.3408475275948784,-0.0997619686173913,3.964034353113425,-0.4420803106852294,1.323383683790692
67.0,135.0,129.88369750976562,-0.0384255196221009,2.6828457518910365,-4.115229419906435,-3.678280070499364,-1.9241863635424368,1.340197132733122,-0.0989346872452995,3.965045366748188,-0.4436973324717846,1.3237061726352286
67.0,135.0,129.8837127685547,-0.0383018451630346,2.6825657222281154,-4.115490430001167,-3.682651472125516,-1.9231239052756093,1.340025079312943,-0.0984281458914428,3.964438100958562,-0.44245859712267,1.3243555689868682
67.0,135.0,129.8837127685547,-0.0369420673134079,2.682156759462516,-4.115233968800888,-3.681118528744986,-1.9241912649120807,1.3404944879605267,-0.1019006897305594,3.9629366710841913,-0.4428053176321996,1.3204831572845384
67.0,135.0,129.88369750976562,-0.0384394284723971,2.682975909148543,-4.114785849651962,-3.679239009035948,-1.9244454601702328,1.3399968271028857,-0.0992974966139006,3.9634126109169294,-0.4438348749963561,1.323728487499586
67.0,135.0,129.88369750976562,-0.0375151009923383,2.6815405326175563,-4.11492126820321,-3.678696413336605,-1.9248538354858755,1.3399425126041962,-0.0987835979778907,3.963714046279793,-0.4446811609730565,1.323395357397754
67.0,135.0,129.88369750976562,-0.0377454066103169,2.6825043046280004,-4.114788089707397,-3.679652743106941,-1.9244710726958925,1.340134709603629,-0.1004671214614538,3.9636188560680137,-0.4424447477359667,1.3231665976907154
67.0,135.0,129.8837127685547,-0.0362652747973755,2.6823901769844523,-4.116293217939296,-3.6782962831329993,-1.928995849366236,1.3427363674667676,-0.0986275656262325,3.964030074260883,-0.444997731679174,1.3229369289227255
67.0,135.0,129.88369750976562,-0.0383554438796345,2.6837078456050074,-4.1148397309375175,-3.6796427651577615,-1.925935618093105,1.3413987342605571,-0.0995517511654577,3.963735392106942,-0.4447510661004394,1.3223569690262462
67.0,135.0,129.88369750976562,-0.0374471514184957,2.6830290313127803,-4.114093649499316,-3.679834210451842,-1.924097479454128,1.3403730799535918,-0.0989693227775162,3.9646815998637,-0.4441470635204132,1.3235251103658887
67.0,135.0,129.88369750976562,-0.0382710782515905,2.682893249029939,-4.115279657961465,-3.6792257495786993,-1.924598940320268,1.340114582927606,-0.0982937747407807,3.963413311773425,-0.4438361054294831,1.3238186492275428
67.0,135.0,129.88369750976562,-0.0386767940782647,2.6825724445294745,-4.114978013222114,-3.6803825219341575,-1.925471672712967,1.340026883894302,-0.1000383970307691,3.965015974768844,-0.4424138905121658,1.3231790020943524
67.0,135.0,129.88369750976562,-0.0386743878574695,2.682514171969066,-4.114506661615946,-3.679438333994672,-1.9243521442453364,1.339783745789752,-0.0992489063510318,3.963839175972056,-0.4434921678817331,1.3240327725928551
67.0,135.0,129.8837127685547,-0.0381877718237811,2.681269931177165,-4.115189659054024,-3.682085768835373,-1.9230510096111444,1.3398880451910875,-0.1009314762252844,3.963350996410638,-0.4439422476527043,1.324298345464992
67.0,135.0,129.88369750976562,-0.038409736125438,2.683223324443615,-4.114847609240932,-3.679415568245977,-1.9254956460903945,1.339956890140793,-0.0993767820110977,3.96545346379171,-0.4440833734044859,1.3235641918682983
67.0,135.0,129.8837127685547,-0.0381328019135585,2.6843326087515296,-4.1158076832592405,-3.677663573512685,-1.9246571519067115,1.3399667605667585,-0.1003988303632348,3.962898718619855,-0.4420186213820374,1.3237076275845006
67.0,135.0,129.8837127685547,-0.0365358024724783,2.6818681070312835,-4.112865976977184,-3.679602687252389,-1.924349351054988,1.3402820676057443,-0.1018320141376777,3.9651600061539054,-0.4432204102345752,1.3243243450746875
67.0,135.0,129.88369750976562,-0.0383216637770437,2.6825741157856324,-4.114967170153109,-3.6780063208760607,-1.924454085840296,1.3404595116488414,-0.099584917212826,3.9638032536282113,-0.4437830930453497,1.3237113962040006
67.0,135.0,129.88369750976562,-0.0379767604336877,2.680744641094622,-4.114477853527157,-3.6801701846835897,-1.924400799866619,1.3404674448137248,-0.0999418297218291,3.9646977554076215,-0.4444012423801128,1.3236911002911962
67.0,135.0,129.8837127685547,-0.0394642453231005,2.6822165907899134,-4.114074645352336,-3.6799137978066345,-1.9238931671670203,1.3420153525299825,-0.0998143531951303,3.9629751126011934,-0.4443550203742832,1.3235550677799133
67.0,135.0,129.88369750976562,-0.0383148729229902,2.6832796999404445,-4.116294179060572,-3.6793979513078847,-1.9250865185851764,1.340689295518906,-0.0983386555168854,3.963023765613142,-0.4436402091529069,1.323783064095721
67.0,135.0,129.88369750976562,-0.0379627504806742,2.6821752792535305,-4.115112653936806,-3.679108163981376,-1.9271989799946387,1.3404670547282131,-0.0989285936155462,3.963762776092248,-0.4436037889685726,1.3234545198064809
67.0,135.0,129.88369750976562,-0.0392187524807247,2.683054261908589,-4.114922136147859,-3.6795777604845856,-1.925288325593142,1.3412020927009516,-0.0999221139832497,3.9638507441902,-0.4441360716815598,1.3240769948011513
67.0,135.0,129.88369750976562,-0.0383849644671473,2.6829565493324656,-4.1152425670406885,-3.679085536259625,-1.9245625020625792,1.3398362901102925,-0.0989136901687004,3.964908554644228,-0.4445902552466633,1.3237140521602766
67.0,135.0,129.88369750976562,-0.0381150873514049,2.682542042709517,-4.114430642239843,-3.678878579382245,-1.9244999050184943,1.3406975087022637,-0.0999938618507068,3.963198803446204,-0.4438787615061223,1.3237429493033557
67.0,135.0,129.8837127685547,-0.0393439610213545,2.6830619422745308,-4.114604043222708,-3.680368689308013,-1.9229080885171144,1.340185094365083,-0.099360564882717,3.963476834582344,-0.4430568216979387,1.320904571426344
67.0,135.0,129.88369750976562,-0.0370319986549597,2.682141311654721,-4.11568919640137,-3.679601765843594,-1.9250876999733395,1.3398228311447469,-0.1004837490685165,3.964237534852891,-0.442657322459007,1.323574800022745
67.0,135.0,129.88369750976562,-0.0370807272260081,2.68264859514898,-4.115168223632826,-3.678252415128613,-1.9239598296335736,1.3405486072531194,-0.098422161926668,3.964345449074509,-0.4430919035377933,1.32368118639016
67.0,135.0,129.8837127685547,-0.0371175704728505,2.6812182813530163,-4.114826148555521,-3.6814360671443898,-1.9272192972100608,1.3392384010451557,-0.0975537949860169,3.963685680076699,-0.4423936017161028,1.3207502023375437
67.0,135.0,129.88369750976562,-0.0375504977495809,2.682280533818246,-4.115233018272244,-3.679761393898062,-1.925012808213688,1.3408448440508045,-0.0991535257406458,3.963799535448471,-0.4426996479812786,1.32341862225405
67.0,135.0,129.8837127685547,-0.0353928620126881,2.684844982485186,-4.114734682919397,-3.6814192467957407,-1.9241976470811808,1.3403668723367224,-0.1000266563011459,3.964715904633412,-0.4442067176368913,1.324261404745758
67.0,135.0,129.88369750976562,-0.0375050067521598,2.682394795215691,-4.114718372567042,-3.678092981168621,-1.9258440914610253,1.3400083563894525,-0.099182553119151,3.966016159885976,-0.4438312502809411,1.3218137438897066
67.0,135.0,129.88369750976562,-0.0385790505121479,2.6829151465589978,-4.114800802167872,-3.680258446862143,-1.924409893497719,1.340273682270729,-0.0988903953142273,3.964274155720028,-0.443693939368691,1.324358976709781
67.0,135.0,129.8837127685547,-0.040081021944508,2.682819963051315,-4.11573450425536,-3.678341426705801,-1.924630774856719,1.34016865119305,-0.0990628554863062,3.961913568924301,-0.4445842110298229,1.3246566623141085
67.0,135.0,129.8837127685547,-0.0383611265626394,2.683226787712788,-4.116181104027769,-3.679021207901581,-1.9237223788072124,1.3396867159900254,-0.0994498436116677,3.962246969983919,-0.4437140811166807,1.3235120612787594
67.0,135.0,129.88369750976562,-0.0379024272348933,2.681548237319513,-4.1147750510204935,-3.679808883893499,-1.9248620463978097,1.3398379650494014,-0.0992112748296654,3.963017815678836,-0.4424179299426491,1.3233375186841294
67.0,135.0,129.88369750976562,-0.0386119900478477,2.682502921158186,-4.115330536104988,-3.67922120648243,-1.924454899099244,1.3398214621333258,-0.0993185791376466,3.963886887649888,-0.4432911272000954,1.323338099550023
67.0,135.0,129.88369750976562,-0.0382477403859779,2.68273101332882,-4.115921932644253,-3.677978964649831,-1.924749009834854,1.3417441945558162,-0.0989616560098664,3.9650317801400976,-0.4436610931860999,1.3237025486479133
67.0,135.0,129.8837127685547,-0.0364560768668281,2.682721714580719,-4.114610761576856,-3.678669844667728,-1.923656373058044,1.34280432953933,-0.0980165365981388,3.961914111739603,-0.443794010845197,1.3223327511473926
67.0,135.0,129.88369750976562,-0.0368682580867013,2.6829220535883818,-4.115330151241876,-3.6800847775118006,-1.924143475813016,1.3403634962947215,-0.0977891263415146,3.964305456688996,-0.4434524361281761,1.323232495747224
67.0,135.0,129.88369750976562,-0.0385555590400413,2.682332051900679,-4.11561887003485,-3.678886500882304,-1.9246899936591084,1.339812599810698,-0.0990985889591814,3.964719517917539,-0.4435134565679196,1.3239478618172835
67.0,135.0,129.88369750976562,-0.0362685215543273,2.6824785535414897,-4.115228802300194,-3.679666890710486,-1.924817154336768,1.3397913112986377,-0.0984104785689082,3.965220519508229,-0.4431274438343454,1.3229101875008091
67.0,135.0,129.88369750976562,-0.0375539125029723,2.683178260371717,-4.114369649219112,-3.679430716965344,-1.9246000535494767,1.3402022966892828,-0.0991060381317665,3.964045450719317,-0.4435850165156397,1.3232991003993002
67.0,135.0,129.8837127685547,-0.0377462765827165,2.682754760261481,-4.116597352360581,-3.6779847629580704,-1.9229277577136537,1.3396366035122156,-0.099180540659422,3.9640289350007456,-0.4424196705885159,1.322401396617004
67.0,135.0,129.8837127685547,-0.0384557015208323,2.682627415337113,-4.1123587635104615,-3.680209406948144,-1.9237014243757844,1.34270171189778,-0.0991206517234278,3.9639897608437753,-0.4421421290146739,1.3241146792666707
67.0,135.0,129.88369750976562,-0.0391015901040685,2.6832066369908216,-4.11469770047713,-3.680059309122311,-1.9260168474946973,1.3411719572718803,-0.0990887163406583,3.963894911594921,-0.4433537251091182,1.3222977704533132
67.0,135.0,129.88369750976562,-0.0371238674580442,2.6828863163114574,-4.116450644235016,-3.678852193219088,-1.9245006772364748,1.340853961483298,-0.1003745299408251,3.96483297132265,-0.4438758320633198,1.32253467512871
67.0,135.0,129.88369750976562,-0.0387529514039979,2.682332987600346,-4.114907536737543,-3.6795098013530296,-1.9263257462158496,1.3407473142017434,-0.0999818312495976,3.964815872089346,-0.4437279455012012,1.3221885533632094
67.0,135.0,129.88369750976562,-0.0385026246801999,2.681902136710416,-4.116577281202409,-3.680540846948508,-1.92433206385908,1.3402460540770993,-0.099126385258616,3.9633692913641982,-0.4437405342625667,1.3232985721522927
67.0,136.0,129.8837127685547,-0.0410699955461876,2.682615507496506,-4.114835259838518,-3.6779582796373433,-1.9260988828092271,1.3409769554833308,-0.0997314706898726,3.963451229424613,-0.445619098497478,1.323987936238162
67.0,136.0,129.88369750976562,-0.0386144815276365,2.682602177420531,-4.114692785083619,-3.6782825809630206,-1.925857278402108,1.3408475275948784,-0.0997619686173913,3.964034353113425,-0.4420803106852294,1.323383683790692
67.0,136.0,129.88369750976562,-0.0384255196221009,2.6828457518910365,-4.115229419906435,-3.678280070499364,-1.9241863635424368,1.340197132733122,-0.0989346872452995,3.965045366748188,-0.4436973324717846,1.3237061726352286
67.0,136.0,129.8837127685547,-0.0383018451630346,2.6825657222281154,-4.115490430001167,-3.682651472125516,-1.9231239052756093,1.340025079312943,-0.0984281458914428,3.964438100958562,-0.44245859712267,1.3243555689868682
67.0,136.0,129.88369750976562,-0.0382635524696136,2.682419967614642,-4.114786126384205,-3.679311634560755,-1.925978686292598,1.3411333845684037,-0.0987597980305496,3.9641414728433215,-0.4424791061193618,1.320928414315454
67.0,136.0,129.88369750976562,-0.0384394284723971,2.682975909148543,-4.114785849651962,-3.679239009035948,-1.9244454601702328,1.3399968271028857,-0.0992974966139006,3.9634126109169294,-0.4438348749963561,1.323728487499586
67.0,136.0,129.88369750976562,-0.0375151009923383,2.6815405326175563,-4.11492126820321,-3.678696413336605,-1.9248538354858755,1.3399425126041962,-0.0987835979778907,3.963714046279793,-0.4446811609730565,1.323395357397754
67.0,136.0,129.88369750976562,-0.0377454066103169,2.6825043046280004,-4.114788089707397,-3.679652743106941,-1.9244710726958925,1.340134709603629,-0.1004671214614538,3.9636188560680137,-0.4424447477359667,1.3231665976907154
67.0,136.0,129.8837127685547,-0.0362652747973755,2.6823901769844523,-4.116293217939296,-3.6782962831329993,-1.928995849366236,1.3427363674667676,-0.0986275656262325,3.964030074260883,-0.444997731679174,1.3229369289227255
67.0,136.0,129.88369750976562,-0.0383554438796345,2.6837078456050074,-4.1148397309375175,-3.6796427651577615,-1.925935618093105,1.3413987342605571,-0.0995517511654577,3.963735392106942,-0.4447510661004394,1.3223569690262462
67.0,136.0,129.88369750976562,-0.0374471514184957,2.6830290313127803,-4.114093649499316,-3.679834210451842,-1.924097479454128,1.3403730799535918,-0.0989693227775162,3.9646815998637,-0.4441470635204132,1.3235251103658887
67.0,136.0,129.88369750976562,-0.0382710782515905,2.682893249029939,-4.115279657961465,-3.6792257495786993,-1.924598940320268,1.340114582927606,-0.0982937747407807,3.963413311773425,-0.4438361054294831,1.3238186492275428
67.0,136.0,129.88369750976562,-0.0386767940782647,2.6825724445294745,-4.114978013222114,-3.6803825219341575,-1.925471672712967,1.340026883894302,-0.1000383970307691,3.965015974768844,-0.4424138905121658,1.3231790020943524
67.0,136.0,129.88369750976562,-0.0386743878574695,2.682514171969066,-4.114506661615946,-3.679438333994672,-1.9243521442453364,1.339783745789752,-0.0992489063510318,3.963839175972056,-0.4434921678817331,1.3240327725928551
67.0,136.0,129.8837127685547,-0.0381877718237811,2.681269931177165,-4.115189659054024,-3.682085768835373,-1.9230510096111444,1.3398880451910875,-0.1009314762252844,3.963350996410638,-0.4439422476527043,1.324298345464992
67.0,136.0,129.88369750976562,-0.038409736125438,2.683223324443615,-4.114847609240932,-3.679415568245977,-1.9254956460903945,1.339956890140793,-0.0993767820110977,3.96545346379171,-0.4440833734044859,1.3235641918682983
67.0,136.0,129.8837127685547,-0.0381328019135585,2.6843326087515296,-4.1158076832592405,-3.677663573512685,-1.9246571519067115,1.3399667605667585,-0.1003988303632348,3.962898718619855,-0.4420186213820374,1.3237076275845006
67.0,136.0,129.8837127685547,-0.0365358024724783,2.6818681070312835,-4.112865976977184,-3.679602687252389,-1.924349351054988,1.3402820676057443,-0.1018320141376777,3.9651600061539054,-0.4432204102345752,1.3243243450746875
67.0,136.0,129.88369750976562,-0.0383216637770437,2.6825741157856324,-4.114967170153109,-3.6780063208760607,-1.924454085840296,1.3404595116488414,-0.099584917212826,3.9638032536282113,-0.4437830930453497,1.3237113962040006
67.0,136.0,129.88369750976562,-0.0379767604336877,2.680744641094622,-4.114477853527157,-3.6801701846835897,-1.924400799866619,1.3404674448137248,-0.0999418297218291,3.9646977554076215,-0.4444012423801128,1.3236911002911962
67.0,136.0,129.8837127685547,-0.0394642453231005,2.6822165907899134,-4.114074645352336,-3.6799137978066345,-1.9238931671670203,1.3420153525299825,-0.0998143531951303,3.9629751126011934,-0.4443550203742832,1.3235550677799133
67.0,136.0,129.88369750976562,-0.0383148729229902,2.6832796999404445,-4.116294179060572,-3.6793979513078847,-1.9250865185851764,1.340689295518906,-0.0983386555168854,3.963023765613142,-0.4436402091529069,1.323783064095721
67.0,136.0,129.88369750976562,-0.0379627504806742,2.6821752792535305,-4.115112653936806,-3.679108163981376,-1.9271989799946387,1.3404670547282131,-0.0989285936155462,3.963762776092248,-0.4436037889685726,1.3234545198064809
67.0,136.0,129.88369750976562,-0.0392187524807247,2.683054261908589,-4.114922136147859,-3.6795777604845856,-1.925288325593142,1.3412020927009516,-0.0999221139832497,3.9638507441902,-0.4441360716815598,1.3240769948011513
67.0,136.0,129.88369750976562,-0.0383849644671473,2.6829565493324656,-4.1152425670406885,-3.679085536259625,-1.9245625020625792,1.3398362901102925,-0.0989136901687004,3.964908554644228,-0.4445902552466633,1.3237140521602766
67.0,136.0,129.88369750976562,-0.0381150873514049,2.682542042709517,-4.114430642239843,-3.678878579382245,-1.9244999050184943,1.3406975087022637,-0.0999938618507068,3.963198803446204,-0.4438787615061223,1.3237429493033557
67.0,136.0,129.8837127685547,-0.0393439610213545,2.6830619422745308,-4.114604043222708,-3.680368689308013,-1.9229080885171144,1.340185094365083,-0.099360564882717,3.963476834582344,-0.4430568216979387,1.320904571426344
67.0,136.0,129.88369750976562,-0.0370319986549597,2.682141311654721,-4.11568919640137,-3.679601765843594,-1.9250876999733395,1.3398228311447469,-0.1004837490685165,3.964237534852891,-0.442657322459007,1.323574800022745
67.0,136.0,129.88369750976562,-0.0370807272260081,2.68264859514898,-4.115168223632826,-3.678252415128613,-1.9239598296335736,1.3405486072531194,-0.098422161926668,3.964345449074509,-0.4430919035377933,1.32368118639016
67.0,136.0,129.8837127685547,-0.0371175704728505,2.6812182813530163,-4.114826148555521,-3.6814360671443898,-1.9272192972100608,1.3392384010451557,-0.0975537949860169,3.963685680076699,-0.4423936017161028,1.3207502023375437
67.0,136.0,129.88369750976562,-0.0375504977495809,2.682280533818246,-4.115233018272244,-3.679761393898062,-1.925012808213688,1.3408448440508045,-0.0991535257406458,3.963799535448471,-0.4426996479812786,1.32341862225405
67.0,136.0,129.8837127685547,-0.0353928620126881,2.684844982485186,-4.114734682919397,-3.6814192467957407,-1.9241976470811808,1.3403668723367224,-0.1000266563011459,3.964715904633412,-0.4442067176368913,1.324261404745758
67.0,136.0,129.88369750976562,-0.0375050067521598,2.682394795215691,-4.114718372567042,-3.678092981168621,-1.9258440914610253,1.3400083563894525,-0.099182553119151,3.966016159885976,-0.4438312502809411,1.3218137438897066
67.0,136.0,129.88369750976562,-0.0385790505121479,2.6829151465589978,-4.114800802167872,-3.680258446862143,-1.924409893497719,1.340273682270729,-0.0988903953142273,3.964274155720028,-0.443693939368691,1.324358976709781
67.0,136.0,129.8837127685547,-0.040081021944508,2.682819963051315,-4.11573450425536,-3.678341426705801,-1.924630774856719,1.34016865119305,-0.0990628554863062,3.961913568924301,-0.4445842110298229,1.3246566623141085
67.0,136.0,129.8837127685547,-0.0383611265626394,2.683226787712788,-4.116181104027769,-3.679021207901581,-1.9237223788072124,1.3396867159900254,-0.0994498436116677,3.962246969983919,-0.4437140811166807,1.3235120612787594
67.0,136.0,129.88369750976562,-0.0379024272348933,2.681548237319513,-4.1147750510204935,-3.679808883893499,-1.9248620463978097,1.3398379650494014,-0.0992112748296654,3.963017815678836,-0.4424179299426491,1.3233375186841294
67.0,136.0,129.88369750976562,-0.0386119900478477,2.682502921158186,-4.115330536104988,-3.67922120648243,-1.924454899099244,1.3398214621333258,-0.0993185791376466,3.963886887649888,-0.4432911272000954,1.323338099550023
67.0,136.0,129.88369750976562,-0.0382477403859779,2.68273101332882,-4.115921932644253,-3.677978964649831,-1.924749009834854,1.3417441945558162,-0.0989616560098664,3.9650317801400976,-0.4436610931860999,1.3237025486479133
67.0,136.0,129.8837127685547,-0.0364560768668281,2.682721714580719,-4.114610761576856,-3.678669844667728,-1.923656373058044,1.34280432953933,-0.0980165365981388,3.961914111739603,-0.443794010845197,1.3223327511473926
67.0,136.0,129.88369750976562,-0.0368682580867013,2.6829220535883818,-4.115330151241876,-3.6800847775118006,-1.924143475813016,1.3403634962947215,-0.0977891263415146,3.964305456688996,-0.4434524361281761,1.323232495747224
67.0,136.0,129.88369750976562,-0.0385555590400413,2.682332051900679,-4.11561887003485,-3.678886500882304,-1.9246899936591084,1.339812599810698,-0.0990985889591814,3.964719517917539,-0.4435134565679196,1.3239478618172835
67.0,136.0,129.88369750976562,-0.0362685215543273,2.6824785535414897,-4.115228802300194,-3.679666890710486,-1.924817154336768,1.3397913112986377,-0.0984104785689082,3.965220519508229,-0.4431274438343454,1.3229101875008091
67.0,136.0,129.88369750976562,-0.0375539125029723,2.683178260371717,-4.114369649219112,-3.679430716965344,-1.9246000535494767,1.3402022966892828,-0.0991060381317665,3.964045450719317,-0.4435850165156397,1.3232991003993002
67.0,136.0,129.8837127685547,-0.0377462765827165,2.682754760261481,-4.116597352360581,-3.6779847629580704,-1.9229277577136537,1.3396366035122156,-0.099180540659422,3.9640289350007456,-0.4424196705885159,1.322401396617004
67.0,136.0,129.8837127685547,-0.0384557015208323,2.682627415337113,-4.1123587635104615,-3.680209406948144,-1.9237014243757844,1.34270171189778,-0.0991206517234278,3.9639897608437753,-0.4421421290146739,1.3241146792666707
67.0,136.0,129.88369750976562,-0.0391015901040685,2.6832066369908216,-4.11469770047713,-3.680059309122311,-1.9260168474946973,1.3411719572718803,-0.0990887163406583,3.963894911594921,-0.4433537251091182,1.3222977704533132
67.0,136.0,129.88369750976562,-0.0371238674580442,2.6828863163114574,-4.116450644235016,-3.678852193219088,-1.9245006772364748,1.340853961483298,-0.1003745299408251,3.96483297132265,-0.4438758320633198,1.32253467512871
67.0,136.0,129.88369750976562,-0.0387529514039979,2.682332987600346,-4.114907536737543,-3.6795098013530296,-1.9263257462158496,1.3407473142017434,-0.0999818312495976,3.964815872089346,-0.4437279455012012,1.3221885533632094
67.0,136.0,129.88369750976562,-0.0385026246801999,2.681902136710416,-4.116577281202409,-3.680540846948508,-1.92433206385908,1.3402460540770993,-0.099126385258616,3.9633692913641982,-0.4437405342625667,1.3232985721522927
67.0,137.0,129.8837127685547,-0.0410699955461876,2.682615507496506,-4.114835259838518,-3.6779582796373433,-1.9260988828092271,1.3409769554833308,-0.0997314706898726,3.963451229424613,-0.445619098497478,1.323987936238162
67.0,137.0,129.88369750976562,-0.0386144815276365,2.682602177420531,-4.114692785083619,-3.6782825809630206,-1.925857278402108,1.3408475275948784,-0.0997619686173913,3.964034353113425,-0.4420803106852294,1.323383683790692
67.0,137.0,129.88369750976562,-0.0384255196221009,2.6828457518910365,-4.115229419906435,-3.678280070499364,-1.9241863635424368,1.340197132733122,-0.0989346872452995,3.965045366748188,-0.4436973324717846,1.3237061726352286
67.0,137.0,129.8837127685547,-0.0383018451630346,2.6825657222281154,-4.115490430001167,-3.682651472125516,-1.9231239052756093,1.340025079312943,-0.0984281458914428,3.964438100958562,-0.44245859712267,1.3243555689868682
67.0,137.0,129.88369750976562,-0.0382635524696136,2.682419967614642,-4.114786126384205,-3.679311634560755,-1.925978686292598,1.3411333845684037,-0.0987597980305496,3.9641414728433215,-0.4424791061193618,1.320928414315454
67.0,137.0,129.88369750976562,-0.0384394284723971,2.682975909148543,-4.114785849651962,-3.679239009035948,-1.9244454601702328,1.3399968271028857,-0.0992974966139006,3.9634126109169294,-0.4438348749963561,1.323728487499586
67.0,137.0,129.88369750976562,-0.0375151009923383,2.6815405326175563,-4.11492126820321,-3.678696413336605,-1.9248538354858755,1.3399425126041962,-0.0987835979778907,3.963714046279793,-0.4446811609730565,1.323395357397754
67.0,137.0,129.88369750976562,-0.0377454066103169,2.6825043046280004,-4.114788089707397,-3.679652743106941,-1.9244710726958925,1.340134709603629,-0.1004671214614538,3.9636188560680137,-0.4424447477359667,1.3231665976907154
67.0,137.0,129.8837127685547,-0.0362652747973755,2.6823901769844523,-4.116293217939296,-3.6782962831329993,-1.928995849366236,1.3427363674667676,-0.0986275656262325,3.964030074260883,-0.444997731679174,1.3229369289227255
67.0,137.0,129.88369750976562,-0.0383554438796345,2.6837078456050074,-4.1148397309375175,-3.6796427651577615,-1.925935618093105,1.3413987342605571,-0.0995517511654577,3.963735392106942,-0.4447510661004394,1.3223569690262462
67.0,137.0,129.88369750976562,-0.0374471514184957,2.6830290313127803,-4.114093649499316,-3.679834210451842,-1.924097479454128,1.3403730799535918,-0.0989693227775162,3.9646815998637,-0.4441470635204132,1.3235251103658887
67.0,137.0,129.88369750976562,-0.0382710782515905,2.682893249029939,-4.115279657961465,-3.6792257495786993,-1.924598940320268,1.340114582927606,-0.0982937747407807,3.963413311773425,-0.4438361054294831,1.3238186492275428
67.0,137.0,129.88369750976562,-0.0386767940782647,2.6825724445294745,-4.114978013222114,-3.6803825219341575,-1.925471672712967,1.340026883894302,-0.1000383970307691,3.965015974768844,-0.4424138905121658,1.3231790020943524
67.0,137.0,129.88369750976562,-0.0386743878574695,2.682514171969066,-4.114506661615946,-3.679438333994672,-1.9243521442453364,1.339783745789752,-0.0992489063510318,3.963839175972056,-0.4434921678817331,1.3240327725928551
67.0,137.0,129.8837127685547,-0.0381877718237811,2.681269931177165,-4.115189659054024,-3.682085768835373,-1.9230510096111444,1.3398880451910875,-0.1009314762252844,3.963350996410638,-0.4439422476527043,1.324298345464992
67.0,137.0,129.88369750976562,-0.038409736125438,2.683223324443615,-4.114847609240932,-3.679415568245977,-1.9254956460903945,1.339956890140793,-0.0993767820110977,3.96545346379171,-0.4440833734044859,1.3235641918682983
67.0,137.0,129.8837127685547,-0.0381328019135585,2.6843326087515296,-4.1158076832592405,-3.677663573512685,-1.9246571519067115,1.3399667605667585,-0.1003988303632348,3.962898718619855,-0.4420186213820374,1.3237076275845006
67.0,137.0,129.8837127685547,-0.0365358024724783,2.6818681070312835,-4.112865976977184,-3.679602687252389,-1.924349351054988,1.3402820676057443,-0.1018320141376777,3.9651600061539054,-0.4432204102345752,1.3243243450746875
67.0,137.0,129.88369750976562,-0.0383216637770437,2.6825741157856324,-4.114967170153109,-3.6780063208760607,-1.924454085840296,1.3404595116488414,-0.099584917212826,3.9638032536282113,-0.4437830930453497,1.3237113962040006
67.0,137.0,129.88369750976562,-0.0379767604336877,2.680744641094622,-4.114477853527157,-3.6801701846835897,-1.924400799866619,1.3404674448137248,-0.0999418297218291,3.9646977554076215,-0.4444012423801128,1.3236911002911962
67.0,137.0,129.8837127685547,-0.0394642453231005,2.6822165907899134,-4.114074645352336,-3.6799137978066345,-1.9238931671670203,1.3420153525299825,-0.0998143531951303,3.9629751126011934,-0.4443550203742832,1.3235550677799133
67.0,137.0,129.88369750976562,-0.0383148729229902,2.6832796999404445,-4.116294179060572,-3.6793979513078847,-1.9250865185851764,1.340689295518906,-0.0983386555168854,3.963023765613142,-0.4436402091529069,1.323783064095721
67.0,137.0,129.88369750976562,-0.0379627504806742,2.6821752792535305,-4.115112653936806,-3.679108163981376,-1.9271989799946387,1.3404670547282131,-0.0989285936155462,3.963762776092248,-0.4436037889685726,1.3234545198064809
67.0,137.0,129.88369750976562,-0.0392187524807247,2.683054261908589,-4.114922136147859,-3.6795777604845856,-1.925288325593142,1.3412020927009516,-0.0999221139832497,3.9638507441902,-0.4441360716815598,1.3240769948011513
67.0,137.0,129.88369750976562,-0.0383849644671473,2.6829565493324656,-4.1152425670406885,-3.679085536259625,-1.9245625020625792,1.3398362901102925,-0.0989136901687004,3.964908554644228,-0.4445902552466633,1.3237140521602766
67.0,137.0,129.88369750976562,-0.0381150873514049,2.682542042709517,-4.114430642239843,-3.678878579382245,-1.9244999050184943,1.3406975087022637,-0.0999938618507068,3.963198803446204,-0.4438787615061223,1.3237429493033557
67.0,137.0,129.8837127685547,-0.0393439610213545,2.6830619422745308,-4.114604043222708,-3.680368689308013,-1.9229080885171144,1.340185094365083,-0.099360564882717,3.963476834582344,-0.4430568216979387,1.320904571426344
67.0,137.0,129.88369750976562,-0.0370319986549597,2.682141311654721,-4.11568919640137,-3.679601765843594,-1.9250876999733395,1.3398228311447469,-0.1004837490685165,3.964237534852891,-0.442657322459007,1.323574800022745
67.0,137.0,129.88369750976562,-0.0370807272260081,2.68264859514898,-4.115168223632826,-3.678252415128613,-1.9239598296335736,1.3405486072531194,-0.098422161926668,3.964345449074509,-0.4430919035377933,1.32368118639016
67.0,137.0,129.8837127685547,-0.0371175704728505,2.6812182813530163,-4.114826148555521,-3.6814360671443898,-1.9272192972100608,1.3392384010451557,-0.0975537949860169,3.963685680076699,-0.4423936017161028,1.3207502023375437
67.0,137.0,129.88369750976562,-0.0375504977495809,2.682280533818246,-4.115233018272244,-3.679761393898062,-1.925012808213688,1.3408448440508045,-0.0991535257406458,3.963799535448471,-0.4426996479812786,1.32341862225405
67.0,137.0,129.8837127685547,-0.0353928620126881,2.684844982485186,-4.114734682919397,-3.6814192467957407,-1.9241976470811808,1.3403668723367224,-0.1000266563011459,3.964715904633412,-0.4442067176368913,1.324261404745758
67.0,137.0,129.88369750976562,-0.0375050067521598,2.682394795215691,-4.114718372567042,-3.678092981168621,-1.9258440914610253,1.3400083563894525,-0.099182553119151,3.966016159885976,-0.4438312502809411,1.3218137438897066
67.0,137.0,129.88369750976562,-0.0385790505121479,2.6829151465589978,-4.114800802167872,-3.680258446862143,-1.924409893497719,1.340273682270729,-0.0988903953142273,3.964274155720028,-0.443693939368691,1.324358976709781
67.0,137.0,129.8837127685547,-0.040081021944508,2.682819963051315,-4.11573450425536,-3.678341426705801,-1.924630774856719,1.34016865119305,-0.0990628554863062,3.961913568924301,-0.4445842110298229,1.3246566623141085
67.0,137.0,129.8837127685547,-0.0383611265626394,2.683226787712788,-4.116181104027769,-3.679021207901581,-1.9237223788072124,1.3396867159900254,-0.0994498436116677,3.962246969983919,-0.4437140811166807,1.3235120612787594
67.0,137.0,129.88369750976562,-0.0379024272348933,2.681548237319513,-4.1147750510204935,-3.679808883893499,-1.9248620463978097,1.3398379650494014,-0.0992112748296654,3.963017815678836,-0.4424179299426491,1.3233375186841294
67.0,137.0,129.88369750976562,-0.0386119900478477,2.682502921158186,-4.115330536104988,-3.67922120648243,-1.924454899099244,1.3398214621333258,-0.0993185791376466,3.963886887649888,-0.4432911272000954,1.323338099550023
67.0,137.0,129.88369750976562,-0.0382477403859779,2.68273101332882,-4.115921932644253,-3.677978964649831,-1.924749009834854,1.3417441945558162,-0.0989616560098664,3.9650317801400976,-0.4436610931860999,1.3237025486479133
67.0,137.0,129.8837127685547,-0.0364560768668281,2.682721714580719,-4.114610761576856,-3.678669844667728,-1.923656373058044,1.34280432953933,-0.0980165365981388,3.961914111739603,-0.443794010845197,1.3223327511473926
67.0,137.0,129.88369750976562,-0.0368682580867013,2.6829220535883818,-4.115330151241876,-3.6800847775118006,-1.924143475813016,1.3403634962947215,-0.0977891263415146,3.964305456688996,-0.4434524361281761,1.323232495747224
67.0,137.0,129.88369750976562,-0.0385555590400413,2.682332051900679,-4.11561887003485,-3.678886500882304,-1.9246899936591084,1.339812599810698,-0.0990985889591814,3.964719517917539,-0.4435134565679196,1.3239478618172835
67.0,137.0,129.88369750976562,-0.0362685215543273,2.6824785535414897,-4.115228802300194,-3.679666890710486,-1.924817154336768,1.3397913112986377,-0.0984104785689082,3.965220519508229,-0.4431274438343454,1.3229101875008091
67.0,137.0,129.88369750976562,-0.0375539125029723,2.683178260371717,-4.114369649219112,-3.679430716965344,-1.9246000535494767,1.3402022966892828,-0.0991060381317665,3.964045450719317,-0.4435850165156397,1.3232991003993002
67.0,137.0,129.8837127685547,-0.0377462765827165,2.682754760261481,-4.116597352360581,-3.6779847629580704,-1.9229277577136537,1.3396366035122156,-0.099180540659422,3.9640289350007456,-0.4424196705885159,1.322401396617004
67.0,137.0,129.8837127685547,-0.0384557015208323,2.682627415337113,-4.1123587635104615,-3.680209406948144,-1.9237014243757844,1.34270171189778,-0.0991206517234278,3.9639897608437753,-0.4421421290146739,1.3241146792666707
67.0,137.0,129.88369750976562,-0.0391015901040685,2.6832066369908216,-4.11469770047713,-3.680059309122311,-1.9260168474946973,1.3411719572718803,-0.0990887163406583,3.963894911594921,-0.4433537251091182,1.3222977704533132
67.0,137.0,129.88369750976562,-0.0371238674580442,2.6828863163114574,-4.116450644235016,-3.678852193219088,-1.9245006772364748,1.340853961483298,-0.1003745299408251,3.96483297132265,-0.4438758320633198,1.32253467512871
67.0,137.0,129.88369750976562,-0.0387529514039979,2.682332987600346,-4.114907536737543,-3.6795098013530296,-1.9263257462158496,1.3407473142017434,-0.0999818312495976,3.964815872089346,-0.4437279455012012,1.3221885533632094
67.0,137.0,129.88369750976562,-0.0385026246801999,2.681902136710416,-4.116577281202409,-3.680540846948508,-1.92433206385908,1.3402460540770993,-0.099126385258616,3.9633692913641982,-0.4437405342625667,1.3232985721522927
67.0,138.0,129.8837127685547,-0.0410699955461876,2.682615507496506,-4.114835259838518,-3.6779582796373433,-1.9260988828092271,1.3409769554833308,-0.0997314706898726,3.963451229424613,-0.445619098497478,1.323987936238162
67.0,138.0,129.88369750976562,-0.0386144815276365,2.682602177420531,-4.114692785083619,-3.6782825809630206,-1.925857278402108,1.3408475275948784,-0.0997619686173913,3.964034353113425,-0.4420803106852294,1.323383683790692
67.0,138.0,129.88369750976562,-0.0384255196221009,2.6828457518910365,-4.115229419906435,-3.678280070499364,-1.9241863635424368,1.340197132733122,-0.0989346872452995,3.965045366748188,-0.4436973324717846,1.3237061726352286
67.0,138.0,129.8837127685547,-0.0383018451630346,2.6825657222281154,-4.115490430001167,-3.682651472125516,-1.9231239052756093,1.340025079312943,-0.0984281458914428,3.964438100958562,-0.44245859712267,1.3243555689868682
67.0,138.0,129.88369750976562,-0.0382635524696136,2.682419967614642,-4.114786126384205,-3.679311634560755,-1.925978686292598,1.3411333845684037,-0.0987597980305496,3.9641414728433215,-0.4424791061193618,1.320928414315454
67.0,138.0,129.88369750976562,-0.0384394284723971,2.682975909148543,-4.114785849651962,-3.679239009035948,-1.9244454601702328,1.3399968271028857,-0.0992974966139006,3.9634126109169294,-0.4438348749963561,1.323728487499586
67.0,138.0,129.88369750976562,-0.0375151009923383,2.6815405326175563,-4.11492126820321,-3.678696413336605,-1.9248538354858755,1.3399425126041962,-0.0987835979778907,3.963714046279793,-0.4446811609730565,1.323395357397754
67.0,138.0,129.88369750976562,-0.0377454066103169,2.6825043046280004,-4.114788089707397,-3.679652743106941,-1.9244710726958925,1.340134709603629,-0.1004671214614538,3.9636188560680137,-0.4424447477359667,1.3231665976907154
67.0,138.0,129.8837127685547,-0.0362652747973755,2.6823901769844523,-4.116293217939296,-3.6782962831329993,-1.928995849366236,1.3427363674667676,-0.0986275656262325,3.964030074260883,-0.444997731679174,1.3229369289227255
67.0,138.0,129.88369750976562,-0.0383554438796345,2.6837078456050074,-4.1148397309375175,-3.6796427651577615,-1.925935618093105,1.3413987342605571,-0.0995517511654577,3.963735392106942,-0.4447510661004394,1.3223569690262462
67.0,138.0,129.88369750976562,-0.0374471514184957,2.6830290313127803,-4.114093649499316,-3.679834210451842,-1.924097479454128,1.3403730799535918,-0.0989693227775162,3.9646815998637,-0.4441470635204132,1.3235251103658887
67.0,138.0,129.88369750976562,-0.0382710782515905,2.682893249029939,-4.115279657961465,-3.6792257495786993,-1.924598940320268,1.340114582927606,-0.0982937747407807,3.963413311773425,-0.4438361054294831,1.3238186492275428
67.0,138.0,129.88369750976562,-0.0386767940782647,2.6825724445294745,-4.114978013222114,-3.6803825219341575,-1.925471672712967,1.340026883894302,-0.1000383970307691,3.965015974768844,-0.4424138905121658,1.3231790020943524
67.0,138.0,129.88369750976562,-0.0386743878574695,2.682514171969066,-4.114506661615946,-3.679438333994672,-1.9243521442453364,1.339783745789752,-0.0992489063510318,3.963839175972056,-0.4434921678817331,1.3240327725928551
67.0,138.0,129.8837127685547,-0.0381877718237811,2.681269931177165,-4.115189659054024,-3.682085768835373,-1.9230510096111444,1.3398880451910875,-0.1009314762252844,3.963350996410638,-0.4439422476527043,1.324298345464992
67.0,138.0,129.88369750976562,-0.038409736125438,2.683223324443615,-4.114847609240932,-3.679415568245977,-1.9254956460903945,1.339956890140793,-0.0993767820110977,3.96545346379171,-0.4440833734044859,1.3235641918682983
67.0,138.0,129.8837127685547,-0.0381328019135585,2.6843326087515296,-4.1158076832592405,-3.677663573512685,-1.9246571519067115,1.3399667605667585,-0.1003988303632348,3.962898718619855,-0.4420186213820374,1.3237076275845006
67.0,138.0,129.8837127685547,-0.0365358024724783,2.6818681070312835,-4.112865976977184,-3.679602687252389,-1.924349351054988,1.3402820676057443,-0.1018320141376777,3.9651600061539054,-0.4432204102345752,1.3243243450746875
67.0,138.0,129.88369750976562,-0.0383216637770437,2.6825741157856324,-4.114967170153109,-3.6780063208760607,-1.924454085840296,1.3404595116488414,-0.099584917212826,3.9638032536282113,-0.4437830930453497,1.3237113962040006
67.0,138.0,129.88369750976562,-0.0379767604336877,2.680744641094622,-4.114477853527157,-3.6801701846835897,-1.924400799866619,1.3404674448137248,-0.0999418297218291,3.9646977554076215,-0.4444012423801128,1.3236911002911962
67.0,138.0,129.8837127685547,-0.0394642453231005,2.6822165907899134,-4.114074645352336,-3.6799137978066345,-1.9238931671670203,1.3420153525299825,-0.0998143531951303,3.9629751126011934,-0.4443550203742832,1.3235550677799133
67.0,138.0,129.88369750976562,-0.0383148729229902,2.6832796999404445,-4.116294179060572,-3.6793979513078847,-1.9250865185851764,1.340689295518906,-0.0983386555168854,3.963023765613142,-0.4436402091529069,1.323783064095721
67.0,138.0,129.88369750976562,-0.0379627504806742,2.6821752792535305,-4.115112653936806,-3.679108163981376,-1.9271989799946387,1.3404670547282131,-0.0989285936155462,3.963762776092248,-0.4436037889685726,1.3234545198064809
67.0,138.0,129.88369750976562,-0.0392187524807247,2.683054261908589,-4.114922136147859,-3.6795777604845856,-1.925288325593142,1.3412020927009516,-0.0999221139832497,3.9638507441902,-0.4441360716815598,1.3240769948011513
67.0,138.0,129.88369750976562,-0.0383849644671473,2.6829565493324656,-4.1152425670406885,-3.679085536259625,-1.9245625020625792,1.3398362901102925,-0.0989136901687004,3.964908554644228,-0.4445902552466633,1.3237140521602766
67.0,138.0,129.88369750976562,-0.0381150873514049,2.682542042709517,-4.114430642239843,-3.678878579382245,-1.9244999050184943,1.3406975087022637,-0.0999938618507068,3.963198803446204,-0.4438787615061223,1.3237429493033557
67.0,138.0,129.8837127685547,-0.0393439610213545,2.6830619422745308,-4.114604043222708,-3.680368689308013,-1.9229080885171144,1.340185094365083,-0.099360564882717,3.963476834582344,-0.4430568216979387,1.320904571426344
67.0,138.0,129.88369750976562,-0.0370319986549597,2.682141311654721,-4.11568919640137,-3.679601765843594,-1.9250876999733395,1.3398228311447469,-0.1004837490685165,3.964237534852891,-0.442657322459007,1.323574800022745
67.0,138.0,129.88369750976562,-0.0370807272260081,2.68264859514898,-4.115168223632826,-3.678252415128613,-1.9239598296335736,1.3405486072531194,-0.098422161926668,3.964345449074509,-0.4430919035377933,1.32368118639016
67.0,138.0,129.8837127685547,-0.0371175704728505,2.6812182813530163,-4.114826148555521,-3.6814360671443898,-1.9272192972100608,1.3392384010451557,-0.0975537949860169,3.963685680076699,-0.4423936017161028,1.3207502023375437
67.0,138.0,129.88369750976562,-0.0375504977495809,2.682280533818246,-4.115233018272244,-3.679761393898062,-1.925012808213688,1.3408448440508045,-0.0991535257406458,3.963799535448471,-0.4426996479812786,1.32341862225405
67.0,138.0,129.8837127685547,-0.0353928620126881,2.684844982485186,-4.114734682919397,-3.6814192467957407,-1.9241976470811808,1.3403668723367224,-0.1000266563011459,3.964715904633412,-0.4442067176368913,1.324261404745758
67.0,138.0,129.88369750976562,-0.0375050067521598,2.682394795215691,-4.114718372567042,-3.678092981168621,-1.9258440914610253,1.3400083563894525,-0.099182553119151,3.966016159885976,-0.4438312502809411,1.3218137438897066
67.0,138.0,129.88369750976562,-0.0385790505121479,2.6829151465589978,-4.114800802167872,-3.680258446862143,-1.924409893497719,1.340273682270729,-0.0988903953142273,3.964274155720028,-0.443693939368691,1.324358976709781
67.0,138.0,129.8837127685547,-0.040081021944508,2.682819963051315,-4.11573450425536,-3.678341426705801,-1.924630774856719,1.34016865119305,-0.0990628554863062,3.961913568924301,-0.4445842110298229,1.3246566623141085
67.0,138.0,129.8837127685547,-0.0383611265626394,2.683226787712788,-4.116181104027769,-3.679021207901581,-1.9237223788072124,1.3396867159900254,-0.0994498436116677,3.962246969983919,-0.4437140811166807,1.3235120612787594
67.0,138.0,129.88369750976562,-0.0379024272348933,2.681548237319513,-4.1147750510204935,-3.679808883893499,-1.9248620463978097,1.3398379650494014,-0.0992112748296654,3.963017815678836,-0.4424179299426491,1.3233375186841294
67.0,138.0,129.88369750976562,-0.0386119900478477,2.682502921158186,-4.115330536104988,-3.67922120648243,-1.924454899099244,1.3398214621333258,-0.0993185791376466,3.963886887649888,-0.4432911272000954,1.323338099550023
67.0,138.0,129.88369750976562,-0.0382477403859779,2.68273101332882,-4.115921932644253,-3.677978964649831,-1.924749009834854,1.3417441945558162,-0.0989616560098664,3.9650317801400976,-0.4436610931860999,1.3237025486479133
67.0,138.0,129.8837127685547,-0.0364560768668281,2.682721714580719,-4.114610761576856,-3.678669844667728,-1.923656373058044,1.34280432953933,-0.0980165365981388,3.961914111739603,-0.443794010845197,1.3223327511473926
67.0,138.0,129.88369750976562,-0.0368682580867013,2.6829220535883818,-4.115330151241876,-3.6800847775118006,-1.924143475813016,1.3403634962947215,-0.0977891263415146,3.964305456688996,-0.4434524361281761,1.323232495747224
67.0,138.0,129.88369750976562,-0.0385555590400413,2.682332051900679,-4.11561887003485,-3.678886500882304,-1.9246899936591084,1.339812599810698,-0.0990985889591814,3.964719517917539,-0.4435134565679196,1.3239478618172835
67.0,138.0,129.88369750976562,-0.0362685215543273,2.6824785535414897,-4.115228802300194,-3.679666890710486,-1.924817154336768,1.3397913112986377,-0.0984104785689082,3.965220519508229,-0.4431274438343454,1.3229101875008091
67.0,138.0,129.88369750976562,-0.0375539125029723,2.683178260371717,-4.114369649219112,-3.679430716965344,-1.9246000535494767,1.3402022966892828,-0.0991060381317665,3.964045450719317,-0.4435850165156397,1.3232991003993002
67.0,138.0,129.8837127685547,-0.0377462765827165,2.682754760261481,-4.116597352360581,-3.6779847629580704,-1.9229277577136537,1.3396366035122156,-0.099180540659422,3.9640289350007456,-0.4424196705885159,1.322401396617004
67.0,138.0,129.8837127685547,-0.0384557015208323,2.682627415337113,-4.1123587635104615,-3.680209406948144,-1.9237014243757844,1.34270171189778,-0.0991206517234278,3.9639897608437753,-0.4421421290146739,1.3241146792666707
67.0,138.0,129.88369750976562,-0.0391015901040685,2.6832066369908216,-4.11469770047713,-3.680059309122311,-1.9260168474946973,1.3411719572718803,-0.0990887163406583,3.963894911594921,-0.4433537251091182,1.3222977704533132
67.0,138.0,129.88369750976562,-0.0371238674580442,2.6828863163114574,-4.116450644235016,-3.678852193219088,-1.9245006772364748,1.340853961483298,-0.1003745299408251,3.96483297132265,-0.4438758320633198,1.32253467512871
67.0,138.0,129.88369750976562,-0.0387529514039979,2.682332987600346,-4.114907536737543,-3.6795098013530296,-1.9263257462158496,1.3407473142017434,-0.0999818312495976,3.964815872089346,-0.4437279455012012,1.3221885533632094
67.0,138.0,129.88369750976562,-0.0385026246801999,2.681902136710416,-4.116577281202409,-3.680540846948508,-1.92433206385908,1.3402460540770993,-0.099126385258616,3.9633692913641982,-0.4437405342625667,1.3232985721522927
67.0,139.0,129.8837127685547,-0.0410699955461876,2.682615507496506,-4.114835259838518,-3.6779582796373433,-1.9260988828092271,1.3409769554833308,-0.0997314706898726,3.963451229424613,-0.445619098497478,1.323987936238162
67.0,139.0,129.88369750976562,-0.0386144815276365,2.682602177420531,-4.114692785083619,-3.6782825809630206,-1.925857278402108,1.3408475275948784,-0.0997619686173913,3.964034353113425,-0.4420803106852294,1.323383683790692
67.0,139.0,129.88369750976562,-0.0384255196221009,2.6828457518910365,-4.115229419906435,-3.678280070499364,-1.9241863635424368,1.340197132733122,-0.0989346872452995,3.965045366748188,-0.4436973324717846,1.3237061726352286
67.0,139.0,129.8837127685547,-0.0383018451630346,2.6825657222281154,-4.115490430001167,-3.682651472125516,-1.9231239052756093,1.340025079312943,-0.0984281458914428,3.964438100958562,-0.44245859712267,1.3243555689868682
67.0,139.0,129.88369750976562,-0.0382635524696136,2.682419967614642,-4.114786126384205,-3.679311634560755,-1.925978686292598,1.3411333845684037,-0.0987597980305496,3.9641414728433215,-0.4424791061193618,1.320928414315454
67.0,139.0,129.88369750976562,-0.0384394284723971,2.682975909148543,-4.114785849651962,-3.679239009035948,-1.9244454601702328,1.3399968271028857,-0.0992974966139006,3.9634126109169294,-0.4438348749963561,1.323728487499586
67.0,139.0,129.88369750976562,-0.0375151009923383,2.6815405326175563,-4.11492126820321,-3.678696413336605,-1.9248538354858755,1.3399425126041962,-0.0987835979778907,3.963714046279793,-0.4446811609730565,1.323395357397754
67.0,139.0,129.88369750976562,-0.0377454066103169,2.6825043046280004,-4.114788089707397,-3.679652743106941,-1.9244710726958925,1.340134709603629,-0.1004671214614538,3.9636188560680137,-0.4424447477359667,1.3231665976907154
67.0,139.0,129.8837127685547,-0.0362652747973755,2.6823901769844523,-4.116293217939296,-3.6782962831329993,-1.928995849366236,1.3427363674667676,-0.0986275656262325,3.964030074260883,-0.444997731679174,1.3229369289227255
67.0,139.0,129.88369750976562,-0.0383554438796345,2.6837078456050074,-4.1148397309375175,-3.6796427651577615,-1.925935618093105,1.3413987342605571,-0.0995517511654577,3.963735392106942,-0.4447510661004394,1.3223569690262462
67.0,139.0,129.88369750976562,-0.0374471514184957,2.6830290313127803,-4.114093649499316,-3.679834210451842,-1.924097479454128,1.3403730799535918,-0.0989693227775162,3.9646815998637,-0.4441470635204132,1.3235251103658887
67.0,139.0,129.88369750976562,-0.0382710782515905,2.682893249029939,-4.115279657961465,-3.6792257495786993,-1.924598940320268,1.340114582927606,-0.0982937747407807,3.963413311773425,-0.4438361054294831,1.3238186492275428
67.0,139.0,129.88369750976562,-0.0386767940782647,2.6825724445294745,-4.114978013222114,-3.6803825219341575,-1.925471672712967,1.340026883894302,-0.1000383970307691,3.965015974768844,-0.4424138905121658,1.3231790020943524
67.0,139.0,129.88369750976562,-0.0386743878574695,2.682514171969066,-4.114506661615946,-3.679438333994672,-1.9243521442453364,1.339783745789752,-0.0992489063510318,3.963839175972056,-0.4434921678817331,1.3240327725928551
67.0,139.0,129.8837127685547,-0.0381877718237811,2.681269931177165,-4.115189659054024,-3.682085768835373,-1.9230510096111444,1.3398880451910875,-0.1009314762252844,3.963350996410638,-0.4439422476527043,1.324298345464992
67.0,139.0,129.88369750976562,-0.038409736125438,2.683223324443615,-4.114847609240932,-3.679415568245977,-1.9254956460903945,1.339956890140793,-0.0993767820110977,3.96545346379171,-0.4440833734044859,1.3235641918682983
67.0,139.0,129.8837127685547,-0.0381328019135585,2.6843326087515296,-4.1158076832592405,-3.677663573512685,-1.9246571519067115,1.3399667605667585,-0.1003988303632348,3.962898718619855,-0.4420186213820374,1.3237076275845006
67.0,139.0,129.8837127685547,-0.0365358024724783,2.6818681070312835,-4.112865976977184,-3.679602687252389,-1.924349351054988,1.3402820676057443,-0.1018320141376777,3.9651600061539054,-0.4432204102345752,1.3243243450746875
67.0,139.0,129.88369750976562,-0.0383216637770437,2.6825741157856324,-4.114967170153109,-3.6780063208760607,-1.924454085840296,1.3404595116488414,-0.099584917212826,3.9638032536282113,-0.4437830930453497,1.3237113962040006
67.0,139.0,129.88369750976562,-0.0379767604336877,2.680744641094622,-4.114477853527157,-3.6801701846835897,-1.924400799866619,1.3404674448137248,-0.0999418297218291,3.9646977554076215,-0.4444012423801128,1.3236911002911962
67.0,139.0,129.8837127685547,-0.0394642453231005,2.6822165907899134,-4.114074645352336,-3.6799137978066345,-1.9238931671670203,1.3420153525299825,-0.0998143531951303,3.9629751126011934,-0.4443550203742832,1.3235550677799133
67.0,139.0,129.88369750976562,-0.0383148729229902,2.6832796999404445,-4.116294179060572,-3.6793979513078847,-1.9250865185851764,1.340689295518906,-0.0983386555168854,3.963023765613142,-0.4436402091529069,1.323783064095721
67.0,139.0,129.88369750976562,-0.0379627504806742,2.6821752792535305,-4.115112653936806,-3.679108163981376,-1.9271989799946387,1.3404670547282131,-0.0989285936155462,3.963762776092248,-0.4436037889685726,1.3234545198064809
67.0,139.0,129.88369750976562,-0.0392187524807247,2.683054261908589,-4.114922136147859,-3.6795777604845856,-1.925288325593142,1.3412020927009516,-0.0999221139832497,3.9638507441902,-0.4441360716815598,1.3240769948011513
67.0,139.0,129.88369750976562,-0.0383849644671473,2.6829565493324656,-4.1152425670406885,-3.679085536259625,-1.9245625020625792,1.3398362901102925,-0.0989136901687004,3.964908554644228,-0.4445902552466633,1.3237140521602766
67.0,139.0,129.88369750976562,-0.0381150873514049,2.682542042709517,-4.114430642239843,-3.678878579382245,-1.9244999050184943,1.3406975087022637,-0.0999938618507068,3.963198803446204,-0.4438787615061223,1.3237429493033557
67.0,139.0,129.8837127685547,-0.0393439610213545,2.6830619422745308,-4.114604043222708,-3.680368689308013,-1.9229080885171144,1.340185094365083,-0.099360564882717,3.963476834582344,-0.4430568216979387,1.320904571426344
67.0,139.0,129.88369750976562,-0.0370319986549597,2.682141311654721,-4.11568919640137,-3.679601765843594,-1.9250876999733395,1.3398228311447469,-0.1004837490685165,3.964237534852891,-0.442657322459007,1.323574800022745
67.0,139.0,129.88369750976562,-0.0370807272260081,2.68264859514898,-4.115168223632826,-3.678252415128613,-1.9239598296335736,1.3405486072531194,-0.098422161926668,3.964345449074509,-0.4430919035377933,1.32368118639016
67.0,139.0,129.8837127685547,-0.0371175704728505,2.6812182813530163,-4.114826148555521,-3.6814360671443898,-1.9272192972100608,1.3392384010451557,-0.0975537949860169,3.963685680076699,-0.4423936017161028,1.3207502023375437
67.0,139.0,129.88369750976562,-0.0375504977495809,2.682280533818246,-4.115233018272244,-3.679761393898062,-1.925012808213688,1.3408448440508045,-0.0991535257406458,3.963799535448471,-0.4426996479812786,1.32341862225405
67.0,139.0,129.8837127685547,-0.0353928620126881,2.684844982485186,-4.114734682919397,-3.6814192467957407,-1.9241976470811808,1.3403668723367224,-0.1000266563011459,3.964715904633412,-0.4442067176368913,1.324261404745758
67.0,139.0,129.88369750976562,-0.0375050067521598,2.682394795215691,-4.114718372567042,-3.678092981168621,-1.9258440914610253,1.3400083563894525,-0.099182553119151,3.966016159885976,-0.4438312502809411,1.3218137438897066
67.0,139.0,129.88369750976562,-0.0385790505121479,2.6829151465589978,-4.114800802167872,-3.680258446862143,-1.924409893497719,1.340273682270729,-0.0988903953142273,3.964274155720028,-0.443693939368691,1.324358976709781
67.0,139.0,129.8837127685547,-0.040081021944508,2.682819963051315,-4.11573450425536,-3.678341426705801,-1.924630774856719,1.34016865119305,-0.0990628554863062,3.961913568924301,-0.4445842110298229,1.3246566623141085
67.0,139.0,129.8837127685547,-0.0383611265626394,2.683226787712788,-4.116181104027769,-3.679021207901581,-1.9237223788072124,1.3396867159900254,-0.0994498436116677,3.962246969983919,-0.4437140811166807,1.3235120612787594
67.0,139.0,129.88369750976562,-0.0379024272348933,2.681548237319513,-4.1147750510204935,-3.679808883893499,-1.9248620463978097,1.3398379650494014,-0.0992112748296654,3.963017815678836,-0.4424179299426491,1.3233375186841294
67.0,139.0,129.88369750976562,-0.0386119900478477,2.682502921158186,-4.115330536104988,-3.67922120648243,-1.924454899099244,1.3398214621333258,-0.0993185791376466,3.963886887649888,-0.4432911272000954,1.323338099550023
67.0,139.0,129.88369750976562,-0.0382477403859779,2.68273101332882,-4.115921932644253,-3.677978964649831,-1.924749009834854,1.3417441945558162,-0.0989616560098664,3.9650317801400976,-0.4436610931860999,1.3237025486479133
67.0,139.0,129.8837127685547,-0.0364560768668281,2.682721714580719,-4.114610761576856,-3.678669844667728,-1.923656373058044,1.34280432953933,-0.0980165365981388,3.961914111739603,-0.443794010845197,1.3223327511473926
67.0,139.0,129.88369750976562,-0.0368682580867013,2.6829220535883818,-4.115330151241876,-3.6800847775118006,-1.924143475813016,1.3403634962947215,-0.0977891263415146,3.964305456688996,-0.4434524361281761,1.323232495747224
67.0,139.0,129.88369750976562,-0.0385555590400413,2.682332051900679,-4.11561887003485,-3.678886500882304,-1.9246899936591084,1.339812599810698,-0.0990985889591814,3.964719517917539,-0.4435134565679196,1.3239478618172835
67.0,139.0,129.88369750976562,-0.0362685215543273,2.6824785535414897,-4.115228802300194,-3.679666890710486,-1.924817154336768,1.3397913112986377,-0.0984104785689082,3.965220519508229,-0.4431274438343454,1.3229101875008091
67.0,139.0,129.88369750976562,-0.0375539125029723,2.683178260371717,-4.114369649219112,-3.679430716965344,-1.9246000535494767,1.3402022966892828,-0.0991060381317665,3.964045450719317,-0.4435850165156397,1.3232991003993002
67.0,139.0,129.8837127685547,-0.0377462765827165,2.682754760261481,-4.116597352360581,-3.6779847629580704,-1.9229277577136537,1.3396366035122156,-0.099180540659422,3.9640289350007456,-0.4424196705885159,1.322401396617004
67.0,139.0,129.8837127685547,-0.0384557015208323,2.682627415337113,-4.1123587635104615,-3.680209406948144,-1.9237014243757844,1.34270171189778,-0.0991206517234278,3.9639897608437753,-0.4421421290146739,1.3241146792666707
67.0,139.0,129.88369750976562,-0.0391015901040685,2.6832066369908216,-4.11469770047713,-3.680059309122311,-1.9260168474946973,1.3411719572718803,-0.0990887163406583,3.963894911594921,-0.4433537251091182,1.3222977704533132
67.0,139.0,129.88369750976562,-0.0371238674580442,2.6828863163114574,-4.116450644235016,-3.678852193219088,-1.9245006772364748,1.340853961483298,-0.1003745299408251,3.96483297132265,-0.4438758320633198,1.32253467512871
67.0,139.0,129.88369750976562,-0.0387529514039979,2.682332987600346,-4.114907536737543,-3.6795098013530296,-1.9263257462158496,1.3407473142017434,-0.0999818312495976,3.964815872089346,-0.4437279455012012,1.3221885533632094
67.0,139.0,129.88369750976562,-0.0385026246801999,2.681902136710416,-4.116577281202409,-3.680540846948508,-1.92433206385908,1.3402460540770993,-0.099126385258616,3.9633692913641982,-0.4437405342625667,1.3232985721522927
67.0,140.0,129.8837127685547,-0.0410699955461876,2.682615507496506,-4.114835259838518,-3.6779582796373433,-1.9260988828092271,1.3409769554833308,-0.0997314706898726,3.963451229424613,-0.445619098497478,1.323987936238162
67.0,140.0,129.88369750976562,-0.0386144815276365,2.682602177420531,-4.114692785083619,-3.6782825809630206,-1.925857278402108,1.3408475275948784,-0.0997619686173913,3.964034353113425,-0.4420803106852294,1.323383683790692
67.0,140.0,129.88369750976562,-0.0384255196221009,2.6828457518910365,-4.115229419906435,-3.678280070499364,-1.9241863635424368,1.340197132733122,-0.0989346872452995,3.965045366748188,-0.4436973324717846,1.3237061726352286
67.0,140.0,129.8837127685547,-0.0383018451630346,2.6825657222281154,-4.115490430001167,-3.682651472125516,-1.9231239052756093,1.340025079312943,-0.0984281458914428,3.964438100958562,-0.44245859712267,1.3243555689868682
67.0,140.0,129.88369750976562,-0.0382635524696136,2.682419967614642,-4.114786126384205,-3.679311634560755,-1.925978686292598,1.3411333845684037,-0.0987597980305496,3.9641414728433215,-0.4424791061193618,1.320928414315454
67.0,140.0,129.88369750976562,-0.0384394284723971,2.682975909148543,-4.114785849651962,-3.679239009035948,-1.9244454601702328,1.3399968271028857,-0.0992974966139006,3.9634126109169294,-0.4438348749963561,1.323728487499586
67.0,140.0,129.88369750976562,-0.0375151009923383,2.6815405326175563,-4.11492126820321,-3.678696413336605,-1.9248538354858755,1.3399425126041962,-0.0987835979778907,3.963714046279793,-0.4446811609730565,1.323395357397754
67.0,140.0,129.88369750976562,-0.0377454066103169,2.6825043046280004,-4.114788089707397,-3.679652743106941,-1.9244710726958925,1.340134709603629,-0.1004671214614538,3.9636188560680137,-0.4424447477359667,1.3231665976907154
67.0,140.0,129.8837127685547,-0.0362652747973755,2.6823901769844523,-4.116293217939296,-3.6782962831329993,-1.928995849366236,1.3427363674667676,-0.0986275656262325,3.964030074260883,-0.444997731679174,1.3229369289227255
67.0,140.0,129.88369750976562,-0.0383554438796345,2.6837078456050074,-4.1148397309375175,-3.6796427651577615,-1.925935618093105,1.3413987342605571,-0.0995517511654577,3.963735392106942,-0.4447510661004394,1.3223569690262462
67.0,140.0,129.88369750976562,-0.0374471514184957,2.6830290313127803,-4.114093649499316,-3.679834210451842,-1.924097479454128,1.3403730799535918,-0.0989693227775162,3.9646815998637,-0.4441470635204132,1.3235251103658887
67.0,140.0,129.88369750976562,-0.0382710782515905,2.682893249029939,-4.115279657961465,-3.6792257495786993,-1.924598940320268,1.340114582927606,-0.0982937747407807,3.963413311773425,-0.4438361054294831,1.3238186492275428
67.0,140.0,129.88369750976562,-0.0386767940782647,2.6825724445294745,-4.114978013222114,-3.6803825219341575,-1.925471672712967,1.340026883894302,-0.1000383970307691,3.965015974768844,-0.4424138905121658,1.3231790020943524
67.0,140.0,129.88369750976562,-0.0386743878574695,2.682514171969066,-4.114506661615946,-3.679438333994672,-1.9243521442453364,1.339783745789752,-0.0992489063510318,3.963839175972056,-0.4434921678817331,1.3240327725928551
67.0,140.0,129.8837127685547,-0.0381877718237811,2.681269931177165,-4.115189659054024,-3.682085768835373,-1.9230510096111444,1.3398880451910875,-0.1009314762252844,3.963350996410638,-0.4439422476527043,1.324298345464992
67.0,140.0,129.88369750976562,-0.038409736125438,2.683223324443615,-4.114847609240932,-3.679415568245977,-1.9254956460903945,1.339956890140793,-0.0993767820110977,3.96545346379171,-0.4440833734044859,1.3235641918682983
67.0,140.0,129.8837127685547,-0.0381328019135585,2.6843326087515296,-4.1158076832592405,-3.677663573512685,-1.9246571519067115,1.3399667605667585,-0.1003988303632348,3.962898718619855,-0.4420186213820374,1.3237076275845006
67.0,140.0,129.8837127685547,-0.0365358024724783,2.6818681070312835,-4.112865976977184,-3.679602687252389,-1.924349351054988,1.3402820676057443,-0.1018320141376777,3.9651600061539054,-0.4432204102345752,1.3243243450746875
67.0,140.0,129.88369750976562,-0.0383216637770437,2.6825741157856324,-4.114967170153109,-3.6780063208760607,-1.924454085840296,1.3404595116488414,-0.099584917212826,3.9638032536282113,-0.4437830930453497,1.3237113962040006
67.0,140.0,129.88369750976562,-0.0379767604336877,2.680744641094622,-4.114477853527157,-3.6801701846835897,-1.924400799866619,1.3404674448137248,-0.0999418297218291,3.9646977554076215,-0.4444012423801128,1.3236911002911962
67.0,140.0,129.8837127685547,-0.0394642453231005,2.6822165907899134,-4.114074645352336,-3.6799137978066345,-1.9238931671670203,1.3420153525299825,-0.0998143531951303,3.9629751126011934,-0.4443550203742832,1.3235550677799133
67.0,140.0,129.88369750976562,-0.0383148729229902,2.6832796999404445,-4.116294179060572,-3.6793979513078847,-1.9250865185851764,1.340689295518906,-0.0983386555168854,3.963023765613142,-0.4436402091529069,1.323783064095721
67.0,140.0,129.88369750976562,-0.0379627504806742,2.6821752792535305,-4.115112653936806,-3.679108163981376,-1.9271989799946387,1.3404670547282131,-0.0989285936155462,3.963762776092248,-0.4436037889685726,1.3234545198064809
67.0,140.0,129.88369750976562,-0.0392187524807247,2.683054261908589,-4.114922136147859,-3.6795777604845856,-1.925288325593142,1.3412020927009516,-0.0999221139832497,3.9638507441902,-0.4441360716815598,1.3240769948011513
67.0,140.0,129.88369750976562,-0.0383849644671473,2.6829565493324656,-4.1152425670406885,-3.679085536259625,-1.9245625020625792,1.3398362901102925,-0.0989136901687004,3.964908554644228,-0.4445902552466633,1.3237140521602766
67.0,140.0,129.88369750976562,-0.0381150873514049,2.682542042709517,-4.114430642239843,-3.678878579382245,-1.9244999050184943,1.3406975087022637,-0.0999938618507068,3.963198803446204,-0.4438787615061223,1.3237429493033557
67.0,140.0,129.8837127685547,-0.0393439610213545,2.6830619422745308,-4.114604043222708,-3.680368689308013,-1.9229080885171144,1.340185094365083,-0.099360564882717,3.963476834582344,-0.4430568216979387,1.320904571426344
67.0,140.0,129.88369750976562,-0.0370319986549597,2.682141311654721,-4.11568919640137,-3.679601765843594,-1.9250876999733395,1.3398228311447469,-0.1004837490685165,3.964237534852891,-0.442657322459007,1.323574800022745
67.0,140.0,129.88369750976562,-0.0370807272260081,2.68264859514898,-4.115168223632826,-3.678252415128613,-1.9239598296335736,1.3405486072531194,-0.098422161926668,3.964345449074509,-0.4430919035377933,1.32368118639016
67.0,140.0,129.8837127685547,-0.0371175704728505,2.6812182813530163,-4.114826148555521,-3.6814360671443898,-1.9272192972100608,1.3392384010451557,-0.0975537949860169,3.963685680076699,-0.4423936017161028,1.3207502023375437
67.0,140.0,129.88369750976562,-0.0375504977495809,2.682280533818246,-4.115233018272244,-3.679761393898062,-1.925012808213688,1.3408448440508045,-0.0991535257406458,3.963799535448471,-0.4426996479812786,1.32341862225405
67.0,140.0,129.8837127685547,-0.0353928620126881,2.684844982485186,-4.114734682919397,-3.6814192467957407,-1.9241976470811808,1.3403668723367224,-0.1000266563011459,3.964715904633412,-0.4442067176368913,1.324261404745758
67.0,140.0,129.88369750976562,-0.0375050067521598,2.682394795215691,-4.114718372567042,-3.678092981168621,-1.9258440914610253,1.3400083563894525,-0.099182553119151,3.966016159885976,-0.4438312502809411,1.3218137438897066
67.0,140.0,129.88369750976562,-0.0385790505121479,2.6829151465589978,-4.114800802167872,-3.680258446862143,-1.924409893497719,1.340273682270729,-0.0988903953142273,3.964274155720028,-0.443693939368691,1.324358976709781
67.0,140.0,129.8837127685547,-0.040081021944508,2.682819963051315,-4.11573450425536,-3.678341426705801,-1.924630774856719,1.34016865119305,-0.0990628554863062,3.961913568924301,-0.4445842110298229,1.3246566623141085
67.0,140.0,129.8837127685547,-0.0383611265626394,2.683226787712788,-4.116181104027769,-3.679021207901581,-1.9237223788072124,1.3396867159900254,-0.0994498436116677,3.962246969983919,-0.4437140811166807,1.3235120612787594
67.0,140.0,129.88369750976562,-0.0379024272348933,2.681548237319513,-4.1147750510204935,-3.679808883893499,-1.9248620463978097,1.3398379650494014,-0.0992112748296654,3.963017815678836,-0.4424179299426491,1.3233375186841294
67.0,140.0,129.88369750976562,-0.0386119900478477,2.682502921158186,-4.115330536104988,-3.67922120648243,-1.924454899099244,1.3398214621333258,-0.0993185791376466,3.963886887649888,-0.4432911272000954,1.323338099550023
67.0,140.0,129.88369750976562,-0.0382477403859779,2.68273101332882,-4.115921932644253,-3.677978964649831,-1.924749009834854,1.3417441945558162,-0.0989616560098664,3.9650317801400976,-0.4436610931860999,1.3237025486479133
67.0,140.0,129.8837127685547,-0.0364560768668281,2.682721714580719,-4.114610761576856,-3.678669844667728,-1.923656373058044,1.34280432953933,-0.0980165365981388,3.961914111739603,-0.443794010845197,1.3223327511473926
67.0,140.0,129.88369750976562,-0.0368682580867013,2.6829220535883818,-4.115330151241876,-3.6800847775118006,-1.924143475813016,1.3403634962947215,-0.0977891263415146,3.964305456688996,-0.4434524361281761,1.323232495747224
67.0,140.0,129.88369750976562,-0.0385555590400413,2.682332051900679,-4.11561887003485,-3.678886500882304,-1.9246899936591084,1.339812599810698,-0.0990985889591814,3.964719517917539,-0.4435134565679196,1.3239478618172835
67.0,140.0,129.88369750976562,-0.0362685215543273,2.6824785535414897,-4.115228802300194,-3.679666890710486,-1.924817154336768,1.3397913112986377,-0.0984104785689082,3.965220519508229,-0.4431274438343454,1.3229101875008091
67.0,140.0,129.88369750976562,-0.0375539125029723,2.683178260371717,-4.114369649219112,-3.679430716965344,-1.9246000535494767,1.3402022966892828,-0.0991060381317665,3.964045450719317,-0.4435850165156397,1.3232991003993002
67.0,140.0,129.8837127685547,-0.0377462765827165,2.682754760261481,-4.116597352360581,-3.6779847629580704,-1.9229277577136537,1.3396366035122156,-0.099180540659422,3.9640289350007456,-0.4424196705885159,1.322401396617004
67.0,140.0,129.8837127685547,-0.0384557015208323,2.682627415337113,-4.1123587635104615,-3.680209406948144,-1.9237014243757844,1.34270171189778,-0.0991206517234278,3.9639897608437753,-0.4421421290146739,1.3241146792666707
67.0,140.0,129.88369750976562,-0.0391015901040685,2.6832066369908216,-4.11469770047713,-3.680059309122311,-1.9260168474946973,1.3411719572718803,-0.0990887163406583,3.963894911594921,-0.4433537251091182,1.3222977704533132
67.0,140.0,129.88369750976562,-0.0371238674580442,2.6828863163114574,-4.116450644235016,-3.678852193219088,-1.9245006772364748,1.340853961483298,-0.1003745299408251,3.96483297132265,-0.4438758320633198,1.32253467512871
67.0,140.0,129.88369750976562,-0.0387529514039979,2.682332987600346,-4.114907536737543,-3.6795098013530296,-1.9263257462158496,1.3407473142017434,-0.0999818312495976,3.964815872089346,-0.4437279455012012,1.3221885533632094
67.0,140.0,129.88369750976562,-0.0385026246801999,2.681902136710416,-4.116577281202409,-3.680540846948508,-1.92433206385908,1.3402460540770993,-0.099126385258616,3.9633692913641982,-0.4437405342625667,1.3232985721522927
67.0,141.0,129.8837127685547,-0.0410699955461876,2.682615507496506,-4.114835259838518,-3.6779582796373433,-1.9260988828092271,1.3409769554833308,-0.0997314706898726,3.963451229424613,-0.445619098497478,1.323987936238162
67.0,141.0,129.88369750976562,-0.0386144815276365,2.682602177420531,-4.114692785083619,-3.6782825809630206,-1.925857278402108,1.3408475275948784,-0.0997619686173913,3.964034353113425,-0.4420803106852294,1.323383683790692
67.0,141.0,129.88369750976562,-0.0384255196221009,2.6828457518910365,-4.115229419906435,-3.678280070499364,-1.9241863635424368,1.340197132733122,-0.0989346872452995,3.965045366748188,-0.4436973324717846,1.3237061726352286
67.0,141.0,129.88369750976562,-0.0374477628801099,2.682657028303648,-4.114838900894199,-3.678870043592088,-1.9251837276112644,1.3405201841317955,-0.0987901150784344,3.964675583138253,-0.4423633760043502,1.3238448057713843
67.0,141.0,129.88369750976562,-0.0382635524696136,2.682419967614642,-4.114786126384205,-3.679311634560755,-1.925978686292598,1.3411333845684037,-0.0987597980305496,3.9641414728433215,-0.4424791061193618,1.320928414315454
67.0,141.0,129.88369750976562,-0.0384394284723971,2.682975909148543,-4.114785849651962,-3.679239009035948,-1.9244454601702328,1.3399968271028857,-0.0992974966139006,3.9634126109169294,-0.4438348749963561,1.323728487499586
67.0,141.0,129.88369750976562,-0.0375151009923383,2.6815405326175563,-4.11492126820321,-3.678696413336605,-1.9248538354858755,1.3399425126041962,-0.0987835979778907,3.963714046279793,-0.4446811609730565,1.323395357397754
67.0,141.0,129.88369750976562,-0.0377454066103169,2.6825043046280004,-4.114788089707397,-3.679652743106941,-1.9244710726958925,1.340134709603629,-0.1004671214614538,3.9636188560680137,-0.4424447477359667,1.3231665976907154
67.0,141.0,129.8837127685547,-0.0362652747973755,2.6823901769844523,-4.116293217939296,-3.6782962831329993,-1.928995849366236,1.3427363674667676,-0.0986275656262325,3.964030074260883,-0.444997731679174,1.3229369289227255
67.0,141.0,129.88369750976562,-0.0383554438796345,2.6837078456050074,-4.1148397309375175,-3.6796427651577615,-1.925935618093105,1.3413987342605571,-0.0995517511654577,3.963735392106942,-0.4447510661004394,1.3223569690262462
67.0,141.0,129.88369750976562,-0.0374471514184957,2.6830290313127803,-4.114093649499316,-3.679834210451842,-1.924097479454128,1.3403730799535918,-0.0989693227775162,3.9646815998637,-0.4441470635204132,1.3235251103658887
67.0,141.0,129.88369750976562,-0.0382710782515905,2.682893249029939,-4.115279657961465,-3.6792257495786993,-1.924598940320268,1.340114582927606,-0.0982937747407807,3.963413311773425,-0.4438361054294831,1.3238186492275428
67.0,141.0,129.88369750976562,-0.0386767940782647,2.6825724445294745,-4.114978013222114,-3.6803825219341575,-1.925471672712967,1.340026883894302,-0.1000383970307691,3.965015974768844,-0.4424138905121658,1.3231790020943524
67.0,141.0,129.88369750976562,-0.0386743878574695,2.682514171969066,-4.114506661615946,-3.679438333994672,-1.9243521442453364,1.339783745789752,-0.0992489063510318,3.963839175972056,-0.4434921678817331,1.3240327725928551
67.0,141.0,129.8837127685547,-0.0381877718237811,2.681269931177165,-4.115189659054024,-3.682085768835373,-1.9230510096111444,1.3398880451910875,-0.1009314762252844,3.963350996410638,-0.4439422476527043,1.324298345464992
67.0,141.0,129.88369750976562,-0.038409736125438,2.683223324443615,-4.114847609240932,-3.679415568245977,-1.9254956460903945,1.339956890140793,-0.0993767820110977,3.96545346379171,-0.4440833734044859,1.3235641918682983
67.0,141.0,129.8837127685547,-0.0381328019135585,2.6843326087515296,-4.1158076832592405,-3.677663573512685,-1.9246571519067115,1.3399667605667585,-0.1003988303632348,3.962898718619855,-0.4420186213820374,1.3237076275845006
67.0,141.0,129.8837127685547,-0.0365358024724783,2.6818681070312835,-4.112865976977184,-3.679602687252389,-1.924349351054988,1.3402820676057443,-0.1018320141376777,3.9651600061539054,-0.4432204102345752,1.3243243450746875
67.0,141.0,129.88369750976562,-0.0383216637770437,2.6825741157856324,-4.114967170153109,-3.6780063208760607,-1.924454085840296,1.3404595116488414,-0.099584917212826,3.9638032536282113,-0.4437830930453497,1.3237113962040006
67.0,141.0,129.88369750976562,-0.0379767604336877,2.680744641094622,-4.114477853527157,-3.6801701846835897,-1.924400799866619,1.3404674448137248,-0.0999418297218291,3.9646977554076215,-0.4444012423801128,1.3236911002911962
67.0,141.0,129.8837127685547,-0.0394642453231005,2.6822165907899134,-4.114074645352336,-3.6799137978066345,-1.9238931671670203,1.3420153525299825,-0.0998143531951303,3.9629751126011934,-0.4443550203742832,1.3235550677799133
67.0,141.0,129.88369750976562,-0.0383148729229902,2.6832796999404445,-4.116294179060572,-3.6793979513078847,-1.9250865185851764,1.340689295518906,-0.0983386555168854,3.963023765613142,-0.4436402091529069,1.323783064095721
67.0,141.0,129.88369750976562,-0.0379627504806742,2.6821752792535305,-4.115112653936806,-3.679108163981376,-1.9271989799946387,1.3404670547282131,-0.0989285936155462,3.963762776092248,-0.4436037889685726,1.3234545198064809
67.0,141.0,129.88369750976562,-0.0392187524807247,2.683054261908589,-4.114922136147859,-3.6795777604845856,-1.925288325593142,1.3412020927009516,-0.0999221139832497,3.9638507441902,-0.4441360716815598,1.3240769948011513
67.0,141.0,129.88369750976562,-0.0383849644671473,2.6829565493324656,-4.1152425670406885,-3.679085536259625,-1.9245625020625792,1.3398362901102925,-0.0989136901687004,3.964908554644228,-0.4445902552466633,1.3237140521602766
67.0,141.0,129.88369750976562,-0.0381150873514049,2.682542042709517,-4.114430642239843,-3.678878579382245,-1.9244999050184943,1.3406975087022637,-0.0999938618507068,3.963198803446204,-0.4438787615061223,1.3237429493033557
67.0,141.0,129.8837127685547,-0.0393439610213545,2.6830619422745308,-4.114604043222708,-3.680368689308013,-1.9229080885171144,1.340185094365083,-0.099360564882717,3.963476834582344,-0.4430568216979387,1.320904571426344
67.0,141.0,129.88369750976562,-0.0370319986549597,2.682141311654721,-4.11568919640137,-3.679601765843594,-1.9250876999733395,1.3398228311447469,-0.1004837490685165,3.964237534852891,-0.442657322459007,1.323574800022745
67.0,141.0,129.88369750976562,-0.0370807272260081,2.68264859514898,-4.115168223632826,-3.678252415128613,-1.9239598296335736,1.3405486072531194,-0.098422161926668,3.964345449074509,-0.4430919035377933,1.32368118639016
67.0,141.0,129.8837127685547,-0.0371175704728505,2.6812182813530163,-4.114826148555521,-3.6814360671443898,-1.9272192972100608,1.3392384010451557,-0.0975537949860169,3.963685680076699,-0.4423936017161028,1.3207502023375437
67.0,141.0,129.88369750976562,-0.0375504977495809,2.682280533818246,-4.115233018272244,-3.679761393898062,-1.925012808213688,1.3408448440508045,-0.0991535257406458,3.963799535448471,-0.4426996479812786,1.32341862225405
67.0,141.0,129.8837127685547,-0.0353928620126881,2.684844982485186,-4.114734682919397,-3.6814192467957407,-1.9241976470811808,1.3403668723367224,-0.1000266563011459,3.964715904633412,-0.4442067176368913,1.324261404745758
67.0,141.0,129.88369750976562,-0.0375050067521598,2.682394795215691,-4.114718372567042,-3.678092981168621,-1.9258440914610253,1.3400083563894525,-0.099182553119151,3.966016159885976,-0.4438312502809411,1.3218137438897066
67.0,141.0,129.88369750976562,-0.0385790505121479,2.6829151465589978,-4.114800802167872,-3.680258446862143,-1.924409893497719,1.340273682270729,-0.0988903953142273,3.964274155720028,-0.443693939368691,1.324358976709781
67.0,141.0,129.8837127685547,-0.040081021944508,2.682819963051315,-4.11573450425536,-3.678341426705801,-1.924630774856719,1.34016865119305,-0.0990628554863062,3.961913568924301,-0.4445842110298229,1.3246566623141085
67.0,141.0,129.8837127685547,-0.0383611265626394,2.683226787712788,-4.116181104027769,-3.679021207901581,-1.9237223788072124,1.3396867159900254,-0.0994498436116677,3.962246969983919,-0.4437140811166807,1.3235120612787594
67.0,141.0,129.88369750976562,-0.0379024272348933,2.681548237319513,-4.1147750510204935,-3.679808883893499,-1.9248620463978097,1.3398379650494014,-0.0992112748296654,3.963017815678836,-0.4424179299426491,1.3233375186841294
67.0,141.0,129.88369750976562,-0.0386119900478477,2.682502921158186,-4.115330536104988,-3.67922120648243,-1.924454899099244,1.3398214621333258,-0.0993185791376466,3.963886887649888,-0.4432911272000954,1.323338099550023
67.0,141.0,129.88369750976562,-0.0382477403859779,2.68273101332882,-4.115921932644253,-3.677978964649831,-1.924749009834854,1.3417441945558162,-0.0989616560098664,3.9650317801400976,-0.4436610931860999,1.3237025486479133
67.0,141.0,129.8837127685547,-0.0364560768668281,2.682721714580719,-4.114610761576856,-3.678669844667728,-1.923656373058044,1.34280432953933,-0.0980165365981388,3.961914111739603,-0.443794010845197,1.3223327511473926
67.0,141.0,129.88369750976562,-0.0368682580867013,2.6829220535883818,-4.115330151241876,-3.6800847775118006,-1.924143475813016,1.3403634962947215,-0.0977891263415146,3.964305456688996,-0.4434524361281761,1.323232495747224
67.0,141.0,129.88369750976562,-0.0385555590400413,2.682332051900679,-4.11561887003485,-3.678886500882304,-1.9246899936591084,1.339812599810698,-0.0990985889591814,3.964719517917539,-0.4435134565679196,1.3239478618172835
67.0,141.0,129.88369750976562,-0.0362685215543273,2.6824785535414897,-4.115228802300194,-3.679666890710486,-1.924817154336768,1.3397913112986377,-0.0984104785689082,3.965220519508229,-0.4431274438343454,1.3229101875008091
67.0,141.0,129.88369750976562,-0.0375539125029723,2.683178260371717,-4.114369649219112,-3.679430716965344,-1.9246000535494767,1.3402022966892828,-0.0991060381317665,3.964045450719317,-0.4435850165156397,1.3232991003993002
67.0,141.0,129.8837127685547,-0.0377462765827165,2.682754760261481,-4.116597352360581,-3.6779847629580704,-1.9229277577136537,1.3396366035122156,-0.099180540659422,3.9640289350007456,-0.4424196705885159,1.322401396617004
67.0,141.0,129.8837127685547,-0.0384557015208323,2.682627415337113,-4.1123587635104615,-3.680209406948144,-1.9237014243757844,1.34270171189778,-0.0991206517234278,3.9639897608437753,-0.4421421290146739,1.3241146792666707
67.0,141.0,129.88369750976562,-0.0391015901040685,2.6832066369908216,-4.11469770047713,-3.680059309122311,-1.9260168474946973,1.3411719572718803,-0.0990887163406583,3.963894911594921,-0.4433537251091182,1.3222977704533132
67.0,141.0,129.88369750976562,-0.0371238674580442,2.6828863163114574,-4.116450644235016,-3.678852193219088,-1.9245006772364748,1.340853961483298,-0.1003745299408251,3.96483297132265,-0.4438758320633198,1.32253467512871
67.0,141.0,129.88369750976562,-0.0387529514039979,2.682332987600346,-4.114907536737543,-3.6795098013530296,-1.9263257462158496,1.3407473142017434,-0.0999818312495976,3.964815872089346,-0.4437279455012012,1.3221885533632094
67.0,141.0,129.88369750976562,-0.0385026246801999,2.681902136710416,-4.116577281202409,-3.680540846948508,-1.92433206385908,1.3402460540770993,-0.099126385258616,3.9633692913641982,-0.4437405342625667,1.3232985721522927
67.0,142.0,129.8837127685547,-0.0410699955461876,2.682615507496506,-4.114835259838518,-3.6779582796373433,-1.9260988828092271,1.3409769554833308,-0.0997314706898726,3.963451229424613,-0.445619098497478,1.323987936238162
67.0,142.0,129.88369750976562,-0.0386144815276365,2.682602177420531,-4.114692785083619,-3.6782825809630206,-1.925857278402108,1.3408475275948784,-0.0997619686173913,3.964034353113425,-0.4420803106852294,1.323383683790692
67.0,142.0,129.88369750976562,-0.0384255196221009,2.6828457518910365,-4.115229419906435,-3.678280070499364,-1.9241863635424368,1.340197132733122,-0.0989346872452995,3.965045366748188,-0.4436973324717846,1.3237061726352286
67.0,142.0,129.88369750976562,-0.0374477628801099,2.682657028303648,-4.114838900894199,-3.678870043592088,-1.9251837276112644,1.3405201841317955,-0.0987901150784344,3.964675583138253,-0.4423633760043502,1.3238448057713843
67.0,142.0,129.88369750976562,-0.0382635524696136,2.682419967614642,-4.114786126384205,-3.679311634560755,-1.925978686292598,1.3411333845684037,-0.0987597980305496,3.9641414728433215,-0.4424791061193618,1.320928414315454
67.0,142.0,129.88369750976562,-0.0384394284723971,2.682975909148543,-4.114785849651962,-3.679239009035948,-1.9244454601702328,1.3399968271028857,-0.0992974966139006,3.9634126109169294,-0.4438348749963561,1.323728487499586
67.0,142.0,129.88369750976562,-0.0375151009923383,2.6815405326175563,-4.11492126820321,-3.678696413336605,-1.9248538354858755,1.3399425126041962,-0.0987835979778907,3.963714046279793,-0.4446811609730565,1.323395357397754
67.0,142.0,129.88369750976562,-0.0377454066103169,2.6825043046280004,-4.114788089707397,-3.679652743106941,-1.9244710726958925,1.340134709603629,-0.1004671214614538,3.9636188560680137,-0.4424447477359667,1.3231665976907154
67.0,142.0,129.8837127685547,-0.0362652747973755,2.6823901769844523,-4.116293217939296,-3.6782962831329993,-1.928995849366236,1.3427363674667676,-0.0986275656262325,3.964030074260883,-0.444997731679174,1.3229369289227255
67.0,142.0,129.88369750976562,-0.0383554438796345,2.6837078456050074,-4.1148397309375175,-3.6796427651577615,-1.925935618093105,1.3413987342605571,-0.0995517511654577,3.963735392106942,-0.4447510661004394,1.3223569690262462
67.0,142.0,129.88369750976562,-0.0374471514184957,2.6830290313127803,-4.114093649499316,-3.679834210451842,-1.924097479454128,1.3403730799535918,-0.0989693227775162,3.9646815998637,-0.4441470635204132,1.3235251103658887
67.0,142.0,129.88369750976562,-0.0382710782515905,2.682893249029939,-4.115279657961465,-3.6792257495786993,-1.924598940320268,1.340114582927606,-0.0982937747407807,3.963413311773425,-0.4438361054294831,1.3238186492275428
67.0,142.0,129.88369750976562,-0.0386767940782647,2.6825724445294745,-4.114978013222114,-3.6803825219341575,-1.925471672712967,1.340026883894302,-0.1000383970307691,3.965015974768844,-0.4424138905121658,1.3231790020943524
67.0,142.0,129.88369750976562,-0.0386743878574695,2.682514171969066,-4.114506661615946,-3.679438333994672,-1.9243521442453364,1.339783745789752,-0.0992489063510318,3.963839175972056,-0.4434921678817331,1.3240327725928551
67.0,142.0,129.8837127685547,-0.0381877718237811,2.681269931177165,-4.115189659054024,-3.682085768835373,-1.9230510096111444,1.3398880451910875,-0.1009314762252844,3.963350996410638,-0.4439422476527043,1.324298345464992
67.0,142.0,129.88369750976562,-0.038409736125438,2.683223324443615,-4.114847609240932,-3.679415568245977,-1.9254956460903945,1.339956890140793,-0.0993767820110977,3.96545346379171,-0.4440833734044859,1.3235641918682983
67.0,142.0,129.88369750976562,-0.0365283721779428,2.6821798842695697,-4.11603441881068,-3.679486054107372,-1.9251379515389608,1.3405617104052885,-0.1002226474128503,3.96390962240616,-0.4420402715724512,1.3236767237550735
67.0,142.0,129.8837127685547,-0.0365358024724783,2.6818681070312835,-4.112865976977184,-3.679602687252389,-1.924349351054988,1.3402820676057443,-0.1018320141376777,3.9651600061539054,-0.4432204102345752,1.3243243450746875
67.0,142.0,129.88369750976562,-0.0383216637770437,2.6825741157856324,-4.114967170153109,-3.6780063208760607,-1.924454085840296,1.3404595116488414,-0.099584917212826,3.9638032536282113,-0.4437830930453497,1.3237113962040006
67.0,142.0,129.88369750976562,-0.0379767604336877,2.680744641094622,-4.114477853527157,-3.6801701846835897,-1.924400799866619,1.3404674448137248,-0.0999418297218291,3.9646977554076215,-0.4444012423801128,1.3236911002911962
67.0,142.0,129.8837127685547,-0.0394642453231005,2.6822165907899134,-4.114074645352336,-3.6799137978066345,-1.9238931671670203,1.3420153525299825,-0.0998143531951303,3.9629751126011934,-0.4443550203742832,1.3235550677799133
67.0,142.0,129.88369750976562,-0.0383148729229902,2.6832796999404445,-4.116294179060572,-3.6793979513078847,-1.9250865185851764,1.340689295518906,-0.0983386555168854,3.963023765613142,-0.4436402091529069,1.323783064095721
67.0,142.0,129.88369750976562,-0.0379627504806742,2.6821752792535305,-4.115112653936806,-3.679108163981376,-1.9271989799946387,1.3404670547282131,-0.0989285936155462,3.963762776092248,-0.4436037889685726,1.3234545198064809
67.0,142.0,129.88369750976562,-0.0392187524807247,2.683054261908589,-4.114922136147859,-3.6795777604845856,-1.925288325593142,1.3412020927009516,-0.0999221139832497,3.9638507441902,-0.4441360716815598,1.3240769948011513
67.0,142.0,129.88369750976562,-0.0383849644671473,2.6829565493324656,-4.1152425670406885,-3.679085536259625,-1.9245625020625792,1.3398362901102925,-0.0989136901687004,3.964908554644228,-0.4445902552466633,1.3237140521602766
67.0,142.0,129.88369750976562,-0.0381150873514049,2.682542042709517,-4.114430642239843,-3.678878579382245,-1.9244999050184943,1.3406975087022637,-0.0999938618507068,3.963198803446204,-0.4438787615061223,1.3237429493033557
67.0,142.0,129.8837127685547,-0.0393439610213545,2.6830619422745308,-4.114604043222708,-3.680368689308013,-1.9229080885171144,1.340185094365083,-0.099360564882717,3.963476834582344,-0.4430568216979387,1.320904571426344
67.0,142.0,129.88369750976562,-0.0370319986549597,2.682141311654721,-4.11568919640137,-3.679601765843594,-1.9250876999733395,1.3398228311447469,-0.1004837490685165,3.964237534852891,-0.442657322459007,1.323574800022745
67.0,142.0,129.88369750976562,-0.0370807272260081,2.68264859514898,-4.115168223632826,-3.678252415128613,-1.9239598296335736,1.3405486072531194,-0.098422161926668,3.964345449074509,-0.4430919035377933,1.32368118639016
67.0,142.0,129.8837127685547,-0.0371175704728505,2.6812182813530163,-4.114826148555521,-3.6814360671443898,-1.9272192972100608,1.3392384010451557,-0.0975537949860169,3.963685680076699,-0.4423936017161028,1.3207502023375437
67.0,142.0,129.88369750976562,-0.0375504977495809,2.682280533818246,-4.115233018272244,-3.679761393898062,-1.925012808213688,1.3408448440508045,-0.0991535257406458,3.963799535448471,-0.4426996479812786,1.32341862225405
67.0,142.0,129.8837127685547,-0.0353928620126881,2.684844982485186,-4.114734682919397,-3.6814192467957407,-1.9241976470811808,1.3403668723367224,-0.1000266563011459,3.964715904633412,-0.4442067176368913,1.324261404745758
67.0,142.0,129.88369750976562,-0.0375050067521598,2.682394795215691,-4.114718372567042,-3.678092981168621,-1.9258440914610253,1.3400083563894525,-0.099182553119151,3.966016159885976,-0.4438312502809411,1.3218137438897066
67.0,142.0,129.88369750976562,-0.0385790505121479,2.6829151465589978,-4.114800802167872,-3.680258446862143,-1.924409893497719,1.340273682270729,-0.0988903953142273,3.964274155720028,-0.443693939368691,1.324358976709781
67.0,142.0,129.8837127685547,-0.040081021944508,2.682819963051315,-4.11573450425536,-3.678341426705801,-1.924630774856719,1.34016865119305,-0.0990628554863062,3.961913568924301,-0.4445842110298229,1.3246566623141085
67.0,142.0,129.8837127685547,-0.0383611265626394,2.683226787712788,-4.116181104027769,-3.679021207901581,-1.9237223788072124,1.3396867159900254,-0.0994498436116677,3.962246969983919,-0.4437140811166807,1.3235120612787594
67.0,142.0,129.88369750976562,-0.0379024272348933,2.681548237319513,-4.1147750510204935,-3.679808883893499,-1.9248620463978097,1.3398379650494014,-0.0992112748296654,3.963017815678836,-0.4424179299426491,1.3233375186841294
67.0,142.0,129.88369750976562,-0.0386119900478477,2.682502921158186,-4.115330536104988,-3.67922120648243,-1.924454899099244,1.3398214621333258,-0.0993185791376466,3.963886887649888,-0.4432911272000954,1.323338099550023
67.0,142.0,129.88369750976562,-0.0382477403859779,2.68273101332882,-4.115921932644253,-3.677978964649831,-1.924749009834854,1.3417441945558162,-0.0989616560098664,3.9650317801400976,-0.4436610931860999,1.3237025486479133
67.0,142.0,129.8837127685547,-0.0364560768668281,2.682721714580719,-4.114610761576856,-3.678669844667728,-1.923656373058044,1.34280432953933,-0.0980165365981388,3.961914111739603,-0.443794010845197,1.3223327511473926
67.0,142.0,129.88369750976562,-0.0368682580867013,2.6829220535883818,-4.115330151241876,-3.6800847775118006,-1.924143475813016,1.3403634962947215,-0.0977891263415146,3.964305456688996,-0.4434524361281761,1.323232495747224
67.0,142.0,129.88369750976562,-0.0385555590400413,2.682332051900679,-4.11561887003485,-3.678886500882304,-1.9246899936591084,1.339812599810698,-0.0990985889591814,3.964719517917539,-0.4435134565679196,1.3239478618172835
67.0,142.0,129.88369750976562,-0.0362685215543273,2.6824785535414897,-4.115228802300194,-3.679666890710486,-1.924817154336768,1.3397913112986377,-0.0984104785689082,3.965220519508229,-0.4431274438343454,1.3229101875008091
67.0,142.0,129.88369750976562,-0.0375539125029723,2.683178260371717,-4.114369649219112,-3.679430716965344,-1.9246000535494767,1.3402022966892828,-0.0991060381317665,3.964045450719317,-0.4435850165156397,1.3232991003993002
67.0,142.0,129.8837127685547,-0.0377462765827165,2.682754760261481,-4.116597352360581,-3.6779847629580704,-1.9229277577136537,1.3396366035122156,-0.099180540659422,3.9640289350007456,-0.4424196705885159,1.322401396617004
67.0,142.0,129.8837127685547,-0.0384557015208323,2.682627415337113,-4.1123587635104615,-3.680209406948144,-1.9237014243757844,1.34270171189778,-0.0991206517234278,3.9639897608437753,-0.4421421290146739,1.3241146792666707
67.0,142.0,129.88369750976562,-0.0391015901040685,2.6832066369908216,-4.11469770047713,-3.680059309122311,-1.9260168474946973,1.3411719572718803,-0.0990887163406583,3.963894911594921,-0.4433537251091182,1.3222977704533132
67.0,142.0,129.88369750976562,-0.0371238674580442,2.6828863163114574,-4.116450644235016,-3.678852193219088,-1.9245006772364748,1.340853961483298,-0.1003745299408251,3.96483297132265,-0.4438758320633198,1.32253467512871
67.0,142.0,129.88369750976562,-0.0387529514039979,2.682332987600346,-4.114907536737543,-3.6795098013530296,-1.9263257462158496,1.3407473142017434,-0.0999818312495976,3.964815872089346,-0.4437279455012012,1.3221885533632094
67.0,142.0,129.88369750976562,-0.0385026246801999,2.681902136710416,-4.116577281202409,-3.680540846948508,-1.92433206385908,1.3402460540770993,-0.099126385258616,3.9633692913641982,-0.4437405342625667,1.3232985721522927
67.0,143.0,129.88369750976562,-0.0372763731490363,2.6826167704504225,-4.114823442455658,-3.6783468022659607,-1.9261520268860424,1.3403612303406105,-0.0998002543669788,3.963755631935773,-0.4432836224847902,1.323920551784124
67.0,143.0,129.88369750976562,-0.0386144815276365,2.682602177420531,-4.114692785083619,-3.6782825809630206,-1.925857278402108,1.3408475275948784,-0.0997619686173913,3.964034353113425,-0.4420803106852294,1.323383683790692
67.0,143.0,129.88369750976562,-0.0384255196221009,2.6828457518910365,-4.115229419906435,-3.678280070499364,-1.9241863635424368,1.340197132733122,-0.0989346872452995,3.965045366748188,-0.4436973324717846,1.3237061726352286
67.0,143.0,129.88369750976562,-0.0374477628801099,2.682657028303648,-4.114838900894199,-3.678870043592088,-1.9251837276112644,1.3405201841317955,-0.0987901150784344,3.964675583138253,-0.4423633760043502,1.3238448057713843
67.0,143.0,129.88369750976562,-0.0382635524696136,2.682419967614642,-4.114786126384205,-3.679311634560755,-1.925978686292598,1.3411333845684037,-0.0987597980305496,3.9641414728433215,-0.4424791061193618,1.320928414315454
67.0,143.0,129.88369750976562,-0.0384394284723971,2.682975909148543,-4.114785849651962,-3.679239009035948,-1.9244454601702328,1.3399968271028857,-0.0992974966139006,3.9634126109169294,-0.4438348749963561,1.323728487499586
67.0,143.0,129.88369750976562,-0.0375151009923383,2.6815405326175563,-4.11492126820321,-3.678696413336605,-1.9248538354858755,1.3399425126041962,-0.0987835979778907,3.963714046279793,-0.4446811609730565,1.323395357397754
67.0,143.0,129.88369750976562,-0.0377454066103169,2.6825043046280004,-4.114788089707397,-3.679652743106941,-1.9244710726958925,1.340134709603629,-0.1004671214614538,3.9636188560680137,-0.4424447477359667,1.3231665976907154
67.0,143.0,129.8837127685547,-0.0362652747973755,2.6823901769844523,-4.116293217939296,-3.6782962831329993,-1.928995849366236,1.3427363674667676,-0.0986275656262325,3.964030074260883,-0.444997731679174,1.3229369289227255
67.0,143.0,129.88369750976562,-0.0383554438796345,2.6837078456050074,-4.1148397309375175,-3.6796427651577615,-1.925935618093105,1.3413987342605571,-0.0995517511654577,3.963735392106942,-0.4447510661004394,1.3223569690262462
67.0,143.0,129.88369750976562,-0.0374471514184957,2.6830290313127803,-4.114093649499316,-3.679834210451842,-1.924097479454128,1.3403730799535918,-0.0989693227775162,3.9646815998637,-0.4441470635204132,1.3235251103658887
67.0,143.0,129.88369750976562,-0.0382710782515905,2.682893249029939,-4.115279657961465,-3.6792257495786993,-1.924598940320268,1.340114582927606,-0.0982937747407807,3.963413311773425,-0.4438361054294831,1.3238186492275428
67.0,143.0,129.88369750976562,-0.0386767940782647,2.6825724445294745,-4.114978013222114,-3.6803825219341575,-1.925471672712967,1.340026883894302,-0.1000383970307691,3.965015974768844,-0.4424138905121658,1.3231790020943524
67.0,143.0,129.88369750976562,-0.0386743878574695,2.682514171969066,-4.114506661615946,-3.679438333994672,-1.9243521442453364,1.339783745789752,-0.0992489063510318,3.963839175972056,-0.4434921678817331,1.3240327725928551
67.0,143.0,129.8837127685547,-0.0381877718237811,2.681269931177165,-4.115189659054024,-3.682085768835373,-1.9230510096111444,1.3398880451910875,-0.1009314762252844,3.963350996410638,-0.4439422476527043,1.324298345464992
67.0,143.0,129.88369750976562,-0.038409736125438,2.683223324443615,-4.114847609240932,-3.679415568245977,-1.9254956460903945,1.339956890140793,-0.0993767820110977,3.96545346379171,-0.4440833734044859,1.3235641918682983
67.0,143.0,129.88369750976562,-0.0365283721779428,2.6821798842695697,-4.11603441881068,-3.679486054107372,-1.9251379515389608,1.3405617104052885,-0.1002226474128503,3.96390962240616,-0.4420402715724512,1.3236767237550735
67.0,143.0,129.8837127685547,-0.0365358024724783,2.6818681070312835,-4.112865976977184,-3.679602687252389,-1.924349351054988,1.3402820676057443,-0.1018320141376777,3.9651600061539054,-0.4432204102345752,1.3243243450746875
67.0,143.0,129.88369750976562,-0.0383216637770437,2.6825741157856324,-4.114967170153109,-3.6780063208760607,-1.924454085840296,1.3404595116488414,-0.099584917212826,3.9638032536282113,-0.4437830930453497,1.3237113962040006
67.0,143.0,129.88369750976562,-0.0379767604336877,2.680744641094622,-4.114477853527157,-3.6801701846835897,-1.924400799866619,1.3404674448137248,-0.0999418297218291,3.9646977554076215,-0.4444012423801128,1.3236911002911962
67.0,143.0,129.8837127685547,-0.0394642453231005,2.6822165907899134,-4.114074645352336,-3.6799137978066345,-1.9238931671670203,1.3420153525299825,-0.0998143531951303,3.9629751126011934,-0.4443550203742832,1.3235550677799133
67.0,143.0,129.88369750976562,-0.0383148729229902,2.6832796999404445,-4.116294179060572,-3.6793979513078847,-1.9250865185851764,1.340689295518906,-0.0983386555168854,3.963023765613142,-0.4436402091529069,1.323783064095721
67.0,143.0,129.88369750976562,-0.0379627504806742,2.6821752792535305,-4.115112653936806,-3.679108163981376,-1.9271989799946387,1.3404670547282131,-0.0989285936155462,3.963762776092248,-0.4436037889685726,1.3234545198064809
67.0,143.0,129.88369750976562,-0.0392187524807247,2.683054261908589,-4.114922136147859,-3.6795777604845856,-1.925288325593142,1.3412020927009516,-0.0999221139832497,3.9638507441902,-0.4441360716815598,1.3240769948011513
67.0,143.0,129.88369750976562,-0.0383849644671473,2.6829565493324656,-4.1152425670406885,-3.679085536259625,-1.9245625020625792,1.3398362901102925,-0.0989136901687004,3.964908554644228,-0.4445902552466633,1.3237140521602766
67.0,143.0,129.88369750976562,-0.0381150873514049,2.682542042709517,-4.114430642239843,-3.678878579382245,-1.9244999050184943,1.3406975087022637,-0.0999938618507068,3.963198803446204,-0.4438787615061223,1.3237429493033557
67.0,143.0,129.8837127685547,-0.0393439610213545,2.6830619422745308,-4.114604043222708,-3.680368689308013,-1.9229080885171144,1.340185094365083,-0.099360564882717,3.963476834582344,-0.4430568216979387,1.320904571426344
67.0,143.0,129.88369750976562,-0.0370319986549597,2.682141311654721,-4.11568919640137,-3.679601765843594,-1.9250876999733395,1.3398228311447469,-0.1004837490685165,3.964237534852891,-0.442657322459007,1.323574800022745
67.0,143.0,129.88369750976562,-0.0370807272260081,2.68264859514898,-4.115168223632826,-3.678252415128613,-1.9239598296335736,1.3405486072531194,-0.098422161926668,3.964345449074509,-0.4430919035377933,1.32368118639016
67.0,143.0,129.8837127685547,-0.0371175704728505,2.6812182813530163,-4.114826148555521,-3.6814360671443898,-1.9272192972100608,1.3392384010451557,-0.0975537949860169,3.963685680076699,-0.4423936017161028,1.3207502023375437
67.0,143.0,129.88369750976562,-0.0375504977495809,2.682280533818246,-4.115233018272244,-3.679761393898062,-1.925012808213688,1.3408448440508045,-0.0991535257406458,3.963799535448471,-0.4426996479812786,1.32341862225405
67.0,143.0,129.8837127685547,-0.0353928620126881,2.684844982485186,-4.114734682919397,-3.6814192467957407,-1.9241976470811808,1.3403668723367224,-0.1000266563011459,3.964715904633412,-0.4442067176368913,1.324261404745758
67.0,143.0,129.88369750976562,-0.0375050067521598,2.682394795215691,-4.114718372567042,-3.678092981168621,-1.9258440914610253,1.3400083563894525,-0.099182553119151,3.966016159885976,-0.4438312502809411,1.3218137438897066
67.0,143.0,129.88369750976562,-0.0385790505121479,2.6829151465589978,-4.114800802167872,-3.680258446862143,-1.924409893497719,1.340273682270729,-0.0988903953142273,3.964274155720028,-0.443693939368691,1.324358976709781
67.0,143.0,129.8837127685547,-0.040081021944508,2.682819963051315,-4.11573450425536,-3.678341426705801,-1.924630774856719,1.34016865119305,-0.0990628554863062,3.961913568924301,-0.4445842110298229,1.3246566623141085
67.0,143.0,129.8837127685547,-0.0383611265626394,2.683226787712788,-4.116181104027769,-3.679021207901581,-1.9237223788072124,1.3396867159900254,-0.0994498436116677,3.962246969983919,-0.4437140811166807,1.3235120612787594
67.0,143.0,129.88369750976562,-0.0379024272348933,2.681548237319513,-4.1147750510204935,-3.679808883893499,-1.9248620463978097,1.3398379650494014,-0.0992112748296654,3.963017815678836,-0.4424179299426491,1.3233375186841294
67.0,143.0,129.88369750976562,-0.0386119900478477,2.682502921158186,-4.115330536104988,-3.67922120648243,-1.924454899099244,1.3398214621333258,-0.0993185791376466,3.963886887649888,-0.4432911272000954,1.323338099550023
67.0,143.0,129.88369750976562,-0.0382477403859779,2.68273101332882,-4.115921932644253,-3.677978964649831,-1.924749009834854,1.3417441945558162,-0.0989616560098664,3.9650317801400976,-0.4436610931860999,1.3237025486479133
67.0,143.0,129.8837127685547,-0.0364560768668281,2.682721714580719,-4.114610761576856,-3.678669844667728,-1.923656373058044,1.34280432953933,-0.0980165365981388,3.961914111739603,-0.443794010845197,1.3223327511473926
67.0,143.0,129.88369750976562,-0.0368682580867013,2.6829220535883818,-4.115330151241876,-3.6800847775118006,-1.924143475813016,1.3403634962947215,-0.0977891263415146,3.964305456688996,-0.4434524361281761,1.323232495747224
67.0,143.0,129.88369750976562,-0.0385555590400413,2.682332051900679,-4.11561887003485,-3.678886500882304,-1.9246899936591084,1.339812599810698,-0.0990985889591814,3.964719517917539,-0.4435134565679196,1.3239478618172835
67.0,143.0,129.88369750976562,-0.0362685215543273,2.6824785535414897,-4.115228802300194,-3.679666890710486,-1.924817154336768,1.3397913112986377,-0.0984104785689082,3.965220519508229,-0.4431274438343454,1.3229101875008091
67.0,143.0,129.88369750976562,-0.0375539125029723,2.683178260371717,-4.114369649219112,-3.679430716965344,-1.9246000535494767,1.3402022966892828,-0.0991060381317665,3.964045450719317,-0.4435850165156397,1.3232991003993002
67.0,143.0,129.8837127685547,-0.0377462765827165,2.682754760261481,-4.116597352360581,-3.6779847629580704,-1.9229277577136537,1.3396366035122156,-0.099180540659422,3.9640289350007456,-0.4424196705885159,1.322401396617004
67.0,143.0,129.8837127685547,-0.0384557015208323,2.682627415337113,-4.1123587635104615,-3.680209406948144,-1.9237014243757844,1.34270171189778,-0.0991206517234278,3.9639897608437753,-0.4421421290146739,1.3241146792666707
67.0,143.0,129.88369750976562,-0.0391015901040685,2.6832066369908216,-4.11469770047713,-3.680059309122311,-1.9260168474946973,1.3411719572718803,-0.0990887163406583,3.963894911594921,-0.4433537251091182,1.3222977704533132
67.0,143.0,129.88369750976562,-0.0371238674580442,2.6828863163114574,-4.116450644235016,-3.678852193219088,-1.9245006772364748,1.340853961483298,-0.1003745299408251,3.96483297132265,-0.4438758320633198,1.32253467512871
67.0,143.0,129.88369750976562,-0.0387529514039979,2.682332987600346,-4.114907536737543,-3.6795098013530296,-1.9263257462158496,1.3407473142017434,-0.0999818312495976,3.964815872089346,-0.4437279455012012,1.3221885533632094
67.0,143.0,129.88369750976562,-0.0385026246801999,2.681902136710416,-4.116577281202409,-3.680540846948508,-1.92433206385908,1.3402460540770993,-0.099126385258616,3.9633692913641982,-0.4437405342625667,1.3232985721522927
67.0,144.0,129.88369750976562,-0.0372763731490363,2.6826167704504225,-4.114823442455658,-3.6783468022659607,-1.9261520268860424,1.3403612303406105,-0.0998002543669788,3.963755631935773,-0.4432836224847902,1.323920551784124
67.0,144.0,129.88369750976562,-0.0386144815276365,2.682602177420531,-4.114692785083619,-3.6782825809630206,-1.925857278402108,1.3408475275948784,-0.0997619686173913,3.964034353113425,-0.4420803106852294,1.323383683790692
67.0,144.0,129.88369750976562,-0.0384255196221009,2.6828457518910365,-4.115229419906435,-3.678280070499364,-1.9241863635424368,1.340197132733122,-0.0989346872452995,3.965045366748188,-0.4436973324717846,1.3237061726352286
67.0,144.0,129.88369750976562,-0.0374477628801099,2.682657028303648,-4.114838900894199,-3.678870043592088,-1.9251837276112644,1.3405201841317955,-0.0987901150784344,3.964675583138253,-0.4423633760043502,1.3238448057713843
67.0,144.0,129.88369750976562,-0.0382635524696136,2.682419967614642,-4.114786126384205,-3.679311634560755,-1.925978686292598,1.3411333845684037,-0.0987597980305496,3.9641414728433215,-0.4424791061193618,1.320928414315454
67.0,144.0,129.88369750976562,-0.0384394284723971,2.682975909148543,-4.114785849651962,-3.679239009035948,-1.9244454601702328,1.3399968271028857,-0.0992974966139006,3.9634126109169294,-0.4438348749963561,1.323728487499586
67.0,144.0,129.88369750976562,-0.0375151009923383,2.6815405326175563,-4.11492126820321,-3.678696413336605,-1.9248538354858755,1.3399425126041962,-0.0987835979778907,3.963714046279793,-0.4446811609730565,1.323395357397754
67.0,144.0,129.88369750976562,-0.0377454066103169,2.6825043046280004,-4.114788089707397,-3.679652743106941,-1.9244710726958925,1.340134709603629,-0.1004671214614538,3.9636188560680137,-0.4424447477359667,1.3231665976907154
67.0,144.0,129.8837127685547,-0.0362652747973755,2.6823901769844523,-4.116293217939296,-3.6782962831329993,-1.928995849366236,1.3427363674667676,-0.0986275656262325,3.964030074260883,-0.444997731679174,1.3229369289227255
67.0,144.0,129.88369750976562,-0.0383554438796345,2.6837078456050074,-4.1148397309375175,-3.6796427651577615,-1.925935618093105,1.3413987342605571,-0.0995517511654577,3.963735392106942,-0.4447510661004394,1.3223569690262462
67.0,144.0,129.88369750976562,-0.0374471514184957,2.6830290313127803,-4.114093649499316,-3.679834210451842,-1.924097479454128,1.3403730799535918,-0.0989693227775162,3.9646815998637,-0.4441470635204132,1.3235251103658887
67.0,144.0,129.88369750976562,-0.0382710782515905,2.682893249029939,-4.115279657961465,-3.6792257495786993,-1.924598940320268,1.340114582927606,-0.0982937747407807,3.963413311773425,-0.4438361054294831,1.3238186492275428
67.0,144.0,129.88369750976562,-0.0386767940782647,2.6825724445294745,-4.114978013222114,-3.6803825219341575,-1.925471672712967,1.340026883894302,-0.1000383970307691,3.965015974768844,-0.4424138905121658,1.3231790020943524
67.0,144.0,129.88369750976562,-0.0386743878574695,2.682514171969066,-4.114506661615946,-3.679438333994672,-1.9243521442453364,1.339783745789752,-0.0992489063510318,3.963839175972056,-0.4434921678817331,1.3240327725928551
67.0,144.0,129.8837127685547,-0.0381877718237811,2.681269931177165,-4.115189659054024,-3.682085768835373,-1.9230510096111444,1.3398880451910875,-0.1009314762252844,3.963350996410638,-0.4439422476527043,1.324298345464992
67.0,144.0,129.88369750976562,-0.038409736125438,2.683223324443615,-4.114847609240932,-3.679415568245977,-1.9254956460903945,1.339956890140793,-0.0993767820110977,3.96545346379171,-0.4440833734044859,1.3235641918682983
67.0,144.0,129.88369750976562,-0.0365283721779428,2.6821798842695697,-4.11603441881068,-3.679486054107372,-1.9251379515389608,1.3405617104052885,-0.1002226474128503,3.96390962240616,-0.4420402715724512,1.3236767237550735
67.0,144.0,129.8837127685547,-0.0365358024724783,2.6818681070312835,-4.112865976977184,-3.679602687252389,-1.924349351054988,1.3402820676057443,-0.1018320141376777,3.9651600061539054,-0.4432204102345752,1.3243243450746875
67.0,144.0,129.88369750976562,-0.0383216637770437,2.6825741157856324,-4.114967170153109,-3.6780063208760607,-1.924454085840296,1.3404595116488414,-0.099584917212826,3.9638032536282113,-0.4437830930453497,1.3237113962040006
67.0,144.0,129.88369750976562,-0.0379767604336877,2.680744641094622,-4.114477853527157,-3.6801701846835897,-1.924400799866619,1.3404674448137248,-0.0999418297218291,3.9646977554076215,-0.4444012423801128,1.3236911002911962
67.0,144.0,129.8837127685547,-0.0394642453231005,2.6822165907899134,-4.114074645352336,-3.6799137978066345,-1.9238931671670203,1.3420153525299825,-0.0998143531951303,3.9629751126011934,-0.4443550203742832,1.3235550677799133
67.0,144.0,129.88369750976562,-0.0383148729229902,2.6832796999404445,-4.116294179060572,-3.6793979513078847,-1.9250865185851764,1.340689295518906,-0.0983386555168854,3.963023765613142,-0.4436402091529069,1.323783064095721
67.0,144.0,129.88369750976562,-0.0379627504806742,2.6821752792535305,-4.115112653936806,-3.679108163981376,-1.9271989799946387,1.3404670547282131,-0.0989285936155462,3.963762776092248,-0.4436037889685726,1.3234545198064809
67.0,144.0,129.88369750976562,-0.0392187524807247,2.683054261908589,-4.114922136147859,-3.6795777604845856,-1.925288325593142,1.3412020927009516,-0.0999221139832497,3.9638507441902,-0.4441360716815598,1.3240769948011513
67.0,144.0,129.88369750976562,-0.0383849644671473,2.6829565493324656,-4.1152425670406885,-3.679085536259625,-1.9245625020625792,1.3398362901102925,-0.0989136901687004,3.964908554644228,-0.4445902552466633,1.3237140521602766
67.0,144.0,129.88369750976562,-0.0381150873514049,2.682542042709517,-4.114430642239843,-3.678878579382245,-1.9244999050184943,1.3406975087022637,-0.0999938618507068,3.963198803446204,-0.4438787615061223,1.3237429493033557
67.0,144.0,129.8837127685547,-0.0393439610213545,2.6830619422745308,-4.114604043222708,-3.680368689308013,-1.9229080885171144,1.340185094365083,-0.099360564882717,3.963476834582344,-0.4430568216979387,1.320904571426344
67.0,144.0,129.88369750976562,-0.0370319986549597,2.682141311654721,-4.11568919640137,-3.679601765843594,-1.9250876999733395,1.3398228311447469,-0.1004837490685165,3.964237534852891,-0.442657322459007,1.323574800022745
67.0,144.0,129.88369750976562,-0.0370807272260081,2.68264859514898,-4.115168223632826,-3.678252415128613,-1.9239598296335736,1.3405486072531194,-0.098422161926668,3.964345449074509,-0.4430919035377933,1.32368118639016
67.0,144.0,129.8837127685547,-0.0371175704728505,2.6812182813530163,-4.114826148555521,-3.6814360671443898,-1.9272192972100608,1.3392384010451557,-0.0975537949860169,3.963685680076699,-0.4423936017161028,1.3207502023375437
67.0,144.0,129.88369750976562,-0.0375504977495809,2.682280533818246,-4.115233018272244,-3.679761393898062,-1.925012808213688,1.3408448440508045,-0.0991535257406458,3.963799535448471,-0.4426996479812786,1.32341862225405
67.0,144.0,129.8837127685547,-0.0353928620126881,2.684844982485186,-4.114734682919397,-3.6814192467957407,-1.9241976470811808,1.3403668723367224,-0.1000266563011459,3.964715904633412,-0.4442067176368913,1.324261404745758
67.0,144.0,129.88369750976562,-0.0375050067521598,2.682394795215691,-4.114718372567042,-3.678092981168621,-1.9258440914610253,1.3400083563894525,-0.099182553119151,3.966016159885976,-0.4438312502809411,1.3218137438897066
67.0,144.0,129.88369750976562,-0.0385790505121479,2.6829151465589978,-4.114800802167872,-3.680258446862143,-1.924409893497719,1.340273682270729,-0.0988903953142273,3.964274155720028,-0.443693939368691,1.324358976709781
67.0,144.0,129.8837127685547,-0.040081021944508,2.682819963051315,-4.11573450425536,-3.678341426705801,-1.924630774856719,1.34016865119305,-0.0990628554863062,3.961913568924301,-0.4445842110298229,1.3246566623141085
67.0,144.0,129.8837127685547,-0.0383611265626394,2.683226787712788,-4.116181104027769,-3.679021207901581,-1.9237223788072124,1.3396867159900254,-0.0994498436116677,3.962246969983919,-0.4437140811166807,1.3235120612787594
67.0,144.0,129.88369750976562,-0.0379024272348933,2.681548237319513,-4.1147750510204935,-3.679808883893499,-1.9248620463978097,1.3398379650494014,-0.0992112748296654,3.963017815678836,-0.4424179299426491,1.3233375186841294
67.0,144.0,129.88369750976562,-0.0386119900478477,2.682502921158186,-4.115330536104988,-3.67922120648243,-1.924454899099244,1.3398214621333258,-0.0993185791376466,3.963886887649888,-0.4432911272000954,1.323338099550023
67.0,144.0,129.88369750976562,-0.0382477403859779,2.68273101332882,-4.115921932644253,-3.677978964649831,-1.924749009834854,1.3417441945558162,-0.0989616560098664,3.9650317801400976,-0.4436610931860999,1.3237025486479133
67.0,144.0,129.8837127685547,-0.0364560768668281,2.682721714580719,-4.114610761576856,-3.678669844667728,-1.923656373058044,1.34280432953933,-0.0980165365981388,3.961914111739603,-0.443794010845197,1.3223327511473926
67.0,144.0,129.88369750976562,-0.0368682580867013,2.6829220535883818,-4.115330151241876,-3.6800847775118006,-1.924143475813016,1.3403634962947215,-0.0977891263415146,3.964305456688996,-0.4434524361281761,1.323232495747224
67.0,144.0,129.88369750976562,-0.0385555590400413,2.682332051900679,-4.11561887003485,-3.678886500882304,-1.9246899936591084,1.339812599810698,-0.0990985889591814,3.964719517917539,-0.4435134565679196,1.3239478618172835
67.0,144.0,129.88369750976562,-0.0362685215543273,2.6824785535414897,-4.115228802300194,-3.679666890710486,-1.924817154336768,1.3397913112986377,-0.0984104785689082,3.965220519508229,-0.4431274438343454,1.3229101875008091
67.0,144.0,129.88369750976562,-0.0375539125029723,2.683178260371717,-4.114369649219112,-3.679430716965344,-1.9246000535494767,1.3402022966892828,-0.0991060381317665,3.964045450719317,-0.4435850165156397,1.3232991003993002
67.0,144.0,129.8837127685547,-0.0377462765827165,2.682754760261481,-4.116597352360581,-3.6779847629580704,-1.9229277577136537,1.3396366035122156,-0.099180540659422,3.9640289350007456,-0.4424196705885159,1.322401396617004
67.0,144.0,129.8837127685547,-0.0384557015208323,2.682627415337113,-4.1123587635104615,-3.680209406948144,-1.9237014243757844,1.34270171189778,-0.0991206517234278,3.9639897608437753,-0.4421421290146739,1.3241146792666707
67.0,144.0,129.88369750976562,-0.0391015901040685,2.6832066369908216,-4.11469770047713,-3.680059309122311,-1.9260168474946973,1.3411719572718803,-0.0990887163406583,3.963894911594921,-0.4433537251091182,1.3222977704533132
67.0,144.0,129.88369750976562,-0.0371238674580442,2.6828863163114574,-4.116450644235016,-3.678852193219088,-1.9245006772364748,1.340853961483298,-0.1003745299408251,3.96483297132265,-0.4438758320633198,1.32253467512871
67.0,144.0,129.88369750976562,-0.0387529514039979,2.682332987600346,-4.114907536737543,-3.6795098013530296,-1.9263257462158496,1.3407473142017434,-0.0999818312495976,3.964815872089346,-0.4437279455012012,1.3221885533632094
67.0,144.0,129.88369750976562,-0.0385026246801999,2.681902136710416,-4.116577281202409,-3.680540846948508,-1.92433206385908,1.3402460540770993,-0.099126385258616,3.9633692913641982,-0.4437405342625667,1.3232985721522927
67.0,145.0,129.88369750976562,-0.0372763731490363,2.6826167704504225,-4.114823442455658,-3.6783468022659607,-1.9261520268860424,1.3403612303406105,-0.0998002543669788,3.963755631935773,-0.4432836224847902,1.323920551784124
67.0,145.0,129.88369750976562,-0.0386144815276365,2.682602177420531,-4.114692785083619,-3.6782825809630206,-1.925857278402108,1.3408475275948784,-0.0997619686173913,3.964034353113425,-0.4420803106852294,1.323383683790692
67.0,145.0,129.88369750976562,-0.0384255196221009,2.6828457518910365,-4.115229419906435,-3.678280070499364,-1.9241863635424368,1.340197132733122,-0.0989346872452995,3.965045366748188,-0.4436973324717846,1.3237061726352286
67.0,145.0,129.88369750976562,-0.0374477628801099,2.682657028303648,-4.114838900894199,-3.678870043592088,-1.9251837276112644,1.3405201841317955,-0.0987901150784344,3.964675583138253,-0.4423633760043502,1.3238448057713843
67.0,145.0,129.88369750976562,-0.0382635524696136,2.682419967614642,-4.114786126384205,-3.679311634560755,-1.925978686292598,1.3411333845684037,-0.0987597980305496,3.9641414728433215,-0.4424791061193618,1.320928414315454
67.0,145.0,129.88369750976562,-0.0384394284723971,2.682975909148543,-4.114785849651962,-3.679239009035948,-1.9244454601702328,1.3399968271028857,-0.0992974966139006,3.9634126109169294,-0.4438348749963561,1.323728487499586
67.0,145.0,129.88369750976562,-0.0375151009923383,2.6815405326175563,-4.11492126820321,-3.678696413336605,-1.9248538354858755,1.3399425126041962,-0.0987835979778907,3.963714046279793,-0.4446811609730565,1.323395357397754
67.0,145.0,129.88369750976562,-0.0377454066103169,2.6825043046280004,-4.114788089707397,-3.679652743106941,-1.9244710726958925,1.340134709603629,-0.1004671214614538,3.9636188560680137,-0.4424447477359667,1.3231665976907154
67.0,145.0,129.8837127685547,-0.0362652747973755,2.6823901769844523,-4.116293217939296,-3.6782962831329993,-1.928995849366236,1.3427363674667676,-0.0986275656262325,3.964030074260883,-0.444997731679174,1.3229369289227255
67.0,145.0,129.88369750976562,-0.0383554438796345,2.6837078456050074,-4.1148397309375175,-3.6796427651577615,-1.925935618093105,1.3413987342605571,-0.0995517511654577,3.963735392106942,-0.4447510661004394,1.3223569690262462
67.0,145.0,129.88369750976562,-0.0374471514184957,2.6830290313127803,-4.114093649499316,-3.679834210451842,-1.924097479454128,1.3403730799535918,-0.0989693227775162,3.9646815998637,-0.4441470635204132,1.3235251103658887
67.0,145.0,129.88369750976562,-0.0382710782515905,2.682893249029939,-4.115279657961465,-3.6792257495786993,-1.924598940320268,1.340114582927606,-0.0982937747407807,3.963413311773425,-0.4438361054294831,1.3238186492275428
67.0,145.0,129.88369750976562,-0.0386767940782647,2.6825724445294745,-4.114978013222114,-3.6803825219341575,-1.925471672712967,1.340026883894302,-0.1000383970307691,3.965015974768844,-0.4424138905121658,1.3231790020943524
67.0,145.0,129.88369750976562,-0.0386743878574695,2.682514171969066,-4.114506661615946,-3.679438333994672,-1.9243521442453364,1.339783745789752,-0.0992489063510318,3.963839175972056,-0.4434921678817331,1.3240327725928551
67.0,145.0,129.8837127685547,-0.0381877718237811,2.681269931177165,-4.115189659054024,-3.682085768835373,-1.9230510096111444,1.3398880451910875,-0.1009314762252844,3.963350996410638,-0.4439422476527043,1.324298345464992
67.0,145.0,129.88369750976562,-0.038409736125438,2.683223324443615,-4.114847609240932,-3.679415568245977,-1.9254956460903945,1.339956890140793,-0.0993767820110977,3.96545346379171,-0.4440833734044859,1.3235641918682983
67.0,145.0,129.88369750976562,-0.0365283721779428,2.6821798842695697,-4.11603441881068,-3.679486054107372,-1.9251379515389608,1.3405617104052885,-0.1002226474128503,3.96390962240616,-0.4420402715724512,1.3236767237550735
67.0,145.0,129.8837127685547,-0.0365358024724783,2.6818681070312835,-4.112865976977184,-3.679602687252389,-1.924349351054988,1.3402820676057443,-0.1018320141376777,3.9651600061539054,-0.4432204102345752,1.3243243450746875
67.0,145.0,129.88369750976562,-0.0383216637770437,2.6825741157856324,-4.114967170153109,-3.6780063208760607,-1.924454085840296,1.3404595116488414,-0.099584917212826,3.9638032536282113,-0.4437830930453497,1.3237113962040006
67.0,145.0,129.88369750976562,-0.0379767604336877,2.680744641094622,-4.114477853527157,-3.6801701846835897,-1.924400799866619,1.3404674448137248,-0.0999418297218291,3.9646977554076215,-0.4444012423801128,1.3236911002911962
67.0,145.0,129.8837127685547,-0.0394642453231005,2.6822165907899134,-4.114074645352336,-3.6799137978066345,-1.9238931671670203,1.3420153525299825,-0.0998143531951303,3.9629751126011934,-0.4443550203742832,1.3235550677799133
67.0,145.0,129.88369750976562,-0.0383148729229902,2.6832796999404445,-4.116294179060572,-3.6793979513078847,-1.9250865185851764,1.340689295518906,-0.0983386555168854,3.963023765613142,-0.4436402091529069,1.323783064095721
67.0,145.0,129.88369750976562,-0.0379627504806742,2.6821752792535305,-4.115112653936806,-3.679108163981376,-1.9271989799946387,1.3404670547282131,-0.0989285936155462,3.963762776092248,-0.4436037889685726,1.3234545198064809
67.0,145.0,129.88369750976562,-0.0392187524807247,2.683054261908589,-4.114922136147859,-3.6795777604845856,-1.925288325593142,1.3412020927009516,-0.0999221139832497,3.9638507441902,-0.4441360716815598,1.3240769948011513
67.0,145.0,129.88369750976562,-0.0383849644671473,2.6829565493324656,-4.1152425670406885,-3.679085536259625,-1.9245625020625792,1.3398362901102925,-0.0989136901687004,3.964908554644228,-0.4445902552466633,1.3237140521602766
67.0,145.0,129.88369750976562,-0.0381150873514049,2.682542042709517,-4.114430642239843,-3.678878579382245,-1.9244999050184943,1.3406975087022637,-0.0999938618507068,3.963198803446204,-0.4438787615061223,1.3237429493033557
67.0,145.0,129.8837127685547,-0.0393439610213545,2.6830619422745308,-4.114604043222708,-3.680368689308013,-1.9229080885171144,1.340185094365083,-0.099360564882717,3.963476834582344,-0.4430568216979387,1.320904571426344
67.0,145.0,129.88369750976562,-0.0370319986549597,2.682141311654721,-4.11568919640137,-3.679601765843594,-1.9250876999733395,1.3398228311447469,-0.1004837490685165,3.964237534852891,-0.442657322459007,1.323574800022745
67.0,145.0,129.88369750976562,-0.0370807272260081,2.68264859514898,-4.115168223632826,-3.678252415128613,-1.9239598296335736,1.3405486072531194,-0.098422161926668,3.964345449074509,-0.4430919035377933,1.32368118639016
67.0,145.0,129.8837127685547,-0.0371175704728505,2.6812182813530163,-4.114826148555521,-3.6814360671443898,-1.9272192972100608,1.3392384010451557,-0.0975537949860169,3.963685680076699,-0.4423936017161028,1.3207502023375437
67.0,145.0,129.88369750976562,-0.0375504977495809,2.682280533818246,-4.115233018272244,-3.679761393898062,-1.925012808213688,1.3408448440508045,-0.0991535257406458,3.963799535448471,-0.4426996479812786,1.32341862225405
67.0,145.0,129.8837127685547,-0.0353928620126881,2.684844982485186,-4.114734682919397,-3.6814192467957407,-1.9241976470811808,1.3403668723367224,-0.1000266563011459,3.964715904633412,-0.4442067176368913,1.324261404745758
67.0,145.0,129.88369750976562,-0.0375050067521598,2.682394795215691,-4.114718372567042,-3.678092981168621,-1.9258440914610253,1.3400083563894525,-0.099182553119151,3.966016159885976,-0.4438312502809411,1.3218137438897066
67.0,145.0,129.88369750976562,-0.0385790505121479,2.6829151465589978,-4.114800802167872,-3.680258446862143,-1.924409893497719,1.340273682270729,-0.0988903953142273,3.964274155720028,-0.443693939368691,1.324358976709781
67.0,145.0,129.8837127685547,-0.040081021944508,2.682819963051315,-4.11573450425536,-3.678341426705801,-1.924630774856719,1.34016865119305,-0.0990628554863062,3.961913568924301,-0.4445842110298229,1.3246566623141085
67.0,145.0,129.8837127685547,-0.0383611265626394,2.683226787712788,-4.116181104027769,-3.679021207901581,-1.9237223788072124,1.3396867159900254,-0.0994498436116677,3.962246969983919,-0.4437140811166807,1.3235120612787594
67.0,145.0,129.88369750976562,-0.0379024272348933,2.681548237319513,-4.1147750510204935,-3.679808883893499,-1.9248620463978097,1.3398379650494014,-0.0992112748296654,3.963017815678836,-0.4424179299426491,1.3233375186841294
67.0,145.0,129.88369750976562,-0.0386119900478477,2.682502921158186,-4.115330536104988,-3.67922120648243,-1.924454899099244,1.3398214621333258,-0.0993185791376466,3.963886887649888,-0.4432911272000954,1.323338099550023
67.0,145.0,129.88369750976562,-0.0382477403859779,2.68273101332882,-4.115921932644253,-3.677978964649831,-1.924749009834854,1.3417441945558162,-0.0989616560098664,3.9650317801400976,-0.4436610931860999,1.3237025486479133
67.0,145.0,129.8837127685547,-0.0364560768668281,2.682721714580719,-4.114610761576856,-3.678669844667728,-1.923656373058044,1.34280432953933,-0.0980165365981388,3.961914111739603,-0.443794010845197,1.3223327511473926
67.0,145.0,129.88369750976562,-0.0368682580867013,2.6829220535883818,-4.115330151241876,-3.6800847775118006,-1.924143475813016,1.3403634962947215,-0.0977891263415146,3.964305456688996,-0.4434524361281761,1.323232495747224
67.0,145.0,129.88369750976562,-0.0385555590400413,2.682332051900679,-4.11561887003485,-3.678886500882304,-1.9246899936591084,1.339812599810698,-0.0990985889591814,3.964719517917539,-0.4435134565679196,1.3239478618172835
67.0,145.0,129.88369750976562,-0.0362685215543273,2.6824785535414897,-4.115228802300194,-3.679666890710486,-1.924817154336768,1.3397913112986377,-0.0984104785689082,3.965220519508229,-0.4431274438343454,1.3229101875008091
67.0,145.0,129.88369750976562,-0.0375539125029723,2.683178260371717,-4.114369649219112,-3.679430716965344,-1.9246000535494767,1.3402022966892828,-0.0991060381317665,3.964045450719317,-0.4435850165156397,1.3232991003993002
67.0,145.0,129.8837127685547,-0.0377462765827165,2.682754760261481,-4.116597352360581,-3.6779847629580704,-1.9229277577136537,1.3396366035122156,-0.099180540659422,3.9640289350007456,-0.4424196705885159,1.322401396617004
67.0,145.0,129.8837127685547,-0.0384557015208323,2.682627415337113,-4.1123587635104615,-3.680209406948144,-1.9237014243757844,1.34270171189778,-0.0991206517234278,3.9639897608437753,-0.4421421290146739,1.3241146792666707
67.0,145.0,129.88369750976562,-0.0391015901040685,2.6832066369908216,-4.11469770047713,-3.680059309122311,-1.9260168474946973,1.3411719572718803,-0.0990887163406583,3.963894911594921,-0.4433537251091182,1.3222977704533132
67.0,145.0,129.88369750976562,-0.0371238674580442,2.6828863163114574,-4.116450644235016,-3.678852193219088,-1.9245006772364748,1.340853961483298,-0.1003745299408251,3.96483297132265,-0.4438758320633198,1.32253467512871
67.0,145.0,129.88369750976562,-0.0387529514039979,2.682332987600346,-4.114907536737543,-3.6795098013530296,-1.9263257462158496,1.3407473142017434,-0.0999818312495976,3.964815872089346,-0.4437279455012012,1.3221885533632094
67.0,145.0,129.88369750976562,-0.0385026246801999,2.681902136710416,-4.116577281202409,-3.680540846948508,-1.92433206385908,1.3402460540770993,-0.099126385258616,3.9633692913641982,-0.4437405342625667,1.3232985721522927
67.0,146.0,129.88369750976562,-0.0372763731490363,2.6826167704504225,-4.114823442455658,-3.6783468022659607,-1.9261520268860424,1.3403612303406105,-0.0998002543669788,3.963755631935773,-0.4432836224847902,1.323920551784124
67.0,146.0,129.88369750976562,-0.0386144815276365,2.682602177420531,-4.114692785083619,-3.6782825809630206,-1.925857278402108,1.3408475275948784,-0.0997619686173913,3.964034353113425,-0.4420803106852294,1.323383683790692
67.0,146.0,129.88369750976562,-0.0384255196221009,2.6828457518910365,-4.115229419906435,-3.678280070499364,-1.9241863635424368,1.340197132733122,-0.0989346872452995,3.965045366748188,-0.4436973324717846,1.3237061726352286
67.0,146.0,129.88369750976562,-0.0374477628801099,2.682657028303648,-4.114838900894199,-3.678870043592088,-1.9251837276112644,1.3405201841317955,-0.0987901150784344,3.964675583138253,-0.4423633760043502,1.3238448057713843
67.0,146.0,129.88369750976562,-0.0382635524696136,2.682419967614642,-4.114786126384205,-3.679311634560755,-1.925978686292598,1.3411333845684037,-0.0987597980305496,3.9641414728433215,-0.4424791061193618,1.320928414315454
67.0,146.0,129.88369750976562,-0.0384394284723971,2.682975909148543,-4.114785849651962,-3.679239009035948,-1.9244454601702328,1.3399968271028857,-0.0992974966139006,3.9634126109169294,-0.4438348749963561,1.323728487499586
67.0,146.0,129.88369750976562,-0.0375151009923383,2.6815405326175563,-4.11492126820321,-3.678696413336605,-1.9248538354858755,1.3399425126041962,-0.0987835979778907,3.963714046279793,-0.4446811609730565,1.323395357397754
67.0,146.0,129.88369750976562,-0.0377454066103169,2.6825043046280004,-4.114788089707397,-3.679652743106941,-1.9244710726958925,1.340134709603629,-0.1004671214614538,3.9636188560680137,-0.4424447477359667,1.3231665976907154
67.0,146.0,129.8837127685547,-0.0362652747973755,2.6823901769844523,-4.116293217939296,-3.6782962831329993,-1.928995849366236,1.3427363674667676,-0.0986275656262325,3.964030074260883,-0.444997731679174,1.3229369289227255
67.0,146.0,129.88369750976562,-0.0383554438796345,2.6837078456050074,-4.1148397309375175,-3.6796427651577615,-1.925935618093105,1.3413987342605571,-0.0995517511654577,3.963735392106942,-0.4447510661004394,1.3223569690262462
67.0,146.0,129.88369750976562,-0.0374471514184957,2.6830290313127803,-4.114093649499316,-3.679834210451842,-1.924097479454128,1.3403730799535918,-0.0989693227775162,3.9646815998637,-0.4441470635204132,1.3235251103658887
67.0,146.0,129.88369750976562,-0.0382710782515905,2.682893249029939,-4.115279657961465,-3.6792257495786993,-1.924598940320268,1.340114582927606,-0.0982937747407807,3.963413311773425,-0.4438361054294831,1.3238186492275428
67.0,146.0,129.88369750976562,-0.0386767940782647,2.6825724445294745,-4.114978013222114,-3.6803825219341575,-1.925471672712967,1.340026883894302,-0.1000383970307691,3.965015974768844,-0.4424138905121658,1.3231790020943524
67.0,146.0,129.88369750976562,-0.0386743878574695,2.682514171969066,-4.114506661615946,-3.679438333994672,-1.9243521442453364,1.339783745789752,-0.0992489063510318,3.963839175972056,-0.4434921678817331,1.3240327725928551
67.0,146.0,129.8837127685547,-0.0381877718237811,2.681269931177165,-4.115189659054024,-3.682085768835373,-1.9230510096111444,1.3398880451910875,-0.1009314762252844,3.963350996410638,-0.4439422476527043,1.324298345464992
67.0,146.0,129.88369750976562,-0.038409736125438,2.683223324443615,-4.114847609240932,-3.679415568245977,-1.9254956460903945,1.339956890140793,-0.0993767820110977,3.96545346379171,-0.4440833734044859,1.3235641918682983
67.0,146.0,129.88369750976562,-0.0365283721779428,2.6821798842695697,-4.11603441881068,-3.679486054107372,-1.9251379515389608,1.3405617104052885,-0.1002226474128503,3.96390962240616,-0.4420402715724512,1.3236767237550735
67.0,146.0,129.8837127685547,-0.0365358024724783,2.6818681070312835,-4.112865976977184,-3.679602687252389,-1.924349351054988,1.3402820676057443,-0.1018320141376777,3.9651600061539054,-0.4432204102345752,1.3243243450746875
67.0,146.0,129.88369750976562,-0.0383216637770437,2.6825741157856324,-4.114967170153109,-3.6780063208760607,-1.924454085840296,1.3404595116488414,-0.099584917212826,3.9638032536282113,-0.4437830930453497,1.3237113962040006
67.0,146.0,129.88369750976562,-0.0379767604336877,2.680744641094622,-4.114477853527157,-3.6801701846835897,-1.924400799866619,1.3404674448137248,-0.0999418297218291,3.9646977554076215,-0.4444012423801128,1.3236911002911962
67.0,146.0,129.8837127685547,-0.0394642453231005,2.6822165907899134,-4.114074645352336,-3.6799137978066345,-1.9238931671670203,1.3420153525299825,-0.0998143531951303,3.9629751126011934,-0.4443550203742832,1.3235550677799133
67.0,146.0,129.88369750976562,-0.0383148729229902,2.6832796999404445,-4.116294179060572,-3.6793979513078847,-1.9250865185851764,1.340689295518906,-0.0983386555168854,3.963023765613142,-0.4436402091529069,1.323783064095721
67.0,146.0,129.88369750976562,-0.0379627504806742,2.6821752792535305,-4.115112653936806,-3.679108163981376,-1.9271989799946387,1.3404670547282131,-0.0989285936155462,3.963762776092248,-0.4436037889685726,1.3234545198064809
67.0,146.0,129.88369750976562,-0.0392187524807247,2.683054261908589,-4.114922136147859,-3.6795777604845856,-1.925288325593142,1.3412020927009516,-0.0999221139832497,3.9638507441902,-0.4441360716815598,1.3240769948011513
67.0,146.0,129.88369750976562,-0.0383849644671473,2.6829565493324656,-4.1152425670406885,-3.679085536259625,-1.9245625020625792,1.3398362901102925,-0.0989136901687004,3.964908554644228,-0.4445902552466633,1.3237140521602766
67.0,146.0,129.88369750976562,-0.0381150873514049,2.682542042709517,-4.114430642239843,-3.678878579382245,-1.9244999050184943,1.3406975087022637,-0.0999938618507068,3.963198803446204,-0.4438787615061223,1.3237429493033557
67.0,146.0,129.8837127685547,-0.0393439610213545,2.6830619422745308,-4.114604043222708,-3.680368689308013,-1.9229080885171144,1.340185094365083,-0.099360564882717,3.963476834582344,-0.4430568216979387,1.320904571426344
67.0,146.0,129.88369750976562,-0.0370319986549597,2.682141311654721,-4.11568919640137,-3.679601765843594,-1.9250876999733395,1.3398228311447469,-0.1004837490685165,3.964237534852891,-0.442657322459007,1.323574800022745
67.0,146.0,129.88369750976562,-0.0370807272260081,2.68264859514898,-4.115168223632826,-3.678252415128613,-1.9239598296335736,1.3405486072531194,-0.098422161926668,3.964345449074509,-0.4430919035377933,1.32368118639016
67.0,146.0,129.8837127685547,-0.0371175704728505,2.6812182813530163,-4.114826148555521,-3.6814360671443898,-1.9272192972100608,1.3392384010451557,-0.0975537949860169,3.963685680076699,-0.4423936017161028,1.3207502023375437
67.0,146.0,129.88369750976562,-0.0375504977495809,2.682280533818246,-4.115233018272244,-3.679761393898062,-1.925012808213688,1.3408448440508045,-0.0991535257406458,3.963799535448471,-0.4426996479812786,1.32341862225405
67.0,146.0,129.8837127685547,-0.0353928620126881,2.684844982485186,-4.114734682919397,-3.6814192467957407,-1.9241976470811808,1.3403668723367224,-0.1000266563011459,3.964715904633412,-0.4442067176368913,1.324261404745758
67.0,146.0,129.88369750976562,-0.0375050067521598,2.682394795215691,-4.114718372567042,-3.678092981168621,-1.9258440914610253,1.3400083563894525,-0.099182553119151,3.966016159885976,-0.4438312502809411,1.3218137438897066
67.0,146.0,129.88369750976562,-0.0385790505121479,2.6829151465589978,-4.114800802167872,-3.680258446862143,-1.924409893497719,1.340273682270729,-0.0988903953142273,3.964274155720028,-0.443693939368691,1.324358976709781
67.0,146.0,129.8837127685547,-0.040081021944508,2.682819963051315,-4.11573450425536,-3.678341426705801,-1.924630774856719,1.34016865119305,-0.0990628554863062,3.961913568924301,-0.4445842110298229,1.3246566623141085
67.0,146.0,129.8837127685547,-0.0383611265626394,2.683226787712788,-4.116181104027769,-3.679021207901581,-1.9237223788072124,1.3396867159900254,-0.0994498436116677,3.962246969983919,-0.4437140811166807,1.3235120612787594
67.0,146.0,129.88369750976562,-0.0379024272348933,2.681548237319513,-4.1147750510204935,-3.679808883893499,-1.9248620463978097,1.3398379650494014,-0.0992112748296654,3.963017815678836,-0.4424179299426491,1.3233375186841294
67.0,146.0,129.88369750976562,-0.0386119900478477,2.682502921158186,-4.115330536104988,-3.67922120648243,-1.924454899099244,1.3398214621333258,-0.0993185791376466,3.963886887649888,-0.4432911272000954,1.323338099550023
67.0,146.0,129.88369750976562,-0.0382477403859779,2.68273101332882,-4.115921932644253,-3.677978964649831,-1.924749009834854,1.3417441945558162,-0.0989616560098664,3.9650317801400976,-0.4436610931860999,1.3237025486479133
67.0,146.0,129.8837127685547,-0.0364560768668281,2.682721714580719,-4.114610761576856,-3.678669844667728,-1.923656373058044,1.34280432953933,-0.0980165365981388,3.961914111739603,-0.443794010845197,1.3223327511473926
67.0,146.0,129.88369750976562,-0.0368682580867013,2.6829220535883818,-4.115330151241876,-3.6800847775118006,-1.924143475813016,1.3403634962947215,-0.0977891263415146,3.964305456688996,-0.4434524361281761,1.323232495747224
67.0,146.0,129.88369750976562,-0.0385555590400413,2.682332051900679,-4.11561887003485,-3.678886500882304,-1.9246899936591084,1.339812599810698,-0.0990985889591814,3.964719517917539,-0.4435134565679196,1.3239478618172835
67.0,146.0,129.88369750976562,-0.0362685215543273,2.6824785535414897,-4.115228802300194,-3.679666890710486,-1.924817154336768,1.3397913112986377,-0.0984104785689082,3.965220519508229,-0.4431274438343454,1.3229101875008091
67.0,146.0,129.88369750976562,-0.0375539125029723,2.683178260371717,-4.114369649219112,-3.679430716965344,-1.9246000535494767,1.3402022966892828,-0.0991060381317665,3.964045450719317,-0.4435850165156397,1.3232991003993002
67.0,146.0,129.8837127685547,-0.0377462765827165,2.682754760261481,-4.116597352360581,-3.6779847629580704,-1.9229277577136537,1.3396366035122156,-0.099180540659422,3.9640289350007456,-0.4424196705885159,1.322401396617004
67.0,146.0,129.8837127685547,-0.0384557015208323,2.682627415337113,-4.1123587635104615,-3.680209406948144,-1.9237014243757844,1.34270171189778,-0.0991206517234278,3.9639897608437753,-0.4421421290146739,1.3241146792666707
67.0,146.0,129.88369750976562,-0.0391015901040685,2.6832066369908216,-4.11469770047713,-3.680059309122311,-1.9260168474946973,1.3411719572718803,-0.0990887163406583,3.963894911594921,-0.4433537251091182,1.3222977704533132
67.0,146.0,129.88369750976562,-0.0371238674580442,2.6828863163114574,-4.116450644235016,-3.678852193219088,-1.9245006772364748,1.340853961483298,-0.1003745299408251,3.96483297132265,-0.4438758320633198,1.32253467512871
67.0,146.0,129.88369750976562,-0.0387529514039979,2.682332987600346,-4.114907536737543,-3.6795098013530296,-1.9263257462158496,1.3407473142017434,-0.0999818312495976,3.964815872089346,-0.4437279455012012,1.3221885533632094
67.0,146.0,129.88369750976562,-0.0385026246801999,2.681902136710416,-4.116577281202409,-3.680540846948508,-1.92433206385908,1.3402460540770993,-0.099126385258616,3.9633692913641982,-0.4437405342625667,1.3232985721522927
67.0,147.0,129.88369750976562,-0.0372763731490363,2.6826167704504225,-4.114823442455658,-3.6783468022659607,-1.9261520268860424,1.3403612303406105,-0.0998002543669788,3.963755631935773,-0.4432836224847902,1.323920551784124
67.0,147.0,129.88369750976562,-0.0386144815276365,2.682602177420531,-4.114692785083619,-3.6782825809630206,-1.925857278402108,1.3408475275948784,-0.0997619686173913,3.964034353113425,-0.4420803106852294,1.323383683790692
67.0,147.0,129.88369750976562,-0.0384255196221009,2.6828457518910365,-4.115229419906435,-3.678280070499364,-1.9241863635424368,1.340197132733122,-0.0989346872452995,3.965045366748188,-0.4436973324717846,1.3237061726352286
67.0,147.0,129.88369750976562,-0.0374477628801099,2.682657028303648,-4.114838900894199,-3.678870043592088,-1.9251837276112644,1.3405201841317955,-0.0987901150784344,3.964675583138253,-0.4423633760043502,1.3238448057713843
67.0,147.0,129.88369750976562,-0.0382635524696136,2.682419967614642,-4.114786126384205,-3.679311634560755,-1.925978686292598,1.3411333845684037,-0.0987597980305496,3.9641414728433215,-0.4424791061193618,1.320928414315454
67.0,147.0,129.88369750976562,-0.0384394284723971,2.682975909148543,-4.114785849651962,-3.679239009035948,-1.9244454601702328,1.3399968271028857,-0.0992974966139006,3.9634126109169294,-0.4438348749963561,1.323728487499586
67.0,147.0,129.88369750976562,-0.0375151009923383,2.6815405326175563,-4.11492126820321,-3.678696413336605,-1.9248538354858755,1.3399425126041962,-0.0987835979778907,3.963714046279793,-0.4446811609730565,1.323395357397754
67.0,147.0,129.88369750976562,-0.0377454066103169,2.6825043046280004,-4.114788089707397,-3.679652743106941,-1.9244710726958925,1.340134709603629,-0.1004671214614538,3.9636188560680137,-0.4424447477359667,1.3231665976907154
67.0,147.0,129.8837127685547,-0.0362652747973755,2.6823901769844523,-4.116293217939296,-3.6782962831329993,-1.928995849366236,1.3427363674667676,-0.0986275656262325,3.964030074260883,-0.444997731679174,1.3229369289227255
67.0,147.0,129.88369750976562,-0.0383554438796345,2.6837078456050074,-4.1148397309375175,-3.6796427651577615,-1.925935618093105,1.3413987342605571,-0.0995517511654577,3.963735392106942,-0.4447510661004394,1.3223569690262462
67.0,147.0,129.88369750976562,-0.0374471514184957,2.6830290313127803,-4.114093649499316,-3.679834210451842,-1.924097479454128,1.3403730799535918,-0.0989693227775162,3.9646815998637,-0.4441470635204132,1.3235251103658887
67.0,147.0,129.88369750976562,-0.0382710782515905,2.682893249029939,-4.115279657961465,-3.6792257495786993,-1.924598940320268,1.340114582927606,-0.0982937747407807,3.963413311773425,-0.4438361054294831,1.3238186492275428
67.0,147.0,129.88369750976562,-0.0386767940782647,2.6825724445294745,-4.114978013222114,-3.6803825219341575,-1.925471672712967,1.340026883894302,-0.1000383970307691,3.965015974768844,-0.4424138905121658,1.3231790020943524
67.0,147.0,129.88369750976562,-0.0386743878574695,2.682514171969066,-4.114506661615946,-3.679438333994672,-1.9243521442453364,1.339783745789752,-0.0992489063510318,3.963839175972056,-0.4434921678817331,1.3240327725928551
67.0,147.0,129.8837127685547,-0.0381877718237811,2.681269931177165,-4.115189659054024,-3.682085768835373,-1.9230510096111444,1.3398880451910875,-0.1009314762252844,3.963350996410638,-0.4439422476527043,1.324298345464992
67.0,147.0,129.88369750976562,-0.038409736125438,2.683223324443615,-4.114847609240932,-3.679415568245977,-1.9254956460903945,1.339956890140793,-0.0993767820110977,3.96545346379171,-0.4440833734044859,1.3235641918682983
67.0,147.0,129.88369750976562,-0.0365283721779428,2.6821798842695697,-4.11603441881068,-3.679486054107372,-1.9251379515389608,1.3405617104052885,-0.1002226474128503,3.96390962240616,-0.4420402715724512,1.3236767237550735
67.0,147.0,129.8837127685547,-0.0365358024724783,2.6818681070312835,-4.112865976977184,-3.679602687252389,-1.924349351054988,1.3402820676057443,-0.1018320141376777,3.9651600061539054,-0.4432204102345752,1.3243243450746875
67.0,147.0,129.88369750976562,-0.0383216637770437,2.6825741157856324,-4.114967170153109,-3.6780063208760607,-1.924454085840296,1.3404595116488414,-0.099584917212826,3.9638032536282113,-0.4437830930453497,1.3237113962040006
67.0,147.0,129.88369750976562,-0.0379767604336877,2.680744641094622,-4.114477853527157,-3.6801701846835897,-1.924400799866619,1.3404674448137248,-0.0999418297218291,3.9646977554076215,-0.4444012423801128,1.3236911002911962
67.0,147.0,129.8837127685547,-0.0394642453231005,2.6822165907899134,-4.114074645352336,-3.6799137978066345,-1.9238931671670203,1.3420153525299825,-0.0998143531951303,3.9629751126011934,-0.4443550203742832,1.3235550677799133
67.0,147.0,129.88369750976562,-0.0383148729229902,2.6832796999404445,-4.116294179060572,-3.6793979513078847,-1.9250865185851764,1.340689295518906,-0.0983386555168854,3.963023765613142,-0.4436402091529069,1.323783064095721
67.0,147.0,129.88369750976562,-0.0379627504806742,2.6821752792535305,-4.115112653936806,-3.679108163981376,-1.9271989799946387,1.3404670547282131,-0.0989285936155462,3.963762776092248,-0.4436037889685726,1.3234545198064809
67.0,147.0,129.88369750976562,-0.0392187524807247,2.683054261908589,-4.114922136147859,-3.6795777604845856,-1.925288325593142,1.3412020927009516,-0.0999221139832497,3.9638507441902,-0.4441360716815598,1.3240769948011513
67.0,147.0,129.88369750976562,-0.0383849644671473,2.6829565493324656,-4.1152425670406885,-3.679085536259625,-1.9245625020625792,1.3398362901102925,-0.0989136901687004,3.964908554644228,-0.4445902552466633,1.3237140521602766
67.0,147.0,129.88369750976562,-0.0381150873514049,2.682542042709517,-4.114430642239843,-3.678878579382245,-1.9244999050184943,1.3406975087022637,-0.0999938618507068,3.963198803446204,-0.4438787615061223,1.3237429493033557
67.0,147.0,129.8837127685547,-0.0393439610213545,2.6830619422745308,-4.114604043222708,-3.680368689308013,-1.9229080885171144,1.340185094365083,-0.099360564882717,3.963476834582344,-0.4430568216979387,1.320904571426344
67.0,147.0,129.88369750976562,-0.0370319986549597,2.682141311654721,-4.11568919640137,-3.679601765843594,-1.9250876999733395,1.3398228311447469,-0.1004837490685165,3.964237534852891,-0.442657322459007,1.323574800022745
67.0,147.0,129.88369750976562,-0.0370807272260081,2.68264859514898,-4.115168223632826,-3.678252415128613,-1.9239598296335736,1.3405486072531194,-0.098422161926668,3.964345449074509,-0.4430919035377933,1.32368118639016
67.0,147.0,129.8837127685547,-0.0371175704728505,2.6812182813530163,-4.114826148555521,-3.6814360671443898,-1.9272192972100608,1.3392384010451557,-0.0975537949860169,3.963685680076699,-0.4423936017161028,1.3207502023375437
67.0,147.0,129.88369750976562,-0.0375504977495809,2.682280533818246,-4.115233018272244,-3.679761393898062,-1.925012808213688,1.3408448440508045,-0.0991535257406458,3.963799535448471,-0.4426996479812786,1.32341862225405
67.0,147.0,129.8837127685547,-0.0353928620126881,2.684844982485186,-4.114734682919397,-3.6814192467957407,-1.9241976470811808,1.3403668723367224,-0.1000266563011459,3.964715904633412,-0.4442067176368913,1.324261404745758
67.0,147.0,129.88369750976562,-0.0375050067521598,2.682394795215691,-4.114718372567042,-3.678092981168621,-1.9258440914610253,1.3400083563894525,-0.099182553119151,3.966016159885976,-0.4438312502809411,1.3218137438897066
67.0,147.0,129.88369750976562,-0.0385790505121479,2.6829151465589978,-4.114800802167872,-3.680258446862143,-1.924409893497719,1.340273682270729,-0.0988903953142273,3.964274155720028,-0.443693939368691,1.324358976709781
67.0,147.0,129.8837127685547,-0.040081021944508,2.682819963051315,-4.11573450425536,-3.678341426705801,-1.924630774856719,1.34016865119305,-0.0990628554863062,3.961913568924301,-0.4445842110298229,1.3246566623141085
67.0,147.0,129.8837127685547,-0.0383611265626394,2.683226787712788,-4.116181104027769,-3.679021207901581,-1.9237223788072124,1.3396867159900254,-0.0994498436116677,3.962246969983919,-0.4437140811166807,1.3235120612787594
67.0,147.0,129.88369750976562,-0.0379024272348933,2.681548237319513,-4.1147750510204935,-3.679808883893499,-1.9248620463978097,1.3398379650494014,-0.0992112748296654,3.963017815678836,-0.4424179299426491,1.3233375186841294
67.0,147.0,129.88369750976562,-0.0386119900478477,2.682502921158186,-4.115330536104988,-3.67922120648243,-1.924454899099244,1.3398214621333258,-0.0993185791376466,3.963886887649888,-0.4432911272000954,1.323338099550023
67.0,147.0,129.88369750976562,-0.0382477403859779,2.68273101332882,-4.115921932644253,-3.677978964649831,-1.924749009834854,1.3417441945558162,-0.0989616560098664,3.9650317801400976,-0.4436610931860999,1.3237025486479133
67.0,147.0,129.8837127685547,-0.0364560768668281,2.682721714580719,-4.114610761576856,-3.678669844667728,-1.923656373058044,1.34280432953933,-0.0980165365981388,3.961914111739603,-0.443794010845197,1.3223327511473926
67.0,147.0,129.88369750976562,-0.0368682580867013,2.6829220535883818,-4.115330151241876,-3.6800847775118006,-1.924143475813016,1.3403634962947215,-0.0977891263415146,3.964305456688996,-0.4434524361281761,1.323232495747224
67.0,147.0,129.88369750976562,-0.0385555590400413,2.682332051900679,-4.11561887003485,-3.678886500882304,-1.9246899936591084,1.339812599810698,-0.0990985889591814,3.964719517917539,-0.4435134565679196,1.3239478618172835
67.0,147.0,129.88369750976562,-0.0362685215543273,2.6824785535414897,-4.115228802300194,-3.679666890710486,-1.924817154336768,1.3397913112986377,-0.0984104785689082,3.965220519508229,-0.4431274438343454,1.3229101875008091
67.0,147.0,129.88369750976562,-0.0375539125029723,2.683178260371717,-4.114369649219112,-3.679430716965344,-1.9246000535494767,1.3402022966892828,-0.0991060381317665,3.964045450719317,-0.4435850165156397,1.3232991003993002
67.0,147.0,129.8837127685547,-0.0377462765827165,2.682754760261481,-4.116597352360581,-3.6779847629580704,-1.9229277577136537,1.3396366035122156,-0.099180540659422,3.9640289350007456,-0.4424196705885159,1.322401396617004
67.0,147.0,129.8837127685547,-0.0384557015208323,2.682627415337113,-4.1123587635104615,-3.680209406948144,-1.9237014243757844,1.34270171189778,-0.0991206517234278,3.9639897608437753,-0.4421421290146739,1.3241146792666707
67.0,147.0,129.88369750976562,-0.0391015901040685,2.6832066369908216,-4.11469770047713,-3.680059309122311,-1.9260168474946973,1.3411719572718803,-0.0990887163406583,3.963894911594921,-0.4433537251091182,1.3222977704533132
67.0,147.0,129.88369750976562,-0.0371238674580442,2.6828863163114574,-4.116450644235016,-3.678852193219088,-1.9245006772364748,1.340853961483298,-0.1003745299408251,3.96483297132265,-0.4438758320633198,1.32253467512871
67.0,147.0,129.88369750976562,-0.0387529514039979,2.682332987600346,-4.114907536737543,-3.6795098013530296,-1.9263257462158496,1.3407473142017434,-0.0999818312495976,3.964815872089346,-0.4437279455012012,1.3221885533632094
67.0,147.0,129.88369750976562,-0.0385026246801999,2.681902136710416,-4.116577281202409,-3.680540846948508,-1.92433206385908,1.3402460540770993,-0.099126385258616,3.9633692913641982,-0.4437405342625667,1.3232985721522927
67.0,148.0,129.88369750976562,-0.0372763731490363,2.6826167704504225,-4.114823442455658,-3.6783468022659607,-1.9261520268860424,1.3403612303406105,-0.0998002543669788,3.963755631935773,-0.4432836224847902,1.323920551784124
67.0,148.0,129.88369750976562,-0.0386144815276365,2.682602177420531,-4.114692785083619,-3.6782825809630206,-1.925857278402108,1.3408475275948784,-0.0997619686173913,3.964034353113425,-0.4420803106852294,1.323383683790692
67.0,148.0,129.88369750976562,-0.0384255196221009,2.6828457518910365,-4.115229419906435,-3.678280070499364,-1.9241863635424368,1.340197132733122,-0.0989346872452995,3.965045366748188,-0.4436973324717846,1.3237061726352286
67.0,148.0,129.88369750976562,-0.0374477628801099,2.682657028303648,-4.114838900894199,-3.678870043592088,-1.9251837276112644,1.3405201841317955,-0.0987901150784344,3.964675583138253,-0.4423633760043502,1.3238448057713843
67.0,148.0,129.88369750976562,-0.0382635524696136,2.682419967614642,-4.114786126384205,-3.679311634560755,-1.925978686292598,1.3411333845684037,-0.0987597980305496,3.9641414728433215,-0.4424791061193618,1.320928414315454
67.0,148.0,129.88369750976562,-0.0384394284723971,2.682975909148543,-4.114785849651962,-3.679239009035948,-1.9244454601702328,1.3399968271028857,-0.0992974966139006,3.9634126109169294,-0.4438348749963561,1.323728487499586
67.0,148.0,129.88369750976562,-0.0375151009923383,2.6815405326175563,-4.11492126820321,-3.678696413336605,-1.9248538354858755,1.3399425126041962,-0.0987835979778907,3.963714046279793,-0.4446811609730565,1.323395357397754
67.0,148.0,129.88369750976562,-0.0377454066103169,2.6825043046280004,-4.114788089707397,-3.679652743106941,-1.9244710726958925,1.340134709603629,-0.1004671214614538,3.9636188560680137,-0.4424447477359667,1.3231665976907154
67.0,148.0,129.8837127685547,-0.0362652747973755,2.6823901769844523,-4.116293217939296,-3.6782962831329993,-1.928995849366236,1.3427363674667676,-0.0986275656262325,3.964030074260883,-0.444997731679174,1.3229369289227255
67.0,148.0,129.88369750976562,-0.0383554438796345,2.6837078456050074,-4.1148397309375175,-3.6796427651577615,-1.925935618093105,1.3413987342605571,-0.0995517511654577,3.963735392106942,-0.4447510661004394,1.3223569690262462
67.0,148.0,129.88369750976562,-0.0374471514184957,2.6830290313127803,-4.114093649499316,-3.679834210451842,-1.924097479454128,1.3403730799535918,-0.0989693227775162,3.9646815998637,-0.4441470635204132,1.3235251103658887
67.0,148.0,129.88369750976562,-0.0382710782515905,2.682893249029939,-4.115279657961465,-3.6792257495786993,-1.924598940320268,1.340114582927606,-0.0982937747407807,3.963413311773425,-0.4438361054294831,1.3238186492275428
67.0,148.0,129.88369750976562,-0.0386767940782647,2.6825724445294745,-4.114978013222114,-3.6803825219341575,-1.925471672712967,1.340026883894302,-0.1000383970307691,3.965015974768844,-0.4424138905121658,1.3231790020943524
67.0,148.0,129.88369750976562,-0.0386743878574695,2.682514171969066,-4.114506661615946,-3.679438333994672,-1.9243521442453364,1.339783745789752,-0.0992489063510318,3.963839175972056,-0.4434921678817331,1.3240327725928551
67.0,148.0,129.8837127685547,-0.0381877718237811,2.681269931177165,-4.115189659054024,-3.682085768835373,-1.9230510096111444,1.3398880451910875,-0.1009314762252844,3.963350996410638,-0.4439422476527043,1.324298345464992
67.0,148.0,129.88369750976562,-0.038409736125438,2.683223324443615,-4.114847609240932,-3.679415568245977,-1.9254956460903945,1.339956890140793,-0.0993767820110977,3.96545346379171,-0.4440833734044859,1.3235641918682983
67.0,148.0,129.88369750976562,-0.0365283721779428,2.6821798842695697,-4.11603441881068,-3.679486054107372,-1.9251379515389608,1.3405617104052885,-0.1002226474128503,3.96390962240616,-0.4420402715724512,1.3236767237550735
67.0,148.0,129.8837127685547,-0.0365358024724783,2.6818681070312835,-4.112865976977184,-3.679602687252389,-1.924349351054988,1.3402820676057443,-0.1018320141376777,3.9651600061539054,-0.4432204102345752,1.3243243450746875
67.0,148.0,129.88369750976562,-0.0383216637770437,2.6825741157856324,-4.114967170153109,-3.6780063208760607,-1.924454085840296,1.3404595116488414,-0.099584917212826,3.9638032536282113,-0.4437830930453497,1.3237113962040006
67.0,148.0,129.88369750976562,-0.0379767604336877,2.680744641094622,-4.114477853527157,-3.6801701846835897,-1.924400799866619,1.3404674448137248,-0.0999418297218291,3.9646977554076215,-0.4444012423801128,1.3236911002911962
67.0,148.0,129.8837127685547,-0.0394642453231005,2.6822165907899134,-4.114074645352336,-3.6799137978066345,-1.9238931671670203,1.3420153525299825,-0.0998143531951303,3.9629751126011934,-0.4443550203742832,1.3235550677799133
67.0,148.0,129.88369750976562,-0.0383148729229902,2.6832796999404445,-4.116294179060572,-3.6793979513078847,-1.9250865185851764,1.340689295518906,-0.0983386555168854,3.963023765613142,-0.4436402091529069,1.323783064095721
67.0,148.0,129.88369750976562,-0.0379627504806742,2.6821752792535305,-4.115112653936806,-3.679108163981376,-1.9271989799946387,1.3404670547282131,-0.0989285936155462,3.963762776092248,-0.4436037889685726,1.3234545198064809
67.0,148.0,129.88369750976562,-0.0392187524807247,2.683054261908589,-4.114922136147859,-3.6795777604845856,-1.925288325593142,1.3412020927009516,-0.0999221139832497,3.9638507441902,-0.4441360716815598,1.3240769948011513
67.0,148.0,129.88369750976562,-0.0383849644671473,2.6829565493324656,-4.1152425670406885,-3.679085536259625,-1.9245625020625792,1.3398362901102925,-0.0989136901687004,3.964908554644228,-0.4445902552466633,1.3237140521602766
67.0,148.0,129.88369750976562,-0.0381150873514049,2.682542042709517,-4.114430642239843,-3.678878579382245,-1.9244999050184943,1.3406975087022637,-0.0999938618507068,3.963198803446204,-0.4438787615061223,1.3237429493033557
67.0,148.0,129.8837127685547,-0.0393439610213545,2.6830619422745308,-4.114604043222708,-3.680368689308013,-1.9229080885171144,1.340185094365083,-0.099360564882717,3.963476834582344,-0.4430568216979387,1.320904571426344
67.0,148.0,129.88369750976562,-0.0370319986549597,2.682141311654721,-4.11568919640137,-3.679601765843594,-1.9250876999733395,1.3398228311447469,-0.1004837490685165,3.964237534852891,-0.442657322459007,1.323574800022745
67.0,148.0,129.88369750976562,-0.0370807272260081,2.68264859514898,-4.115168223632826,-3.678252415128613,-1.9239598296335736,1.3405486072531194,-0.098422161926668,3.964345449074509,-0.4430919035377933,1.32368118639016
67.0,148.0,129.8837127685547,-0.0371175704728505,2.6812182813530163,-4.114826148555521,-3.6814360671443898,-1.9272192972100608,1.3392384010451557,-0.0975537949860169,3.963685680076699,-0.4423936017161028,1.3207502023375437
67.0,148.0,129.88369750976562,-0.0375504977495809,2.682280533818246,-4.115233018272244,-3.679761393898062,-1.925012808213688,1.3408448440508045,-0.0991535257406458,3.963799535448471,-0.4426996479812786,1.32341862225405
67.0,148.0,129.8837127685547,-0.0353928620126881,2.684844982485186,-4.114734682919397,-3.6814192467957407,-1.9241976470811808,1.3403668723367224,-0.1000266563011459,3.964715904633412,-0.4442067176368913,1.324261404745758
67.0,148.0,129.88369750976562,-0.0375050067521598,2.682394795215691,-4.114718372567042,-3.678092981168621,-1.9258440914610253,1.3400083563894525,-0.099182553119151,3.966016159885976,-0.4438312502809411,1.3218137438897066
67.0,148.0,129.88369750976562,-0.0385790505121479,2.6829151465589978,-4.114800802167872,-3.680258446862143,-1.924409893497719,1.340273682270729,-0.0988903953142273,3.964274155720028,-0.443693939368691,1.324358976709781
67.0,148.0,129.88369750976562,-0.0373377203114786,2.682486630971601,-4.114913017838977,-3.6783634873448783,-1.9265970819780125,1.3403155553342478,-0.099168483249192,3.963433477689972,-0.4450287501643289,1.3241048847555466
67.0,148.0,129.88369750976562,-0.0379180192985064,2.682247815866732,-4.11618169808676,-3.678672127199636,-1.9243215382018104,1.341224665253827,-0.0999942253138913,3.964944788080395,-0.4445476548029366,1.3237704141458422
67.0,148.0,129.88369750976562,-0.0379024272348933,2.681548237319513,-4.1147750510204935,-3.679808883893499,-1.9248620463978097,1.3398379650494014,-0.0992112748296654,3.963017815678836,-0.4424179299426491,1.3233375186841294
67.0,148.0,129.88369750976562,-0.0386119900478477,2.682502921158186,-4.115330536104988,-3.67922120648243,-1.924454899099244,1.3398214621333258,-0.0993185791376466,3.963886887649888,-0.4432911272000954,1.323338099550023
67.0,148.0,129.88369750976562,-0.0382477403859779,2.68273101332882,-4.115921932644253,-3.677978964649831,-1.924749009834854,1.3417441945558162,-0.0989616560098664,3.9650317801400976,-0.4436610931860999,1.3237025486479133
67.0,148.0,129.8837127685547,-0.0364560768668281,2.682721714580719,-4.114610761576856,-3.678669844667728,-1.923656373058044,1.34280432953933,-0.0980165365981388,3.961914111739603,-0.443794010845197,1.3223327511473926
67.0,148.0,129.88369750976562,-0.0368682580867013,2.6829220535883818,-4.115330151241876,-3.6800847775118006,-1.924143475813016,1.3403634962947215,-0.0977891263415146,3.964305456688996,-0.4434524361281761,1.323232495747224
67.0,148.0,129.88369750976562,-0.0385555590400413,2.682332051900679,-4.11561887003485,-3.678886500882304,-1.9246899936591084,1.339812599810698,-0.0990985889591814,3.964719517917539,-0.4435134565679196,1.3239478618172835
67.0,148.0,129.88369750976562,-0.0362685215543273,2.6824785535414897,-4.115228802300194,-3.679666890710486,-1.924817154336768,1.3397913112986377,-0.0984104785689082,3.965220519508229,-0.4431274438343454,1.3229101875008091
67.0,148.0,129.88369750976562,-0.0375539125029723,2.683178260371717,-4.114369649219112,-3.679430716965344,-1.9246000535494767,1.3402022966892828,-0.0991060381317665,3.964045450719317,-0.4435850165156397,1.3232991003993002
67.0,148.0,129.8837127685547,-0.0377462765827165,2.682754760261481,-4.116597352360581,-3.6779847629580704,-1.9229277577136537,1.3396366035122156,-0.099180540659422,3.9640289350007456,-0.4424196705885159,1.322401396617004
67.0,148.0,129.8837127685547,-0.0384557015208323,2.682627415337113,-4.1123587635104615,-3.680209406948144,-1.9237014243757844,1.34270171189778,-0.0991206517234278,3.9639897608437753,-0.4421421290146739,1.3241146792666707
67.0,148.0,129.88369750976562,-0.0391015901040685,2.6832066369908216,-4.11469770047713,-3.680059309122311,-1.9260168474946973,1.3411719572718803,-0.0990887163406583,3.963894911594921,-0.4433537251091182,1.3222977704533132
67.0,148.0,129.88369750976562,-0.0371238674580442,2.6828863163114574,-4.116450644235016,-3.678852193219088,-1.9245006772364748,1.340853961483298,-0.1003745299408251,3.96483297132265,-0.4438758320633198,1.32253467512871
67.0,148.0,129.88369750976562,-0.0387529514039979,2.682332987600346,-4.114907536737543,-3.6795098013530296,-1.9263257462158496,1.3407473142017434,-0.0999818312495976,3.964815872089346,-0.4437279455012012,1.3221885533632094
67.0,148.0,129.88369750976562,-0.0385026246801999,2.681902136710416,-4.116577281202409,-3.680540846948508,-1.92433206385908,1.3402460540770993,-0.099126385258616,3.9633692913641982,-0.4437405342625667,1.3232985721522927
67.0,149.0,129.88369750976562,-0.0372763731490363,2.6826167704504225,-4.114823442455658,-3.6783468022659607,-1.9261520268860424,1.3403612303406105,-0.0998002543669788,3.963755631935773,-0.4432836224847902,1.323920551784124
67.0,149.0,129.88369750976562,-0.0386144815276365,2.682602177420531,-4.114692785083619,-3.6782825809630206,-1.925857278402108,1.3408475275948784,-0.0997619686173913,3.964034353113425,-0.4420803106852294,1.323383683790692
67.0,149.0,129.88369750976562,-0.0384255196221009,2.6828457518910365,-4.115229419906435,-3.678280070499364,-1.9241863635424368,1.340197132733122,-0.0989346872452995,3.965045366748188,-0.4436973324717846,1.3237061726352286
67.0,149.0,129.88369750976562,-0.0374477628801099,2.682657028303648,-4.114838900894199,-3.678870043592088,-1.9251837276112644,1.3405201841317955,-0.0987901150784344,3.964675583138253,-0.4423633760043502,1.3238448057713843
67.0,149.0,129.88369750976562,-0.0382635524696136,2.682419967614642,-4.114786126384205,-3.679311634560755,-1.925978686292598,1.3411333845684037,-0.0987597980305496,3.9641414728433215,-0.4424791061193618,1.320928414315454
67.0,149.0,129.88369750976562,-0.0384394284723971,2.682975909148543,-4.114785849651962,-3.679239009035948,-1.9244454601702328,1.3399968271028857,-0.0992974966139006,3.9634126109169294,-0.4438348749963561,1.323728487499586
67.0,149.0,129.88369750976562,-0.0375151009923383,2.6815405326175563,-4.11492126820321,-3.678696413336605,-1.9248538354858755,1.3399425126041962,-0.0987835979778907,3.963714046279793,-0.4446811609730565,1.323395357397754
67.0,149.0,129.88369750976562,-0.0377454066103169,2.6825043046280004,-4.114788089707397,-3.679652743106941,-1.9244710726958925,1.340134709603629,-0.1004671214614538,3.9636188560680137,-0.4424447477359667,1.3231665976907154
67.0,149.0,129.8837127685547,-0.0362652747973755,2.6823901769844523,-4.116293217939296,-3.6782962831329993,-1.928995849366236,1.3427363674667676,-0.0986275656262325,3.964030074260883,-0.444997731679174,1.3229369289227255
67.0,149.0,129.88369750976562,-0.0383554438796345,2.6837078456050074,-4.1148397309375175,-3.6796427651577615,-1.925935618093105,1.3413987342605571,-0.0995517511654577,3.963735392106942,-0.4447510661004394,1.3223569690262462
67.0,149.0,129.88369750976562,-0.0374471514184957,2.6830290313127803,-4.114093649499316,-3.679834210451842,-1.924097479454128,1.3403730799535918,-0.0989693227775162,3.9646815998637,-0.4441470635204132,1.3235251103658887
67.0,149.0,129.88369750976562,-0.0382710782515905,2.682893249029939,-4.115279657961465,-3.6792257495786993,-1.924598940320268,1.340114582927606,-0.0982937747407807,3.963413311773425,-0.4438361054294831,1.3238186492275428
67.0,149.0,129.88369750976562,-0.0386767940782647,2.6825724445294745,-4.114978013222114,-3.6803825219341575,-1.925471672712967,1.340026883894302,-0.1000383970307691,3.965015974768844,-0.4424138905121658,1.3231790020943524
67.0,149.0,129.88369750976562,-0.0386743878574695,2.682514171969066,-4.114506661615946,-3.679438333994672,-1.9243521442453364,1.339783745789752,-0.0992489063510318,3.963839175972056,-0.4434921678817331,1.3240327725928551
67.0,149.0,129.8837127685547,-0.0381877718237811,2.681269931177165,-4.115189659054024,-3.682085768835373,-1.9230510096111444,1.3398880451910875,-0.1009314762252844,3.963350996410638,-0.4439422476527043,1.324298345464992
67.0,149.0,129.88369750976562,-0.038409736125438,2.683223324443615,-4.114847609240932,-3.679415568245977,-1.9254956460903945,1.339956890140793,-0.0993767820110977,3.96545346379171,-0.4440833734044859,1.3235641918682983
67.0,149.0,129.88369750976562,-0.0365283721779428,2.6821798842695697,-4.11603441881068,-3.679486054107372,-1.9251379515389608,1.3405617104052885,-0.1002226474128503,3.96390962240616,-0.4420402715724512,1.3236767237550735
67.0,149.0,129.8837127685547,-0.0365358024724783,2.6818681070312835,-4.112865976977184,-3.679602687252389,-1.924349351054988,1.3402820676057443,-0.1018320141376777,3.9651600061539054,-0.4432204102345752,1.3243243450746875
67.0,149.0,129.88369750976562,-0.0383216637770437,2.6825741157856324,-4.114967170153109,-3.6780063208760607,-1.924454085840296,1.3404595116488414,-0.099584917212826,3.9638032536282113,-0.4437830930453497,1.3237113962040006
67.0,149.0,129.88369750976562,-0.0379767604336877,2.680744641094622,-4.114477853527157,-3.6801701846835897,-1.924400799866619,1.3404674448137248,-0.0999418297218291,3.9646977554076215,-0.4444012423801128,1.3236911002911962
67.0,149.0,129.8837127685547,-0.0394642453231005,2.6822165907899134,-4.114074645352336,-3.6799137978066345,-1.9238931671670203,1.3420153525299825,-0.0998143531951303,3.9629751126011934,-0.4443550203742832,1.3235550677799133
67.0,149.0,129.88369750976562,-0.0383148729229902,2.6832796999404445,-4.116294179060572,-3.6793979513078847,-1.9250865185851764,1.340689295518906,-0.0983386555168854,3.963023765613142,-0.4436402091529069,1.323783064095721
67.0,149.0,129.88369750976562,-0.0379627504806742,2.6821752792535305,-4.115112653936806,-3.679108163981376,-1.9271989799946387,1.3404670547282131,-0.0989285936155462,3.963762776092248,-0.4436037889685726,1.3234545198064809
67.0,149.0,129.88369750976562,-0.0392187524807247,2.683054261908589,-4.114922136147859,-3.6795777604845856,-1.925288325593142,1.3412020927009516,-0.0999221139832497,3.9638507441902,-0.4441360716815598,1.3240769948011513
67.0,149.0,129.88369750976562,-0.0383849644671473,2.6829565493324656,-4.1152425670406885,-3.679085536259625,-1.9245625020625792,1.3398362901102925,-0.0989136901687004,3.964908554644228,-0.4445902552466633,1.3237140521602766
67.0,149.0,129.88369750976562,-0.0381150873514049,2.682542042709517,-4.114430642239843,-3.678878579382245,-1.9244999050184943,1.3406975087022637,-0.0999938618507068,3.963198803446204,-0.4438787615061223,1.3237429493033557
67.0,149.0,129.8837127685547,-0.0393439610213545,2.6830619422745308,-4.114604043222708,-3.680368689308013,-1.9229080885171144,1.340185094365083,-0.099360564882717,3.963476834582344,-0.4430568216979387,1.320904571426344
67.0,149.0,129.88369750976562,-0.0370319986549597,2.682141311654721,-4.11568919640137,-3.679601765843594,-1.9250876999733395,1.3398228311447469,-0.1004837490685165,3.964237534852891,-0.442657322459007,1.323574800022745
67.0,149.0,129.88369750976562,-0.0370807272260081,2.68264859514898,-4.115168223632826,-3.678252415128613,-1.9239598296335736,1.3405486072531194,-0.098422161926668,3.964345449074509,-0.4430919035377933,1.32368118639016
67.0,149.0,129.8837127685547,-0.0371175704728505,2.6812182813530163,-4.114826148555521,-3.6814360671443898,-1.9272192972100608,1.3392384010451557,-0.0975537949860169,3.963685680076699,-0.4423936017161028,1.3207502023375437
67.0,149.0,129.88369750976562,-0.0375504977495809,2.682280533818246,-4.115233018272244,-3.679761393898062,-1.925012808213688,1.3408448440508045,-0.0991535257406458,3.963799535448471,-0.4426996479812786,1.32341862225405
67.0,149.0,129.8837127685547,-0.0353928620126881,2.684844982485186,-4.114734682919397,-3.6814192467957407,-1.9241976470811808,1.3403668723367224,-0.1000266563011459,3.964715904633412,-0.4442067176368913,1.324261404745758
67.0,149.0,129.88369750976562,-0.0375050067521598,2.682394795215691,-4.114718372567042,-3.678092981168621,-1.9258440914610253,1.3400083563894525,-0.099182553119151,3.966016159885976,-0.4438312502809411,1.3218137438897066
67.0,149.0,129.88369750976562,-0.0385790505121479,2.6829151465589978,-4.114800802167872,-3.680258446862143,-1.924409893497719,1.340273682270729,-0.0988903953142273,3.964274155720028,-0.443693939368691,1.324358976709781
67.0,149.0,129.88369750976562,-0.0373377203114786,2.682486630971601,-4.114913017838977,-3.6783634873448783,-1.9265970819780125,1.3403155553342478,-0.099168483249192,3.963433477689972,-0.4450287501643289,1.3241048847555466
67.0,149.0,129.88369750976562,-0.0379180192985064,2.682247815866732,-4.11618169808676,-3.678672127199636,-1.9243215382018104,1.341224665253827,-0.0999942253138913,3.964944788080395,-0.4445476548029366,1.3237704141458422
67.0,149.0,129.88369750976562,-0.0379024272348933,2.681548237319513,-4.1147750510204935,-3.679808883893499,-1.9248620463978097,1.3398379650494014,-0.0992112748296654,3.963017815678836,-0.4424179299426491,1.3233375186841294
67.0,149.0,129.88369750976562,-0.0386119900478477,2.682502921158186,-4.115330536104988,-3.67922120648243,-1.924454899099244,1.3398214621333258,-0.0993185791376466,3.963886887649888,-0.4432911272000954,1.323338099550023
67.0,149.0,129.88369750976562,-0.0382477403859779,2.68273101332882,-4.115921932644253,-3.677978964649831,-1.924749009834854,1.3417441945558162,-0.0989616560098664,3.9650317801400976,-0.4436610931860999,1.3237025486479133
67.0,149.0,129.8837127685547,-0.0364560768668281,2.682721714580719,-4.114610761576856,-3.678669844667728,-1.923656373058044,1.34280432953933,-0.0980165365981388,3.961914111739603,-0.443794010845197,1.3223327511473926
67.0,149.0,129.88369750976562,-0.0368682580867013,2.6829220535883818,-4.115330151241876,-3.6800847775118006,-1.924143475813016,1.3403634962947215,-0.0977891263415146,3.964305456688996,-0.4434524361281761,1.323232495747224
67.0,149.0,129.88369750976562,-0.0385555590400413,2.682332051900679,-4.11561887003485,-3.678886500882304,-1.9246899936591084,1.339812599810698,-0.0990985889591814,3.964719517917539,-0.4435134565679196,1.3239478618172835
67.0,149.0,129.88369750976562,-0.0362685215543273,2.6824785535414897,-4.115228802300194,-3.679666890710486,-1.924817154336768,1.3397913112986377,-0.0984104785689082,3.965220519508229,-0.4431274438343454,1.3229101875008091
67.0,149.0,129.88369750976562,-0.0375539125029723,2.683178260371717,-4.114369649219112,-3.679430716965344,-1.9246000535494767,1.3402022966892828,-0.0991060381317665,3.964045450719317,-0.4435850165156397,1.3232991003993002
67.0,149.0,129.8837127685547,-0.0377462765827165,2.682754760261481,-4.116597352360581,-3.6779847629580704,-1.9229277577136537,1.3396366035122156,-0.099180540659422,3.9640289350007456,-0.4424196705885159,1.322401396617004
67.0,149.0,129.8837127685547,-0.0384557015208323,2.682627415337113,-4.1123587635104615,-3.680209406948144,-1.9237014243757844,1.34270171189778,-0.0991206517234278,3.9639897608437753,-0.4421421290146739,1.3241146792666707
67.0,149.0,129.88369750976562,-0.0391015901040685,2.6832066369908216,-4.11469770047713,-3.680059309122311,-1.9260168474946973,1.3411719572718803,-0.0990887163406583,3.963894911594921,-0.4433537251091182,1.3222977704533132
67.0,149.0,129.88369750976562,-0.0371238674580442,2.6828863163114574,-4.116450644235016,-3.678852193219088,-1.9245006772364748,1.340853961483298,-0.1003745299408251,3.96483297132265,-0.4438758320633198,1.32253467512871
67.0,149.0,129.88369750976562,-0.0387529514039979,2.682332987600346,-4.114907536737543,-3.6795098013530296,-1.9263257462158496,1.3407473142017434,-0.0999818312495976,3.964815872089346,-0.4437279455012012,1.3221885533632094
67.0,149.0,129.88369750976562,-0.0385026246801999,2.681902136710416,-4.116577281202409,-3.680540846948508,-1.92433206385908,1.3402460540770993,-0.099126385258616,3.9633692913641982,-0.4437405342625667,1.3232985721522927
67.0,150.0,129.88369750976562,-0.0372763731490363,2.6826167704504225,-4.114823442455658,-3.6783468022659607,-1.9261520268860424,1.3403612303406105,-0.0998002543669788,3.963755631935773,-0.4432836224847902,1.323920551784124
67.0,150.0,129.88369750976562,-0.0386144815276365,2.682602177420531,-4.114692785083619,-3.6782825809630206,-1.925857278402108,1.3408475275948784,-0.0997619686173913,3.964034353113425,-0.4420803106852294,1.323383683790692
67.0,150.0,129.88369750976562,-0.0384255196221009,2.6828457518910365,-4.115229419906435,-3.678280070499364,-1.9241863635424368,1.340197132733122,-0.0989346872452995,3.965045366748188,-0.4436973324717846,1.3237061726352286
67.0,150.0,129.88369750976562,-0.0374477628801099,2.682657028303648,-4.114838900894199,-3.678870043592088,-1.9251837276112644,1.3405201841317955,-0.0987901150784344,3.964675583138253,-0.4423633760043502,1.3238448057713843
67.0,150.0,129.88369750976562,-0.0382635524696136,2.682419967614642,-4.114786126384205,-3.679311634560755,-1.925978686292598,1.3411333845684037,-0.0987597980305496,3.9641414728433215,-0.4424791061193618,1.320928414315454
67.0,150.0,129.88369750976562,-0.0384394284723971,2.682975909148543,-4.114785849651962,-3.679239009035948,-1.9244454601702328,1.3399968271028857,-0.0992974966139006,3.9634126109169294,-0.4438348749963561,1.323728487499586
67.0,150.0,129.88369750976562,-0.0375151009923383,2.6815405326175563,-4.11492126820321,-3.678696413336605,-1.9248538354858755,1.3399425126041962,-0.0987835979778907,3.963714046279793,-0.4446811609730565,1.323395357397754
67.0,150.0,129.88369750976562,-0.0377454066103169,2.6825043046280004,-4.114788089707397,-3.679652743106941,-1.9244710726958925,1.340134709603629,-0.1004671214614538,3.9636188560680137,-0.4424447477359667,1.3231665976907154
67.0,150.0,129.8837127685547,-0.0362652747973755,2.6823901769844523,-4.116293217939296,-3.6782962831329993,-1.928995849366236,1.3427363674667676,-0.0986275656262325,3.964030074260883,-0.444997731679174,1.3229369289227255
67.0,150.0,129.88369750976562,-0.0383554438796345,2.6837078456050074,-4.1148397309375175,-3.6796427651577615,-1.925935618093105,1.3413987342605571,-0.0995517511654577,3.963735392106942,-0.4447510661004394,1.3223569690262462
67.0,150.0,129.88369750976562,-0.0374471514184957,2.6830290313127803,-4.114093649499316,-3.679834210451842,-1.924097479454128,1.3403730799535918,-0.0989693227775162,3.9646815998637,-0.4441470635204132,1.3235251103658887
67.0,150.0,129.88369750976562,-0.0382710782515905,2.682893249029939,-4.115279657961465,-3.6792257495786993,-1.924598940320268,1.340114582927606,-0.0982937747407807,3.963413311773425,-0.4438361054294831,1.3238186492275428
67.0,150.0,129.88369750976562,-0.0386767940782647,2.6825724445294745,-4.114978013222114,-3.6803825219341575,-1.925471672712967,1.340026883894302,-0.1000383970307691,3.965015974768844,-0.4424138905121658,1.3231790020943524
67.0,150.0,129.88369750976562,-0.0386743878574695,2.682514171969066,-4.114506661615946,-3.679438333994672,-1.9243521442453364,1.339783745789752,-0.0992489063510318,3.963839175972056,-0.4434921678817331,1.3240327725928551
67.0,150.0,129.8837127685547,-0.0381877718237811,2.681269931177165,-4.115189659054024,-3.682085768835373,-1.9230510096111444,1.3398880451910875,-0.1009314762252844,3.963350996410638,-0.4439422476527043,1.324298345464992
67.0,150.0,129.88369750976562,-0.038409736125438,2.683223324443615,-4.114847609240932,-3.679415568245977,-1.9254956460903945,1.339956890140793,-0.0993767820110977,3.96545346379171,-0.4440833734044859,1.3235641918682983
67.0,150.0,129.88369750976562,-0.0365283721779428,2.6821798842695697,-4.11603441881068,-3.679486054107372,-1.9251379515389608,1.3405617104052885,-0.1002226474128503,3.96390962240616,-0.4420402715724512,1.3236767237550735
67.0,150.0,129.8837127685547,-0.0365358024724783,2.6818681070312835,-4.112865976977184,-3.679602687252389,-1.924349351054988,1.3402820676057443,-0.1018320141376777,3.9651600061539054,-0.4432204102345752,1.3243243450746875
67.0,150.0,129.88369750976562,-0.0383216637770437,2.6825741157856324,-4.114967170153109,-3.6780063208760607,-1.924454085840296,1.3404595116488414,-0.099584917212826,3.9638032536282113,-0.4437830930453497,1.3237113962040006
67.0,150.0,129.88369750976562,-0.0379767604336877,2.680744641094622,-4.114477853527157,-3.6801701846835897,-1.924400799866619,1.3404674448137248,-0.0999418297218291,3.9646977554076215,-0.4444012423801128,1.3236911002911962
67.0,150.0,129.8837127685547,-0.0394642453231005,2.6822165907899134,-4.114074645352336,-3.6799137978066345,-1.9238931671670203,1.3420153525299825,-0.0998143531951303,3.9629751126011934,-0.4443550203742832,1.3235550677799133
67.0,150.0,129.88369750976562,-0.0383148729229902,2.6832796999404445,-4.116294179060572,-3.6793979513078847,-1.9250865185851764,1.340689295518906,-0.0983386555168854,3.963023765613142,-0.4436402091529069,1.323783064095721
67.0,150.0,129.88369750976562,-0.0379627504806742,2.6821752792535305,-4.115112653936806,-3.679108163981376,-1.9271989799946387,1.3404670547282131,-0.0989285936155462,3.963762776092248,-0.4436037889685726,1.3234545198064809
67.0,150.0,129.88369750976562,-0.0392187524807247,2.683054261908589,-4.114922136147859,-3.6795777604845856,-1.925288325593142,1.3412020927009516,-0.0999221139832497,3.9638507441902,-0.4441360716815598,1.3240769948011513
67.0,150.0,129.88369750976562,-0.0383849644671473,2.6829565493324656,-4.1152425670406885,-3.679085536259625,-1.9245625020625792,1.3398362901102925,-0.0989136901687004,3.964908554644228,-0.4445902552466633,1.3237140521602766
67.0,150.0,129.88369750976562,-0.0381150873514049,2.682542042709517,-4.114430642239843,-3.678878579382245,-1.9244999050184943,1.3406975087022637,-0.0999938618507068,3.963198803446204,-0.4438787615061223,1.3237429493033557
67.0,150.0,129.8837127685547,-0.0393439610213545,2.6830619422745308,-4.114604043222708,-3.680368689308013,-1.9229080885171144,1.340185094365083,-0.099360564882717,3.963476834582344,-0.4430568216979387,1.320904571426344
67.0,150.0,129.88369750976562,-0.0370319986549597,2.682141311654721,-4.11568919640137,-3.679601765843594,-1.9250876999733395,1.3398228311447469,-0.1004837490685165,3.964237534852891,-0.442657322459007,1.323574800022745
67.0,150.0,129.88369750976562,-0.0370807272260081,2.68264859514898,-4.115168223632826,-3.678252415128613,-1.9239598296335736,1.3405486072531194,-0.098422161926668,3.964345449074509,-0.4430919035377933,1.32368118639016
67.0,150.0,129.8837127685547,-0.0371175704728505,2.6812182813530163,-4.114826148555521,-3.6814360671443898,-1.9272192972100608,1.3392384010451557,-0.0975537949860169,3.963685680076699,-0.4423936017161028,1.3207502023375437
67.0,150.0,129.88369750976562,-0.0375504977495809,2.682280533818246,-4.115233018272244,-3.679761393898062,-1.925012808213688,1.3408448440508045,-0.0991535257406458,3.963799535448471,-0.4426996479812786,1.32341862225405
67.0,150.0,129.8837127685547,-0.0353928620126881,2.684844982485186,-4.114734682919397,-3.6814192467957407,-1.9241976470811808,1.3403668723367224,-0.1000266563011459,3.964715904633412,-0.4442067176368913,1.324261404745758
67.0,150.0,129.88369750976562,-0.0375050067521598,2.682394795215691,-4.114718372567042,-3.678092981168621,-1.9258440914610253,1.3400083563894525,-0.099182553119151,3.966016159885976,-0.4438312502809411,1.3218137438897066
67.0,150.0,129.88369750976562,-0.0385790505121479,2.6829151465589978,-4.114800802167872,-3.680258446862143,-1.924409893497719,1.340273682270729,-0.0988903953142273,3.964274155720028,-0.443693939368691,1.324358976709781
67.0,150.0,129.88369750976562,-0.0373377203114786,2.682486630971601,-4.114913017838977,-3.6783634873448783,-1.9265970819780125,1.3403155553342478,-0.099168483249192,3.963433477689972,-0.4450287501643289,1.3241048847555466
67.0,150.0,129.88369750976562,-0.0379180192985064,2.682247815866732,-4.11618169808676,-3.678672127199636,-1.9243215382018104,1.341224665253827,-0.0999942253138913,3.964944788080395,-0.4445476548029366,1.3237704141458422
67.0,150.0,129.88369750976562,-0.0379024272348933,2.681548237319513,-4.1147750510204935,-3.679808883893499,-1.9248620463978097,1.3398379650494014,-0.0992112748296654,3.963017815678836,-0.4424179299426491,1.3233375186841294
67.0,150.0,129.88369750976562,-0.0386119900478477,2.682502921158186,-4.115330536104988,-3.67922120648243,-1.924454899099244,1.3398214621333258,-0.0993185791376466,3.963886887649888,-0.4432911272000954,1.323338099550023
67.0,150.0,129.88369750976562,-0.0382477403859779,2.68273101332882,-4.115921932644253,-3.677978964649831,-1.924749009834854,1.3417441945558162,-0.0989616560098664,3.9650317801400976,-0.4436610931860999,1.3237025486479133
67.0,150.0,129.8837127685547,-0.0364560768668281,2.682721714580719,-4.114610761576856,-3.678669844667728,-1.923656373058044,1.34280432953933,-0.0980165365981388,3.961914111739603,-0.443794010845197,1.3223327511473926
67.0,150.0,129.88369750976562,-0.0368682580867013,2.6829220535883818,-4.115330151241876,-3.6800847775118006,-1.924143475813016,1.3403634962947215,-0.0977891263415146,3.964305456688996,-0.4434524361281761,1.323232495747224
67.0,150.0,129.88369750976562,-0.0385555590400413,2.682332051900679,-4.11561887003485,-3.678886500882304,-1.9246899936591084,1.339812599810698,-0.0990985889591814,3.964719517917539,-0.4435134565679196,1.3239478618172835
67.0,150.0,129.88369750976562,-0.0362685215543273,2.6824785535414897,-4.115228802300194,-3.679666890710486,-1.924817154336768,1.3397913112986377,-0.0984104785689082,3.965220519508229,-0.4431274438343454,1.3229101875008091
67.0,150.0,129.88369750976562,-0.0375539125029723,2.683178260371717,-4.114369649219112,-3.679430716965344,-1.9246000535494767,1.3402022966892828,-0.0991060381317665,3.964045450719317,-0.4435850165156397,1.3232991003993002
67.0,150.0,129.8837127685547,-0.0377462765827165,2.682754760261481,-4.116597352360581,-3.6779847629580704,-1.9229277577136537,1.3396366035122156,-0.099180540659422,3.9640289350007456,-0.4424196705885159,1.322401396617004
67.0,150.0,129.8837127685547,-0.0384557015208323,2.682627415337113,-4.1123587635104615,-3.680209406948144,-1.9237014243757844,1.34270171189778,-0.0991206517234278,3.9639897608437753,-0.4421421290146739,1.3241146792666707
67.0,150.0,129.88369750976562,-0.0391015901040685,2.6832066369908216,-4.11469770047713,-3.680059309122311,-1.9260168474946973,1.3411719572718803,-0.0990887163406583,3.963894911594921,-0.4433537251091182,1.3222977704533132
67.0,150.0,129.88369750976562,-0.0371238674580442,2.6828863163114574,-4.116450644235016,-3.678852193219088,-1.9245006772364748,1.340853961483298,-0.1003745299408251,3.96483297132265,-0.4438758320633198,1.32253467512871
67.0,150.0,129.88369750976562,-0.0387529514039979,2.682332987600346,-4.114907536737543,-3.6795098013530296,-1.9263257462158496,1.3407473142017434,-0.0999818312495976,3.964815872089346,-0.4437279455012012,1.3221885533632094
67.0,150.0,129.88369750976562,-0.0385026246801999,2.681902136710416,-4.116577281202409,-3.680540846948508,-1.92433206385908,1.3402460540770993,-0.099126385258616,3.9633692913641982,-0.4437405342625667,1.3232985721522927
67.0,151.0,129.88369750976562,-0.0372763731490363,2.6826167704504225,-4.114823442455658,-3.6783468022659607,-1.9261520268860424,1.3403612303406105,-0.0998002543669788,3.963755631935773,-0.4432836224847902,1.323920551784124
67.0,151.0,129.88369750976562,-0.0386144815276365,2.682602177420531,-4.114692785083619,-3.6782825809630206,-1.925857278402108,1.3408475275948784,-0.0997619686173913,3.964034353113425,-0.4420803106852294,1.323383683790692
67.0,151.0,129.88369750976562,-0.0384255196221009,2.6828457518910365,-4.115229419906435,-3.678280070499364,-1.9241863635424368,1.340197132733122,-0.0989346872452995,3.965045366748188,-0.4436973324717846,1.3237061726352286
67.0,151.0,129.88369750976562,-0.0374477628801099,2.682657028303648,-4.114838900894199,-3.678870043592088,-1.9251837276112644,1.3405201841317955,-0.0987901150784344,3.964675583138253,-0.4423633760043502,1.3238448057713843
67.0,151.0,129.88369750976562,-0.0382635524696136,2.682419967614642,-4.114786126384205,-3.679311634560755,-1.925978686292598,1.3411333845684037,-0.0987597980305496,3.9641414728433215,-0.4424791061193618,1.320928414315454
67.0,151.0,129.88369750976562,-0.0384394284723971,2.682975909148543,-4.114785849651962,-3.679239009035948,-1.9244454601702328,1.3399968271028857,-0.0992974966139006,3.9634126109169294,-0.4438348749963561,1.323728487499586
67.0,151.0,129.88369750976562,-0.0375151009923383,2.6815405326175563,-4.11492126820321,-3.678696413336605,-1.9248538354858755,1.3399425126041962,-0.0987835979778907,3.963714046279793,-0.4446811609730565,1.323395357397754
67.0,151.0,129.88369750976562,-0.0377454066103169,2.6825043046280004,-4.114788089707397,-3.679652743106941,-1.9244710726958925,1.340134709603629,-0.1004671214614538,3.9636188560680137,-0.4424447477359667,1.3231665976907154
67.0,151.0,129.8837127685547,-0.0362652747973755,2.6823901769844523,-4.116293217939296,-3.6782962831329993,-1.928995849366236,1.3427363674667676,-0.0986275656262325,3.964030074260883,-0.444997731679174,1.3229369289227255
67.0,151.0,129.88369750976562,-0.0383554438796345,2.6837078456050074,-4.1148397309375175,-3.6796427651577615,-1.925935618093105,1.3413987342605571,-0.0995517511654577,3.963735392106942,-0.4447510661004394,1.3223569690262462
67.0,151.0,129.88369750976562,-0.0374471514184957,2.6830290313127803,-4.114093649499316,-3.679834210451842,-1.924097479454128,1.3403730799535918,-0.0989693227775162,3.9646815998637,-0.4441470635204132,1.3235251103658887
67.0,151.0,129.88369750976562,-0.0382710782515905,2.682893249029939,-4.115279657961465,-3.6792257495786993,-1.924598940320268,1.340114582927606,-0.0982937747407807,3.963413311773425,-0.4438361054294831,1.3238186492275428
67.0,151.0,129.88369750976562,-0.0386767940782647,2.6825724445294745,-4.114978013222114,-3.6803825219341575,-1.925471672712967,1.340026883894302,-0.1000383970307691,3.965015974768844,-0.4424138905121658,1.3231790020943524
67.0,151.0,129.88369750976562,-0.0386743878574695,2.682514171969066,-4.114506661615946,-3.679438333994672,-1.9243521442453364,1.339783745789752,-0.0992489063510318,3.963839175972056,-0.4434921678817331,1.3240327725928551
67.0,151.0,129.8837127685547,-0.0381877718237811,2.681269931177165,-4.115189659054024,-3.682085768835373,-1.9230510096111444,1.3398880451910875,-0.1009314762252844,3.963350996410638,-0.4439422476527043,1.324298345464992
67.0,151.0,129.88369750976562,-0.038409736125438,2.683223324443615,-4.114847609240932,-3.679415568245977,-1.9254956460903945,1.339956890140793,-0.0993767820110977,3.96545346379171,-0.4440833734044859,1.3235641918682983
67.0,151.0,129.88369750976562,-0.0365283721779428,2.6821798842695697,-4.11603441881068,-3.679486054107372,-1.9251379515389608,1.3405617104052885,-0.1002226474128503,3.96390962240616,-0.4420402715724512,1.3236767237550735
67.0,151.0,129.8837127685547,-0.0365358024724783,2.6818681070312835,-4.112865976977184,-3.679602687252389,-1.924349351054988,1.3402820676057443,-0.1018320141376777,3.9651600061539054,-0.4432204102345752,1.3243243450746875
67.0,151.0,129.88369750976562,-0.0383216637770437,2.6825741157856324,-4.114967170153109,-3.6780063208760607,-1.924454085840296,1.3404595116488414,-0.099584917212826,3.9638032536282113,-0.4437830930453497,1.3237113962040006
67.0,151.0,129.88369750976562,-0.0379767604336877,2.680744641094622,-4.114477853527157,-3.6801701846835897,-1.924400799866619,1.3404674448137248,-0.0999418297218291,3.9646977554076215,-0.4444012423801128,1.3236911002911962
67.0,151.0,129.8837127685547,-0.0394642453231005,2.6822165907899134,-4.114074645352336,-3.6799137978066345,-1.9238931671670203,1.3420153525299825,-0.0998143531951303,3.9629751126011934,-0.4443550203742832,1.3235550677799133
67.0,151.0,129.88369750976562,-0.0383148729229902,2.6832796999404445,-4.116294179060572,-3.6793979513078847,-1.9250865185851764,1.340689295518906,-0.0983386555168854,3.963023765613142,-0.4436402091529069,1.323783064095721
67.0,151.0,129.88369750976562,-0.0379627504806742,2.6821752792535305,-4.115112653936806,-3.679108163981376,-1.9271989799946387,1.3404670547282131,-0.0989285936155462,3.963762776092248,-0.4436037889685726,1.3234545198064809
67.0,151.0,129.88369750976562,-0.0392187524807247,2.683054261908589,-4.114922136147859,-3.6795777604845856,-1.925288325593142,1.3412020927009516,-0.0999221139832497,3.9638507441902,-0.4441360716815598,1.3240769948011513
67.0,151.0,129.88369750976562,-0.0383849644671473,2.6829565493324656,-4.1152425670406885,-3.679085536259625,-1.9245625020625792,1.3398362901102925,-0.0989136901687004,3.964908554644228,-0.4445902552466633,1.3237140521602766
67.0,151.0,129.88369750976562,-0.0381150873514049,2.682542042709517,-4.114430642239843,-3.678878579382245,-1.9244999050184943,1.3406975087022637,-0.0999938618507068,3.963198803446204,-0.4438787615061223,1.3237429493033557
67.0,151.0,129.8837127685547,-0.0393439610213545,2.6830619422745308,-4.114604043222708,-3.680368689308013,-1.9229080885171144,1.340185094365083,-0.099360564882717,3.963476834582344,-0.4430568216979387,1.320904571426344
67.0,151.0,129.88369750976562,-0.0370319986549597,2.682141311654721,-4.11568919640137,-3.679601765843594,-1.9250876999733395,1.3398228311447469,-0.1004837490685165,3.964237534852891,-0.442657322459007,1.323574800022745
67.0,151.0,129.88369750976562,-0.0370807272260081,2.68264859514898,-4.115168223632826,-3.678252415128613,-1.9239598296335736,1.3405486072531194,-0.098422161926668,3.964345449074509,-0.4430919035377933,1.32368118639016
67.0,151.0,129.8837127685547,-0.0371175704728505,2.6812182813530163,-4.114826148555521,-3.6814360671443898,-1.9272192972100608,1.3392384010451557,-0.0975537949860169,3.963685680076699,-0.4423936017161028,1.3207502023375437
67.0,151.0,129.88369750976562,-0.0375504977495809,2.682280533818246,-4.115233018272244,-3.679761393898062,-1.925012808213688,1.3408448440508045,-0.0991535257406458,3.963799535448471,-0.4426996479812786,1.32341862225405
67.0,151.0,129.8837127685547,-0.0353928620126881,2.684844982485186,-4.114734682919397,-3.6814192467957407,-1.9241976470811808,1.3403668723367224,-0.1000266563011459,3.964715904633412,-0.4442067176368913,1.324261404745758
67.0,151.0,129.88369750976562,-0.0375050067521598,2.682394795215691,-4.114718372567042,-3.678092981168621,-1.9258440914610253,1.3400083563894525,-0.099182553119151,3.966016159885976,-0.4438312502809411,1.3218137438897066
67.0,151.0,129.88369750976562,-0.0385790505121479,2.6829151465589978,-4.114800802167872,-3.680258446862143,-1.924409893497719,1.340273682270729,-0.0988903953142273,3.964274155720028,-0.443693939368691,1.324358976709781
67.0,151.0,129.88369750976562,-0.0373377203114786,2.682486630971601,-4.114913017838977,-3.6783634873448783,-1.9265970819780125,1.3403155553342478,-0.099168483249192,3.963433477689972,-0.4450287501643289,1.3241048847555466
67.0,151.0,129.88369750976562,-0.0379180192985064,2.682247815866732,-4.11618169808676,-3.678672127199636,-1.9243215382018104,1.341224665253827,-0.0999942253138913,3.964944788080395,-0.4445476548029366,1.3237704141458422
67.0,151.0,129.88369750976562,-0.0379024272348933,2.681548237319513,-4.1147750510204935,-3.679808883893499,-1.9248620463978097,1.3398379650494014,-0.0992112748296654,3.963017815678836,-0.4424179299426491,1.3233375186841294
67.0,151.0,129.88369750976562,-0.0386119900478477,2.682502921158186,-4.115330536104988,-3.67922120648243,-1.924454899099244,1.3398214621333258,-0.0993185791376466,3.963886887649888,-0.4432911272000954,1.323338099550023
67.0,151.0,129.88369750976562,-0.0382477403859779,2.68273101332882,-4.115921932644253,-3.677978964649831,-1.924749009834854,1.3417441945558162,-0.0989616560098664,3.9650317801400976,-0.4436610931860999,1.3237025486479133
67.0,151.0,129.88369750976562,-0.0368336824364338,2.6826832487827823,-4.114591204394081,-3.678575812548972,-1.925641460409574,1.3405690717413157,-0.0993023327242637,3.963040004737601,-0.4453726377459595,1.3228519700821009
67.0,151.0,129.88369750976562,-0.0368682580867013,2.6829220535883818,-4.115330151241876,-3.6800847775118006,-1.924143475813016,1.3403634962947215,-0.0977891263415146,3.964305456688996,-0.4434524361281761,1.323232495747224
67.0,151.0,129.88369750976562,-0.0385555590400413,2.682332051900679,-4.11561887003485,-3.678886500882304,-1.9246899936591084,1.339812599810698,-0.0990985889591814,3.964719517917539,-0.4435134565679196,1.3239478618172835
67.0,151.0,129.88369750976562,-0.0362685215543273,2.6824785535414897,-4.115228802300194,-3.679666890710486,-1.924817154336768,1.3397913112986377,-0.0984104785689082,3.965220519508229,-0.4431274438343454,1.3229101875008091
67.0,151.0,129.88369750976562,-0.0375539125029723,2.683178260371717,-4.114369649219112,-3.679430716965344,-1.9246000535494767,1.3402022966892828,-0.0991060381317665,3.964045450719317,-0.4435850165156397,1.3232991003993002
67.0,151.0,129.8837127685547,-0.0377462765827165,2.682754760261481,-4.116597352360581,-3.6779847629580704,-1.9229277577136537,1.3396366035122156,-0.099180540659422,3.9640289350007456,-0.4424196705885159,1.322401396617004
67.0,151.0,129.8837127685547,-0.0384557015208323,2.682627415337113,-4.1123587635104615,-3.680209406948144,-1.9237014243757844,1.34270171189778,-0.0991206517234278,3.9639897608437753,-0.4421421290146739,1.3241146792666707
67.0,151.0,129.88369750976562,-0.0391015901040685,2.6832066369908216,-4.11469770047713,-3.680059309122311,-1.9260168474946973,1.3411719572718803,-0.0990887163406583,3.963894911594921,-0.4433537251091182,1.3222977704533132
67.0,151.0,129.88369750976562,-0.0371238674580442,2.6828863163114574,-4.116450644235016,-3.678852193219088,-1.9245006772364748,1.340853961483298,-0.1003745299408251,3.96483297132265,-0.4438758320633198,1.32253467512871
67.0,151.0,129.88369750976562,-0.0387529514039979,2.682332987600346,-4.114907536737543,-3.6795098013530296,-1.9263257462158496,1.3407473142017434,-0.0999818312495976,3.964815872089346,-0.4437279455012012,1.3221885533632094
67.0,151.0,129.88369750976562,-0.0385026246801999,2.681902136710416,-4.116577281202409,-3.680540846948508,-1.92433206385908,1.3402460540770993,-0.099126385258616,3.9633692913641982,-0.4437405342625667,1.3232985721522927
67.0,152.0,129.88369750976562,-0.0372763731490363,2.6826167704504225,-4.114823442455658,-3.6783468022659607,-1.9261520268860424,1.3403612303406105,-0.0998002543669788,3.963755631935773,-0.4432836224847902,1.323920551784124
67.0,152.0,129.88369750976562,-0.0386144815276365,2.682602177420531,-4.114692785083619,-3.6782825809630206,-1.925857278402108,1.3408475275948784,-0.0997619686173913,3.964034353113425,-0.4420803106852294,1.323383683790692
67.0,152.0,129.88369750976562,-0.0384255196221009,2.6828457518910365,-4.115229419906435,-3.678280070499364,-1.9241863635424368,1.340197132733122,-0.0989346872452995,3.965045366748188,-0.4436973324717846,1.3237061726352286
67.0,152.0,129.88369750976562,-0.0374477628801099,2.682657028303648,-4.114838900894199,-3.678870043592088,-1.9251837276112644,1.3405201841317955,-0.0987901150784344,3.964675583138253,-0.4423633760043502,1.3238448057713843
67.0,152.0,129.88369750976562,-0.0382635524696136,2.682419967614642,-4.114786126384205,-3.679311634560755,-1.925978686292598,1.3411333845684037,-0.0987597980305496,3.9641414728433215,-0.4424791061193618,1.320928414315454
67.0,152.0,129.88369750976562,-0.0384394284723971,2.682975909148543,-4.114785849651962,-3.679239009035948,-1.9244454601702328,1.3399968271028857,-0.0992974966139006,3.9634126109169294,-0.4438348749963561,1.323728487499586
67.0,152.0,129.88369750976562,-0.0375151009923383,2.6815405326175563,-4.11492126820321,-3.678696413336605,-1.9248538354858755,1.3399425126041962,-0.0987835979778907,3.963714046279793,-0.4446811609730565,1.323395357397754
67.0,152.0,129.88369750976562,-0.0377454066103169,2.6825043046280004,-4.114788089707397,-3.679652743106941,-1.9244710726958925,1.340134709603629,-0.1004671214614538,3.9636188560680137,-0.4424447477359667,1.3231665976907154
67.0,152.0,129.8837127685547,-0.0362652747973755,2.6823901769844523,-4.116293217939296,-3.6782962831329993,-1.928995849366236,1.3427363674667676,-0.0986275656262325,3.964030074260883,-0.444997731679174,1.3229369289227255
67.0,152.0,129.88369750976562,-0.0383554438796345,2.6837078456050074,-4.1148397309375175,-3.6796427651577615,-1.925935618093105,1.3413987342605571,-0.0995517511654577,3.963735392106942,-0.4447510661004394,1.3223569690262462
67.0,152.0,129.88369750976562,-0.0374471514184957,2.6830290313127803,-4.114093649499316,-3.679834210451842,-1.924097479454128,1.3403730799535918,-0.0989693227775162,3.9646815998637,-0.4441470635204132,1.3235251103658887
67.0,152.0,129.88369750976562,-0.0382710782515905,2.682893249029939,-4.115279657961465,-3.6792257495786993,-1.924598940320268,1.340114582927606,-0.0982937747407807,3.963413311773425,-0.4438361054294831,1.3238186492275428
67.0,152.0,129.88369750976562,-0.0386767940782647,2.6825724445294745,-4.114978013222114,-3.6803825219341575,-1.925471672712967,1.340026883894302,-0.1000383970307691,3.965015974768844,-0.4424138905121658,1.3231790020943524
67.0,152.0,129.88369750976562,-0.0386743878574695,2.682514171969066,-4.114506661615946,-3.679438333994672,-1.9243521442453364,1.339783745789752,-0.0992489063510318,3.963839175972056,-0.4434921678817331,1.3240327725928551
67.0,152.0,129.8837127685547,-0.0381877718237811,2.681269931177165,-4.115189659054024,-3.682085768835373,-1.9230510096111444,1.3398880451910875,-0.1009314762252844,3.963350996410638,-0.4439422476527043,1.324298345464992
67.0,152.0,129.88369750976562,-0.038409736125438,2.683223324443615,-4.114847609240932,-3.679415568245977,-1.9254956460903945,1.339956890140793,-0.0993767820110977,3.96545346379171,-0.4440833734044859,1.3235641918682983
67.0,152.0,129.88369750976562,-0.0365283721779428,2.6821798842695697,-4.11603441881068,-3.679486054107372,-1.9251379515389608,1.3405617104052885,-0.1002226474128503,3.96390962240616,-0.4420402715724512,1.3236767237550735
67.0,152.0,129.8837127685547,-0.0365358024724783,2.6818681070312835,-4.112865976977184,-3.679602687252389,-1.924349351054988,1.3402820676057443,-0.1018320141376777,3.9651600061539054,-0.4432204102345752,1.3243243450746875
67.0,152.0,129.88369750976562,-0.0383216637770437,2.6825741157856324,-4.114967170153109,-3.6780063208760607,-1.924454085840296,1.3404595116488414,-0.099584917212826,3.9638032536282113,-0.4437830930453497,1.3237113962040006
67.0,152.0,129.88369750976562,-0.0379767604336877,2.680744641094622,-4.114477853527157,-3.6801701846835897,-1.924400799866619,1.3404674448137248,-0.0999418297218291,3.9646977554076215,-0.4444012423801128,1.3236911002911962
67.0,152.0,129.8837127685547,-0.0394642453231005,2.6822165907899134,-4.114074645352336,-3.6799137978066345,-1.9238931671670203,1.3420153525299825,-0.0998143531951303,3.9629751126011934,-0.4443550203742832,1.3235550677799133
67.0,152.0,129.88369750976562,-0.0383148729229902,2.6832796999404445,-4.116294179060572,-3.6793979513078847,-1.9250865185851764,1.340689295518906,-0.0983386555168854,3.963023765613142,-0.4436402091529069,1.323783064095721
67.0,152.0,129.88369750976562,-0.0379627504806742,2.6821752792535305,-4.115112653936806,-3.679108163981376,-1.9271989799946387,1.3404670547282131,-0.0989285936155462,3.963762776092248,-0.4436037889685726,1.3234545198064809
67.0,152.0,129.88369750976562,-0.0392187524807247,2.683054261908589,-4.114922136147859,-3.6795777604845856,-1.925288325593142,1.3412020927009516,-0.0999221139832497,3.9638507441902,-0.4441360716815598,1.3240769948011513
67.0,152.0,129.88369750976562,-0.0383849644671473,2.6829565493324656,-4.1152425670406885,-3.679085536259625,-1.9245625020625792,1.3398362901102925,-0.0989136901687004,3.964908554644228,-0.4445902552466633,1.3237140521602766
67.0,152.0,129.88369750976562,-0.0381150873514049,2.682542042709517,-4.114430642239843,-3.678878579382245,-1.9244999050184943,1.3406975087022637,-0.0999938618507068,3.963198803446204,-0.4438787615061223,1.3237429493033557
67.0,152.0,129.8837127685547,-0.0393439610213545,2.6830619422745308,-4.114604043222708,-3.680368689308013,-1.9229080885171144,1.340185094365083,-0.099360564882717,3.963476834582344,-0.4430568216979387,1.320904571426344
67.0,152.0,129.88369750976562,-0.0370319986549597,2.682141311654721,-4.11568919640137,-3.679601765843594,-1.9250876999733395,1.3398228311447469,-0.1004837490685165,3.964237534852891,-0.442657322459007,1.323574800022745
67.0,152.0,129.88369750976562,-0.0370807272260081,2.68264859514898,-4.115168223632826,-3.678252415128613,-1.9239598296335736,1.3405486072531194,-0.098422161926668,3.964345449074509,-0.4430919035377933,1.32368118639016
67.0,152.0,129.8837127685547,-0.0371175704728505,2.6812182813530163,-4.114826148555521,-3.6814360671443898,-1.9272192972100608,1.3392384010451557,-0.0975537949860169,3.963685680076699,-0.4423936017161028,1.3207502023375437
67.0,152.0,129.88369750976562,-0.0375504977495809,2.682280533818246,-4.115233018272244,-3.679761393898062,-1.925012808213688,1.3408448440508045,-0.0991535257406458,3.963799535448471,-0.4426996479812786,1.32341862225405
67.0,152.0,129.8837127685547,-0.0353928620126881,2.684844982485186,-4.114734682919397,-3.6814192467957407,-1.9241976470811808,1.3403668723367224,-0.1000266563011459,3.964715904633412,-0.4442067176368913,1.324261404745758
67.0,152.0,129.88369750976562,-0.0375050067521598,2.682394795215691,-4.114718372567042,-3.678092981168621,-1.9258440914610253,1.3400083563894525,-0.099182553119151,3.966016159885976,-0.4438312502809411,1.3218137438897066
67.0,152.0,129.88369750976562,-0.0385790505121479,2.6829151465589978,-4.114800802167872,-3.680258446862143,-1.924409893497719,1.340273682270729,-0.0988903953142273,3.964274155720028,-0.443693939368691,1.324358976709781
67.0,152.0,129.88369750976562,-0.0373377203114786,2.682486630971601,-4.114913017838977,-3.6783634873448783,-1.9265970819780125,1.3403155553342478,-0.099168483249192,3.963433477689972,-0.4450287501643289,1.3241048847555466
67.0,152.0,129.88369750976562,-0.0379180192985064,2.682247815866732,-4.11618169808676,-3.678672127199636,-1.9243215382018104,1.341224665253827,-0.0999942253138913,3.964944788080395,-0.4445476548029366,1.3237704141458422
67.0,152.0,129.88369750976562,-0.0379024272348933,2.681548237319513,-4.1147750510204935,-3.679808883893499,-1.9248620463978097,1.3398379650494014,-0.0992112748296654,3.963017815678836,-0.4424179299426491,1.3233375186841294
67.0,152.0,129.88369750976562,-0.0386119900478477,2.682502921158186,-4.115330536104988,-3.67922120648243,-1.924454899099244,1.3398214621333258,-0.0993185791376466,3.963886887649888,-0.4432911272000954,1.323338099550023
67.0,152.0,129.88369750976562,-0.0382477403859779,2.68273101332882,-4.115921932644253,-3.677978964649831,-1.924749009834854,1.3417441945558162,-0.0989616560098664,3.9650317801400976,-0.4436610931860999,1.3237025486479133
67.0,152.0,129.88369750976562,-0.0368336824364338,2.6826832487827823,-4.114591204394081,-3.678575812548972,-1.925641460409574,1.3405690717413157,-0.0993023327242637,3.963040004737601,-0.4453726377459595,1.3228519700821009
67.0,152.0,129.88369750976562,-0.0368682580867013,2.6829220535883818,-4.115330151241876,-3.6800847775118006,-1.924143475813016,1.3403634962947215,-0.0977891263415146,3.964305456688996,-0.4434524361281761,1.323232495747224
67.0,152.0,129.88369750976562,-0.0385555590400413,2.682332051900679,-4.11561887003485,-3.678886500882304,-1.9246899936591084,1.339812599810698,-0.0990985889591814,3.964719517917539,-0.4435134565679196,1.3239478618172835
67.0,152.0,129.88369750976562,-0.0362685215543273,2.6824785535414897,-4.115228802300194,-3.679666890710486,-1.924817154336768,1.3397913112986377,-0.0984104785689082,3.965220519508229,-0.4431274438343454,1.3229101875008091
67.0,152.0,129.88369750976562,-0.0375539125029723,2.683178260371717,-4.114369649219112,-3.679430716965344,-1.9246000535494767,1.3402022966892828,-0.0991060381317665,3.964045450719317,-0.4435850165156397,1.3232991003993002
67.0,152.0,129.8837127685547,-0.0377462765827165,2.682754760261481,-4.116597352360581,-3.6779847629580704,-1.9229277577136537,1.3396366035122156,-0.099180540659422,3.9640289350007456,-0.4424196705885159,1.322401396617004
67.0,152.0,129.8837127685547,-0.0384557015208323,2.682627415337113,-4.1123587635104615,-3.680209406948144,-1.9237014243757844,1.34270171189778,-0.0991206517234278,3.9639897608437753,-0.4421421290146739,1.3241146792666707
67.0,152.0,129.88369750976562,-0.0391015901040685,2.6832066369908216,-4.11469770047713,-3.680059309122311,-1.9260168474946973,1.3411719572718803,-0.0990887163406583,3.963894911594921,-0.4433537251091182,1.3222977704533132
67.0,152.0,129.88369750976562,-0.0371238674580442,2.6828863163114574,-4.116450644235016,-3.678852193219088,-1.9245006772364748,1.340853961483298,-0.1003745299408251,3.96483297132265,-0.4438758320633198,1.32253467512871
67.0,152.0,129.88369750976562,-0.0387529514039979,2.682332987600346,-4.114907536737543,-3.6795098013530296,-1.9263257462158496,1.3407473142017434,-0.0999818312495976,3.964815872089346,-0.4437279455012012,1.3221885533632094
67.0,152.0,129.88369750976562,-0.0385026246801999,2.681902136710416,-4.116577281202409,-3.680540846948508,-1.92433206385908,1.3402460540770993,-0.099126385258616,3.9633692913641982,-0.4437405342625667,1.3232985721522927
67.0,153.0,129.88369750976562,-0.0372763731490363,2.6826167704504225,-4.114823442455658,-3.6783468022659607,-1.9261520268860424,1.3403612303406105,-0.0998002543669788,3.963755631935773,-0.4432836224847902,1.323920551784124
67.0,153.0,129.88369750976562,-0.0386144815276365,2.682602177420531,-4.114692785083619,-3.6782825809630206,-1.925857278402108,1.3408475275948784,-0.0997619686173913,3.964034353113425,-0.4420803106852294,1.323383683790692
67.0,153.0,129.88369750976562,-0.0384255196221009,2.6828457518910365,-4.115229419906435,-3.678280070499364,-1.9241863635424368,1.340197132733122,-0.0989346872452995,3.965045366748188,-0.4436973324717846,1.3237061726352286
67.0,153.0,129.88369750976562,-0.0374477628801099,2.682657028303648,-4.114838900894199,-3.678870043592088,-1.9251837276112644,1.3405201841317955,-0.0987901150784344,3.964675583138253,-0.4423633760043502,1.3238448057713843
67.0,153.0,129.88369750976562,-0.0382635524696136,2.682419967614642,-4.114786126384205,-3.679311634560755,-1.925978686292598,1.3411333845684037,-0.0987597980305496,3.9641414728433215,-0.4424791061193618,1.320928414315454
67.0,153.0,129.88369750976562,-0.0384394284723971,2.682975909148543,-4.114785849651962,-3.679239009035948,-1.9244454601702328,1.3399968271028857,-0.0992974966139006,3.9634126109169294,-0.4438348749963561,1.323728487499586
67.0,153.0,129.88369750976562,-0.0375151009923383,2.6815405326175563,-4.11492126820321,-3.678696413336605,-1.9248538354858755,1.3399425126041962,-0.0987835979778907,3.963714046279793,-0.4446811609730565,1.323395357397754
67.0,153.0,129.88369750976562,-0.0377454066103169,2.6825043046280004,-4.114788089707397,-3.679652743106941,-1.9244710726958925,1.340134709603629,-0.1004671214614538,3.9636188560680137,-0.4424447477359667,1.3231665976907154
67.0,153.0,129.8837127685547,-0.0362652747973755,2.6823901769844523,-4.116293217939296,-3.6782962831329993,-1.928995849366236,1.3427363674667676,-0.0986275656262325,3.964030074260883,-0.444997731679174,1.3229369289227255
67.0,153.0,129.88369750976562,-0.0383554438796345,2.6837078456050074,-4.1148397309375175,-3.6796427651577615,-1.925935618093105,1.3413987342605571,-0.0995517511654577,3.963735392106942,-0.4447510661004394,1.3223569690262462
67.0,153.0,129.88369750976562,-0.0374471514184957,2.6830290313127803,-4.114093649499316,-3.679834210451842,-1.924097479454128,1.3403730799535918,-0.0989693227775162,3.9646815998637,-0.4441470635204132,1.3235251103658887
67.0,153.0,129.88369750976562,-0.0382710782515905,2.682893249029939,-4.115279657961465,-3.6792257495786993,-1.924598940320268,1.340114582927606,-0.0982937747407807,3.963413311773425,-0.4438361054294831,1.3238186492275428
67.0,153.0,129.88369750976562,-0.0386767940782647,2.6825724445294745,-4.114978013222114,-3.6803825219341575,-1.925471672712967,1.340026883894302,-0.1000383970307691,3.965015974768844,-0.4424138905121658,1.3231790020943524
67.0,153.0,129.88369750976562,-0.0386743878574695,2.682514171969066,-4.114506661615946,-3.679438333994672,-1.9243521442453364,1.339783745789752,-0.0992489063510318,3.963839175972056,-0.4434921678817331,1.3240327725928551
67.0,153.0,129.8837127685547,-0.0381877718237811,2.681269931177165,-4.115189659054024,-3.682085768835373,-1.9230510096111444,1.3398880451910875,-0.1009314762252844,3.963350996410638,-0.4439422476527043,1.324298345464992
67.0,153.0,129.88369750976562,-0.038409736125438,2.683223324443615,-4.114847609240932,-3.679415568245977,-1.9254956460903945,1.339956890140793,-0.0993767820110977,3.96545346379171,-0.4440833734044859,1.3235641918682983
67.0,153.0,129.88369750976562,-0.0365283721779428,2.6821798842695697,-4.11603441881068,-3.679486054107372,-1.9251379515389608,1.3405617104052885,-0.1002226474128503,3.96390962240616,-0.4420402715724512,1.3236767237550735
67.0,153.0,129.8837127685547,-0.0365358024724783,2.6818681070312835,-4.112865976977184,-3.679602687252389,-1.924349351054988,1.3402820676057443,-0.1018320141376777,3.9651600061539054,-0.4432204102345752,1.3243243450746875
67.0,153.0,129.88369750976562,-0.0383216637770437,2.6825741157856324,-4.114967170153109,-3.6780063208760607,-1.924454085840296,1.3404595116488414,-0.099584917212826,3.9638032536282113,-0.4437830930453497,1.3237113962040006
67.0,153.0,129.88369750976562,-0.0379767604336877,2.680744641094622,-4.114477853527157,-3.6801701846835897,-1.924400799866619,1.3404674448137248,-0.0999418297218291,3.9646977554076215,-0.4444012423801128,1.3236911002911962
67.0,153.0,129.8837127685547,-0.0394642453231005,2.6822165907899134,-4.114074645352336,-3.6799137978066345,-1.9238931671670203,1.3420153525299825,-0.0998143531951303,3.9629751126011934,-0.4443550203742832,1.3235550677799133
67.0,153.0,129.88369750976562,-0.0383148729229902,2.6832796999404445,-4.116294179060572,-3.6793979513078847,-1.9250865185851764,1.340689295518906,-0.0983386555168854,3.963023765613142,-0.4436402091529069,1.323783064095721
67.0,153.0,129.88369750976562,-0.0379627504806742,2.6821752792535305,-4.115112653936806,-3.679108163981376,-1.9271989799946387,1.3404670547282131,-0.0989285936155462,3.963762776092248,-0.4436037889685726,1.3234545198064809
67.0,153.0,129.88369750976562,-0.0392187524807247,2.683054261908589,-4.114922136147859,-3.6795777604845856,-1.925288325593142,1.3412020927009516,-0.0999221139832497,3.9638507441902,-0.4441360716815598,1.3240769948011513
67.0,153.0,129.88369750976562,-0.0383849644671473,2.6829565493324656,-4.1152425670406885,-3.679085536259625,-1.9245625020625792,1.3398362901102925,-0.0989136901687004,3.964908554644228,-0.4445902552466633,1.3237140521602766
67.0,153.0,129.88369750976562,-0.0381150873514049,2.682542042709517,-4.114430642239843,-3.678878579382245,-1.9244999050184943,1.3406975087022637,-0.0999938618507068,3.963198803446204,-0.4438787615061223,1.3237429493033557
67.0,153.0,129.8837127685547,-0.0393439610213545,2.6830619422745308,-4.114604043222708,-3.680368689308013,-1.9229080885171144,1.340185094365083,-0.099360564882717,3.963476834582344,-0.4430568216979387,1.320904571426344
67.0,153.0,129.88369750976562,-0.0370319986549597,2.682141311654721,-4.11568919640137,-3.679601765843594,-1.9250876999733395,1.3398228311447469,-0.1004837490685165,3.964237534852891,-0.442657322459007,1.323574800022745
67.0,153.0,129.88369750976562,-0.0370807272260081,2.68264859514898,-4.115168223632826,-3.678252415128613,-1.9239598296335736,1.3405486072531194,-0.098422161926668,3.964345449074509,-0.4430919035377933,1.32368118639016
67.0,153.0,129.8837127685547,-0.0371175704728505,2.6812182813530163,-4.114826148555521,-3.6814360671443898,-1.9272192972100608,1.3392384010451557,-0.0975537949860169,3.963685680076699,-0.4423936017161028,1.3207502023375437
67.0,153.0,129.88369750976562,-0.0375504977495809,2.682280533818246,-4.115233018272244,-3.679761393898062,-1.925012808213688,1.3408448440508045,-0.0991535257406458,3.963799535448471,-0.4426996479812786,1.32341862225405
67.0,153.0,129.8837127685547,-0.0353928620126881,2.684844982485186,-4.114734682919397,-3.6814192467957407,-1.9241976470811808,1.3403668723367224,-0.1000266563011459,3.964715904633412,-0.4442067176368913,1.324261404745758
67.0,153.0,129.88369750976562,-0.0375050067521598,2.682394795215691,-4.114718372567042,-3.678092981168621,-1.9258440914610253,1.3400083563894525,-0.099182553119151,3.966016159885976,-0.4438312502809411,1.3218137438897066
67.0,153.0,129.88369750976562,-0.0385790505121479,2.6829151465589978,-4.114800802167872,-3.680258446862143,-1.924409893497719,1.340273682270729,-0.0988903953142273,3.964274155720028,-0.443693939368691,1.324358976709781
67.0,153.0,129.88369750976562,-0.0373377203114786,2.682486630971601,-4.114913017838977,-3.6783634873448783,-1.9265970819780125,1.3403155553342478,-0.099168483249192,3.963433477689972,-0.4450287501643289,1.3241048847555466
67.0,153.0,129.88369750976562,-0.0379180192985064,2.682247815866732,-4.11618169808676,-3.678672127199636,-1.9243215382018104,1.341224665253827,-0.0999942253138913,3.964944788080395,-0.4445476548029366,1.3237704141458422
67.0,153.0,129.88369750976562,-0.0379024272348933,2.681548237319513,-4.1147750510204935,-3.679808883893499,-1.9248620463978097,1.3398379650494014,-0.0992112748296654,3.963017815678836,-0.4424179299426491,1.3233375186841294
67.0,153.0,129.88369750976562,-0.0386119900478477,2.682502921158186,-4.115330536104988,-3.67922120648243,-1.924454899099244,1.3398214621333258,-0.0993185791376466,3.963886887649888,-0.4432911272000954,1.323338099550023
67.0,153.0,129.88369750976562,-0.0382477403859779,2.68273101332882,-4.115921932644253,-3.677978964649831,-1.924749009834854,1.3417441945558162,-0.0989616560098664,3.9650317801400976,-0.4436610931860999,1.3237025486479133
67.0,153.0,129.88369750976562,-0.0368336824364338,2.6826832487827823,-4.114591204394081,-3.678575812548972,-1.925641460409574,1.3405690717413157,-0.0993023327242637,3.963040004737601,-0.4453726377459595,1.3228519700821009
67.0,153.0,129.88369750976562,-0.0368682580867013,2.6829220535883818,-4.115330151241876,-3.6800847775118006,-1.924143475813016,1.3403634962947215,-0.0977891263415146,3.964305456688996,-0.4434524361281761,1.323232495747224
67.0,153.0,129.88369750976562,-0.0385555590400413,2.682332051900679,-4.11561887003485,-3.678886500882304,-1.9246899936591084,1.339812599810698,-0.0990985889591814,3.964719517917539,-0.4435134565679196,1.3239478618172835
67.0,153.0,129.88369750976562,-0.0362685215543273,2.6824785535414897,-4.115228802300194,-3.679666890710486,-1.924817154336768,1.3397913112986377,-0.0984104785689082,3.965220519508229,-0.4431274438343454,1.3229101875008091
67.0,153.0,129.88369750976562,-0.0375539125029723,2.683178260371717,-4.114369649219112,-3.679430716965344,-1.9246000535494767,1.3402022966892828,-0.0991060381317665,3.964045450719317,-0.4435850165156397,1.3232991003993002
67.0,153.0,129.8837127685547,-0.0377462765827165,2.682754760261481,-4.116597352360581,-3.6779847629580704,-1.9229277577136537,1.3396366035122156,-0.099180540659422,3.9640289350007456,-0.4424196705885159,1.322401396617004
67.0,153.0,129.8837127685547,-0.0384557015208323,2.682627415337113,-4.1123587635104615,-3.680209406948144,-1.9237014243757844,1.34270171189778,-0.0991206517234278,3.9639897608437753,-0.4421421290146739,1.3241146792666707
67.0,153.0,129.88369750976562,-0.0391015901040685,2.6832066369908216,-4.11469770047713,-3.680059309122311,-1.9260168474946973,1.3411719572718803,-0.0990887163406583,3.963894911594921,-0.4433537251091182,1.3222977704533132
67.0,153.0,129.88369750976562,-0.0371238674580442,2.6828863163114574,-4.116450644235016,-3.678852193219088,-1.9245006772364748,1.340853961483298,-0.1003745299408251,3.96483297132265,-0.4438758320633198,1.32253467512871
67.0,153.0,129.88369750976562,-0.0387529514039979,2.682332987600346,-4.114907536737543,-3.6795098013530296,-1.9263257462158496,1.3407473142017434,-0.0999818312495976,3.964815872089346,-0.4437279455012012,1.3221885533632094
67.0,153.0,129.88369750976562,-0.0385026246801999,2.681902136710416,-4.116577281202409,-3.680540846948508,-1.92433206385908,1.3402460540770993,-0.099126385258616,3.9633692913641982,-0.4437405342625667,1.3232985721522927
67.0,154.0,129.88369750976562,-0.0372763731490363,2.6826167704504225,-4.114823442455658,-3.6783468022659607,-1.9261520268860424,1.3403612303406105,-0.0998002543669788,3.963755631935773,-0.4432836224847902,1.323920551784124
67.0,154.0,129.88369750976562,-0.0386144815276365,2.682602177420531,-4.114692785083619,-3.6782825809630206,-1.925857278402108,1.3408475275948784,-0.0997619686173913,3.964034353113425,-0.4420803106852294,1.323383683790692
67.0,154.0,129.88369750976562,-0.0384255196221009,2.6828457518910365,-4.115229419906435,-3.678280070499364,-1.9241863635424368,1.340197132733122,-0.0989346872452995,3.965045366748188,-0.4436973324717846,1.3237061726352286
67.0,154.0,129.88369750976562,-0.0374477628801099,2.682657028303648,-4.114838900894199,-3.678870043592088,-1.9251837276112644,1.3405201841317955,-0.0987901150784344,3.964675583138253,-0.4423633760043502,1.3238448057713843
67.0,154.0,129.88369750976562,-0.0382635524696136,2.682419967614642,-4.114786126384205,-3.679311634560755,-1.925978686292598,1.3411333845684037,-0.0987597980305496,3.9641414728433215,-0.4424791061193618,1.320928414315454
67.0,154.0,129.88369750976562,-0.0384394284723971,2.682975909148543,-4.114785849651962,-3.679239009035948,-1.9244454601702328,1.3399968271028857,-0.0992974966139006,3.9634126109169294,-0.4438348749963561,1.323728487499586
67.0,154.0,129.88369750976562,-0.0375151009923383,2.6815405326175563,-4.11492126820321,-3.678696413336605,-1.9248538354858755,1.3399425126041962,-0.0987835979778907,3.963714046279793,-0.4446811609730565,1.323395357397754
67.0,154.0,129.88369750976562,-0.0377454066103169,2.6825043046280004,-4.114788089707397,-3.679652743106941,-1.9244710726958925,1.340134709603629,-0.1004671214614538,3.9636188560680137,-0.4424447477359667,1.3231665976907154
67.0,154.0,129.8837127685547,-0.0362652747973755,2.6823901769844523,-4.116293217939296,-3.6782962831329993,-1.928995849366236,1.3427363674667676,-0.0986275656262325,3.964030074260883,-0.444997731679174,1.3229369289227255
67.0,154.0,129.88369750976562,-0.0383554438796345,2.6837078456050074,-4.1148397309375175,-3.6796427651577615,-1.925935618093105,1.3413987342605571,-0.0995517511654577,3.963735392106942,-0.4447510661004394,1.3223569690262462
67.0,154.0,129.88369750976562,-0.0374471514184957,2.6830290313127803,-4.114093649499316,-3.679834210451842,-1.924097479454128,1.3403730799535918,-0.0989693227775162,3.9646815998637,-0.4441470635204132,1.3235251103658887
67.0,154.0,129.88369750976562,-0.0382710782515905,2.682893249029939,-4.115279657961465,-3.6792257495786993,-1.924598940320268,1.340114582927606,-0.0982937747407807,3.963413311773425,-0.4438361054294831,1.3238186492275428
67.0,154.0,129.88369750976562,-0.0386767940782647,2.6825724445294745,-4.114978013222114,-3.6803825219341575,-1.925471672712967,1.340026883894302,-0.1000383970307691,3.965015974768844,-0.4424138905121658,1.3231790020943524
67.0,154.0,129.88369750976562,-0.0386743878574695,2.682514171969066,-4.114506661615946,-3.679438333994672,-1.9243521442453364,1.339783745789752,-0.0992489063510318,3.963839175972056,-0.4434921678817331,1.3240327725928551
67.0,154.0,129.8837127685547,-0.0381877718237811,2.681269931177165,-4.115189659054024,-3.682085768835373,-1.9230510096111444,1.3398880451910875,-0.1009314762252844,3.963350996410638,-0.4439422476527043,1.324298345464992
67.0,154.0,129.88369750976562,-0.038409736125438,2.683223324443615,-4.114847609240932,-3.679415568245977,-1.9254956460903945,1.339956890140793,-0.0993767820110977,3.96545346379171,-0.4440833734044859,1.3235641918682983
67.0,154.0,129.88369750976562,-0.0365283721779428,2.6821798842695697,-4.11603441881068,-3.679486054107372,-1.9251379515389608,1.3405617104052885,-0.1002226474128503,3.96390962240616,-0.4420402715724512,1.3236767237550735
67.0,154.0,129.8837127685547,-0.0365358024724783,2.6818681070312835,-4.112865976977184,-3.679602687252389,-1.924349351054988,1.3402820676057443,-0.1018320141376777,3.9651600061539054,-0.4432204102345752,1.3243243450746875
67.0,154.0,129.88369750976562,-0.0383216637770437,2.6825741157856324,-4.114967170153109,-3.6780063208760607,-1.924454085840296,1.3404595116488414,-0.099584917212826,3.9638032536282113,-0.4437830930453497,1.3237113962040006
67.0,154.0,129.88369750976562,-0.0379767604336877,2.680744641094622,-4.114477853527157,-3.6801701846835897,-1.924400799866619,1.3404674448137248,-0.0999418297218291,3.9646977554076215,-0.4444012423801128,1.3236911002911962
67.0,154.0,129.8837127685547,-0.0394642453231005,2.6822165907899134,-4.114074645352336,-3.6799137978066345,-1.9238931671670203,1.3420153525299825,-0.0998143531951303,3.9629751126011934,-0.4443550203742832,1.3235550677799133
67.0,154.0,129.88369750976562,-0.0383148729229902,2.6832796999404445,-4.116294179060572,-3.6793979513078847,-1.9250865185851764,1.340689295518906,-0.0983386555168854,3.963023765613142,-0.4436402091529069,1.323783064095721
67.0,154.0,129.88369750976562,-0.0379627504806742,2.6821752792535305,-4.115112653936806,-3.679108163981376,-1.9271989799946387,1.3404670547282131,-0.0989285936155462,3.963762776092248,-0.4436037889685726,1.3234545198064809
67.0,154.0,129.88369750976562,-0.0392187524807247,2.683054261908589,-4.114922136147859,-3.6795777604845856,-1.925288325593142,1.3412020927009516,-0.0999221139832497,3.9638507441902,-0.4441360716815598,1.3240769948011513
67.0,154.0,129.88369750976562,-0.0383849644671473,2.6829565493324656,-4.1152425670406885,-3.679085536259625,-1.9245625020625792,1.3398362901102925,-0.0989136901687004,3.964908554644228,-0.4445902552466633,1.3237140521602766
67.0,154.0,129.88369750976562,-0.0381150873514049,2.682542042709517,-4.114430642239843,-3.678878579382245,-1.9244999050184943,1.3406975087022637,-0.0999938618507068,3.963198803446204,-0.4438787615061223,1.3237429493033557
67.0,154.0,129.8837127685547,-0.0393439610213545,2.6830619422745308,-4.114604043222708,-3.680368689308013,-1.9229080885171144,1.340185094365083,-0.099360564882717,3.963476834582344,-0.4430568216979387,1.320904571426344
67.0,154.0,129.88369750976562,-0.0370319986549597,2.682141311654721,-4.11568919640137,-3.679601765843594,-1.9250876999733395,1.3398228311447469,-0.1004837490685165,3.964237534852891,-0.442657322459007,1.323574800022745
67.0,154.0,129.88369750976562,-0.0370807272260081,2.68264859514898,-4.115168223632826,-3.678252415128613,-1.9239598296335736,1.3405486072531194,-0.098422161926668,3.964345449074509,-0.4430919035377933,1.32368118639016
67.0,154.0,129.8837127685547,-0.0371175704728505,2.6812182813530163,-4.114826148555521,-3.6814360671443898,-1.9272192972100608,1.3392384010451557,-0.0975537949860169,3.963685680076699,-0.4423936017161028,1.3207502023375437
67.0,154.0,129.88369750976562,-0.0375504977495809,2.682280533818246,-4.115233018272244,-3.679761393898062,-1.925012808213688,1.3408448440508045,-0.0991535257406458,3.963799535448471,-0.4426996479812786,1.32341862225405
67.0,154.0,129.8837127685547,-0.0353928620126881,2.684844982485186,-4.114734682919397,-3.6814192467957407,-1.9241976470811808,1.3403668723367224,-0.1000266563011459,3.964715904633412,-0.4442067176368913,1.324261404745758
67.0,154.0,129.88369750976562,-0.0375050067521598,2.682394795215691,-4.114718372567042,-3.678092981168621,-1.9258440914610253,1.3400083563894525,-0.099182553119151,3.966016159885976,-0.4438312502809411,1.3218137438897066
67.0,154.0,129.88369750976562,-0.0385790505121479,2.6829151465589978,-4.114800802167872,-3.680258446862143,-1.924409893497719,1.340273682270729,-0.0988903953142273,3.964274155720028,-0.443693939368691,1.324358976709781
67.0,154.0,129.88369750976562,-0.0373377203114786,2.682486630971601,-4.114913017838977,-3.6783634873448783,-1.9265970819780125,1.3403155553342478,-0.099168483249192,3.963433477689972,-0.4450287501643289,1.3241048847555466
67.0,154.0,129.88369750976562,-0.0379180192985064,2.682247815866732,-4.11618169808676,-3.678672127199636,-1.9243215382018104,1.341224665253827,-0.0999942253138913,3.964944788080395,-0.4445476548029366,1.3237704141458422
67.0,154.0,129.88369750976562,-0.0379024272348933,2.681548237319513,-4.1147750510204935,-3.679808883893499,-1.9248620463978097,1.3398379650494014,-0.0992112748296654,3.963017815678836,-0.4424179299426491,1.3233375186841294
67.0,154.0,129.88369750976562,-0.0386119900478477,2.682502921158186,-4.115330536104988,-3.67922120648243,-1.924454899099244,1.3398214621333258,-0.0993185791376466,3.963886887649888,-0.4432911272000954,1.323338099550023
67.0,154.0,129.88369750976562,-0.0382477403859779,2.68273101332882,-4.115921932644253,-3.677978964649831,-1.924749009834854,1.3417441945558162,-0.0989616560098664,3.9650317801400976,-0.4436610931860999,1.3237025486479133
67.0,154.0,129.88369750976562,-0.0368336824364338,2.6826832487827823,-4.114591204394081,-3.678575812548972,-1.925641460409574,1.3405690717413157,-0.0993023327242637,3.963040004737601,-0.4453726377459595,1.3228519700821009
67.0,154.0,129.88369750976562,-0.0368682580867013,2.6829220535883818,-4.115330151241876,-3.6800847775118006,-1.924143475813016,1.3403634962947215,-0.0977891263415146,3.964305456688996,-0.4434524361281761,1.323232495747224
67.0,154.0,129.88369750976562,-0.0385555590400413,2.682332051900679,-4.11561887003485,-3.678886500882304,-1.9246899936591084,1.339812599810698,-0.0990985889591814,3.964719517917539,-0.4435134565679196,1.3239478618172835
67.0,154.0,129.88369750976562,-0.0362685215543273,2.6824785535414897,-4.115228802300194,-3.679666890710486,-1.924817154336768,1.3397913112986377,-0.0984104785689082,3.965220519508229,-0.4431274438343454,1.3229101875008091
67.0,154.0,129.88369750976562,-0.0375539125029723,2.683178260371717,-4.114369649219112,-3.679430716965344,-1.9246000535494767,1.3402022966892828,-0.0991060381317665,3.964045450719317,-0.4435850165156397,1.3232991003993002
67.0,154.0,129.8837127685547,-0.0377462765827165,2.682754760261481,-4.116597352360581,-3.6779847629580704,-1.9229277577136537,1.3396366035122156,-0.099180540659422,3.9640289350007456,-0.4424196705885159,1.322401396617004
67.0,154.0,129.8837127685547,-0.0384557015208323,2.682627415337113,-4.1123587635104615,-3.680209406948144,-1.9237014243757844,1.34270171189778,-0.0991206517234278,3.9639897608437753,-0.4421421290146739,1.3241146792666707
67.0,154.0,129.88369750976562,-0.0391015901040685,2.6832066369908216,-4.11469770047713,-3.680059309122311,-1.9260168474946973,1.3411719572718803,-0.0990887163406583,3.963894911594921,-0.4433537251091182,1.3222977704533132
67.0,154.0,129.88369750976562,-0.0371238674580442,2.6828863163114574,-4.116450644235016,-3.678852193219088,-1.9245006772364748,1.340853961483298,-0.1003745299408251,3.96483297132265,-0.4438758320633198,1.32253467512871
67.0,154.0,129.88369750976562,-0.0387529514039979,2.682332987600346,-4.114907536737543,-3.6795098013530296,-1.9263257462158496,1.3407473142017434,-0.0999818312495976,3.964815872089346,-0.4437279455012012,1.3221885533632094
67.0,154.0,129.88369750976562,-0.0385026246801999,2.681902136710416,-4.116577281202409,-3.680540846948508,-1.92433206385908,1.3402460540770993,-0.099126385258616,3.9633692913641982,-0.4437405342625667,1.3232985721522927
67.0,155.0,129.88369750976562,-0.0372763731490363,2.6826167704504225,-4.114823442455658,-3.6783468022659607,-1.9261520268860424,1.3403612303406105,-0.0998002543669788,3.963755631935773,-0.4432836224847902,1.323920551784124
67.0,155.0,129.88369750976562,-0.0386144815276365,2.682602177420531,-4.114692785083619,-3.6782825809630206,-1.925857278402108,1.3408475275948784,-0.0997619686173913,3.964034353113425,-0.4420803106852294,1.323383683790692
67.0,155.0,129.88369750976562,-0.0384255196221009,2.6828457518910365,-4.115229419906435,-3.678280070499364,-1.9241863635424368,1.340197132733122,-0.0989346872452995,3.965045366748188,-0.4436973324717846,1.3237061726352286
67.0,155.0,129.88369750976562,-0.0374477628801099,2.682657028303648,-4.114838900894199,-3.678870043592088,-1.9251837276112644,1.3405201841317955,-0.0987901150784344,3.964675583138253,-0.4423633760043502,1.3238448057713843
67.0,155.0,129.88369750976562,-0.0382635524696136,2.682419967614642,-4.114786126384205,-3.679311634560755,-1.925978686292598,1.3411333845684037,-0.0987597980305496,3.9641414728433215,-0.4424791061193618,1.320928414315454
67.0,155.0,129.88369750976562,-0.0384394284723971,2.682975909148543,-4.114785849651962,-3.679239009035948,-1.9244454601702328,1.3399968271028857,-0.0992974966139006,3.9634126109169294,-0.4438348749963561,1.323728487499586
67.0,155.0,129.88369750976562,-0.0375151009923383,2.6815405326175563,-4.11492126820321,-3.678696413336605,-1.9248538354858755,1.3399425126041962,-0.0987835979778907,3.963714046279793,-0.4446811609730565,1.323395357397754
67.0,155.0,129.88369750976562,-0.0377454066103169,2.6825043046280004,-4.114788089707397,-3.679652743106941,-1.9244710726958925,1.340134709603629,-0.1004671214614538,3.9636188560680137,-0.4424447477359667,1.3231665976907154
67.0,155.0,129.8837127685547,-0.0362652747973755,2.6823901769844523,-4.116293217939296,-3.6782962831329993,-1.928995849366236,1.3427363674667676,-0.0986275656262325,3.964030074260883,-0.444997731679174,1.3229369289227255
67.0,155.0,129.88369750976562,-0.0383554438796345,2.6837078456050074,-4.1148397309375175,-3.6796427651577615,-1.925935618093105,1.3413987342605571,-0.0995517511654577,3.963735392106942,-0.4447510661004394,1.3223569690262462
67.0,155.0,129.88369750976562,-0.0374471514184957,2.6830290313127803,-4.114093649499316,-3.679834210451842,-1.924097479454128,1.3403730799535918,-0.0989693227775162,3.9646815998637,-0.4441470635204132,1.3235251103658887
67.0,155.0,129.88369750976562,-0.0382710782515905,2.682893249029939,-4.115279657961465,-3.6792257495786993,-1.924598940320268,1.340114582927606,-0.0982937747407807,3.963413311773425,-0.4438361054294831,1.3238186492275428
67.0,155.0,129.88369750976562,-0.0386767940782647,2.6825724445294745,-4.114978013222114,-3.6803825219341575,-1.925471672712967,1.340026883894302,-0.1000383970307691,3.965015974768844,-0.4424138905121658,1.3231790020943524
67.0,155.0,129.88369750976562,-0.0386743878574695,2.682514171969066,-4.114506661615946,-3.679438333994672,-1.9243521442453364,1.339783745789752,-0.0992489063510318,3.963839175972056,-0.4434921678817331,1.3240327725928551
67.0,155.0,129.8837127685547,-0.0381877718237811,2.681269931177165,-4.115189659054024,-3.682085768835373,-1.9230510096111444,1.3398880451910875,-0.1009314762252844,3.963350996410638,-0.4439422476527043,1.324298345464992
67.0,155.0,129.88369750976562,-0.038409736125438,2.683223324443615,-4.114847609240932,-3.679415568245977,-1.9254956460903945,1.339956890140793,-0.0993767820110977,3.96545346379171,-0.4440833734044859,1.3235641918682983
67.0,155.0,129.88369750976562,-0.0365283721779428,2.6821798842695697,-4.11603441881068,-3.679486054107372,-1.9251379515389608,1.3405617104052885,-0.1002226474128503,3.96390962240616,-0.4420402715724512,1.3236767237550735
67.0,155.0,129.8837127685547,-0.0365358024724783,2.6818681070312835,-4.112865976977184,-3.679602687252389,-1.924349351054988,1.3402820676057443,-0.1018320141376777,3.9651600061539054,-0.4432204102345752,1.3243243450746875
67.0,155.0,129.88369750976562,-0.0383216637770437,2.6825741157856324,-4.114967170153109,-3.6780063208760607,-1.924454085840296,1.3404595116488414,-0.099584917212826,3.9638032536282113,-0.4437830930453497,1.3237113962040006
67.0,155.0,129.88369750976562,-0.0379767604336877,2.680744641094622,-4.114477853527157,-3.6801701846835897,-1.924400799866619,1.3404674448137248,-0.0999418297218291,3.9646977554076215,-0.4444012423801128,1.3236911002911962
67.0,155.0,129.8837127685547,-0.0394642453231005,2.6822165907899134,-4.114074645352336,-3.6799137978066345,-1.9238931671670203,1.3420153525299825,-0.0998143531951303,3.9629751126011934,-0.4443550203742832,1.3235550677799133
67.0,155.0,129.88369750976562,-0.0383148729229902,2.6832796999404445,-4.116294179060572,-3.6793979513078847,-1.9250865185851764,1.340689295518906,-0.0983386555168854,3.963023765613142,-0.4436402091529069,1.323783064095721
67.0,155.0,129.88369750976562,-0.0379627504806742,2.6821752792535305,-4.115112653936806,-3.679108163981376,-1.9271989799946387,1.3404670547282131,-0.0989285936155462,3.963762776092248,-0.4436037889685726,1.3234545198064809
67.0,155.0,129.88369750976562,-0.0392187524807247,2.683054261908589,-4.114922136147859,-3.6795777604845856,-1.925288325593142,1.3412020927009516,-0.0999221139832497,3.9638507441902,-0.4441360716815598,1.3240769948011513
67.0,155.0,129.88369750976562,-0.0383849644671473,2.6829565493324656,-4.1152425670406885,-3.679085536259625,-1.9245625020625792,1.3398362901102925,-0.0989136901687004,3.964908554644228,-0.4445902552466633,1.3237140521602766
67.0,155.0,129.88369750976562,-0.0381150873514049,2.682542042709517,-4.114430642239843,-3.678878579382245,-1.9244999050184943,1.3406975087022637,-0.0999938618507068,3.963198803446204,-0.4438787615061223,1.3237429493033557
67.0,155.0,129.8837127685547,-0.0393439610213545,2.6830619422745308,-4.114604043222708,-3.680368689308013,-1.9229080885171144,1.340185094365083,-0.099360564882717,3.963476834582344,-0.4430568216979387,1.320904571426344
67.0,155.0,129.88369750976562,-0.0370319986549597,2.682141311654721,-4.11568919640137,-3.679601765843594,-1.9250876999733395,1.3398228311447469,-0.1004837490685165,3.964237534852891,-0.442657322459007,1.323574800022745
67.0,155.0,129.88369750976562,-0.0370807272260081,2.68264859514898,-4.115168223632826,-3.678252415128613,-1.9239598296335736,1.3405486072531194,-0.098422161926668,3.964345449074509,-0.4430919035377933,1.32368118639016
67.0,155.0,129.8837127685547,-0.0371175704728505,2.6812182813530163,-4.114826148555521,-3.6814360671443898,-1.9272192972100608,1.3392384010451557,-0.0975537949860169,3.963685680076699,-0.4423936017161028,1.3207502023375437
67.0,155.0,129.88369750976562,-0.0375504977495809,2.682280533818246,-4.115233018272244,-3.679761393898062,-1.925012808213688,1.3408448440508045,-0.0991535257406458,3.963799535448471,-0.4426996479812786,1.32341862225405
67.0,155.0,129.8837127685547,-0.0353928620126881,2.684844982485186,-4.114734682919397,-3.6814192467957407,-1.9241976470811808,1.3403668723367224,-0.1000266563011459,3.964715904633412,-0.4442067176368913,1.324261404745758
67.0,155.0,129.88369750976562,-0.0375050067521598,2.682394795215691,-4.114718372567042,-3.678092981168621,-1.9258440914610253,1.3400083563894525,-0.099182553119151,3.966016159885976,-0.4438312502809411,1.3218137438897066
67.0,155.0,129.88369750976562,-0.0385790505121479,2.6829151465589978,-4.114800802167872,-3.680258446862143,-1.924409893497719,1.340273682270729,-0.0988903953142273,3.964274155720028,-0.443693939368691,1.324358976709781
67.0,155.0,129.88369750976562,-0.0373377203114786,2.682486630971601,-4.114913017838977,-3.6783634873448783,-1.9265970819780125,1.3403155553342478,-0.099168483249192,3.963433477689972,-0.4450287501643289,1.3241048847555466
67.0,155.0,129.88369750976562,-0.0379180192985064,2.682247815866732,-4.11618169808676,-3.678672127199636,-1.9243215382018104,1.341224665253827,-0.0999942253138913,3.964944788080395,-0.4445476548029366,1.3237704141458422
67.0,155.0,129.88369750976562,-0.0379024272348933,2.681548237319513,-4.1147750510204935,-3.679808883893499,-1.9248620463978097,1.3398379650494014,-0.0992112748296654,3.963017815678836,-0.4424179299426491,1.3233375186841294
67.0,155.0,129.88369750976562,-0.0386119900478477,2.682502921158186,-4.115330536104988,-3.67922120648243,-1.924454899099244,1.3398214621333258,-0.0993185791376466,3.963886887649888,-0.4432911272000954,1.323338099550023
67.0,155.0,129.88369750976562,-0.0382477403859779,2.68273101332882,-4.115921932644253,-3.677978964649831,-1.924749009834854,1.3417441945558162,-0.0989616560098664,3.9650317801400976,-0.4436610931860999,1.3237025486479133
67.0,155.0,129.88369750976562,-0.0368336824364338,2.6826832487827823,-4.114591204394081,-3.678575812548972,-1.925641460409574,1.3405690717413157,-0.0993023327242637,3.963040004737601,-0.4453726377459595,1.3228519700821009
67.0,155.0,129.88369750976562,-0.0368682580867013,2.6829220535883818,-4.115330151241876,-3.6800847775118006,-1.924143475813016,1.3403634962947215,-0.0977891263415146,3.964305456688996,-0.4434524361281761,1.323232495747224
67.0,155.0,129.88369750976562,-0.0385555590400413,2.682332051900679,-4.11561887003485,-3.678886500882304,-1.9246899936591084,1.339812599810698,-0.0990985889591814,3.964719517917539,-0.4435134565679196,1.3239478618172835
67.0,155.0,129.88369750976562,-0.0362685215543273,2.6824785535414897,-4.115228802300194,-3.679666890710486,-1.924817154336768,1.3397913112986377,-0.0984104785689082,3.965220519508229,-0.4431274438343454,1.3229101875008091
67.0,155.0,129.88369750976562,-0.0375539125029723,2.683178260371717,-4.114369649219112,-3.679430716965344,-1.9246000535494767,1.3402022966892828,-0.0991060381317665,3.964045450719317,-0.4435850165156397,1.3232991003993002
67.0,155.0,129.8837127685547,-0.0377462765827165,2.682754760261481,-4.116597352360581,-3.6779847629580704,-1.9229277577136537,1.3396366035122156,-0.099180540659422,3.9640289350007456,-0.4424196705885159,1.322401396617004
67.0,155.0,129.8837127685547,-0.0384557015208323,2.682627415337113,-4.1123587635104615,-3.680209406948144,-1.9237014243757844,1.34270171189778,-0.0991206517234278,3.9639897608437753,-0.4421421290146739,1.3241146792666707
67.0,155.0,129.88369750976562,-0.0391015901040685,2.6832066369908216,-4.11469770047713,-3.680059309122311,-1.9260168474946973,1.3411719572718803,-0.0990887163406583,3.963894911594921,-0.4433537251091182,1.3222977704533132
67.0,155.0,129.88369750976562,-0.0371238674580442,2.6828863163114574,-4.116450644235016,-3.678852193219088,-1.9245006772364748,1.340853961483298,-0.1003745299408251,3.96483297132265,-0.4438758320633198,1.32253467512871
67.0,155.0,129.88369750976562,-0.0387529514039979,2.682332987600346,-4.114907536737543,-3.6795098013530296,-1.9263257462158496,1.3407473142017434,-0.0999818312495976,3.964815872089346,-0.4437279455012012,1.3221885533632094
67.0,155.0,129.88369750976562,-0.0385026246801999,2.681902136710416,-4.116577281202409,-3.680540846948508,-1.92433206385908,1.3402460540770993,-0.099126385258616,3.9633692913641982,-0.4437405342625667,1.3232985721522927
67.0,156.0,129.88369750976562,-0.0372763731490363,2.6826167704504225,-4.114823442455658,-3.6783468022659607,-1.9261520268860424,1.3403612303406105,-0.0998002543669788,3.963755631935773,-0.4432836224847902,1.323920551784124
67.0,156.0,129.88369750976562,-0.0386144815276365,2.682602177420531,-4.114692785083619,-3.6782825809630206,-1.925857278402108,1.3408475275948784,-0.0997619686173913,3.964034353113425,-0.4420803106852294,1.323383683790692
67.0,156.0,129.88369750976562,-0.0384255196221009,2.6828457518910365,-4.115229419906435,-3.678280070499364,-1.9241863635424368,1.340197132733122,-0.0989346872452995,3.965045366748188,-0.4436973324717846,1.3237061726352286
67.0,156.0,129.88369750976562,-0.0374477628801099,2.682657028303648,-4.114838900894199,-3.678870043592088,-1.9251837276112644,1.3405201841317955,-0.0987901150784344,3.964675583138253,-0.4423633760043502,1.3238448057713843
67.0,156.0,129.88369750976562,-0.0382635524696136,2.682419967614642,-4.114786126384205,-3.679311634560755,-1.925978686292598,1.3411333845684037,-0.0987597980305496,3.9641414728433215,-0.4424791061193618,1.320928414315454
67.0,156.0,129.88369750976562,-0.0384394284723971,2.682975909148543,-4.114785849651962,-3.679239009035948,-1.9244454601702328,1.3399968271028857,-0.0992974966139006,3.9634126109169294,-0.4438348749963561,1.323728487499586
67.0,156.0,129.88369750976562,-0.0375151009923383,2.6815405326175563,-4.11492126820321,-3.678696413336605,-1.9248538354858755,1.3399425126041962,-0.0987835979778907,3.963714046279793,-0.4446811609730565,1.323395357397754
67.0,156.0,129.88369750976562,-0.0377454066103169,2.6825043046280004,-4.114788089707397,-3.679652743106941,-1.9244710726958925,1.340134709603629,-0.1004671214614538,3.9636188560680137,-0.4424447477359667,1.3231665976907154
67.0,156.0,129.8837127685547,-0.0362652747973755,2.6823901769844523,-4.116293217939296,-3.6782962831329993,-1.928995849366236,1.3427363674667676,-0.0986275656262325,3.964030074260883,-0.444997731679174,1.3229369289227255
67.0,156.0,129.88369750976562,-0.0383554438796345,2.6837078456050074,-4.1148397309375175,-3.6796427651577615,-1.925935618093105,1.3413987342605571,-0.0995517511654577,3.963735392106942,-0.4447510661004394,1.3223569690262462
67.0,156.0,129.88369750976562,-0.0374471514184957,2.6830290313127803,-4.114093649499316,-3.679834210451842,-1.924097479454128,1.3403730799535918,-0.0989693227775162,3.9646815998637,-0.4441470635204132,1.3235251103658887
67.0,156.0,129.88369750976562,-0.0382710782515905,2.682893249029939,-4.115279657961465,-3.6792257495786993,-1.924598940320268,1.340114582927606,-0.0982937747407807,3.963413311773425,-0.4438361054294831,1.3238186492275428
67.0,156.0,129.88369750976562,-0.0386767940782647,2.6825724445294745,-4.114978013222114,-3.6803825219341575,-1.925471672712967,1.340026883894302,-0.1000383970307691,3.965015974768844,-0.4424138905121658,1.3231790020943524
67.0,156.0,129.88369750976562,-0.0386743878574695,2.682514171969066,-4.114506661615946,-3.679438333994672,-1.9243521442453364,1.339783745789752,-0.0992489063510318,3.963839175972056,-0.4434921678817331,1.3240327725928551
67.0,156.0,129.8837127685547,-0.0381877718237811,2.681269931177165,-4.115189659054024,-3.682085768835373,-1.9230510096111444,1.3398880451910875,-0.1009314762252844,3.963350996410638,-0.4439422476527043,1.324298345464992
67.0,156.0,129.88369750976562,-0.038409736125438,2.683223324443615,-4.114847609240932,-3.679415568245977,-1.9254956460903945,1.339956890140793,-0.0993767820110977,3.96545346379171,-0.4440833734044859,1.3235641918682983
67.0,156.0,129.88369750976562,-0.0365283721779428,2.6821798842695697,-4.11603441881068,-3.679486054107372,-1.9251379515389608,1.3405617104052885,-0.1002226474128503,3.96390962240616,-0.4420402715724512,1.3236767237550735
67.0,156.0,129.8837127685547,-0.0365358024724783,2.6818681070312835,-4.112865976977184,-3.679602687252389,-1.924349351054988,1.3402820676057443,-0.1018320141376777,3.9651600061539054,-0.4432204102345752,1.3243243450746875
67.0,156.0,129.88369750976562,-0.0383216637770437,2.6825741157856324,-4.114967170153109,-3.6780063208760607,-1.924454085840296,1.3404595116488414,-0.099584917212826,3.9638032536282113,-0.4437830930453497,1.3237113962040006
67.0,156.0,129.88369750976562,-0.0379767604336877,2.680744641094622,-4.114477853527157,-3.6801701846835897,-1.924400799866619,1.3404674448137248,-0.0999418297218291,3.9646977554076215,-0.4444012423801128,1.3236911002911962
67.0,156.0,129.8837127685547,-0.0394642453231005,2.6822165907899134,-4.114074645352336,-3.6799137978066345,-1.9238931671670203,1.3420153525299825,-0.0998143531951303,3.9629751126011934,-0.4443550203742832,1.3235550677799133
67.0,156.0,129.88369750976562,-0.0383148729229902,2.6832796999404445,-4.116294179060572,-3.6793979513078847,-1.9250865185851764,1.340689295518906,-0.0983386555168854,3.963023765613142,-0.4436402091529069,1.323783064095721
67.0,156.0,129.88369750976562,-0.0379627504806742,2.6821752792535305,-4.115112653936806,-3.679108163981376,-1.9271989799946387,1.3404670547282131,-0.0989285936155462,3.963762776092248,-0.4436037889685726,1.3234545198064809
67.0,156.0,129.88369750976562,-0.0392187524807247,2.683054261908589,-4.114922136147859,-3.6795777604845856,-1.925288325593142,1.3412020927009516,-0.0999221139832497,3.9638507441902,-0.4441360716815598,1.3240769948011513
67.0,156.0,129.88369750976562,-0.0383849644671473,2.6829565493324656,-4.1152425670406885,-3.679085536259625,-1.9245625020625792,1.3398362901102925,-0.0989136901687004,3.964908554644228,-0.4445902552466633,1.3237140521602766
67.0,156.0,129.88369750976562,-0.0381150873514049,2.682542042709517,-4.114430642239843,-3.678878579382245,-1.9244999050184943,1.3406975087022637,-0.0999938618507068,3.963198803446204,-0.4438787615061223,1.3237429493033557
67.0,156.0,129.8837127685547,-0.0393439610213545,2.6830619422745308,-4.114604043222708,-3.680368689308013,-1.9229080885171144,1.340185094365083,-0.099360564882717,3.963476834582344,-0.4430568216979387,1.320904571426344
67.0,156.0,129.88369750976562,-0.0370319986549597,2.682141311654721,-4.11568919640137,-3.679601765843594,-1.9250876999733395,1.3398228311447469,-0.1004837490685165,3.964237534852891,-0.442657322459007,1.323574800022745
67.0,156.0,129.88369750976562,-0.0370807272260081,2.68264859514898,-4.115168223632826,-3.678252415128613,-1.9239598296335736,1.3405486072531194,-0.098422161926668,3.964345449074509,-0.4430919035377933,1.32368118639016
67.0,156.0,129.8837127685547,-0.0371175704728505,2.6812182813530163,-4.114826148555521,-3.6814360671443898,-1.9272192972100608,1.3392384010451557,-0.0975537949860169,3.963685680076699,-0.4423936017161028,1.3207502023375437
67.0,156.0,129.88369750976562,-0.0375504977495809,2.682280533818246,-4.115233018272244,-3.679761393898062,-1.925012808213688,1.3408448440508045,-0.0991535257406458,3.963799535448471,-0.4426996479812786,1.32341862225405
67.0,156.0,129.8837127685547,-0.0353928620126881,2.684844982485186,-4.114734682919397,-3.6814192467957407,-1.9241976470811808,1.3403668723367224,-0.1000266563011459,3.964715904633412,-0.4442067176368913,1.324261404745758
67.0,156.0,129.88369750976562,-0.0375050067521598,2.682394795215691,-4.114718372567042,-3.678092981168621,-1.9258440914610253,1.3400083563894525,-0.099182553119151,3.966016159885976,-0.4438312502809411,1.3218137438897066
67.0,156.0,129.88369750976562,-0.0385790505121479,2.6829151465589978,-4.114800802167872,-3.680258446862143,-1.924409893497719,1.340273682270729,-0.0988903953142273,3.964274155720028,-0.443693939368691,1.324358976709781
67.0,156.0,129.88369750976562,-0.0373377203114786,2.682486630971601,-4.114913017838977,-3.6783634873448783,-1.9265970819780125,1.3403155553342478,-0.099168483249192,3.963433477689972,-0.4450287501643289,1.3241048847555466
67.0,156.0,129.88369750976562,-0.0379180192985064,2.682247815866732,-4.11618169808676,-3.678672127199636,-1.9243215382018104,1.341224665253827,-0.0999942253138913,3.964944788080395,-0.4445476548029366,1.3237704141458422
67.0,156.0,129.88369750976562,-0.0379024272348933,2.681548237319513,-4.1147750510204935,-3.679808883893499,-1.9248620463978097,1.3398379650494014,-0.0992112748296654,3.963017815678836,-0.4424179299426491,1.3233375186841294
67.0,156.0,129.88369750976562,-0.0386119900478477,2.682502921158186,-4.115330536104988,-3.67922120648243,-1.924454899099244,1.3398214621333258,-0.0993185791376466,3.963886887649888,-0.4432911272000954,1.323338099550023
67.0,156.0,129.88369750976562,-0.0382477403859779,2.68273101332882,-4.115921932644253,-3.677978964649831,-1.924749009834854,1.3417441945558162,-0.0989616560098664,3.9650317801400976,-0.4436610931860999,1.3237025486479133
67.0,156.0,129.88369750976562,-0.0368336824364338,2.6826832487827823,-4.114591204394081,-3.678575812548972,-1.925641460409574,1.3405690717413157,-0.0993023327242637,3.963040004737601,-0.4453726377459595,1.3228519700821009
67.0,156.0,129.88369750976562,-0.0368682580867013,2.6829220535883818,-4.115330151241876,-3.6800847775118006,-1.924143475813016,1.3403634962947215,-0.0977891263415146,3.964305456688996,-0.4434524361281761,1.323232495747224
67.0,156.0,129.88369750976562,-0.0385555590400413,2.682332051900679,-4.11561887003485,-3.678886500882304,-1.9246899936591084,1.339812599810698,-0.0990985889591814,3.964719517917539,-0.4435134565679196,1.3239478618172835
67.0,156.0,129.88369750976562,-0.0362685215543273,2.6824785535414897,-4.115228802300194,-3.679666890710486,-1.924817154336768,1.3397913112986377,-0.0984104785689082,3.965220519508229,-0.4431274438343454,1.3229101875008091
67.0,156.0,129.88369750976562,-0.0375539125029723,2.683178260371717,-4.114369649219112,-3.679430716965344,-1.9246000535494767,1.3402022966892828,-0.0991060381317665,3.964045450719317,-0.4435850165156397,1.3232991003993002
67.0,156.0,129.8837127685547,-0.0377462765827165,2.682754760261481,-4.116597352360581,-3.6779847629580704,-1.9229277577136537,1.3396366035122156,-0.099180540659422,3.9640289350007456,-0.4424196705885159,1.322401396617004
67.0,156.0,129.8837127685547,-0.0384557015208323,2.682627415337113,-4.1123587635104615,-3.680209406948144,-1.9237014243757844,1.34270171189778,-0.0991206517234278,3.9639897608437753,-0.4421421290146739,1.3241146792666707
67.0,156.0,129.88369750976562,-0.0391015901040685,2.6832066369908216,-4.11469770047713,-3.680059309122311,-1.9260168474946973,1.3411719572718803,-0.0990887163406583,3.963894911594921,-0.4433537251091182,1.3222977704533132
67.0,156.0,129.88369750976562,-0.0371238674580442,2.6828863163114574,-4.116450644235016,-3.678852193219088,-1.9245006772364748,1.340853961483298,-0.1003745299408251,3.96483297132265,-0.4438758320633198,1.32253467512871
67.0,156.0,129.88369750976562,-0.0387529514039979,2.682332987600346,-4.114907536737543,-3.6795098013530296,-1.9263257462158496,1.3407473142017434,-0.0999818312495976,3.964815872089346,-0.4437279455012012,1.3221885533632094
67.0,156.0,129.88369750976562,-0.0385026246801999,2.681902136710416,-4.116577281202409,-3.680540846948508,-1.92433206385908,1.3402460540770993,-0.099126385258616,3.9633692913641982,-0.4437405342625667,1.3232985721522927
67.0,157.0,129.88369750976562,-0.0372763731490363,2.6826167704504225,-4.114823442455658,-3.6783468022659607,-1.9261520268860424,1.3403612303406105,-0.0998002543669788,3.963755631935773,-0.4432836224847902,1.323920551784124
67.0,157.0,129.88369750976562,-0.0386144815276365,2.682602177420531,-4.114692785083619,-3.6782825809630206,-1.925857278402108,1.3408475275948784,-0.0997619686173913,3.964034353113425,-0.4420803106852294,1.323383683790692
67.0,157.0,129.88369750976562,-0.0384255196221009,2.6828457518910365,-4.115229419906435,-3.678280070499364,-1.9241863635424368,1.340197132733122,-0.0989346872452995,3.965045366748188,-0.4436973324717846,1.3237061726352286
67.0,157.0,129.88369750976562,-0.0374477628801099,2.682657028303648,-4.114838900894199,-3.678870043592088,-1.9251837276112644,1.3405201841317955,-0.0987901150784344,3.964675583138253,-0.4423633760043502,1.3238448057713843
67.0,157.0,129.88369750976562,-0.0382635524696136,2.682419967614642,-4.114786126384205,-3.679311634560755,-1.925978686292598,1.3411333845684037,-0.0987597980305496,3.9641414728433215,-0.4424791061193618,1.320928414315454
67.0,157.0,129.88369750976562,-0.0384394284723971,2.682975909148543,-4.114785849651962,-3.679239009035948,-1.9244454601702328,1.3399968271028857,-0.0992974966139006,3.9634126109169294,-0.4438348749963561,1.323728487499586
67.0,157.0,129.88369750976562,-0.0375151009923383,2.6815405326175563,-4.11492126820321,-3.678696413336605,-1.9248538354858755,1.3399425126041962,-0.0987835979778907,3.963714046279793,-0.4446811609730565,1.323395357397754
67.0,157.0,129.88369750976562,-0.0377454066103169,2.6825043046280004,-4.114788089707397,-3.679652743106941,-1.9244710726958925,1.340134709603629,-0.1004671214614538,3.9636188560680137,-0.4424447477359667,1.3231665976907154
67.0,157.0,129.8837127685547,-0.0362652747973755,2.6823901769844523,-4.116293217939296,-3.6782962831329993,-1.928995849366236,1.3427363674667676,-0.0986275656262325,3.964030074260883,-0.444997731679174,1.3229369289227255
67.0,157.0,129.88369750976562,-0.0383554438796345,2.6837078456050074,-4.1148397309375175,-3.6796427651577615,-1.925935618093105,1.3413987342605571,-0.0995517511654577,3.963735392106942,-0.4447510661004394,1.3223569690262462
67.0,157.0,129.88369750976562,-0.0374471514184957,2.6830290313127803,-4.114093649499316,-3.679834210451842,-1.924097479454128,1.3403730799535918,-0.0989693227775162,3.9646815998637,-0.4441470635204132,1.3235251103658887
67.0,157.0,129.88369750976562,-0.0382710782515905,2.682893249029939,-4.115279657961465,-3.6792257495786993,-1.924598940320268,1.340114582927606,-0.0982937747407807,3.963413311773425,-0.4438361054294831,1.3238186492275428
67.0,157.0,129.88369750976562,-0.0386767940782647,2.6825724445294745,-4.114978013222114,-3.6803825219341575,-1.925471672712967,1.340026883894302,-0.1000383970307691,3.965015974768844,-0.4424138905121658,1.3231790020943524
67.0,157.0,129.88369750976562,-0.0386743878574695,2.682514171969066,-4.114506661615946,-3.679438333994672,-1.9243521442453364,1.339783745789752,-0.0992489063510318,3.963839175972056,-0.4434921678817331,1.3240327725928551
67.0,157.0,129.8837127685547,-0.0381877718237811,2.681269931177165,-4.115189659054024,-3.682085768835373,-1.9230510096111444,1.3398880451910875,-0.1009314762252844,3.963350996410638,-0.4439422476527043,1.324298345464992
67.0,157.0,129.88369750976562,-0.038409736125438,2.683223324443615,-4.114847609240932,-3.679415568245977,-1.9254956460903945,1.339956890140793,-0.0993767820110977,3.96545346379171,-0.4440833734044859,1.3235641918682983
67.0,157.0,129.88369750976562,-0.0365283721779428,2.6821798842695697,-4.11603441881068,-3.679486054107372,-1.9251379515389608,1.3405617104052885,-0.1002226474128503,3.96390962240616,-0.4420402715724512,1.3236767237550735
67.0,157.0,129.8837127685547,-0.0365358024724783,2.6818681070312835,-4.112865976977184,-3.679602687252389,-1.924349351054988,1.3402820676057443,-0.1018320141376777,3.9651600061539054,-0.4432204102345752,1.3243243450746875
67.0,157.0,129.88369750976562,-0.0383216637770437,2.6825741157856324,-4.114967170153109,-3.6780063208760607,-1.924454085840296,1.3404595116488414,-0.099584917212826,3.9638032536282113,-0.4437830930453497,1.3237113962040006
67.0,157.0,129.88369750976562,-0.0379767604336877,2.680744641094622,-4.114477853527157,-3.6801701846835897,-1.924400799866619,1.3404674448137248,-0.0999418297218291,3.9646977554076215,-0.4444012423801128,1.3236911002911962
67.0,157.0,129.8837127685547,-0.0394642453231005,2.6822165907899134,-4.114074645352336,-3.6799137978066345,-1.9238931671670203,1.3420153525299825,-0.0998143531951303,3.9629751126011934,-0.4443550203742832,1.3235550677799133
67.0,157.0,129.88369750976562,-0.0383148729229902,2.6832796999404445,-4.116294179060572,-3.6793979513078847,-1.9250865185851764,1.340689295518906,-0.0983386555168854,3.963023765613142,-0.4436402091529069,1.323783064095721
67.0,157.0,129.88369750976562,-0.0379627504806742,2.6821752792535305,-4.115112653936806,-3.679108163981376,-1.9271989799946387,1.3404670547282131,-0.0989285936155462,3.963762776092248,-0.4436037889685726,1.3234545198064809
67.0,157.0,129.88369750976562,-0.0392187524807247,2.683054261908589,-4.114922136147859,-3.6795777604845856,-1.925288325593142,1.3412020927009516,-0.0999221139832497,3.9638507441902,-0.4441360716815598,1.3240769948011513
67.0,157.0,129.88369750976562,-0.0383849644671473,2.6829565493324656,-4.1152425670406885,-3.679085536259625,-1.9245625020625792,1.3398362901102925,-0.0989136901687004,3.964908554644228,-0.4445902552466633,1.3237140521602766
67.0,157.0,129.88369750976562,-0.0381150873514049,2.682542042709517,-4.114430642239843,-3.678878579382245,-1.9244999050184943,1.3406975087022637,-0.0999938618507068,3.963198803446204,-0.4438787615061223,1.3237429493033557
67.0,157.0,129.8837127685547,-0.0393439610213545,2.6830619422745308,-4.114604043222708,-3.680368689308013,-1.9229080885171144,1.340185094365083,-0.099360564882717,3.963476834582344,-0.4430568216979387,1.320904571426344
67.0,157.0,129.88369750976562,-0.0370319986549597,2.682141311654721,-4.11568919640137,-3.679601765843594,-1.9250876999733395,1.3398228311447469,-0.1004837490685165,3.964237534852891,-0.442657322459007,1.323574800022745
67.0,157.0,129.88369750976562,-0.0370807272260081,2.68264859514898,-4.115168223632826,-3.678252415128613,-1.9239598296335736,1.3405486072531194,-0.098422161926668,3.964345449074509,-0.4430919035377933,1.32368118639016
67.0,157.0,129.8837127685547,-0.0371175704728505,2.6812182813530163,-4.114826148555521,-3.6814360671443898,-1.9272192972100608,1.3392384010451557,-0.0975537949860169,3.963685680076699,-0.4423936017161028,1.3207502023375437
67.0,157.0,129.88369750976562,-0.0375504977495809,2.682280533818246,-4.115233018272244,-3.679761393898062,-1.925012808213688,1.3408448440508045,-0.0991535257406458,3.963799535448471,-0.4426996479812786,1.32341862225405
67.0,157.0,129.8837127685547,-0.0353928620126881,2.684844982485186,-4.114734682919397,-3.6814192467957407,-1.9241976470811808,1.3403668723367224,-0.1000266563011459,3.964715904633412,-0.4442067176368913,1.324261404745758
67.0,157.0,129.88369750976562,-0.0375050067521598,2.682394795215691,-4.114718372567042,-3.678092981168621,-1.9258440914610253,1.3400083563894525,-0.099182553119151,3.966016159885976,-0.4438312502809411,1.3218137438897066
67.0,157.0,129.88369750976562,-0.0385790505121479,2.6829151465589978,-4.114800802167872,-3.680258446862143,-1.924409893497719,1.340273682270729,-0.0988903953142273,3.964274155720028,-0.443693939368691,1.324358976709781
67.0,157.0,129.88369750976562,-0.0373377203114786,2.682486630971601,-4.114913017838977,-3.6783634873448783,-1.9265970819780125,1.3403155553342478,-0.099168483249192,3.963433477689972,-0.4450287501643289,1.3241048847555466
67.0,157.0,129.88369750976562,-0.0379180192985064,2.682247815866732,-4.11618169808676,-3.678672127199636,-1.9243215382018104,1.341224665253827,-0.0999942253138913,3.964944788080395,-0.4445476548029366,1.3237704141458422
67.0,157.0,129.88369750976562,-0.0379024272348933,2.681548237319513,-4.1147750510204935,-3.679808883893499,-1.9248620463978097,1.3398379650494014,-0.0992112748296654,3.963017815678836,-0.4424179299426491,1.3233375186841294
67.0,157.0,129.88369750976562,-0.0386119900478477,2.682502921158186,-4.115330536104988,-3.67922120648243,-1.924454899099244,1.3398214621333258,-0.0993185791376466,3.963886887649888,-0.4432911272000954,1.323338099550023
67.0,157.0,129.88369750976562,-0.0382477403859779,2.68273101332882,-4.115921932644253,-3.677978964649831,-1.924749009834854,1.3417441945558162,-0.0989616560098664,3.9650317801400976,-0.4436610931860999,1.3237025486479133
67.0,157.0,129.88369750976562,-0.0368336824364338,2.6826832487827823,-4.114591204394081,-3.678575812548972,-1.925641460409574,1.3405690717413157,-0.0993023327242637,3.963040004737601,-0.4453726377459595,1.3228519700821009
67.0,157.0,129.88369750976562,-0.0368682580867013,2.6829220535883818,-4.115330151241876,-3.6800847775118006,-1.924143475813016,1.3403634962947215,-0.0977891263415146,3.964305456688996,-0.4434524361281761,1.323232495747224
67.0,157.0,129.88369750976562,-0.0385555590400413,2.682332051900679,-4.11561887003485,-3.678886500882304,-1.9246899936591084,1.339812599810698,-0.0990985889591814,3.964719517917539,-0.4435134565679196,1.3239478618172835
67.0,157.0,129.88369750976562,-0.0362685215543273,2.6824785535414897,-4.115228802300194,-3.679666890710486,-1.924817154336768,1.3397913112986377,-0.0984104785689082,3.965220519508229,-0.4431274438343454,1.3229101875008091
67.0,157.0,129.88369750976562,-0.0375539125029723,2.683178260371717,-4.114369649219112,-3.679430716965344,-1.9246000535494767,1.3402022966892828,-0.0991060381317665,3.964045450719317,-0.4435850165156397,1.3232991003993002
67.0,157.0,129.8837127685547,-0.0377462765827165,2.682754760261481,-4.116597352360581,-3.6779847629580704,-1.9229277577136537,1.3396366035122156,-0.099180540659422,3.9640289350007456,-0.4424196705885159,1.322401396617004
67.0,157.0,129.8837127685547,-0.0384557015208323,2.682627415337113,-4.1123587635104615,-3.680209406948144,-1.9237014243757844,1.34270171189778,-0.0991206517234278,3.9639897608437753,-0.4421421290146739,1.3241146792666707
67.0,157.0,129.88369750976562,-0.0391015901040685,2.6832066369908216,-4.11469770047713,-3.680059309122311,-1.9260168474946973,1.3411719572718803,-0.0990887163406583,3.963894911594921,-0.4433537251091182,1.3222977704533132
67.0,157.0,129.88369750976562,-0.0371238674580442,2.6828863163114574,-4.116450644235016,-3.678852193219088,-1.9245006772364748,1.340853961483298,-0.1003745299408251,3.96483297132265,-0.4438758320633198,1.32253467512871
67.0,157.0,129.88369750976562,-0.0387529514039979,2.682332987600346,-4.114907536737543,-3.6795098013530296,-1.9263257462158496,1.3407473142017434,-0.0999818312495976,3.964815872089346,-0.4437279455012012,1.3221885533632094
67.0,157.0,129.88369750976562,-0.0385026246801999,2.681902136710416,-4.116577281202409,-3.680540846948508,-1.92433206385908,1.3402460540770993,-0.099126385258616,3.9633692913641982,-0.4437405342625667,1.3232985721522927
67.0,158.0,129.88369750976562,-0.0372763731490363,2.6826167704504225,-4.114823442455658,-3.6783468022659607,-1.9261520268860424,1.3403612303406105,-0.0998002543669788,3.963755631935773,-0.4432836224847902,1.323920551784124
67.0,158.0,129.88369750976562,-0.0386144815276365,2.682602177420531,-4.114692785083619,-3.6782825809630206,-1.925857278402108,1.3408475275948784,-0.0997619686173913,3.964034353113425,-0.4420803106852294,1.323383683790692
67.0,158.0,129.88369750976562,-0.0384255196221009,2.6828457518910365,-4.115229419906435,-3.678280070499364,-1.9241863635424368,1.340197132733122,-0.0989346872452995,3.965045366748188,-0.4436973324717846,1.3237061726352286
67.0,158.0,129.88369750976562,-0.0374477628801099,2.682657028303648,-4.114838900894199,-3.678870043592088,-1.9251837276112644,1.3405201841317955,-0.0987901150784344,3.964675583138253,-0.4423633760043502,1.3238448057713843
67.0,158.0,129.88369750976562,-0.0382635524696136,2.682419967614642,-4.114786126384205,-3.679311634560755,-1.925978686292598,1.3411333845684037,-0.0987597980305496,3.9641414728433215,-0.4424791061193618,1.320928414315454
67.0,158.0,129.88369750976562,-0.0384394284723971,2.682975909148543,-4.114785849651962,-3.679239009035948,-1.9244454601702328,1.3399968271028857,-0.0992974966139006,3.9634126109169294,-0.4438348749963561,1.323728487499586
67.0,158.0,129.88369750976562,-0.0375151009923383,2.6815405326175563,-4.11492126820321,-3.678696413336605,-1.9248538354858755,1.3399425126041962,-0.0987835979778907,3.963714046279793,-0.4446811609730565,1.323395357397754
67.0,158.0,129.88369750976562,-0.0377454066103169,2.6825043046280004,-4.114788089707397,-3.679652743106941,-1.9244710726958925,1.340134709603629,-0.1004671214614538,3.9636188560680137,-0.4424447477359667,1.3231665976907154
67.0,158.0,129.8837127685547,-0.0362652747973755,2.6823901769844523,-4.116293217939296,-3.6782962831329993,-1.928995849366236,1.3427363674667676,-0.0986275656262325,3.964030074260883,-0.444997731679174,1.3229369289227255
67.0,158.0,129.88369750976562,-0.0383554438796345,2.6837078456050074,-4.1148397309375175,-3.6796427651577615,-1.925935618093105,1.3413987342605571,-0.0995517511654577,3.963735392106942,-0.4447510661004394,1.3223569690262462
67.0,158.0,129.88369750976562,-0.0374471514184957,2.6830290313127803,-4.114093649499316,-3.679834210451842,-1.924097479454128,1.3403730799535918,-0.0989693227775162,3.9646815998637,-0.4441470635204132,1.3235251103658887
67.0,158.0,129.88369750976562,-0.0382710782515905,2.682893249029939,-4.115279657961465,-3.6792257495786993,-1.924598940320268,1.340114582927606,-0.0982937747407807,3.963413311773425,-0.4438361054294831,1.3238186492275428
67.0,158.0,129.88369750976562,-0.0386767940782647,2.6825724445294745,-4.114978013222114,-3.6803825219341575,-1.925471672712967,1.340026883894302,-0.1000383970307691,3.965015974768844,-0.4424138905121658,1.3231790020943524
67.0,158.0,129.88369750976562,-0.0386743878574695,2.682514171969066,-4.114506661615946,-3.679438333994672,-1.9243521442453364,1.339783745789752,-0.0992489063510318,3.963839175972056,-0.4434921678817331,1.3240327725928551
67.0,158.0,129.8837127685547,-0.0381877718237811,2.681269931177165,-4.115189659054024,-3.682085768835373,-1.9230510096111444,1.3398880451910875,-0.1009314762252844,3.963350996410638,-0.4439422476527043,1.324298345464992
67.0,158.0,129.88369750976562,-0.038409736125438,2.683223324443615,-4.114847609240932,-3.679415568245977,-1.9254956460903945,1.339956890140793,-0.0993767820110977,3.96545346379171,-0.4440833734044859,1.3235641918682983
67.0,158.0,129.88369750976562,-0.0365283721779428,2.6821798842695697,-4.11603441881068,-3.679486054107372,-1.9251379515389608,1.3405617104052885,-0.1002226474128503,3.96390962240616,-0.4420402715724512,1.3236767237550735
67.0,158.0,129.8837127685547,-0.0365358024724783,2.6818681070312835,-4.112865976977184,-3.679602687252389,-1.924349351054988,1.3402820676057443,-0.1018320141376777,3.9651600061539054,-0.4432204102345752,1.3243243450746875
67.0,158.0,129.88369750976562,-0.0383216637770437,2.6825741157856324,-4.114967170153109,-3.6780063208760607,-1.924454085840296,1.3404595116488414,-0.099584917212826,3.9638032536282113,-0.4437830930453497,1.3237113962040006
67.0,158.0,129.88369750976562,-0.0379767604336877,2.680744641094622,-4.114477853527157,-3.6801701846835897,-1.924400799866619,1.3404674448137248,-0.0999418297218291,3.9646977554076215,-0.4444012423801128,1.3236911002911962
67.0,158.0,129.8837127685547,-0.0394642453231005,2.6822165907899134,-4.114074645352336,-3.6799137978066345,-1.9238931671670203,1.3420153525299825,-0.0998143531951303,3.9629751126011934,-0.4443550203742832,1.3235550677799133
67.0,158.0,129.88369750976562,-0.0383148729229902,2.6832796999404445,-4.116294179060572,-3.6793979513078847,-1.9250865185851764,1.340689295518906,-0.0983386555168854,3.963023765613142,-0.4436402091529069,1.323783064095721
67.0,158.0,129.88369750976562,-0.0379627504806742,2.6821752792535305,-4.115112653936806,-3.679108163981376,-1.9271989799946387,1.3404670547282131,-0.0989285936155462,3.963762776092248,-0.4436037889685726,1.3234545198064809
67.0,158.0,129.88369750976562,-0.0392187524807247,2.683054261908589,-4.114922136147859,-3.6795777604845856,-1.925288325593142,1.3412020927009516,-0.0999221139832497,3.9638507441902,-0.4441360716815598,1.3240769948011513
67.0,158.0,129.88369750976562,-0.0383849644671473,2.6829565493324656,-4.1152425670406885,-3.679085536259625,-1.9245625020625792,1.3398362901102925,-0.0989136901687004,3.964908554644228,-0.4445902552466633,1.3237140521602766
67.0,158.0,129.88369750976562,-0.0381150873514049,2.682542042709517,-4.114430642239843,-3.678878579382245,-1.9244999050184943,1.3406975087022637,-0.0999938618507068,3.963198803446204,-0.4438787615061223,1.3237429493033557
67.0,158.0,129.8837127685547,-0.0393439610213545,2.6830619422745308,-4.114604043222708,-3.680368689308013,-1.9229080885171144,1.340185094365083,-0.099360564882717,3.963476834582344,-0.4430568216979387,1.320904571426344
67.0,158.0,129.88369750976562,-0.0370319986549597,2.682141311654721,-4.11568919640137,-3.679601765843594,-1.9250876999733395,1.3398228311447469,-0.1004837490685165,3.964237534852891,-0.442657322459007,1.323574800022745
67.0,158.0,129.88369750976562,-0.0370807272260081,2.68264859514898,-4.115168223632826,-3.678252415128613,-1.9239598296335736,1.3405486072531194,-0.098422161926668,3.964345449074509,-0.4430919035377933,1.32368118639016
67.0,158.0,129.8837127685547,-0.0371175704728505,2.6812182813530163,-4.114826148555521,-3.6814360671443898,-1.9272192972100608,1.3392384010451557,-0.0975537949860169,3.963685680076699,-0.4423936017161028,1.3207502023375437
67.0,158.0,129.88369750976562,-0.0375504977495809,2.682280533818246,-4.115233018272244,-3.679761393898062,-1.925012808213688,1.3408448440508045,-0.0991535257406458,3.963799535448471,-0.4426996479812786,1.32341862225405
67.0,158.0,129.8837127685547,-0.0353928620126881,2.684844982485186,-4.114734682919397,-3.6814192467957407,-1.9241976470811808,1.3403668723367224,-0.1000266563011459,3.964715904633412,-0.4442067176368913,1.324261404745758
67.0,158.0,129.88369750976562,-0.0375050067521598,2.682394795215691,-4.114718372567042,-3.678092981168621,-1.9258440914610253,1.3400083563894525,-0.099182553119151,3.966016159885976,-0.4438312502809411,1.3218137438897066
67.0,158.0,129.88369750976562,-0.0385790505121479,2.6829151465589978,-4.114800802167872,-3.680258446862143,-1.924409893497719,1.340273682270729,-0.0988903953142273,3.964274155720028,-0.443693939368691,1.324358976709781
67.0,158.0,129.88369750976562,-0.0373377203114786,2.682486630971601,-4.114913017838977,-3.6783634873448783,-1.9265970819780125,1.3403155553342478,-0.099168483249192,3.963433477689972,-0.4450287501643289,1.3241048847555466
67.0,158.0,129.88369750976562,-0.0379180192985064,2.682247815866732,-4.11618169808676,-3.678672127199636,-1.9243215382018104,1.341224665253827,-0.0999942253138913,3.964944788080395,-0.4445476548029366,1.3237704141458422
67.0,158.0,129.88369750976562,-0.0379024272348933,2.681548237319513,-4.1147750510204935,-3.679808883893499,-1.9248620463978097,1.3398379650494014,-0.0992112748296654,3.963017815678836,-0.4424179299426491,1.3233375186841294
67.0,158.0,129.88369750976562,-0.0386119900478477,2.682502921158186,-4.115330536104988,-3.67922120648243,-1.924454899099244,1.3398214621333258,-0.0993185791376466,3.963886887649888,-0.4432911272000954,1.323338099550023
67.0,158.0,129.88369750976562,-0.0382477403859779,2.68273101332882,-4.115921932644253,-3.677978964649831,-1.924749009834854,1.3417441945558162,-0.0989616560098664,3.9650317801400976,-0.4436610931860999,1.3237025486479133
67.0,158.0,129.88369750976562,-0.0368336824364338,2.6826832487827823,-4.114591204394081,-3.678575812548972,-1.925641460409574,1.3405690717413157,-0.0993023327242637,3.963040004737601,-0.4453726377459595,1.3228519700821009
67.0,158.0,129.88369750976562,-0.0368682580867013,2.6829220535883818,-4.115330151241876,-3.6800847775118006,-1.924143475813016,1.3403634962947215,-0.0977891263415146,3.964305456688996,-0.4434524361281761,1.323232495747224
67.0,158.0,129.88369750976562,-0.0385555590400413,2.682332051900679,-4.11561887003485,-3.678886500882304,-1.9246899936591084,1.339812599810698,-0.0990985889591814,3.964719517917539,-0.4435134565679196,1.3239478618172835
67.0,158.0,129.88369750976562,-0.0362685215543273,2.6824785535414897,-4.115228802300194,-3.679666890710486,-1.924817154336768,1.3397913112986377,-0.0984104785689082,3.965220519508229,-0.4431274438343454,1.3229101875008091
67.0,158.0,129.88369750976562,-0.0375539125029723,2.683178260371717,-4.114369649219112,-3.679430716965344,-1.9246000535494767,1.3402022966892828,-0.0991060381317665,3.964045450719317,-0.4435850165156397,1.3232991003993002
67.0,158.0,129.8837127685547,-0.0377462765827165,2.682754760261481,-4.116597352360581,-3.6779847629580704,-1.9229277577136537,1.3396366035122156,-0.099180540659422,3.9640289350007456,-0.4424196705885159,1.322401396617004
67.0,158.0,129.8837127685547,-0.0384557015208323,2.682627415337113,-4.1123587635104615,-3.680209406948144,-1.9237014243757844,1.34270171189778,-0.0991206517234278,3.9639897608437753,-0.4421421290146739,1.3241146792666707
67.0,158.0,129.88369750976562,-0.0391015901040685,2.6832066369908216,-4.11469770047713,-3.680059309122311,-1.9260168474946973,1.3411719572718803,-0.0990887163406583,3.963894911594921,-0.4433537251091182,1.3222977704533132
67.0,158.0,129.88369750976562,-0.0371238674580442,2.6828863163114574,-4.116450644235016,-3.678852193219088,-1.9245006772364748,1.340853961483298,-0.1003745299408251,3.96483297132265,-0.4438758320633198,1.32253467512871
67.0,158.0,129.88369750976562,-0.0387529514039979,2.682332987600346,-4.114907536737543,-3.6795098013530296,-1.9263257462158496,1.3407473142017434,-0.0999818312495976,3.964815872089346,-0.4437279455012012,1.3221885533632094
67.0,158.0,129.88369750976562,-0.0385026246801999,2.681902136710416,-4.116577281202409,-3.680540846948508,-1.92433206385908,1.3402460540770993,-0.099126385258616,3.9633692913641982,-0.4437405342625667,1.3232985721522927
67.0,159.0,129.88369750976562,-0.0372763731490363,2.6826167704504225,-4.114823442455658,-3.6783468022659607,-1.9261520268860424,1.3403612303406105,-0.0998002543669788,3.963755631935773,-0.4432836224847902,1.323920551784124
67.0,159.0,129.88369750976562,-0.0386144815276365,2.682602177420531,-4.114692785083619,-3.6782825809630206,-1.925857278402108,1.3408475275948784,-0.0997619686173913,3.964034353113425,-0.4420803106852294,1.323383683790692
67.0,159.0,129.88369750976562,-0.0384255196221009,2.6828457518910365,-4.115229419906435,-3.678280070499364,-1.9241863635424368,1.340197132733122,-0.0989346872452995,3.965045366748188,-0.4436973324717846,1.3237061726352286
67.0,159.0,129.88369750976562,-0.0374477628801099,2.682657028303648,-4.114838900894199,-3.678870043592088,-1.9251837276112644,1.3405201841317955,-0.0987901150784344,3.964675583138253,-0.4423633760043502,1.3238448057713843
67.0,159.0,129.88369750976562,-0.0382635524696136,2.682419967614642,-4.114786126384205,-3.679311634560755,-1.925978686292598,1.3411333845684037,-0.0987597980305496,3.9641414728433215,-0.4424791061193618,1.320928414315454
67.0,159.0,129.88369750976562,-0.0384394284723971,2.682975909148543,-4.114785849651962,-3.679239009035948,-1.9244454601702328,1.3399968271028857,-0.0992974966139006,3.9634126109169294,-0.4438348749963561,1.323728487499586
67.0,159.0,129.88369750976562,-0.0375151009923383,2.6815405326175563,-4.11492126820321,-3.678696413336605,-1.9248538354858755,1.3399425126041962,-0.0987835979778907,3.963714046279793,-0.4446811609730565,1.323395357397754
67.0,159.0,129.88369750976562,-0.0377454066103169,2.6825043046280004,-4.114788089707397,-3.679652743106941,-1.9244710726958925,1.340134709603629,-0.1004671214614538,3.9636188560680137,-0.4424447477359667,1.3231665976907154
67.0,159.0,129.8837127685547,-0.0362652747973755,2.6823901769844523,-4.116293217939296,-3.6782962831329993,-1.928995849366236,1.3427363674667676,-0.0986275656262325,3.964030074260883,-0.444997731679174,1.3229369289227255
67.0,159.0,129.88369750976562,-0.0383554438796345,2.6837078456050074,-4.1148397309375175,-3.6796427651577615,-1.925935618093105,1.3413987342605571,-0.0995517511654577,3.963735392106942,-0.4447510661004394,1.3223569690262462
67.0,159.0,129.88369750976562,-0.0374471514184957,2.6830290313127803,-4.114093649499316,-3.679834210451842,-1.924097479454128,1.3403730799535918,-0.0989693227775162,3.9646815998637,-0.4441470635204132,1.3235251103658887
67.0,159.0,129.88369750976562,-0.0382710782515905,2.682893249029939,-4.115279657961465,-3.6792257495786993,-1.924598940320268,1.340114582927606,-0.0982937747407807,3.963413311773425,-0.4438361054294831,1.3238186492275428
67.0,159.0,129.88369750976562,-0.0386767940782647,2.6825724445294745,-4.114978013222114,-3.6803825219341575,-1.925471672712967,1.340026883894302,-0.1000383970307691,3.965015974768844,-0.4424138905121658,1.3231790020943524
67.0,159.0,129.88369750976562,-0.0386743878574695,2.682514171969066,-4.114506661615946,-3.679438333994672,-1.9243521442453364,1.339783745789752,-0.0992489063510318,3.963839175972056,-0.4434921678817331,1.3240327725928551
67.0,159.0,129.8837127685547,-0.0381877718237811,2.681269931177165,-4.115189659054024,-3.682085768835373,-1.9230510096111444,1.3398880451910875,-0.1009314762252844,3.963350996410638,-0.4439422476527043,1.324298345464992
67.0,159.0,129.88369750976562,-0.038409736125438,2.683223324443615,-4.114847609240932,-3.679415568245977,-1.9254956460903945,1.339956890140793,-0.0993767820110977,3.96545346379171,-0.4440833734044859,1.3235641918682983
67.0,159.0,129.88369750976562,-0.0365283721779428,2.6821798842695697,-4.11603441881068,-3.679486054107372,-1.9251379515389608,1.3405617104052885,-0.1002226474128503,3.96390962240616,-0.4420402715724512,1.3236767237550735
67.0,159.0,129.8837127685547,-0.0365358024724783,2.6818681070312835,-4.112865976977184,-3.679602687252389,-1.924349351054988,1.3402820676057443,-0.1018320141376777,3.9651600061539054,-0.4432204102345752,1.3243243450746875
67.0,159.0,129.88369750976562,-0.0383216637770437,2.6825741157856324,-4.114967170153109,-3.6780063208760607,-1.924454085840296,1.3404595116488414,-0.099584917212826,3.9638032536282113,-0.4437830930453497,1.3237113962040006
67.0,159.0,129.88369750976562,-0.0379767604336877,2.680744641094622,-4.114477853527157,-3.6801701846835897,-1.924400799866619,1.3404674448137248,-0.0999418297218291,3.9646977554076215,-0.4444012423801128,1.3236911002911962
67.0,159.0,129.8837127685547,-0.0394642453231005,2.6822165907899134,-4.114074645352336,-3.6799137978066345,-1.9238931671670203,1.3420153525299825,-0.0998143531951303,3.9629751126011934,-0.4443550203742832,1.3235550677799133
67.0,159.0,129.88369750976562,-0.0383148729229902,2.6832796999404445,-4.116294179060572,-3.6793979513078847,-1.9250865185851764,1.340689295518906,-0.0983386555168854,3.963023765613142,-0.4436402091529069,1.323783064095721
67.0,159.0,129.88369750976562,-0.0379627504806742,2.6821752792535305,-4.115112653936806,-3.679108163981376,-1.9271989799946387,1.3404670547282131,-0.0989285936155462,3.963762776092248,-0.4436037889685726,1.3234545198064809
67.0,159.0,129.88369750976562,-0.0392187524807247,2.683054261908589,-4.114922136147859,-3.6795777604845856,-1.925288325593142,1.3412020927009516,-0.0999221139832497,3.9638507441902,-0.4441360716815598,1.3240769948011513
67.0,159.0,129.88369750976562,-0.0383849644671473,2.6829565493324656,-4.1152425670406885,-3.679085536259625,-1.9245625020625792,1.3398362901102925,-0.0989136901687004,3.964908554644228,-0.4445902552466633,1.3237140521602766
67.0,159.0,129.88369750976562,-0.0381150873514049,2.682542042709517,-4.114430642239843,-3.678878579382245,-1.9244999050184943,1.3406975087022637,-0.0999938618507068,3.963198803446204,-0.4438787615061223,1.3237429493033557
67.0,159.0,129.8837127685547,-0.0393439610213545,2.6830619422745308,-4.114604043222708,-3.680368689308013,-1.9229080885171144,1.340185094365083,-0.099360564882717,3.963476834582344,-0.4430568216979387,1.320904571426344
67.0,159.0,129.88369750976562,-0.0370319986549597,2.682141311654721,-4.11568919640137,-3.679601765843594,-1.9250876999733395,1.3398228311447469,-0.1004837490685165,3.964237534852891,-0.442657322459007,1.323574800022745
67.0,159.0,129.88369750976562,-0.0370807272260081,2.68264859514898,-4.115168223632826,-3.678252415128613,-1.9239598296335736,1.3405486072531194,-0.098422161926668,3.964345449074509,-0.4430919035377933,1.32368118639016
67.0,159.0,129.8837127685547,-0.0371175704728505,2.6812182813530163,-4.114826148555521,-3.6814360671443898,-1.9272192972100608,1.3392384010451557,-0.0975537949860169,3.963685680076699,-0.4423936017161028,1.3207502023375437
67.0,159.0,129.88369750976562,-0.0375504977495809,2.682280533818246,-4.115233018272244,-3.679761393898062,-1.925012808213688,1.3408448440508045,-0.0991535257406458,3.963799535448471,-0.4426996479812786,1.32341862225405
67.0,159.0,129.8837127685547,-0.0353928620126881,2.684844982485186,-4.114734682919397,-3.6814192467957407,-1.9241976470811808,1.3403668723367224,-0.1000266563011459,3.964715904633412,-0.4442067176368913,1.324261404745758
67.0,159.0,129.88369750976562,-0.0375050067521598,2.682394795215691,-4.114718372567042,-3.678092981168621,-1.9258440914610253,1.3400083563894525,-0.099182553119151,3.966016159885976,-0.4438312502809411,1.3218137438897066
67.0,159.0,129.88369750976562,-0.0385790505121479,2.6829151465589978,-4.114800802167872,-3.680258446862143,-1.924409893497719,1.340273682270729,-0.0988903953142273,3.964274155720028,-0.443693939368691,1.324358976709781
67.0,159.0,129.88369750976562,-0.0373377203114786,2.682486630971601,-4.114913017838977,-3.6783634873448783,-1.9265970819780125,1.3403155553342478,-0.099168483249192,3.963433477689972,-0.4450287501643289,1.3241048847555466
67.0,159.0,129.88369750976562,-0.0379180192985064,2.682247815866732,-4.11618169808676,-3.678672127199636,-1.9243215382018104,1.341224665253827,-0.0999942253138913,3.964944788080395,-0.4445476548029366,1.3237704141458422
67.0,159.0,129.88369750976562,-0.0379024272348933,2.681548237319513,-4.1147750510204935,-3.679808883893499,-1.9248620463978097,1.3398379650494014,-0.0992112748296654,3.963017815678836,-0.4424179299426491,1.3233375186841294
67.0,159.0,129.88369750976562,-0.0386119900478477,2.682502921158186,-4.115330536104988,-3.67922120648243,-1.924454899099244,1.3398214621333258,-0.0993185791376466,3.963886887649888,-0.4432911272000954,1.323338099550023
67.0,159.0,129.88369750976562,-0.0382477403859779,2.68273101332882,-4.115921932644253,-3.677978964649831,-1.924749009834854,1.3417441945558162,-0.0989616560098664,3.9650317801400976,-0.4436610931860999,1.3237025486479133
67.0,159.0,129.88369750976562,-0.0368336824364338,2.6826832487827823,-4.114591204394081,-3.678575812548972,-1.925641460409574,1.3405690717413157,-0.0993023327242637,3.963040004737601,-0.4453726377459595,1.3228519700821009
67.0,159.0,129.88369750976562,-0.0368682580867013,2.6829220535883818,-4.115330151241876,-3.6800847775118006,-1.924143475813016,1.3403634962947215,-0.0977891263415146,3.964305456688996,-0.4434524361281761,1.323232495747224
67.0,159.0,129.88369750976562,-0.0385555590400413,2.682332051900679,-4.11561887003485,-3.678886500882304,-1.9246899936591084,1.339812599810698,-0.0990985889591814,3.964719517917539,-0.4435134565679196,1.3239478618172835
67.0,159.0,129.88369750976562,-0.0362685215543273,2.6824785535414897,-4.115228802300194,-3.679666890710486,-1.924817154336768,1.3397913112986377,-0.0984104785689082,3.965220519508229,-0.4431274438343454,1.3229101875008091
67.0,159.0,129.88369750976562,-0.0375539125029723,2.683178260371717,-4.114369649219112,-3.679430716965344,-1.9246000535494767,1.3402022966892828,-0.0991060381317665,3.964045450719317,-0.4435850165156397,1.3232991003993002
67.0,159.0,129.8837127685547,-0.0377462765827165,2.682754760261481,-4.116597352360581,-3.6779847629580704,-1.9229277577136537,1.3396366035122156,-0.099180540659422,3.9640289350007456,-0.4424196705885159,1.322401396617004
67.0,159.0,129.8837127685547,-0.0384557015208323,2.682627415337113,-4.1123587635104615,-3.680209406948144,-1.9237014243757844,1.34270171189778,-0.0991206517234278,3.9639897608437753,-0.4421421290146739,1.3241146792666707
67.0,159.0,129.88369750976562,-0.0391015901040685,2.6832066369908216,-4.11469770047713,-3.680059309122311,-1.9260168474946973,1.3411719572718803,-0.0990887163406583,3.963894911594921,-0.4433537251091182,1.3222977704533132
67.0,159.0,129.88369750976562,-0.0371238674580442,2.6828863163114574,-4.116450644235016,-3.678852193219088,-1.9245006772364748,1.340853961483298,-0.1003745299408251,3.96483297132265,-0.4438758320633198,1.32253467512871
67.0,159.0,129.88369750976562,-0.0387529514039979,2.682332987600346,-4.114907536737543,-3.6795098013530296,-1.9263257462158496,1.3407473142017434,-0.0999818312495976,3.964815872089346,-0.4437279455012012,1.3221885533632094
67.0,159.0,129.88369750976562,-0.0385026246801999,2.681902136710416,-4.116577281202409,-3.680540846948508,-1.92433206385908,1.3402460540770993,-0.099126385258616,3.9633692913641982,-0.4437405342625667,1.3232985721522927
67.0,160.0,129.88369750976562,-0.0372763731490363,2.6826167704504225,-4.114823442455658,-3.6783468022659607,-1.9261520268860424,1.3403612303406105,-0.0998002543669788,3.963755631935773,-0.4432836224847902,1.323920551784124
67.0,160.0,129.88369750976562,-0.0386144815276365,2.682602177420531,-4.114692785083619,-3.6782825809630206,-1.925857278402108,1.3408475275948784,-0.0997619686173913,3.964034353113425,-0.4420803106852294,1.323383683790692
67.0,160.0,129.88369750976562,-0.0384255196221009,2.6828457518910365,-4.115229419906435,-3.678280070499364,-1.9241863635424368,1.340197132733122,-0.0989346872452995,3.965045366748188,-0.4436973324717846,1.3237061726352286
67.0,160.0,129.88369750976562,-0.0374477628801099,2.682657028303648,-4.114838900894199,-3.678870043592088,-1.9251837276112644,1.3405201841317955,-0.0987901150784344,3.964675583138253,-0.4423633760043502,1.3238448057713843
67.0,160.0,129.88369750976562,-0.0382635524696136,2.682419967614642,-4.114786126384205,-3.679311634560755,-1.925978686292598,1.3411333845684037,-0.0987597980305496,3.9641414728433215,-0.4424791061193618,1.320928414315454
67.0,160.0,129.88369750976562,-0.0384394284723971,2.682975909148543,-4.114785849651962,-3.679239009035948,-1.9244454601702328,1.3399968271028857,-0.0992974966139006,3.9634126109169294,-0.4438348749963561,1.323728487499586
67.0,160.0,129.88369750976562,-0.0375151009923383,2.6815405326175563,-4.11492126820321,-3.678696413336605,-1.9248538354858755,1.3399425126041962,-0.0987835979778907,3.963714046279793,-0.4446811609730565,1.323395357397754
67.0,160.0,129.88369750976562,-0.0377454066103169,2.6825043046280004,-4.114788089707397,-3.679652743106941,-1.9244710726958925,1.340134709603629,-0.1004671214614538,3.9636188560680137,-0.4424447477359667,1.3231665976907154
67.0,160.0,129.8837127685547,-0.0362652747973755,2.6823901769844523,-4.116293217939296,-3.6782962831329993,-1.928995849366236,1.3427363674667676,-0.0986275656262325,3.964030074260883,-0.444997731679174,1.3229369289227255
67.0,160.0,129.88369750976562,-0.0383554438796345,2.6837078456050074,-4.1148397309375175,-3.6796427651577615,-1.925935618093105,1.3413987342605571,-0.0995517511654577,3.963735392106942,-0.4447510661004394,1.3223569690262462
67.0,160.0,129.88369750976562,-0.0374471514184957,2.6830290313127803,-4.114093649499316,-3.679834210451842,-1.924097479454128,1.3403730799535918,-0.0989693227775162,3.9646815998637,-0.4441470635204132,1.3235251103658887
67.0,160.0,129.88369750976562,-0.0382710782515905,2.682893249029939,-4.115279657961465,-3.6792257495786993,-1.924598940320268,1.340114582927606,-0.0982937747407807,3.963413311773425,-0.4438361054294831,1.3238186492275428
67.0,160.0,129.88369750976562,-0.0386767940782647,2.6825724445294745,-4.114978013222114,-3.6803825219341575,-1.925471672712967,1.340026883894302,-0.1000383970307691,3.965015974768844,-0.4424138905121658,1.3231790020943524
67.0,160.0,129.88369750976562,-0.0386743878574695,2.682514171969066,-4.114506661615946,-3.679438333994672,-1.9243521442453364,1.339783745789752,-0.0992489063510318,3.963839175972056,-0.4434921678817331,1.3240327725928551
67.0,160.0,129.8837127685547,-0.0381877718237811,2.681269931177165,-4.115189659054024,-3.682085768835373,-1.9230510096111444,1.3398880451910875,-0.1009314762252844,3.963350996410638,-0.4439422476527043,1.324298345464992
67.0,160.0,129.88369750976562,-0.038409736125438,2.683223324443615,-4.114847609240932,-3.679415568245977,-1.9254956460903945,1.339956890140793,-0.0993767820110977,3.96545346379171,-0.4440833734044859,1.3235641918682983
67.0,160.0,129.88369750976562,-0.0365283721779428,2.6821798842695697,-4.11603441881068,-3.679486054107372,-1.9251379515389608,1.3405617104052885,-0.1002226474128503,3.96390962240616,-0.4420402715724512,1.3236767237550735
67.0,160.0,129.8837127685547,-0.0365358024724783,2.6818681070312835,-4.112865976977184,-3.679602687252389,-1.924349351054988,1.3402820676057443,-0.1018320141376777,3.9651600061539054,-0.4432204102345752,1.3243243450746875
67.0,160.0,129.88369750976562,-0.0383216637770437,2.6825741157856324,-4.114967170153109,-3.6780063208760607,-1.924454085840296,1.3404595116488414,-0.099584917212826,3.9638032536282113,-0.4437830930453497,1.3237113962040006
67.0,160.0,129.88369750976562,-0.0379767604336877,2.680744641094622,-4.114477853527157,-3.6801701846835897,-1.924400799866619,1.3404674448137248,-0.0999418297218291,3.9646977554076215,-0.4444012423801128,1.3236911002911962
67.0,160.0,129.8837127685547,-0.0394642453231005,2.6822165907899134,-4.114074645352336,-3.6799137978066345,-1.9238931671670203,1.3420153525299825,-0.0998143531951303,3.9629751126011934,-0.4443550203742832,1.3235550677799133
67.0,160.0,129.88369750976562,-0.0383148729229902,2.6832796999404445,-4.116294179060572,-3.6793979513078847,-1.9250865185851764,1.340689295518906,-0.0983386555168854,3.963023765613142,-0.4436402091529069,1.323783064095721
67.0,160.0,129.88369750976562,-0.0379627504806742,2.6821752792535305,-4.115112653936806,-3.679108163981376,-1.9271989799946387,1.3404670547282131,-0.0989285936155462,3.963762776092248,-0.4436037889685726,1.3234545198064809
67.0,160.0,129.88369750976562,-0.0392187524807247,2.683054261908589,-4.114922136147859,-3.6795777604845856,-1.925288325593142,1.3412020927009516,-0.0999221139832497,3.9638507441902,-0.4441360716815598,1.3240769948011513
67.0,160.0,129.88369750976562,-0.0383849644671473,2.6829565493324656,-4.1152425670406885,-3.679085536259625,-1.9245625020625792,1.3398362901102925,-0.0989136901687004,3.964908554644228,-0.4445902552466633,1.3237140521602766
67.0,160.0,129.88369750976562,-0.0381150873514049,2.682542042709517,-4.114430642239843,-3.678878579382245,-1.9244999050184943,1.3406975087022637,-0.0999938618507068,3.963198803446204,-0.4438787615061223,1.3237429493033557
67.0,160.0,129.8837127685547,-0.0393439610213545,2.6830619422745308,-4.114604043222708,-3.680368689308013,-1.9229080885171144,1.340185094365083,-0.099360564882717,3.963476834582344,-0.4430568216979387,1.320904571426344
67.0,160.0,129.88369750976562,-0.0370319986549597,2.682141311654721,-4.11568919640137,-3.679601765843594,-1.9250876999733395,1.3398228311447469,-0.1004837490685165,3.964237534852891,-0.442657322459007,1.323574800022745
67.0,160.0,129.88369750976562,-0.0370807272260081,2.68264859514898,-4.115168223632826,-3.678252415128613,-1.9239598296335736,1.3405486072531194,-0.098422161926668,3.964345449074509,-0.4430919035377933,1.32368118639016
67.0,160.0,129.8837127685547,-0.0371175704728505,2.6812182813530163,-4.114826148555521,-3.6814360671443898,-1.9272192972100608,1.3392384010451557,-0.0975537949860169,3.963685680076699,-0.4423936017161028,1.3207502023375437
67.0,160.0,129.88369750976562,-0.0375504977495809,2.682280533818246,-4.115233018272244,-3.679761393898062,-1.925012808213688,1.3408448440508045,-0.0991535257406458,3.963799535448471,-0.4426996479812786,1.32341862225405
67.0,160.0,129.8837127685547,-0.0353928620126881,2.684844982485186,-4.114734682919397,-3.6814192467957407,-1.9241976470811808,1.3403668723367224,-0.1000266563011459,3.964715904633412,-0.4442067176368913,1.324261404745758
67.0,160.0,129.88369750976562,-0.0375050067521598,2.682394795215691,-4.114718372567042,-3.678092981168621,-1.9258440914610253,1.3400083563894525,-0.099182553119151,3.966016159885976,-0.4438312502809411,1.3218137438897066
67.0,160.0,129.88369750976562,-0.0385790505121479,2.6829151465589978,-4.114800802167872,-3.680258446862143,-1.924409893497719,1.340273682270729,-0.0988903953142273,3.964274155720028,-0.443693939368691,1.324358976709781
67.0,160.0,129.88369750976562,-0.0373377203114786,2.682486630971601,-4.114913017838977,-3.6783634873448783,-1.9265970819780125,1.3403155553342478,-0.099168483249192,3.963433477689972,-0.4450287501643289,1.3241048847555466
67.0,160.0,129.88369750976562,-0.0379180192985064,2.682247815866732,-4.11618169808676,-3.678672127199636,-1.9243215382018104,1.341224665253827,-0.0999942253138913,3.964944788080395,-0.4445476548029366,1.3237704141458422
67.0,160.0,129.88369750976562,-0.0379024272348933,2.681548237319513,-4.1147750510204935,-3.679808883893499,-1.9248620463978097,1.3398379650494014,-0.0992112748296654,3.963017815678836,-0.4424179299426491,1.3233375186841294
67.0,160.0,129.88369750976562,-0.0386119900478477,2.682502921158186,-4.115330536104988,-3.67922120648243,-1.924454899099244,1.3398214621333258,-0.0993185791376466,3.963886887649888,-0.4432911272000954,1.323338099550023
67.0,160.0,129.88369750976562,-0.0382477403859779,2.68273101332882,-4.115921932644253,-3.677978964649831,-1.924749009834854,1.3417441945558162,-0.0989616560098664,3.9650317801400976,-0.4436610931860999,1.3237025486479133
67.0,160.0,129.88369750976562,-0.0368336824364338,2.6826832487827823,-4.114591204394081,-3.678575812548972,-1.925641460409574,1.3405690717413157,-0.0993023327242637,3.963040004737601,-0.4453726377459595,1.3228519700821009
67.0,160.0,129.88369750976562,-0.0368682580867013,2.6829220535883818,-4.115330151241876,-3.6800847775118006,-1.924143475813016,1.3403634962947215,-0.0977891263415146,3.964305456688996,-0.4434524361281761,1.323232495747224
67.0,160.0,129.88369750976562,-0.0385555590400413,2.682332051900679,-4.11561887003485,-3.678886500882304,-1.9246899936591084,1.339812599810698,-0.0990985889591814,3.964719517917539,-0.4435134565679196,1.3239478618172835
67.0,160.0,129.88369750976562,-0.0362685215543273,2.6824785535414897,-4.115228802300194,-3.679666890710486,-1.924817154336768,1.3397913112986377,-0.0984104785689082,3.965220519508229,-0.4431274438343454,1.3229101875008091
67.0,160.0,129.88369750976562,-0.0375539125029723,2.683178260371717,-4.114369649219112,-3.679430716965344,-1.9246000535494767,1.3402022966892828,-0.0991060381317665,3.964045450719317,-0.4435850165156397,1.3232991003993002
67.0,160.0,129.8837127685547,-0.0377462765827165,2.682754760261481,-4.116597352360581,-3.6779847629580704,-1.9229277577136537,1.3396366035122156,-0.099180540659422,3.9640289350007456,-0.4424196705885159,1.322401396617004
67.0,160.0,129.8837127685547,-0.0384557015208323,2.682627415337113,-4.1123587635104615,-3.680209406948144,-1.9237014243757844,1.34270171189778,-0.0991206517234278,3.9639897608437753,-0.4421421290146739,1.3241146792666707
67.0,160.0,129.88369750976562,-0.0391015901040685,2.6832066369908216,-4.11469770047713,-3.680059309122311,-1.9260168474946973,1.3411719572718803,-0.0990887163406583,3.963894911594921,-0.4433537251091182,1.3222977704533132
67.0,160.0,129.88369750976562,-0.0371238674580442,2.6828863163114574,-4.116450644235016,-3.678852193219088,-1.9245006772364748,1.340853961483298,-0.1003745299408251,3.96483297132265,-0.4438758320633198,1.32253467512871
67.0,160.0,129.88369750976562,-0.0387529514039979,2.682332987600346,-4.114907536737543,-3.6795098013530296,-1.9263257462158496,1.3407473142017434,-0.0999818312495976,3.964815872089346,-0.4437279455012012,1.3221885533632094
67.0,160.0,129.88369750976562,-0.0385026246801999,2.681902136710416,-4.116577281202409,-3.680540846948508,-1.92433206385908,1.3402460540770993,-0.099126385258616,3.9633692913641982,-0.4437405342625667,1.3232985721522927
67.0,161.0,129.88369750976562,-0.0372763731490363,2.6826167704504225,-4.114823442455658,-3.6783468022659607,-1.9261520268860424,1.3403612303406105,-0.0998002543669788,3.963755631935773,-0.4432836224847902,1.323920551784124
67.0,161.0,129.88369750976562,-0.0386144815276365,2.682602177420531,-4.114692785083619,-3.6782825809630206,-1.925857278402108,1.3408475275948784,-0.0997619686173913,3.964034353113425,-0.4420803106852294,1.323383683790692
67.0,161.0,129.88369750976562,-0.0384255196221009,2.6828457518910365,-4.115229419906435,-3.678280070499364,-1.9241863635424368,1.340197132733122,-0.0989346872452995,3.965045366748188,-0.4436973324717846,1.3237061726352286
67.0,161.0,129.88369750976562,-0.0374477628801099,2.682657028303648,-4.114838900894199,-3.678870043592088,-1.9251837276112644,1.3405201841317955,-0.0987901150784344,3.964675583138253,-0.4423633760043502,1.3238448057713843
67.0,161.0,129.88369750976562,-0.0382635524696136,2.682419967614642,-4.114786126384205,-3.679311634560755,-1.925978686292598,1.3411333845684037,-0.0987597980305496,3.9641414728433215,-0.4424791061193618,1.320928414315454
67.0,161.0,129.88369750976562,-0.0384394284723971,2.682975909148543,-4.114785849651962,-3.679239009035948,-1.9244454601702328,1.3399968271028857,-0.0992974966139006,3.9634126109169294,-0.4438348749963561,1.323728487499586
67.0,161.0,129.88369750976562,-0.0375151009923383,2.6815405326175563,-4.11492126820321,-3.678696413336605,-1.9248538354858755,1.3399425126041962,-0.0987835979778907,3.963714046279793,-0.4446811609730565,1.323395357397754
67.0,161.0,129.88369750976562,-0.0377454066103169,2.6825043046280004,-4.114788089707397,-3.679652743106941,-1.9244710726958925,1.340134709603629,-0.1004671214614538,3.9636188560680137,-0.4424447477359667,1.3231665976907154
67.0,161.0,129.8837127685547,-0.0362652747973755,2.6823901769844523,-4.116293217939296,-3.6782962831329993,-1.928995849366236,1.3427363674667676,-0.0986275656262325,3.964030074260883,-0.444997731679174,1.3229369289227255
67.0,161.0,129.88369750976562,-0.0383554438796345,2.6837078456050074,-4.1148397309375175,-3.6796427651577615,-1.925935618093105,1.3413987342605571,-0.0995517511654577,3.963735392106942,-0.4447510661004394,1.3223569690262462
67.0,161.0,129.88369750976562,-0.0374471514184957,2.6830290313127803,-4.114093649499316,-3.679834210451842,-1.924097479454128,1.3403730799535918,-0.0989693227775162,3.9646815998637,-0.4441470635204132,1.3235251103658887
67.0,161.0,129.88369750976562,-0.0382710782515905,2.682893249029939,-4.115279657961465,-3.6792257495786993,-1.924598940320268,1.340114582927606,-0.0982937747407807,3.963413311773425,-0.4438361054294831,1.3238186492275428
67.0,161.0,129.88369750976562,-0.0386767940782647,2.6825724445294745,-4.114978013222114,-3.6803825219341575,-1.925471672712967,1.340026883894302,-0.1000383970307691,3.965015974768844,-0.4424138905121658,1.3231790020943524
67.0,161.0,129.88369750976562,-0.0386743878574695,2.682514171969066,-4.114506661615946,-3.679438333994672,-1.9243521442453364,1.339783745789752,-0.0992489063510318,3.963839175972056,-0.4434921678817331,1.3240327725928551
67.0,161.0,129.8837127685547,-0.0381877718237811,2.681269931177165,-4.115189659054024,-3.682085768835373,-1.9230510096111444,1.3398880451910875,-0.1009314762252844,3.963350996410638,-0.4439422476527043,1.324298345464992
67.0,161.0,129.88369750976562,-0.038409736125438,2.683223324443615,-4.114847609240932,-3.679415568245977,-1.9254956460903945,1.339956890140793,-0.0993767820110977,3.96545346379171,-0.4440833734044859,1.3235641918682983
67.0,161.0,129.88369750976562,-0.0365283721779428,2.6821798842695697,-4.11603441881068,-3.679486054107372,-1.9251379515389608,1.3405617104052885,-0.1002226474128503,3.96390962240616,-0.4420402715724512,1.3236767237550735
67.0,161.0,129.8837127685547,-0.0365358024724783,2.6818681070312835,-4.112865976977184,-3.679602687252389,-1.924349351054988,1.3402820676057443,-0.1018320141376777,3.9651600061539054,-0.4432204102345752,1.3243243450746875
67.0,161.0,129.88369750976562,-0.0383216637770437,2.6825741157856324,-4.114967170153109,-3.6780063208760607,-1.924454085840296,1.3404595116488414,-0.099584917212826,3.9638032536282113,-0.4437830930453497,1.3237113962040006
67.0,161.0,129.88369750976562,-0.0379767604336877,2.680744641094622,-4.114477853527157,-3.6801701846835897,-1.924400799866619,1.3404674448137248,-0.0999418297218291,3.9646977554076215,-0.4444012423801128,1.3236911002911962
67.0,161.0,129.8837127685547,-0.0394642453231005,2.6822165907899134,-4.114074645352336,-3.6799137978066345,-1.9238931671670203,1.3420153525299825,-0.0998143531951303,3.9629751126011934,-0.4443550203742832,1.3235550677799133
67.0,161.0,129.88369750976562,-0.0383148729229902,2.6832796999404445,-4.116294179060572,-3.6793979513078847,-1.9250865185851764,1.340689295518906,-0.0983386555168854,3.963023765613142,-0.4436402091529069,1.323783064095721
67.0,161.0,129.88369750976562,-0.0379627504806742,2.6821752792535305,-4.115112653936806,-3.679108163981376,-1.9271989799946387,1.3404670547282131,-0.0989285936155462,3.963762776092248,-0.4436037889685726,1.3234545198064809
67.0,161.0,129.88369750976562,-0.0392187524807247,2.683054261908589,-4.114922136147859,-3.6795777604845856,-1.925288325593142,1.3412020927009516,-0.0999221139832497,3.9638507441902,-0.4441360716815598,1.3240769948011513
67.0,161.0,129.88369750976562,-0.0383849644671473,2.6829565493324656,-4.1152425670406885,-3.679085536259625,-1.9245625020625792,1.3398362901102925,-0.0989136901687004,3.964908554644228,-0.4445902552466633,1.3237140521602766
67.0,161.0,129.88369750976562,-0.0381150873514049,2.682542042709517,-4.114430642239843,-3.678878579382245,-1.9244999050184943,1.3406975087022637,-0.0999938618507068,3.963198803446204,-0.4438787615061223,1.3237429493033557
67.0,161.0,129.8837127685547,-0.0393439610213545,2.6830619422745308,-4.114604043222708,-3.680368689308013,-1.9229080885171144,1.340185094365083,-0.099360564882717,3.963476834582344,-0.4430568216979387,1.320904571426344
67.0,161.0,129.88369750976562,-0.0370319986549597,2.682141311654721,-4.11568919640137,-3.679601765843594,-1.9250876999733395,1.3398228311447469,-0.1004837490685165,3.964237534852891,-0.442657322459007,1.323574800022745
67.0,161.0,129.88369750976562,-0.0370807272260081,2.68264859514898,-4.115168223632826,-3.678252415128613,-1.9239598296335736,1.3405486072531194,-0.098422161926668,3.964345449074509,-0.4430919035377933,1.32368118639016
67.0,161.0,129.8837127685547,-0.0371175704728505,2.6812182813530163,-4.114826148555521,-3.6814360671443898,-1.9272192972100608,1.3392384010451557,-0.0975537949860169,3.963685680076699,-0.4423936017161028,1.3207502023375437
67.0,161.0,129.88369750976562,-0.0375504977495809,2.682280533818246,-4.115233018272244,-3.679761393898062,-1.925012808213688,1.3408448440508045,-0.0991535257406458,3.963799535448471,-0.4426996479812786,1.32341862225405
67.0,161.0,129.8837127685547,-0.0353928620126881,2.684844982485186,-4.114734682919397,-3.6814192467957407,-1.9241976470811808,1.3403668723367224,-0.1000266563011459,3.964715904633412,-0.4442067176368913,1.324261404745758
67.0,161.0,129.88369750976562,-0.0375050067521598,2.682394795215691,-4.114718372567042,-3.678092981168621,-1.9258440914610253,1.3400083563894525,-0.099182553119151,3.966016159885976,-0.4438312502809411,1.3218137438897066
67.0,161.0,129.88369750976562,-0.0385790505121479,2.6829151465589978,-4.114800802167872,-3.680258446862143,-1.924409893497719,1.340273682270729,-0.0988903953142273,3.964274155720028,-0.443693939368691,1.324358976709781
67.0,161.0,129.88369750976562,-0.0373377203114786,2.682486630971601,-4.114913017838977,-3.6783634873448783,-1.9265970819780125,1.3403155553342478,-0.099168483249192,3.963433477689972,-0.4450287501643289,1.3241048847555466
67.0,161.0,129.88369750976562,-0.0379180192985064,2.682247815866732,-4.11618169808676,-3.678672127199636,-1.9243215382018104,1.341224665253827,-0.0999942253138913,3.964944788080395,-0.4445476548029366,1.3237704141458422
67.0,161.0,129.88369750976562,-0.0379024272348933,2.681548237319513,-4.1147750510204935,-3.679808883893499,-1.9248620463978097,1.3398379650494014,-0.0992112748296654,3.963017815678836,-0.4424179299426491,1.3233375186841294
67.0,161.0,129.88369750976562,-0.0386119900478477,2.682502921158186,-4.115330536104988,-3.67922120648243,-1.924454899099244,1.3398214621333258,-0.0993185791376466,3.963886887649888,-0.4432911272000954,1.323338099550023
67.0,161.0,129.88369750976562,-0.0382477403859779,2.68273101332882,-4.115921932644253,-3.677978964649831,-1.924749009834854,1.3417441945558162,-0.0989616560098664,3.9650317801400976,-0.4436610931860999,1.3237025486479133
67.0,161.0,129.88369750976562,-0.0368336824364338,2.6826832487827823,-4.114591204394081,-3.678575812548972,-1.925641460409574,1.3405690717413157,-0.0993023327242637,3.963040004737601,-0.4453726377459595,1.3228519700821009
67.0,161.0,129.88369750976562,-0.0368682580867013,2.6829220535883818,-4.115330151241876,-3.6800847775118006,-1.924143475813016,1.3403634962947215,-0.0977891263415146,3.964305456688996,-0.4434524361281761,1.323232495747224
67.0,161.0,129.88369750976562,-0.0385555590400413,2.682332051900679,-4.11561887003485,-3.678886500882304,-1.9246899936591084,1.339812599810698,-0.0990985889591814,3.964719517917539,-0.4435134565679196,1.3239478618172835
67.0,161.0,129.88369750976562,-0.0362685215543273,2.6824785535414897,-4.115228802300194,-3.679666890710486,-1.924817154336768,1.3397913112986377,-0.0984104785689082,3.965220519508229,-0.4431274438343454,1.3229101875008091
67.0,161.0,129.88369750976562,-0.0375539125029723,2.683178260371717,-4.114369649219112,-3.679430716965344,-1.9246000535494767,1.3402022966892828,-0.0991060381317665,3.964045450719317,-0.4435850165156397,1.3232991003993002
67.0,161.0,129.8837127685547,-0.0377462765827165,2.682754760261481,-4.116597352360581,-3.6779847629580704,-1.9229277577136537,1.3396366035122156,-0.099180540659422,3.9640289350007456,-0.4424196705885159,1.322401396617004
67.0,161.0,129.8837127685547,-0.0384557015208323,2.682627415337113,-4.1123587635104615,-3.680209406948144,-1.9237014243757844,1.34270171189778,-0.0991206517234278,3.9639897608437753,-0.4421421290146739,1.3241146792666707
67.0,161.0,129.88369750976562,-0.0391015901040685,2.6832066369908216,-4.11469770047713,-3.680059309122311,-1.9260168474946973,1.3411719572718803,-0.0990887163406583,3.963894911594921,-0.4433537251091182,1.3222977704533132
67.0,161.0,129.88369750976562,-0.0371238674580442,2.6828863163114574,-4.116450644235016,-3.678852193219088,-1.9245006772364748,1.340853961483298,-0.1003745299408251,3.96483297132265,-0.4438758320633198,1.32253467512871
67.0,161.0,129.88369750976562,-0.0387529514039979,2.682332987600346,-4.114907536737543,-3.6795098013530296,-1.9263257462158496,1.3407473142017434,-0.0999818312495976,3.964815872089346,-0.4437279455012012,1.3221885533632094
67.0,161.0,129.88369750976562,-0.0385026246801999,2.681902136710416,-4.116577281202409,-3.680540846948508,-1.92433206385908,1.3402460540770993,-0.099126385258616,3.9633692913641982,-0.4437405342625667,1.3232985721522927
67.0,162.0,129.88369750976562,-0.0372763731490363,2.6826167704504225,-4.114823442455658,-3.6783468022659607,-1.9261520268860424,1.3403612303406105,-0.0998002543669788,3.963755631935773,-0.4432836224847902,1.323920551784124
67.0,162.0,129.88369750976562,-0.0386144815276365,2.682602177420531,-4.114692785083619,-3.6782825809630206,-1.925857278402108,1.3408475275948784,-0.0997619686173913,3.964034353113425,-0.4420803106852294,1.323383683790692
67.0,162.0,129.88369750976562,-0.0384255196221009,2.6828457518910365,-4.115229419906435,-3.678280070499364,-1.9241863635424368,1.340197132733122,-0.0989346872452995,3.965045366748188,-0.4436973324717846,1.3237061726352286
67.0,162.0,129.88369750976562,-0.0374477628801099,2.682657028303648,-4.114838900894199,-3.678870043592088,-1.9251837276112644,1.3405201841317955,-0.0987901150784344,3.964675583138253,-0.4423633760043502,1.3238448057713843
67.0,162.0,129.88369750976562,-0.0382635524696136,2.682419967614642,-4.114786126384205,-3.679311634560755,-1.925978686292598,1.3411333845684037,-0.0987597980305496,3.9641414728433215,-0.4424791061193618,1.320928414315454
67.0,162.0,129.88369750976562,-0.0384394284723971,2.682975909148543,-4.114785849651962,-3.679239009035948,-1.9244454601702328,1.3399968271028857,-0.0992974966139006,3.9634126109169294,-0.4438348749963561,1.323728487499586
67.0,162.0,129.88369750976562,-0.0375151009923383,2.6815405326175563,-4.11492126820321,-3.678696413336605,-1.9248538354858755,1.3399425126041962,-0.0987835979778907,3.963714046279793,-0.4446811609730565,1.323395357397754
67.0,162.0,129.88369750976562,-0.0377454066103169,2.6825043046280004,-4.114788089707397,-3.679652743106941,-1.9244710726958925,1.340134709603629,-0.1004671214614538,3.9636188560680137,-0.4424447477359667,1.3231665976907154
67.0,162.0,129.8837127685547,-0.0362652747973755,2.6823901769844523,-4.116293217939296,-3.6782962831329993,-1.928995849366236,1.3427363674667676,-0.0986275656262325,3.964030074260883,-0.444997731679174,1.3229369289227255
67.0,162.0,129.88369750976562,-0.0383554438796345,2.6837078456050074,-4.1148397309375175,-3.6796427651577615,-1.925935618093105,1.3413987342605571,-0.0995517511654577,3.963735392106942,-0.4447510661004394,1.3223569690262462
67.0,162.0,129.88369750976562,-0.0374471514184957,2.6830290313127803,-4.114093649499316,-3.679834210451842,-1.924097479454128,1.3403730799535918,-0.0989693227775162,3.9646815998637,-0.4441470635204132,1.3235251103658887
67.0,162.0,129.88369750976562,-0.0382710782515905,2.682893249029939,-4.115279657961465,-3.6792257495786993,-1.924598940320268,1.340114582927606,-0.0982937747407807,3.963413311773425,-0.4438361054294831,1.3238186492275428
67.0,162.0,129.88369750976562,-0.0386767940782647,2.6825724445294745,-4.114978013222114,-3.6803825219341575,-1.925471672712967,1.340026883894302,-0.1000383970307691,3.965015974768844,-0.4424138905121658,1.3231790020943524
67.0,162.0,129.88369750976562,-0.0386743878574695,2.682514171969066,-4.114506661615946,-3.679438333994672,-1.9243521442453364,1.339783745789752,-0.0992489063510318,3.963839175972056,-0.4434921678817331,1.3240327725928551
67.0,162.0,129.8837127685547,-0.0381877718237811,2.681269931177165,-4.115189659054024,-3.682085768835373,-1.9230510096111444,1.3398880451910875,-0.1009314762252844,3.963350996410638,-0.4439422476527043,1.324298345464992
67.0,162.0,129.88369750976562,-0.038409736125438,2.683223324443615,-4.114847609240932,-3.679415568245977,-1.9254956460903945,1.339956890140793,-0.0993767820110977,3.96545346379171,-0.4440833734044859,1.3235641918682983
67.0,162.0,129.88369750976562,-0.0365283721779428,2.6821798842695697,-4.11603441881068,-3.679486054107372,-1.9251379515389608,1.3405617104052885,-0.1002226474128503,3.96390962240616,-0.4420402715724512,1.3236767237550735
67.0,162.0,129.8837127685547,-0.0365358024724783,2.6818681070312835,-4.112865976977184,-3.679602687252389,-1.924349351054988,1.3402820676057443,-0.1018320141376777,3.9651600061539054,-0.4432204102345752,1.3243243450746875
67.0,162.0,129.88369750976562,-0.0383216637770437,2.6825741157856324,-4.114967170153109,-3.6780063208760607,-1.924454085840296,1.3404595116488414,-0.099584917212826,3.9638032536282113,-0.4437830930453497,1.3237113962040006
67.0,162.0,129.88369750976562,-0.0379767604336877,2.680744641094622,-4.114477853527157,-3.6801701846835897,-1.924400799866619,1.3404674448137248,-0.0999418297218291,3.9646977554076215,-0.4444012423801128,1.3236911002911962
67.0,162.0,129.8837127685547,-0.0394642453231005,2.6822165907899134,-4.114074645352336,-3.6799137978066345,-1.9238931671670203,1.3420153525299825,-0.0998143531951303,3.9629751126011934,-0.4443550203742832,1.3235550677799133
67.0,162.0,129.88369750976562,-0.0383148729229902,2.6832796999404445,-4.116294179060572,-3.6793979513078847,-1.9250865185851764,1.340689295518906,-0.0983386555168854,3.963023765613142,-0.4436402091529069,1.323783064095721
67.0,162.0,129.88369750976562,-0.0379627504806742,2.6821752792535305,-4.115112653936806,-3.679108163981376,-1.9271989799946387,1.3404670547282131,-0.0989285936155462,3.963762776092248,-0.4436037889685726,1.3234545198064809
67.0,162.0,129.88369750976562,-0.0392187524807247,2.683054261908589,-4.114922136147859,-3.6795777604845856,-1.925288325593142,1.3412020927009516,-0.0999221139832497,3.9638507441902,-0.4441360716815598,1.3240769948011513
67.0,162.0,129.88369750976562,-0.0383849644671473,2.6829565493324656,-4.1152425670406885,-3.679085536259625,-1.9245625020625792,1.3398362901102925,-0.0989136901687004,3.964908554644228,-0.4445902552466633,1.3237140521602766
67.0,162.0,129.88369750976562,-0.0381150873514049,2.682542042709517,-4.114430642239843,-3.678878579382245,-1.9244999050184943,1.3406975087022637,-0.0999938618507068,3.963198803446204,-0.4438787615061223,1.3237429493033557
67.0,162.0,129.8837127685547,-0.0393439610213545,2.6830619422745308,-4.114604043222708,-3.680368689308013,-1.9229080885171144,1.340185094365083,-0.099360564882717,3.963476834582344,-0.4430568216979387,1.320904571426344
67.0,162.0,129.88369750976562,-0.0370319986549597,2.682141311654721,-4.11568919640137,-3.679601765843594,-1.9250876999733395,1.3398228311447469,-0.1004837490685165,3.964237534852891,-0.442657322459007,1.323574800022745
67.0,162.0,129.88369750976562,-0.0370807272260081,2.68264859514898,-4.115168223632826,-3.678252415128613,-1.9239598296335736,1.3405486072531194,-0.098422161926668,3.964345449074509,-0.4430919035377933,1.32368118639016
67.0,162.0,129.8837127685547,-0.0371175704728505,2.6812182813530163,-4.114826148555521,-3.6814360671443898,-1.9272192972100608,1.3392384010451557,-0.0975537949860169,3.963685680076699,-0.4423936017161028,1.3207502023375437
67.0,162.0,129.88369750976562,-0.0375504977495809,2.682280533818246,-4.115233018272244,-3.679761393898062,-1.925012808213688,1.3408448440508045,-0.0991535257406458,3.963799535448471,-0.4426996479812786,1.32341862225405
67.0,162.0,129.8837127685547,-0.0353928620126881,2.684844982485186,-4.114734682919397,-3.6814192467957407,-1.9241976470811808,1.3403668723367224,-0.1000266563011459,3.964715904633412,-0.4442067176368913,1.324261404745758
67.0,162.0,129.88369750976562,-0.0375050067521598,2.682394795215691,-4.114718372567042,-3.678092981168621,-1.9258440914610253,1.3400083563894525,-0.099182553119151,3.966016159885976,-0.4438312502809411,1.3218137438897066
67.0,162.0,129.88369750976562,-0.0385790505121479,2.6829151465589978,-4.114800802167872,-3.680258446862143,-1.924409893497719,1.340273682270729,-0.0988903953142273,3.964274155720028,-0.443693939368691,1.324358976709781
67.0,162.0,129.88369750976562,-0.0373377203114786,2.682486630971601,-4.114913017838977,-3.6783634873448783,-1.9265970819780125,1.3403155553342478,-0.099168483249192,3.963433477689972,-0.4450287501643289,1.3241048847555466
67.0,162.0,129.88369750976562,-0.0379180192985064,2.682247815866732,-4.11618169808676,-3.678672127199636,-1.9243215382018104,1.341224665253827,-0.0999942253138913,3.964944788080395,-0.4445476548029366,1.3237704141458422
67.0,162.0,129.88369750976562,-0.0379024272348933,2.681548237319513,-4.1147750510204935,-3.679808883893499,-1.9248620463978097,1.3398379650494014,-0.0992112748296654,3.963017815678836,-0.4424179299426491,1.3233375186841294
67.0,162.0,129.88369750976562,-0.0386119900478477,2.682502921158186,-4.115330536104988,-3.67922120648243,-1.924454899099244,1.3398214621333258,-0.0993185791376466,3.963886887649888,-0.4432911272000954,1.323338099550023
67.0,162.0,129.88369750976562,-0.0382477403859779,2.68273101332882,-4.115921932644253,-3.677978964649831,-1.924749009834854,1.3417441945558162,-0.0989616560098664,3.9650317801400976,-0.4436610931860999,1.3237025486479133
67.0,162.0,129.88369750976562,-0.0368336824364338,2.6826832487827823,-4.114591204394081,-3.678575812548972,-1.925641460409574,1.3405690717413157,-0.0993023327242637,3.963040004737601,-0.4453726377459595,1.3228519700821009
67.0,162.0,129.88369750976562,-0.0368682580867013,2.6829220535883818,-4.115330151241876,-3.6800847775118006,-1.924143475813016,1.3403634962947215,-0.0977891263415146,3.964305456688996,-0.4434524361281761,1.323232495747224
67.0,162.0,129.88369750976562,-0.0385555590400413,2.682332051900679,-4.11561887003485,-3.678886500882304,-1.9246899936591084,1.339812599810698,-0.0990985889591814,3.964719517917539,-0.4435134565679196,1.3239478618172835
67.0,162.0,129.88369750976562,-0.0362685215543273,2.6824785535414897,-4.115228802300194,-3.679666890710486,-1.924817154336768,1.3397913112986377,-0.0984104785689082,3.965220519508229,-0.4431274438343454,1.3229101875008091
67.0,162.0,129.88369750976562,-0.0375539125029723,2.683178260371717,-4.114369649219112,-3.679430716965344,-1.9246000535494767,1.3402022966892828,-0.0991060381317665,3.964045450719317,-0.4435850165156397,1.3232991003993002
67.0,162.0,129.8837127685547,-0.0377462765827165,2.682754760261481,-4.116597352360581,-3.6779847629580704,-1.9229277577136537,1.3396366035122156,-0.099180540659422,3.9640289350007456,-0.4424196705885159,1.322401396617004
67.0,162.0,129.8837127685547,-0.0384557015208323,2.682627415337113,-4.1123587635104615,-3.680209406948144,-1.9237014243757844,1.34270171189778,-0.0991206517234278,3.9639897608437753,-0.4421421290146739,1.3241146792666707
67.0,162.0,129.88369750976562,-0.0391015901040685,2.6832066369908216,-4.11469770047713,-3.680059309122311,-1.9260168474946973,1.3411719572718803,-0.0990887163406583,3.963894911594921,-0.4433537251091182,1.3222977704533132
67.0,162.0,129.88369750976562,-0.0371238674580442,2.6828863163114574,-4.116450644235016,-3.678852193219088,-1.9245006772364748,1.340853961483298,-0.1003745299408251,3.96483297132265,-0.4438758320633198,1.32253467512871
67.0,162.0,129.88369750976562,-0.0387529514039979,2.682332987600346,-4.114907536737543,-3.6795098013530296,-1.9263257462158496,1.3407473142017434,-0.0999818312495976,3.964815872089346,-0.4437279455012012,1.3221885533632094
67.0,162.0,129.88369750976562,-0.0385026246801999,2.681902136710416,-4.116577281202409,-3.680540846948508,-1.92433206385908,1.3402460540770993,-0.099126385258616,3.9633692913641982,-0.4437405342625667,1.3232985721522927
67.0,163.0,129.88369750976562,-0.0372763731490363,2.6826167704504225,-4.114823442455658,-3.6783468022659607,-1.9261520268860424,1.3403612303406105,-0.0998002543669788,3.963755631935773,-0.4432836224847902,1.323920551784124
67.0,163.0,129.88369750976562,-0.0386144815276365,2.682602177420531,-4.114692785083619,-3.6782825809630206,-1.925857278402108,1.3408475275948784,-0.0997619686173913,3.964034353113425,-0.4420803106852294,1.323383683790692
67.0,163.0,129.88369750976562,-0.0384255196221009,2.6828457518910365,-4.115229419906435,-3.678280070499364,-1.9241863635424368,1.340197132733122,-0.0989346872452995,3.965045366748188,-0.4436973324717846,1.3237061726352286
67.0,163.0,129.88369750976562,-0.0374477628801099,2.682657028303648,-4.114838900894199,-3.678870043592088,-1.9251837276112644,1.3405201841317955,-0.0987901150784344,3.964675583138253,-0.4423633760043502,1.3238448057713843
67.0,163.0,129.88369750976562,-0.0382635524696136,2.682419967614642,-4.114786126384205,-3.679311634560755,-1.925978686292598,1.3411333845684037,-0.0987597980305496,3.9641414728433215,-0.4424791061193618,1.320928414315454
67.0,163.0,129.88369750976562,-0.0384394284723971,2.682975909148543,-4.114785849651962,-3.679239009035948,-1.9244454601702328,1.3399968271028857,-0.0992974966139006,3.9634126109169294,-0.4438348749963561,1.323728487499586
67.0,163.0,129.88369750976562,-0.0375151009923383,2.6815405326175563,-4.11492126820321,-3.678696413336605,-1.9248538354858755,1.3399425126041962,-0.0987835979778907,3.963714046279793,-0.4446811609730565,1.323395357397754
67.0,163.0,129.88369750976562,-0.0377454066103169,2.6825043046280004,-4.114788089707397,-3.679652743106941,-1.9244710726958925,1.340134709603629,-0.1004671214614538,3.9636188560680137,-0.4424447477359667,1.3231665976907154
67.0,163.0,129.8837127685547,-0.0362652747973755,2.6823901769844523,-4.116293217939296,-3.6782962831329993,-1.928995849366236,1.3427363674667676,-0.0986275656262325,3.964030074260883,-0.444997731679174,1.3229369289227255
67.0,163.0,129.88369750976562,-0.0383554438796345,2.6837078456050074,-4.1148397309375175,-3.6796427651577615,-1.925935618093105,1.3413987342605571,-0.0995517511654577,3.963735392106942,-0.4447510661004394,1.3223569690262462
67.0,163.0,129.88369750976562,-0.0374471514184957,2.6830290313127803,-4.114093649499316,-3.679834210451842,-1.924097479454128,1.3403730799535918,-0.0989693227775162,3.9646815998637,-0.4441470635204132,1.3235251103658887
67.0,163.0,129.88369750976562,-0.0382710782515905,2.682893249029939,-4.115279657961465,-3.6792257495786993,-1.924598940320268,1.340114582927606,-0.0982937747407807,3.963413311773425,-0.4438361054294831,1.3238186492275428
67.0,163.0,129.88369750976562,-0.0386767940782647,2.6825724445294745,-4.114978013222114,-3.6803825219341575,-1.925471672712967,1.340026883894302,-0.1000383970307691,3.965015974768844,-0.4424138905121658,1.3231790020943524
67.0,163.0,129.88369750976562,-0.0386743878574695,2.682514171969066,-4.114506661615946,-3.679438333994672,-1.9243521442453364,1.339783745789752,-0.0992489063510318,3.963839175972056,-0.4434921678817331,1.3240327725928551
67.0,163.0,129.8837127685547,-0.0381877718237811,2.681269931177165,-4.115189659054024,-3.682085768835373,-1.9230510096111444,1.3398880451910875,-0.1009314762252844,3.963350996410638,-0.4439422476527043,1.324298345464992
67.0,163.0,129.88369750976562,-0.038409736125438,2.683223324443615,-4.114847609240932,-3.679415568245977,-1.9254956460903945,1.339956890140793,-0.0993767820110977,3.96545346379171,-0.4440833734044859,1.3235641918682983
67.0,163.0,129.88369750976562,-0.0365283721779428,2.6821798842695697,-4.11603441881068,-3.679486054107372,-1.9251379515389608,1.3405617104052885,-0.1002226474128503,3.96390962240616,-0.4420402715724512,1.3236767237550735
67.0,163.0,129.8837127685547,-0.0365358024724783,2.6818681070312835,-4.112865976977184,-3.679602687252389,-1.924349351054988,1.3402820676057443,-0.1018320141376777,3.9651600061539054,-0.4432204102345752,1.3243243450746875
67.0,163.0,129.88369750976562,-0.0383216637770437,2.6825741157856324,-4.114967170153109,-3.6780063208760607,-1.924454085840296,1.3404595116488414,-0.099584917212826,3.9638032536282113,-0.4437830930453497,1.3237113962040006
67.0,163.0,129.88369750976562,-0.0379767604336877,2.680744641094622,-4.114477853527157,-3.6801701846835897,-1.924400799866619,1.3404674448137248,-0.0999418297218291,3.9646977554076215,-0.4444012423801128,1.3236911002911962
67.0,163.0,129.8837127685547,-0.0394642453231005,2.6822165907899134,-4.114074645352336,-3.6799137978066345,-1.9238931671670203,1.3420153525299825,-0.0998143531951303,3.9629751126011934,-0.4443550203742832,1.3235550677799133
67.0,163.0,129.88369750976562,-0.0383148729229902,2.6832796999404445,-4.116294179060572,-3.6793979513078847,-1.9250865185851764,1.340689295518906,-0.0983386555168854,3.963023765613142,-0.4436402091529069,1.323783064095721
67.0,163.0,129.88369750976562,-0.0379627504806742,2.6821752792535305,-4.115112653936806,-3.679108163981376,-1.9271989799946387,1.3404670547282131,-0.0989285936155462,3.963762776092248,-0.4436037889685726,1.3234545198064809
67.0,163.0,129.88369750976562,-0.0392187524807247,2.683054261908589,-4.114922136147859,-3.6795777604845856,-1.925288325593142,1.3412020927009516,-0.0999221139832497,3.9638507441902,-0.4441360716815598,1.3240769948011513
67.0,163.0,129.88369750976562,-0.0383849644671473,2.6829565493324656,-4.1152425670406885,-3.679085536259625,-1.9245625020625792,1.3398362901102925,-0.0989136901687004,3.964908554644228,-0.4445902552466633,1.3237140521602766
67.0,163.0,129.88369750976562,-0.0381150873514049,2.682542042709517,-4.114430642239843,-3.678878579382245,-1.9244999050184943,1.3406975087022637,-0.0999938618507068,3.963198803446204,-0.4438787615061223,1.3237429493033557
67.0,163.0,129.8837127685547,-0.0393439610213545,2.6830619422745308,-4.114604043222708,-3.680368689308013,-1.9229080885171144,1.340185094365083,-0.099360564882717,3.963476834582344,-0.4430568216979387,1.320904571426344
67.0,163.0,129.88369750976562,-0.0370319986549597,2.682141311654721,-4.11568919640137,-3.679601765843594,-1.9250876999733395,1.3398228311447469,-0.1004837490685165,3.964237534852891,-0.442657322459007,1.323574800022745
67.0,163.0,129.88369750976562,-0.0370807272260081,2.68264859514898,-4.115168223632826,-3.678252415128613,-1.9239598296335736,1.3405486072531194,-0.098422161926668,3.964345449074509,-0.4430919035377933,1.32368118639016
67.0,163.0,129.8837127685547,-0.0371175704728505,2.6812182813530163,-4.114826148555521,-3.6814360671443898,-1.9272192972100608,1.3392384010451557,-0.0975537949860169,3.963685680076699,-0.4423936017161028,1.3207502023375437
67.0,163.0,129.88369750976562,-0.0375504977495809,2.682280533818246,-4.115233018272244,-3.679761393898062,-1.925012808213688,1.3408448440508045,-0.0991535257406458,3.963799535448471,-0.4426996479812786,1.32341862225405
67.0,163.0,129.8837127685547,-0.0353928620126881,2.684844982485186,-4.114734682919397,-3.6814192467957407,-1.9241976470811808,1.3403668723367224,-0.1000266563011459,3.964715904633412,-0.4442067176368913,1.324261404745758
67.0,163.0,129.88369750976562,-0.0375050067521598,2.682394795215691,-4.114718372567042,-3.678092981168621,-1.9258440914610253,1.3400083563894525,-0.099182553119151,3.966016159885976,-0.4438312502809411,1.3218137438897066
67.0,163.0,129.88369750976562,-0.0385790505121479,2.6829151465589978,-4.114800802167872,-3.680258446862143,-1.924409893497719,1.340273682270729,-0.0988903953142273,3.964274155720028,-0.443693939368691,1.324358976709781
67.0,163.0,129.88369750976562,-0.0373377203114786,2.682486630971601,-4.114913017838977,-3.6783634873448783,-1.9265970819780125,1.3403155553342478,-0.099168483249192,3.963433477689972,-0.4450287501643289,1.3241048847555466
67.0,163.0,129.88369750976562,-0.0379180192985064,2.682247815866732,-4.11618169808676,-3.678672127199636,-1.9243215382018104,1.341224665253827,-0.0999942253138913,3.964944788080395,-0.4445476548029366,1.3237704141458422
67.0,163.0,129.88369750976562,-0.0379024272348933,2.681548237319513,-4.1147750510204935,-3.679808883893499,-1.9248620463978097,1.3398379650494014,-0.0992112748296654,3.963017815678836,-0.4424179299426491,1.3233375186841294
67.0,163.0,129.88369750976562,-0.0386119900478477,2.682502921158186,-4.115330536104988,-3.67922120648243,-1.924454899099244,1.3398214621333258,-0.0993185791376466,3.963886887649888,-0.4432911272000954,1.323338099550023
67.0,163.0,129.88369750976562,-0.0382477403859779,2.68273101332882,-4.115921932644253,-3.677978964649831,-1.924749009834854,1.3417441945558162,-0.0989616560098664,3.9650317801400976,-0.4436610931860999,1.3237025486479133
67.0,163.0,129.88369750976562,-0.0368336824364338,2.6826832487827823,-4.114591204394081,-3.678575812548972,-1.925641460409574,1.3405690717413157,-0.0993023327242637,3.963040004737601,-0.4453726377459595,1.3228519700821009
67.0,163.0,129.88369750976562,-0.0368682580867013,2.6829220535883818,-4.115330151241876,-3.6800847775118006,-1.924143475813016,1.3403634962947215,-0.0977891263415146,3.964305456688996,-0.4434524361281761,1.323232495747224
67.0,163.0,129.88369750976562,-0.0385555590400413,2.682332051900679,-4.11561887003485,-3.678886500882304,-1.9246899936591084,1.339812599810698,-0.0990985889591814,3.964719517917539,-0.4435134565679196,1.3239478618172835
67.0,163.0,129.88369750976562,-0.0362685215543273,2.6824785535414897,-4.115228802300194,-3.679666890710486,-1.924817154336768,1.3397913112986377,-0.0984104785689082,3.965220519508229,-0.4431274438343454,1.3229101875008091
67.0,163.0,129.88369750976562,-0.0375539125029723,2.683178260371717,-4.114369649219112,-3.679430716965344,-1.9246000535494767,1.3402022966892828,-0.0991060381317665,3.964045450719317,-0.4435850165156397,1.3232991003993002
67.0,163.0,129.8837127685547,-0.0377462765827165,2.682754760261481,-4.116597352360581,-3.6779847629580704,-1.9229277577136537,1.3396366035122156,-0.099180540659422,3.9640289350007456,-0.4424196705885159,1.322401396617004
67.0,163.0,129.8837127685547,-0.0384557015208323,2.682627415337113,-4.1123587635104615,-3.680209406948144,-1.9237014243757844,1.34270171189778,-0.0991206517234278,3.9639897608437753,-0.4421421290146739,1.3241146792666707
67.0,163.0,129.88369750976562,-0.0391015901040685,2.6832066369908216,-4.11469770047713,-3.680059309122311,-1.9260168474946973,1.3411719572718803,-0.0990887163406583,3.963894911594921,-0.4433537251091182,1.3222977704533132
67.0,163.0,129.88369750976562,-0.0371238674580442,2.6828863163114574,-4.116450644235016,-3.678852193219088,-1.9245006772364748,1.340853961483298,-0.1003745299408251,3.96483297132265,-0.4438758320633198,1.32253467512871
67.0,163.0,129.88369750976562,-0.0387529514039979,2.682332987600346,-4.114907536737543,-3.6795098013530296,-1.9263257462158496,1.3407473142017434,-0.0999818312495976,3.964815872089346,-0.4437279455012012,1.3221885533632094
67.0,163.0,129.88369750976562,-0.0385026246801999,2.681902136710416,-4.116577281202409,-3.680540846948508,-1.92433206385908,1.3402460540770993,-0.099126385258616,3.9633692913641982,-0.4437405342625667,1.3232985721522927
67.0,164.0,129.88369750976562,-0.0372763731490363,2.6826167704504225,-4.114823442455658,-3.6783468022659607,-1.9261520268860424,1.3403612303406105,-0.0998002543669788,3.963755631935773,-0.4432836224847902,1.323920551784124
67.0,164.0,129.88369750976562,-0.0386144815276365,2.682602177420531,-4.114692785083619,-3.6782825809630206,-1.925857278402108,1.3408475275948784,-0.0997619686173913,3.964034353113425,-0.4420803106852294,1.323383683790692
67.0,164.0,129.88369750976562,-0.0384255196221009,2.6828457518910365,-4.115229419906435,-3.678280070499364,-1.9241863635424368,1.340197132733122,-0.0989346872452995,3.965045366748188,-0.4436973324717846,1.3237061726352286
67.0,164.0,129.88369750976562,-0.0374477628801099,2.682657028303648,-4.114838900894199,-3.678870043592088,-1.9251837276112644,1.3405201841317955,-0.0987901150784344,3.964675583138253,-0.4423633760043502,1.3238448057713843
67.0,164.0,129.88369750976562,-0.0382635524696136,2.682419967614642,-4.114786126384205,-3.679311634560755,-1.925978686292598,1.3411333845684037,-0.0987597980305496,3.9641414728433215,-0.4424791061193618,1.320928414315454
67.0,164.0,129.88369750976562,-0.0384394284723971,2.682975909148543,-4.114785849651962,-3.679239009035948,-1.9244454601702328,1.3399968271028857,-0.0992974966139006,3.9634126109169294,-0.4438348749963561,1.323728487499586
67.0,164.0,129.88369750976562,-0.0375151009923383,2.6815405326175563,-4.11492126820321,-3.678696413336605,-1.9248538354858755,1.3399425126041962,-0.0987835979778907,3.963714046279793,-0.4446811609730565,1.323395357397754
67.0,164.0,129.88369750976562,-0.0377454066103169,2.6825043046280004,-4.114788089707397,-3.679652743106941,-1.9244710726958925,1.340134709603629,-0.1004671214614538,3.9636188560680137,-0.4424447477359667,1.3231665976907154
67.0,164.0,129.8837127685547,-0.0362652747973755,2.6823901769844523,-4.116293217939296,-3.6782962831329993,-1.928995849366236,1.3427363674667676,-0.0986275656262325,3.964030074260883,-0.444997731679174,1.3229369289227255
67.0,164.0,129.88369750976562,-0.0383554438796345,2.6837078456050074,-4.1148397309375175,-3.6796427651577615,-1.925935618093105,1.3413987342605571,-0.0995517511654577,3.963735392106942,-0.4447510661004394,1.3223569690262462
67.0,164.0,129.88369750976562,-0.0374471514184957,2.6830290313127803,-4.114093649499316,-3.679834210451842,-1.924097479454128,1.3403730799535918,-0.0989693227775162,3.9646815998637,-0.4441470635204132,1.3235251103658887
67.0,164.0,129.88369750976562,-0.0382710782515905,2.682893249029939,-4.115279657961465,-3.6792257495786993,-1.924598940320268,1.340114582927606,-0.0982937747407807,3.963413311773425,-0.4438361054294831,1.3238186492275428
67.0,164.0,129.88369750976562,-0.0386767940782647,2.6825724445294745,-4.114978013222114,-3.6803825219341575,-1.925471672712967,1.340026883894302,-0.1000383970307691,3.965015974768844,-0.4424138905121658,1.3231790020943524
67.0,164.0,129.88369750976562,-0.0386743878574695,2.682514171969066,-4.114506661615946,-3.679438333994672,-1.9243521442453364,1.339783745789752,-0.0992489063510318,3.963839175972056,-0.4434921678817331,1.3240327725928551
67.0,164.0,129.8837127685547,-0.0381877718237811,2.681269931177165,-4.115189659054024,-3.682085768835373,-1.9230510096111444,1.3398880451910875,-0.1009314762252844,3.963350996410638,-0.4439422476527043,1.324298345464992
67.0,164.0,129.88369750976562,-0.038409736125438,2.683223324443615,-4.114847609240932,-3.679415568245977,-1.9254956460903945,1.339956890140793,-0.0993767820110977,3.96545346379171,-0.4440833734044859,1.3235641918682983
67.0,164.0,129.88369750976562,-0.0365283721779428,2.6821798842695697,-4.11603441881068,-3.679486054107372,-1.9251379515389608,1.3405617104052885,-0.1002226474128503,3.96390962240616,-0.4420402715724512,1.3236767237550735
67.0,164.0,129.8837127685547,-0.0365358024724783,2.6818681070312835,-4.112865976977184,-3.679602687252389,-1.924349351054988,1.3402820676057443,-0.1018320141376777,3.9651600061539054,-0.4432204102345752,1.3243243450746875
67.0,164.0,129.88369750976562,-0.0383216637770437,2.6825741157856324,-4.114967170153109,-3.6780063208760607,-1.924454085840296,1.3404595116488414,-0.099584917212826,3.9638032536282113,-0.4437830930453497,1.3237113962040006
67.0,164.0,129.88369750976562,-0.0379767604336877,2.680744641094622,-4.114477853527157,-3.6801701846835897,-1.924400799866619,1.3404674448137248,-0.0999418297218291,3.9646977554076215,-0.4444012423801128,1.3236911002911962
67.0,164.0,129.8837127685547,-0.0394642453231005,2.6822165907899134,-4.114074645352336,-3.6799137978066345,-1.9238931671670203,1.3420153525299825,-0.0998143531951303,3.9629751126011934,-0.4443550203742832,1.3235550677799133
67.0,164.0,129.88369750976562,-0.0383148729229902,2.6832796999404445,-4.116294179060572,-3.6793979513078847,-1.9250865185851764,1.340689295518906,-0.0983386555168854,3.963023765613142,-0.4436402091529069,1.323783064095721
67.0,164.0,129.88369750976562,-0.0379627504806742,2.6821752792535305,-4.115112653936806,-3.679108163981376,-1.9271989799946387,1.3404670547282131,-0.0989285936155462,3.963762776092248,-0.4436037889685726,1.3234545198064809
67.0,164.0,129.88369750976562,-0.0392187524807247,2.683054261908589,-4.114922136147859,-3.6795777604845856,-1.925288325593142,1.3412020927009516,-0.0999221139832497,3.9638507441902,-0.4441360716815598,1.3240769948011513
67.0,164.0,129.88369750976562,-0.0383849644671473,2.6829565493324656,-4.1152425670406885,-3.679085536259625,-1.9245625020625792,1.3398362901102925,-0.0989136901687004,3.964908554644228,-0.4445902552466633,1.3237140521602766
67.0,164.0,129.88369750976562,-0.0381150873514049,2.682542042709517,-4.114430642239843,-3.678878579382245,-1.9244999050184943,1.3406975087022637,-0.0999938618507068,3.963198803446204,-0.4438787615061223,1.3237429493033557
67.0,164.0,129.8837127685547,-0.0393439610213545,2.6830619422745308,-4.114604043222708,-3.680368689308013,-1.9229080885171144,1.340185094365083,-0.099360564882717,3.963476834582344,-0.4430568216979387,1.320904571426344
67.0,164.0,129.88369750976562,-0.0370319986549597,2.682141311654721,-4.11568919640137,-3.679601765843594,-1.9250876999733395,1.3398228311447469,-0.1004837490685165,3.964237534852891,-0.442657322459007,1.323574800022745
67.0,164.0,129.88369750976562,-0.0370807272260081,2.68264859514898,-4.115168223632826,-3.678252415128613,-1.9239598296335736,1.3405486072531194,-0.098422161926668,3.964345449074509,-0.4430919035377933,1.32368118639016
67.0,164.0,129.8837127685547,-0.0371175704728505,2.6812182813530163,-4.114826148555521,-3.6814360671443898,-1.9272192972100608,1.3392384010451557,-0.0975537949860169,3.963685680076699,-0.4423936017161028,1.3207502023375437
67.0,164.0,129.88369750976562,-0.0375504977495809,2.682280533818246,-4.115233018272244,-3.679761393898062,-1.925012808213688,1.3408448440508045,-0.0991535257406458,3.963799535448471,-0.4426996479812786,1.32341862225405
67.0,164.0,129.8837127685547,-0.0353928620126881,2.684844982485186,-4.114734682919397,-3.6814192467957407,-1.9241976470811808,1.3403668723367224,-0.1000266563011459,3.964715904633412,-0.4442067176368913,1.324261404745758
67.0,164.0,129.88369750976562,-0.0375050067521598,2.682394795215691,-4.114718372567042,-3.678092981168621,-1.9258440914610253,1.3400083563894525,-0.099182553119151,3.966016159885976,-0.4438312502809411,1.3218137438897066
67.0,164.0,129.88369750976562,-0.0385790505121479,2.6829151465589978,-4.114800802167872,-3.680258446862143,-1.924409893497719,1.340273682270729,-0.0988903953142273,3.964274155720028,-0.443693939368691,1.324358976709781
67.0,164.0,129.88369750976562,-0.0373377203114786,2.682486630971601,-4.114913017838977,-3.6783634873448783,-1.9265970819780125,1.3403155553342478,-0.099168483249192,3.963433477689972,-0.4450287501643289,1.3241048847555466
67.0,164.0,129.88369750976562,-0.0379180192985064,2.682247815866732,-4.11618169808676,-3.678672127199636,-1.9243215382018104,1.341224665253827,-0.0999942253138913,3.964944788080395,-0.4445476548029366,1.3237704141458422
67.0,164.0,129.88369750976562,-0.0379024272348933,2.681548237319513,-4.1147750510204935,-3.679808883893499,-1.9248620463978097,1.3398379650494014,-0.0992112748296654,3.963017815678836,-0.4424179299426491,1.3233375186841294
67.0,164.0,129.88369750976562,-0.0386119900478477,2.682502921158186,-4.115330536104988,-3.67922120648243,-1.924454899099244,1.3398214621333258,-0.0993185791376466,3.963886887649888,-0.4432911272000954,1.323338099550023
67.0,164.0,129.88369750976562,-0.0382477403859779,2.68273101332882,-4.115921932644253,-3.677978964649831,-1.924749009834854,1.3417441945558162,-0.0989616560098664,3.9650317801400976,-0.4436610931860999,1.3237025486479133
67.0,164.0,129.88369750976562,-0.0368336824364338,2.6826832487827823,-4.114591204394081,-3.678575812548972,-1.925641460409574,1.3405690717413157,-0.0993023327242637,3.963040004737601,-0.4453726377459595,1.3228519700821009
67.0,164.0,129.88369750976562,-0.0368682580867013,2.6829220535883818,-4.115330151241876,-3.6800847775118006,-1.924143475813016,1.3403634962947215,-0.0977891263415146,3.964305456688996,-0.4434524361281761,1.323232495747224
67.0,164.0,129.88369750976562,-0.0385555590400413,2.682332051900679,-4.11561887003485,-3.678886500882304,-1.9246899936591084,1.339812599810698,-0.0990985889591814,3.964719517917539,-0.4435134565679196,1.3239478618172835
67.0,164.0,129.88369750976562,-0.0362685215543273,2.6824785535414897,-4.115228802300194,-3.679666890710486,-1.924817154336768,1.3397913112986377,-0.0984104785689082,3.965220519508229,-0.4431274438343454,1.3229101875008091
67.0,164.0,129.88369750976562,-0.0375539125029723,2.683178260371717,-4.114369649219112,-3.679430716965344,-1.9246000535494767,1.3402022966892828,-0.0991060381317665,3.964045450719317,-0.4435850165156397,1.3232991003993002
67.0,164.0,129.8837127685547,-0.0377462765827165,2.682754760261481,-4.116597352360581,-3.6779847629580704,-1.9229277577136537,1.3396366035122156,-0.099180540659422,3.9640289350007456,-0.4424196705885159,1.322401396617004
67.0,164.0,129.8837127685547,-0.0384557015208323,2.682627415337113,-4.1123587635104615,-3.680209406948144,-1.9237014243757844,1.34270171189778,-0.0991206517234278,3.9639897608437753,-0.4421421290146739,1.3241146792666707
67.0,164.0,129.88369750976562,-0.0391015901040685,2.6832066369908216,-4.11469770047713,-3.680059309122311,-1.9260168474946973,1.3411719572718803,-0.0990887163406583,3.963894911594921,-0.4433537251091182,1.3222977704533132
67.0,164.0,129.88369750976562,-0.0371238674580442,2.6828863163114574,-4.116450644235016,-3.678852193219088,-1.9245006772364748,1.340853961483298,-0.1003745299408251,3.96483297132265,-0.4438758320633198,1.32253467512871
67.0,164.0,129.88369750976562,-0.0387529514039979,2.682332987600346,-4.114907536737543,-3.6795098013530296,-1.9263257462158496,1.3407473142017434,-0.0999818312495976,3.964815872089346,-0.4437279455012012,1.3221885533632094
67.0,164.0,129.88369750976562,-0.0385026246801999,2.681902136710416,-4.116577281202409,-3.680540846948508,-1.92433206385908,1.3402460540770993,-0.099126385258616,3.9633692913641982,-0.4437405342625667,1.3232985721522927
67.0,165.0,129.88369750976562,-0.0372763731490363,2.6826167704504225,-4.114823442455658,-3.6783468022659607,-1.9261520268860424,1.3403612303406105,-0.0998002543669788,3.963755631935773,-0.4432836224847902,1.323920551784124
67.0,165.0,129.88369750976562,-0.0386144815276365,2.682602177420531,-4.114692785083619,-3.6782825809630206,-1.925857278402108,1.3408475275948784,-0.0997619686173913,3.964034353113425,-0.4420803106852294,1.323383683790692
67.0,165.0,129.88369750976562,-0.0384255196221009,2.6828457518910365,-4.115229419906435,-3.678280070499364,-1.9241863635424368,1.340197132733122,-0.0989346872452995,3.965045366748188,-0.4436973324717846,1.3237061726352286
67.0,165.0,129.88369750976562,-0.0374477628801099,2.682657028303648,-4.114838900894199,-3.678870043592088,-1.9251837276112644,1.3405201841317955,-0.0987901150784344,3.964675583138253,-0.4423633760043502,1.3238448057713843
67.0,165.0,129.88369750976562,-0.0382635524696136,2.682419967614642,-4.114786126384205,-3.679311634560755,-1.925978686292598,1.3411333845684037,-0.0987597980305496,3.9641414728433215,-0.4424791061193618,1.320928414315454
67.0,165.0,129.88369750976562,-0.0384394284723971,2.682975909148543,-4.114785849651962,-3.679239009035948,-1.9244454601702328,1.3399968271028857,-0.0992974966139006,3.9634126109169294,-0.4438348749963561,1.323728487499586
67.0,165.0,129.88369750976562,-0.0375151009923383,2.6815405326175563,-4.11492126820321,-3.678696413336605,-1.9248538354858755,1.3399425126041962,-0.0987835979778907,3.963714046279793,-0.4446811609730565,1.323395357397754
67.0,165.0,129.88369750976562,-0.0377454066103169,2.6825043046280004,-4.114788089707397,-3.679652743106941,-1.9244710726958925,1.340134709603629,-0.1004671214614538,3.9636188560680137,-0.4424447477359667,1.3231665976907154
67.0,165.0,129.8837127685547,-0.0362652747973755,2.6823901769844523,-4.116293217939296,-3.6782962831329993,-1.928995849366236,1.3427363674667676,-0.0986275656262325,3.964030074260883,-0.444997731679174,1.3229369289227255
67.0,165.0,129.88369750976562,-0.0383554438796345,2.6837078456050074,-4.1148397309375175,-3.6796427651577615,-1.925935618093105,1.3413987342605571,-0.0995517511654577,3.963735392106942,-0.4447510661004394,1.3223569690262462
67.0,165.0,129.88369750976562,-0.0374471514184957,2.6830290313127803,-4.114093649499316,-3.679834210451842,-1.924097479454128,1.3403730799535918,-0.0989693227775162,3.9646815998637,-0.4441470635204132,1.3235251103658887
67.0,165.0,129.88369750976562,-0.0382710782515905,2.682893249029939,-4.115279657961465,-3.6792257495786993,-1.924598940320268,1.340114582927606,-0.0982937747407807,3.963413311773425,-0.4438361054294831,1.3238186492275428
67.0,165.0,129.88369750976562,-0.0386767940782647,2.6825724445294745,-4.114978013222114,-3.6803825219341575,-1.925471672712967,1.340026883894302,-0.1000383970307691,3.965015974768844,-0.4424138905121658,1.3231790020943524
67.0,165.0,129.88369750976562,-0.0386743878574695,2.682514171969066,-4.114506661615946,-3.679438333994672,-1.9243521442453364,1.339783745789752,-0.0992489063510318,3.963839175972056,-0.4434921678817331,1.3240327725928551
67.0,165.0,129.8837127685547,-0.0381877718237811,2.681269931177165,-4.115189659054024,-3.682085768835373,-1.9230510096111444,1.3398880451910875,-0.1009314762252844,3.963350996410638,-0.4439422476527043,1.324298345464992
67.0,165.0,129.88369750976562,-0.038409736125438,2.683223324443615,-4.114847609240932,-3.679415568245977,-1.9254956460903945,1.339956890140793,-0.0993767820110977,3.96545346379171,-0.4440833734044859,1.3235641918682983
67.0,165.0,129.88369750976562,-0.0365283721779428,2.6821798842695697,-4.11603441881068,-3.679486054107372,-1.9251379515389608,1.3405617104052885,-0.1002226474128503,3.96390962240616,-0.4420402715724512,1.3236767237550735
67.0,165.0,129.8837127685547,-0.0365358024724783,2.6818681070312835,-4.112865976977184,-3.679602687252389,-1.924349351054988,1.3402820676057443,-0.1018320141376777,3.9651600061539054,-0.4432204102345752,1.3243243450746875
67.0,165.0,129.88369750976562,-0.0383216637770437,2.6825741157856324,-4.114967170153109,-3.6780063208760607,-1.924454085840296,1.3404595116488414,-0.099584917212826,3.9638032536282113,-0.4437830930453497,1.3237113962040006
67.0,165.0,129.88369750976562,-0.0379767604336877,2.680744641094622,-4.114477853527157,-3.6801701846835897,-1.924400799866619,1.3404674448137248,-0.0999418297218291,3.9646977554076215,-0.4444012423801128,1.3236911002911962
67.0,165.0,129.8837127685547,-0.0394642453231005,2.6822165907899134,-4.114074645352336,-3.6799137978066345,-1.9238931671670203,1.3420153525299825,-0.0998143531951303,3.9629751126011934,-0.4443550203742832,1.3235550677799133
67.0,165.0,129.88369750976562,-0.0383148729229902,2.6832796999404445,-4.116294179060572,-3.6793979513078847,-1.9250865185851764,1.340689295518906,-0.0983386555168854,3.963023765613142,-0.4436402091529069,1.323783064095721
67.0,165.0,129.88369750976562,-0.0379627504806742,2.6821752792535305,-4.115112653936806,-3.679108163981376,-1.9271989799946387,1.3404670547282131,-0.0989285936155462,3.963762776092248,-0.4436037889685726,1.3234545198064809
67.0,165.0,129.88369750976562,-0.0392187524807247,2.683054261908589,-4.114922136147859,-3.6795777604845856,-1.925288325593142,1.3412020927009516,-0.0999221139832497,3.9638507441902,-0.4441360716815598,1.3240769948011513
67.0,165.0,129.88369750976562,-0.0383849644671473,2.6829565493324656,-4.1152425670406885,-3.679085536259625,-1.9245625020625792,1.3398362901102925,-0.0989136901687004,3.964908554644228,-0.4445902552466633,1.3237140521602766
67.0,165.0,129.88369750976562,-0.0381150873514049,2.682542042709517,-4.114430642239843,-3.678878579382245,-1.9244999050184943,1.3406975087022637,-0.0999938618507068,3.963198803446204,-0.4438787615061223,1.3237429493033557
67.0,165.0,129.8837127685547,-0.0393439610213545,2.6830619422745308,-4.114604043222708,-3.680368689308013,-1.9229080885171144,1.340185094365083,-0.099360564882717,3.963476834582344,-0.4430568216979387,1.320904571426344
67.0,165.0,129.88369750976562,-0.0370319986549597,2.682141311654721,-4.11568919640137,-3.679601765843594,-1.9250876999733395,1.3398228311447469,-0.1004837490685165,3.964237534852891,-0.442657322459007,1.323574800022745
67.0,165.0,129.88369750976562,-0.0370807272260081,2.68264859514898,-4.115168223632826,-3.678252415128613,-1.9239598296335736,1.3405486072531194,-0.098422161926668,3.964345449074509,-0.4430919035377933,1.32368118639016
67.0,165.0,129.88369750976562,-0.0371588517049898,2.6805734538012,-4.114829362922763,-3.680286246949066,-1.92656536943232,1.339947151786356,-0.0988547495593402,3.9637048782995135,-0.4439045648392518,1.323849355521426
67.0,165.0,129.88369750976562,-0.0375504977495809,2.682280533818246,-4.115233018272244,-3.679761393898062,-1.925012808213688,1.3408448440508045,-0.0991535257406458,3.963799535448471,-0.4426996479812786,1.32341862225405
67.0,165.0,129.8837127685547,-0.0353928620126881,2.684844982485186,-4.114734682919397,-3.6814192467957407,-1.9241976470811808,1.3403668723367224,-0.1000266563011459,3.964715904633412,-0.4442067176368913,1.324261404745758
67.0,165.0,129.88369750976562,-0.0375050067521598,2.682394795215691,-4.114718372567042,-3.678092981168621,-1.9258440914610253,1.3400083563894525,-0.099182553119151,3.966016159885976,-0.4438312502809411,1.3218137438897066
67.0,165.0,129.88369750976562,-0.0385790505121479,2.6829151465589978,-4.114800802167872,-3.680258446862143,-1.924409893497719,1.340273682270729,-0.0988903953142273,3.964274155720028,-0.443693939368691,1.324358976709781
67.0,165.0,129.88369750976562,-0.0373377203114786,2.682486630971601,-4.114913017838977,-3.6783634873448783,-1.9265970819780125,1.3403155553342478,-0.099168483249192,3.963433477689972,-0.4450287501643289,1.3241048847555466
67.0,165.0,129.88369750976562,-0.0379180192985064,2.682247815866732,-4.11618169808676,-3.678672127199636,-1.9243215382018104,1.341224665253827,-0.0999942253138913,3.964944788080395,-0.4445476548029366,1.3237704141458422
67.0,165.0,129.88369750976562,-0.0379024272348933,2.681548237319513,-4.1147750510204935,-3.679808883893499,-1.9248620463978097,1.3398379650494014,-0.0992112748296654,3.963017815678836,-0.4424179299426491,1.3233375186841294
67.0,165.0,129.88369750976562,-0.0386119900478477,2.682502921158186,-4.115330536104988,-3.67922120648243,-1.924454899099244,1.3398214621333258,-0.0993185791376466,3.963886887649888,-0.4432911272000954,1.323338099550023
67.0,165.0,129.88369750976562,-0.0382477403859779,2.68273101332882,-4.115921932644253,-3.677978964649831,-1.924749009834854,1.3417441945558162,-0.0989616560098664,3.9650317801400976,-0.4436610931860999,1.3237025486479133
67.0,165.0,129.88369750976562,-0.0368336824364338,2.6826832487827823,-4.114591204394081,-3.678575812548972,-1.925641460409574,1.3405690717413157,-0.0993023327242637,3.963040004737601,-0.4453726377459595,1.3228519700821009
67.0,165.0,129.88369750976562,-0.0368682580867013,2.6829220535883818,-4.115330151241876,-3.6800847775118006,-1.924143475813016,1.3403634962947215,-0.0977891263415146,3.964305456688996,-0.4434524361281761,1.323232495747224
67.0,165.0,129.88369750976562,-0.0385555590400413,2.682332051900679,-4.11561887003485,-3.678886500882304,-1.9246899936591084,1.339812599810698,-0.0990985889591814,3.964719517917539,-0.4435134565679196,1.3239478618172835
67.0,165.0,129.88369750976562,-0.0362685215543273,2.6824785535414897,-4.115228802300194,-3.679666890710486,-1.924817154336768,1.3397913112986377,-0.0984104785689082,3.965220519508229,-0.4431274438343454,1.3229101875008091
67.0,165.0,129.88369750976562,-0.0375539125029723,2.683178260371717,-4.114369649219112,-3.679430716965344,-1.9246000535494767,1.3402022966892828,-0.0991060381317665,3.964045450719317,-0.4435850165156397,1.3232991003993002
67.0,165.0,129.8837127685547,-0.0377462765827165,2.682754760261481,-4.116597352360581,-3.6779847629580704,-1.9229277577136537,1.3396366035122156,-0.099180540659422,3.9640289350007456,-0.4424196705885159,1.322401396617004
67.0,165.0,129.8837127685547,-0.0384557015208323,2.682627415337113,-4.1123587635104615,-3.680209406948144,-1.9237014243757844,1.34270171189778,-0.0991206517234278,3.9639897608437753,-0.4421421290146739,1.3241146792666707
67.0,165.0,129.88369750976562,-0.0391015901040685,2.6832066369908216,-4.11469770047713,-3.680059309122311,-1.9260168474946973,1.3411719572718803,-0.0990887163406583,3.963894911594921,-0.4433537251091182,1.3222977704533132
67.0,165.0,129.88369750976562,-0.0371238674580442,2.6828863163114574,-4.116450644235016,-3.678852193219088,-1.9245006772364748,1.340853961483298,-0.1003745299408251,3.96483297132265,-0.4438758320633198,1.32253467512871
67.0,165.0,129.88369750976562,-0.0387529514039979,2.682332987600346,-4.114907536737543,-3.6795098013530296,-1.9263257462158496,1.3407473142017434,-0.0999818312495976,3.964815872089346,-0.4437279455012012,1.3221885533632094
67.0,165.0,129.88369750976562,-0.0385026246801999,2.681902136710416,-4.116577281202409,-3.680540846948508,-1.92433206385908,1.3402460540770993,-0.099126385258616,3.9633692913641982,-0.4437405342625667,1.3232985721522927
67.0,166.0,129.88369750976562,-0.0372763731490363,2.6826167704504225,-4.114823442455658,-3.6783468022659607,-1.9261520268860424,1.3403612303406105,-0.0998002543669788,3.963755631935773,-0.4432836224847902,1.323920551784124
67.0,166.0,129.88369750976562,-0.0386144815276365,2.682602177420531,-4.114692785083619,-3.6782825809630206,-1.925857278402108,1.3408475275948784,-0.0997619686173913,3.964034353113425,-0.4420803106852294,1.323383683790692
67.0,166.0,129.88369750976562,-0.0384255196221009,2.6828457518910365,-4.115229419906435,-3.678280070499364,-1.9241863635424368,1.340197132733122,-0.0989346872452995,3.965045366748188,-0.4436973324717846,1.3237061726352286
67.0,166.0,129.88369750976562,-0.0374477628801099,2.682657028303648,-4.114838900894199,-3.678870043592088,-1.9251837276112644,1.3405201841317955,-0.0987901150784344,3.964675583138253,-0.4423633760043502,1.3238448057713843
67.0,166.0,129.88369750976562,-0.0382635524696136,2.682419967614642,-4.114786126384205,-3.679311634560755,-1.925978686292598,1.3411333845684037,-0.0987597980305496,3.9641414728433215,-0.4424791061193618,1.320928414315454
67.0,166.0,129.88369750976562,-0.0384394284723971,2.682975909148543,-4.114785849651962,-3.679239009035948,-1.9244454601702328,1.3399968271028857,-0.0992974966139006,3.9634126109169294,-0.4438348749963561,1.323728487499586
67.0,166.0,129.88369750976562,-0.0375151009923383,2.6815405326175563,-4.11492126820321,-3.678696413336605,-1.9248538354858755,1.3399425126041962,-0.0987835979778907,3.963714046279793,-0.4446811609730565,1.323395357397754
67.0,166.0,129.88369750976562,-0.0377454066103169,2.6825043046280004,-4.114788089707397,-3.679652743106941,-1.9244710726958925,1.340134709603629,-0.1004671214614538,3.9636188560680137,-0.4424447477359667,1.3231665976907154
67.0,166.0,129.8837127685547,-0.0362652747973755,2.6823901769844523,-4.116293217939296,-3.6782962831329993,-1.928995849366236,1.3427363674667676,-0.0986275656262325,3.964030074260883,-0.444997731679174,1.3229369289227255
67.0,166.0,129.88369750976562,-0.0383554438796345,2.6837078456050074,-4.1148397309375175,-3.6796427651577615,-1.925935618093105,1.3413987342605571,-0.0995517511654577,3.963735392106942,-0.4447510661004394,1.3223569690262462
67.0,166.0,129.88369750976562,-0.0374471514184957,2.6830290313127803,-4.114093649499316,-3.679834210451842,-1.924097479454128,1.3403730799535918,-0.0989693227775162,3.9646815998637,-0.4441470635204132,1.3235251103658887
67.0,166.0,129.88369750976562,-0.0382710782515905,2.682893249029939,-4.115279657961465,-3.6792257495786993,-1.924598940320268,1.340114582927606,-0.0982937747407807,3.963413311773425,-0.4438361054294831,1.3238186492275428
67.0,166.0,129.88369750976562,-0.0386767940782647,2.6825724445294745,-4.114978013222114,-3.6803825219341575,-1.925471672712967,1.340026883894302,-0.1000383970307691,3.965015974768844,-0.4424138905121658,1.3231790020943524
67.0,166.0,129.88369750976562,-0.0386743878574695,2.682514171969066,-4.114506661615946,-3.679438333994672,-1.9243521442453364,1.339783745789752,-0.0992489063510318,3.963839175972056,-0.4434921678817331,1.3240327725928551
67.0,166.0,129.8837127685547,-0.0381877718237811,2.681269931177165,-4.115189659054024,-3.682085768835373,-1.9230510096111444,1.3398880451910875,-0.1009314762252844,3.963350996410638,-0.4439422476527043,1.324298345464992
67.0,166.0,129.88369750976562,-0.038409736125438,2.683223324443615,-4.114847609240932,-3.679415568245977,-1.9254956460903945,1.339956890140793,-0.0993767820110977,3.96545346379171,-0.4440833734044859,1.3235641918682983
67.0,166.0,129.88369750976562,-0.0365283721779428,2.6821798842695697,-4.11603441881068,-3.679486054107372,-1.9251379515389608,1.3405617104052885,-0.1002226474128503,3.96390962240616,-0.4420402715724512,1.3236767237550735
67.0,166.0,129.8837127685547,-0.0365358024724783,2.6818681070312835,-4.112865976977184,-3.679602687252389,-1.924349351054988,1.3402820676057443,-0.1018320141376777,3.9651600061539054,-0.4432204102345752,1.3243243450746875
67.0,166.0,129.88369750976562,-0.0383216637770437,2.6825741157856324,-4.114967170153109,-3.6780063208760607,-1.924454085840296,1.3404595116488414,-0.099584917212826,3.9638032536282113,-0.4437830930453497,1.3237113962040006
67.0,166.0,129.88369750976562,-0.0379767604336877,2.680744641094622,-4.114477853527157,-3.6801701846835897,-1.924400799866619,1.3404674448137248,-0.0999418297218291,3.9646977554076215,-0.4444012423801128,1.3236911002911962
67.0,166.0,129.8837127685547,-0.0394642453231005,2.6822165907899134,-4.114074645352336,-3.6799137978066345,-1.9238931671670203,1.3420153525299825,-0.0998143531951303,3.9629751126011934,-0.4443550203742832,1.3235550677799133
67.0,166.0,129.88369750976562,-0.0383148729229902,2.6832796999404445,-4.116294179060572,-3.6793979513078847,-1.9250865185851764,1.340689295518906,-0.0983386555168854,3.963023765613142,-0.4436402091529069,1.323783064095721
67.0,166.0,129.88369750976562,-0.0379627504806742,2.6821752792535305,-4.115112653936806,-3.679108163981376,-1.9271989799946387,1.3404670547282131,-0.0989285936155462,3.963762776092248,-0.4436037889685726,1.3234545198064809
67.0,166.0,129.88369750976562,-0.0392187524807247,2.683054261908589,-4.114922136147859,-3.6795777604845856,-1.925288325593142,1.3412020927009516,-0.0999221139832497,3.9638507441902,-0.4441360716815598,1.3240769948011513
67.0,166.0,129.88369750976562,-0.0383849644671473,2.6829565493324656,-4.1152425670406885,-3.679085536259625,-1.9245625020625792,1.3398362901102925,-0.0989136901687004,3.964908554644228,-0.4445902552466633,1.3237140521602766
67.0,166.0,129.88369750976562,-0.0381150873514049,2.682542042709517,-4.114430642239843,-3.678878579382245,-1.9244999050184943,1.3406975087022637,-0.0999938618507068,3.963198803446204,-0.4438787615061223,1.3237429493033557
67.0,166.0,129.8837127685547,-0.0393439610213545,2.6830619422745308,-4.114604043222708,-3.680368689308013,-1.9229080885171144,1.340185094365083,-0.099360564882717,3.963476834582344,-0.4430568216979387,1.320904571426344
67.0,166.0,129.88369750976562,-0.0370319986549597,2.682141311654721,-4.11568919640137,-3.679601765843594,-1.9250876999733395,1.3398228311447469,-0.1004837490685165,3.964237534852891,-0.442657322459007,1.323574800022745
67.0,166.0,129.88369750976562,-0.0370807272260081,2.68264859514898,-4.115168223632826,-3.678252415128613,-1.9239598296335736,1.3405486072531194,-0.098422161926668,3.964345449074509,-0.4430919035377933,1.32368118639016
67.0,166.0,129.88369750976562,-0.0371588517049898,2.6805734538012,-4.114829362922763,-3.680286246949066,-1.92656536943232,1.339947151786356,-0.0988547495593402,3.9637048782995135,-0.4439045648392518,1.323849355521426
67.0,166.0,129.88369750976562,-0.0375504977495809,2.682280533818246,-4.115233018272244,-3.679761393898062,-1.925012808213688,1.3408448440508045,-0.0991535257406458,3.963799535448471,-0.4426996479812786,1.32341862225405
67.0,166.0,129.8837127685547,-0.0353928620126881,2.684844982485186,-4.114734682919397,-3.6814192467957407,-1.9241976470811808,1.3403668723367224,-0.1000266563011459,3.964715904633412,-0.4442067176368913,1.324261404745758
67.0,166.0,129.88369750976562,-0.0375050067521598,2.682394795215691,-4.114718372567042,-3.678092981168621,-1.9258440914610253,1.3400083563894525,-0.099182553119151,3.966016159885976,-0.4438312502809411,1.3218137438897066
67.0,166.0,129.88369750976562,-0.0385790505121479,2.6829151465589978,-4.114800802167872,-3.680258446862143,-1.924409893497719,1.340273682270729,-0.0988903953142273,3.964274155720028,-0.443693939368691,1.324358976709781
67.0,166.0,129.88369750976562,-0.0373377203114786,2.682486630971601,-4.114913017838977,-3.6783634873448783,-1.9265970819780125,1.3403155553342478,-0.099168483249192,3.963433477689972,-0.4450287501643289,1.3241048847555466
67.0,166.0,129.88369750976562,-0.0379180192985064,2.682247815866732,-4.11618169808676,-3.678672127199636,-1.9243215382018104,1.341224665253827,-0.0999942253138913,3.964944788080395,-0.4445476548029366,1.3237704141458422
67.0,166.0,129.88369750976562,-0.0379024272348933,2.681548237319513,-4.1147750510204935,-3.679808883893499,-1.9248620463978097,1.3398379650494014,-0.0992112748296654,3.963017815678836,-0.4424179299426491,1.3233375186841294
67.0,166.0,129.88369750976562,-0.0386119900478477,2.682502921158186,-4.115330536104988,-3.67922120648243,-1.924454899099244,1.3398214621333258,-0.0993185791376466,3.963886887649888,-0.4432911272000954,1.323338099550023
67.0,166.0,129.88369750976562,-0.0382477403859779,2.68273101332882,-4.115921932644253,-3.677978964649831,-1.924749009834854,1.3417441945558162,-0.0989616560098664,3.9650317801400976,-0.4436610931860999,1.3237025486479133
67.0,166.0,129.88369750976562,-0.0368336824364338,2.6826832487827823,-4.114591204394081,-3.678575812548972,-1.925641460409574,1.3405690717413157,-0.0993023327242637,3.963040004737601,-0.4453726377459595,1.3228519700821009
67.0,166.0,129.88369750976562,-0.0368682580867013,2.6829220535883818,-4.115330151241876,-3.6800847775118006,-1.924143475813016,1.3403634962947215,-0.0977891263415146,3.964305456688996,-0.4434524361281761,1.323232495747224
67.0,166.0,129.88369750976562,-0.0385555590400413,2.682332051900679,-4.11561887003485,-3.678886500882304,-1.9246899936591084,1.339812599810698,-0.0990985889591814,3.964719517917539,-0.4435134565679196,1.3239478618172835
67.0,166.0,129.88369750976562,-0.0362685215543273,2.6824785535414897,-4.115228802300194,-3.679666890710486,-1.924817154336768,1.3397913112986377,-0.0984104785689082,3.965220519508229,-0.4431274438343454,1.3229101875008091
67.0,166.0,129.88369750976562,-0.0375539125029723,2.683178260371717,-4.114369649219112,-3.679430716965344,-1.9246000535494767,1.3402022966892828,-0.0991060381317665,3.964045450719317,-0.4435850165156397,1.3232991003993002
67.0,166.0,129.8837127685547,-0.0377462765827165,2.682754760261481,-4.116597352360581,-3.6779847629580704,-1.9229277577136537,1.3396366035122156,-0.099180540659422,3.9640289350007456,-0.4424196705885159,1.322401396617004
67.0,166.0,129.8837127685547,-0.0384557015208323,2.682627415337113,-4.1123587635104615,-3.680209406948144,-1.9237014243757844,1.34270171189778,-0.0991206517234278,3.9639897608437753,-0.4421421290146739,1.3241146792666707
67.0,166.0,129.88369750976562,-0.0391015901040685,2.6832066369908216,-4.11469770047713,-3.680059309122311,-1.9260168474946973,1.3411719572718803,-0.0990887163406583,3.963894911594921,-0.4433537251091182,1.3222977704533132
67.0,166.0,129.88369750976562,-0.0371238674580442,2.6828863163114574,-4.116450644235016,-3.678852193219088,-1.9245006772364748,1.340853961483298,-0.1003745299408251,3.96483297132265,-0.4438758320633198,1.32253467512871
67.0,166.0,129.88369750976562,-0.0387529514039979,2.682332987600346,-4.114907536737543,-3.6795098013530296,-1.9263257462158496,1.3407473142017434,-0.0999818312495976,3.964815872089346,-0.4437279455012012,1.3221885533632094
67.0,166.0,129.88369750976562,-0.0385026246801999,2.681902136710416,-4.116577281202409,-3.680540846948508,-1.92433206385908,1.3402460540770993,-0.099126385258616,3.9633692913641982,-0.4437405342625667,1.3232985721522927
67.0,167.0,129.88369750976562,-0.0372763731490363,2.6826167704504225,-4.114823442455658,-3.6783468022659607,-1.9261520268860424,1.3403612303406105,-0.0998002543669788,3.963755631935773,-0.4432836224847902,1.323920551784124
67.0,167.0,129.88369750976562,-0.0386144815276365,2.682602177420531,-4.114692785083619,-3.6782825809630206,-1.925857278402108,1.3408475275948784,-0.0997619686173913,3.964034353113425,-0.4420803106852294,1.323383683790692
67.0,167.0,129.88369750976562,-0.0384255196221009,2.6828457518910365,-4.115229419906435,-3.678280070499364,-1.9241863635424368,1.340197132733122,-0.0989346872452995,3.965045366748188,-0.4436973324717846,1.3237061726352286
67.0,167.0,129.88369750976562,-0.0374477628801099,2.682657028303648,-4.114838900894199,-3.678870043592088,-1.9251837276112644,1.3405201841317955,-0.0987901150784344,3.964675583138253,-0.4423633760043502,1.3238448057713843
67.0,167.0,129.88369750976562,-0.0382635524696136,2.682419967614642,-4.114786126384205,-3.679311634560755,-1.925978686292598,1.3411333845684037,-0.0987597980305496,3.9641414728433215,-0.4424791061193618,1.320928414315454
67.0,167.0,129.88369750976562,-0.0384394284723971,2.682975909148543,-4.114785849651962,-3.679239009035948,-1.9244454601702328,1.3399968271028857,-0.0992974966139006,3.9634126109169294,-0.4438348749963561,1.323728487499586
67.0,167.0,129.88369750976562,-0.0375151009923383,2.6815405326175563,-4.11492126820321,-3.678696413336605,-1.9248538354858755,1.3399425126041962,-0.0987835979778907,3.963714046279793,-0.4446811609730565,1.323395357397754
67.0,167.0,129.88369750976562,-0.0377454066103169,2.6825043046280004,-4.114788089707397,-3.679652743106941,-1.9244710726958925,1.340134709603629,-0.1004671214614538,3.9636188560680137,-0.4424447477359667,1.3231665976907154
67.0,167.0,129.8837127685547,-0.0362652747973755,2.6823901769844523,-4.116293217939296,-3.6782962831329993,-1.928995849366236,1.3427363674667676,-0.0986275656262325,3.964030074260883,-0.444997731679174,1.3229369289227255
67.0,167.0,129.88369750976562,-0.0383554438796345,2.6837078456050074,-4.1148397309375175,-3.6796427651577615,-1.925935618093105,1.3413987342605571,-0.0995517511654577,3.963735392106942,-0.4447510661004394,1.3223569690262462
67.0,167.0,129.88369750976562,-0.0374471514184957,2.6830290313127803,-4.114093649499316,-3.679834210451842,-1.924097479454128,1.3403730799535918,-0.0989693227775162,3.9646815998637,-0.4441470635204132,1.3235251103658887
67.0,167.0,129.88369750976562,-0.0382710782515905,2.682893249029939,-4.115279657961465,-3.6792257495786993,-1.924598940320268,1.340114582927606,-0.0982937747407807,3.963413311773425,-0.4438361054294831,1.3238186492275428
67.0,167.0,129.88369750976562,-0.0386767940782647,2.6825724445294745,-4.114978013222114,-3.6803825219341575,-1.925471672712967,1.340026883894302,-0.1000383970307691,3.965015974768844,-0.4424138905121658,1.3231790020943524
67.0,167.0,129.88369750976562,-0.0386743878574695,2.682514171969066,-4.114506661615946,-3.679438333994672,-1.9243521442453364,1.339783745789752,-0.0992489063510318,3.963839175972056,-0.4434921678817331,1.3240327725928551
67.0,167.0,129.8837127685547,-0.0381877718237811,2.681269931177165,-4.115189659054024,-3.682085768835373,-1.9230510096111444,1.3398880451910875,-0.1009314762252844,3.963350996410638,-0.4439422476527043,1.324298345464992
67.0,167.0,129.88369750976562,-0.038409736125438,2.683223324443615,-4.114847609240932,-3.679415568245977,-1.9254956460903945,1.339956890140793,-0.0993767820110977,3.96545346379171,-0.4440833734044859,1.3235641918682983
67.0,167.0,129.88369750976562,-0.0365283721779428,2.6821798842695697,-4.11603441881068,-3.679486054107372,-1.9251379515389608,1.3405617104052885,-0.1002226474128503,3.96390962240616,-0.4420402715724512,1.3236767237550735
67.0,167.0,129.8837127685547,-0.0365358024724783,2.6818681070312835,-4.112865976977184,-3.679602687252389,-1.924349351054988,1.3402820676057443,-0.1018320141376777,3.9651600061539054,-0.4432204102345752,1.3243243450746875
67.0,167.0,129.88369750976562,-0.0383216637770437,2.6825741157856324,-4.114967170153109,-3.6780063208760607,-1.924454085840296,1.3404595116488414,-0.099584917212826,3.9638032536282113,-0.4437830930453497,1.3237113962040006
67.0,167.0,129.88369750976562,-0.0379767604336877,2.680744641094622,-4.114477853527157,-3.6801701846835897,-1.924400799866619,1.3404674448137248,-0.0999418297218291,3.9646977554076215,-0.4444012423801128,1.3236911002911962
67.0,167.0,129.8837127685547,-0.0394642453231005,2.6822165907899134,-4.114074645352336,-3.6799137978066345,-1.9238931671670203,1.3420153525299825,-0.0998143531951303,3.9629751126011934,-0.4443550203742832,1.3235550677799133
67.0,167.0,129.88369750976562,-0.0383148729229902,2.6832796999404445,-4.116294179060572,-3.6793979513078847,-1.9250865185851764,1.340689295518906,-0.0983386555168854,3.963023765613142,-0.4436402091529069,1.323783064095721
67.0,167.0,129.88369750976562,-0.0379627504806742,2.6821752792535305,-4.115112653936806,-3.679108163981376,-1.9271989799946387,1.3404670547282131,-0.0989285936155462,3.963762776092248,-0.4436037889685726,1.3234545198064809
67.0,167.0,129.88369750976562,-0.0392187524807247,2.683054261908589,-4.114922136147859,-3.6795777604845856,-1.925288325593142,1.3412020927009516,-0.0999221139832497,3.9638507441902,-0.4441360716815598,1.3240769948011513
67.0,167.0,129.88369750976562,-0.0383849644671473,2.6829565493324656,-4.1152425670406885,-3.679085536259625,-1.9245625020625792,1.3398362901102925,-0.0989136901687004,3.964908554644228,-0.4445902552466633,1.3237140521602766
67.0,167.0,129.88369750976562,-0.0381150873514049,2.682542042709517,-4.114430642239843,-3.678878579382245,-1.9244999050184943,1.3406975087022637,-0.0999938618507068,3.963198803446204,-0.4438787615061223,1.3237429493033557
67.0,167.0,129.8837127685547,-0.0393439610213545,2.6830619422745308,-4.114604043222708,-3.680368689308013,-1.9229080885171144,1.340185094365083,-0.099360564882717,3.963476834582344,-0.4430568216979387,1.320904571426344
67.0,167.0,129.88369750976562,-0.0370319986549597,2.682141311654721,-4.11568919640137,-3.679601765843594,-1.9250876999733395,1.3398228311447469,-0.1004837490685165,3.964237534852891,-0.442657322459007,1.323574800022745
67.0,167.0,129.88369750976562,-0.0370807272260081,2.68264859514898,-4.115168223632826,-3.678252415128613,-1.9239598296335736,1.3405486072531194,-0.098422161926668,3.964345449074509,-0.4430919035377933,1.32368118639016
67.0,167.0,129.88369750976562,-0.0371588517049898,2.6805734538012,-4.114829362922763,-3.680286246949066,-1.92656536943232,1.339947151786356,-0.0988547495593402,3.9637048782995135,-0.4439045648392518,1.323849355521426
67.0,167.0,129.88369750976562,-0.0375504977495809,2.682280533818246,-4.115233018272244,-3.679761393898062,-1.925012808213688,1.3408448440508045,-0.0991535257406458,3.963799535448471,-0.4426996479812786,1.32341862225405
67.0,167.0,129.8837127685547,-0.0353928620126881,2.684844982485186,-4.114734682919397,-3.6814192467957407,-1.9241976470811808,1.3403668723367224,-0.1000266563011459,3.964715904633412,-0.4442067176368913,1.324261404745758
67.0,167.0,129.88369750976562,-0.0375050067521598,2.682394795215691,-4.114718372567042,-3.678092981168621,-1.9258440914610253,1.3400083563894525,-0.099182553119151,3.966016159885976,-0.4438312502809411,1.3218137438897066
67.0,167.0,129.88369750976562,-0.0385790505121479,2.6829151465589978,-4.114800802167872,-3.680258446862143,-1.924409893497719,1.340273682270729,-0.0988903953142273,3.964274155720028,-0.443693939368691,1.324358976709781
67.0,167.0,129.88369750976562,-0.0373377203114786,2.682486630971601,-4.114913017838977,-3.6783634873448783,-1.9265970819780125,1.3403155553342478,-0.099168483249192,3.963433477689972,-0.4450287501643289,1.3241048847555466
67.0,167.0,129.88369750976562,-0.0379180192985064,2.682247815866732,-4.11618169808676,-3.678672127199636,-1.9243215382018104,1.341224665253827,-0.0999942253138913,3.964944788080395,-0.4445476548029366,1.3237704141458422
67.0,167.0,129.88369750976562,-0.0379024272348933,2.681548237319513,-4.1147750510204935,-3.679808883893499,-1.9248620463978097,1.3398379650494014,-0.0992112748296654,3.963017815678836,-0.4424179299426491,1.3233375186841294
67.0,167.0,129.88369750976562,-0.0386119900478477,2.682502921158186,-4.115330536104988,-3.67922120648243,-1.924454899099244,1.3398214621333258,-0.0993185791376466,3.963886887649888,-0.4432911272000954,1.323338099550023
67.0,167.0,129.88369750976562,-0.0382477403859779,2.68273101332882,-4.115921932644253,-3.677978964649831,-1.924749009834854,1.3417441945558162,-0.0989616560098664,3.9650317801400976,-0.4436610931860999,1.3237025486479133
67.0,167.0,129.88369750976562,-0.0368336824364338,2.6826832487827823,-4.114591204394081,-3.678575812548972,-1.925641460409574,1.3405690717413157,-0.0993023327242637,3.963040004737601,-0.4453726377459595,1.3228519700821009
67.0,167.0,129.88369750976562,-0.0368682580867013,2.6829220535883818,-4.115330151241876,-3.6800847775118006,-1.924143475813016,1.3403634962947215,-0.0977891263415146,3.964305456688996,-0.4434524361281761,1.323232495747224
67.0,167.0,129.88369750976562,-0.0385555590400413,2.682332051900679,-4.11561887003485,-3.678886500882304,-1.9246899936591084,1.339812599810698,-0.0990985889591814,3.964719517917539,-0.4435134565679196,1.3239478618172835
67.0,167.0,129.88369750976562,-0.0362685215543273,2.6824785535414897,-4.115228802300194,-3.679666890710486,-1.924817154336768,1.3397913112986377,-0.0984104785689082,3.965220519508229,-0.4431274438343454,1.3229101875008091
67.0,167.0,129.88369750976562,-0.0375539125029723,2.683178260371717,-4.114369649219112,-3.679430716965344,-1.9246000535494767,1.3402022966892828,-0.0991060381317665,3.964045450719317,-0.4435850165156397,1.3232991003993002
67.0,167.0,129.8837127685547,-0.0377462765827165,2.682754760261481,-4.116597352360581,-3.6779847629580704,-1.9229277577136537,1.3396366035122156,-0.099180540659422,3.9640289350007456,-0.4424196705885159,1.322401396617004
67.0,167.0,129.8837127685547,-0.0384557015208323,2.682627415337113,-4.1123587635104615,-3.680209406948144,-1.9237014243757844,1.34270171189778,-0.0991206517234278,3.9639897608437753,-0.4421421290146739,1.3241146792666707
67.0,167.0,129.88369750976562,-0.0391015901040685,2.6832066369908216,-4.11469770047713,-3.680059309122311,-1.9260168474946973,1.3411719572718803,-0.0990887163406583,3.963894911594921,-0.4433537251091182,1.3222977704533132
67.0,167.0,129.88369750976562,-0.0371238674580442,2.6828863163114574,-4.116450644235016,-3.678852193219088,-1.9245006772364748,1.340853961483298,-0.1003745299408251,3.96483297132265,-0.4438758320633198,1.32253467512871
67.0,167.0,129.88369750976562,-0.0387529514039979,2.682332987600346,-4.114907536737543,-3.6795098013530296,-1.9263257462158496,1.3407473142017434,-0.0999818312495976,3.964815872089346,-0.4437279455012012,1.3221885533632094
67.0,167.0,129.88369750976562,-0.0385026246801999,2.681902136710416,-4.116577281202409,-3.680540846948508,-1.92433206385908,1.3402460540770993,-0.099126385258616,3.9633692913641982,-0.4437405342625667,1.3232985721522927
67.0,168.0,129.88369750976562,-0.0372763731490363,2.6826167704504225,-4.114823442455658,-3.6783468022659607,-1.9261520268860424,1.3403612303406105,-0.0998002543669788,3.963755631935773,-0.4432836224847902,1.323920551784124
67.0,168.0,129.88369750976562,-0.0386144815276365,2.682602177420531,-4.114692785083619,-3.6782825809630206,-1.925857278402108,1.3408475275948784,-0.0997619686173913,3.964034353113425,-0.4420803106852294,1.323383683790692
67.0,168.0,129.88369750976562,-0.0384255196221009,2.6828457518910365,-4.115229419906435,-3.678280070499364,-1.9241863635424368,1.340197132733122,-0.0989346872452995,3.965045366748188,-0.4436973324717846,1.3237061726352286
67.0,168.0,129.88369750976562,-0.0374477628801099,2.682657028303648,-4.114838900894199,-3.678870043592088,-1.9251837276112644,1.3405201841317955,-0.0987901150784344,3.964675583138253,-0.4423633760043502,1.3238448057713843
67.0,168.0,129.88369750976562,-0.0382635524696136,2.682419967614642,-4.114786126384205,-3.679311634560755,-1.925978686292598,1.3411333845684037,-0.0987597980305496,3.9641414728433215,-0.4424791061193618,1.320928414315454
67.0,168.0,129.88369750976562,-0.0384394284723971,2.682975909148543,-4.114785849651962,-3.679239009035948,-1.9244454601702328,1.3399968271028857,-0.0992974966139006,3.9634126109169294,-0.4438348749963561,1.323728487499586
67.0,168.0,129.88369750976562,-0.0375151009923383,2.6815405326175563,-4.11492126820321,-3.678696413336605,-1.9248538354858755,1.3399425126041962,-0.0987835979778907,3.963714046279793,-0.4446811609730565,1.323395357397754
67.0,168.0,129.88369750976562,-0.0377454066103169,2.6825043046280004,-4.114788089707397,-3.679652743106941,-1.9244710726958925,1.340134709603629,-0.1004671214614538,3.9636188560680137,-0.4424447477359667,1.3231665976907154
67.0,168.0,129.8837127685547,-0.0362652747973755,2.6823901769844523,-4.116293217939296,-3.6782962831329993,-1.928995849366236,1.3427363674667676,-0.0986275656262325,3.964030074260883,-0.444997731679174,1.3229369289227255
67.0,168.0,129.88369750976562,-0.0383554438796345,2.6837078456050074,-4.1148397309375175,-3.6796427651577615,-1.925935618093105,1.3413987342605571,-0.0995517511654577,3.963735392106942,-0.4447510661004394,1.3223569690262462
67.0,168.0,129.88369750976562,-0.0374471514184957,2.6830290313127803,-4.114093649499316,-3.679834210451842,-1.924097479454128,1.3403730799535918,-0.0989693227775162,3.9646815998637,-0.4441470635204132,1.3235251103658887
67.0,168.0,129.88369750976562,-0.0382710782515905,2.682893249029939,-4.115279657961465,-3.6792257495786993,-1.924598940320268,1.340114582927606,-0.0982937747407807,3.963413311773425,-0.4438361054294831,1.3238186492275428
67.0,168.0,129.88369750976562,-0.0386767940782647,2.6825724445294745,-4.114978013222114,-3.6803825219341575,-1.925471672712967,1.340026883894302,-0.1000383970307691,3.965015974768844,-0.4424138905121658,1.3231790020943524
67.0,168.0,129.88369750976562,-0.0386743878574695,2.682514171969066,-4.114506661615946,-3.679438333994672,-1.9243521442453364,1.339783745789752,-0.0992489063510318,3.963839175972056,-0.4434921678817331,1.3240327725928551
67.0,168.0,129.8837127685547,-0.0381877718237811,2.681269931177165,-4.115189659054024,-3.682085768835373,-1.9230510096111444,1.3398880451910875,-0.1009314762252844,3.963350996410638,-0.4439422476527043,1.324298345464992
67.0,168.0,129.88369750976562,-0.038409736125438,2.683223324443615,-4.114847609240932,-3.679415568245977,-1.9254956460903945,1.339956890140793,-0.0993767820110977,3.96545346379171,-0.4440833734044859,1.3235641918682983
67.0,168.0,129.88369750976562,-0.0365283721779428,2.6821798842695697,-4.11603441881068,-3.679486054107372,-1.9251379515389608,1.3405617104052885,-0.1002226474128503,3.96390962240616,-0.4420402715724512,1.3236767237550735
67.0,168.0,129.8837127685547,-0.0365358024724783,2.6818681070312835,-4.112865976977184,-3.679602687252389,-1.924349351054988,1.3402820676057443,-0.1018320141376777,3.9651600061539054,-0.4432204102345752,1.3243243450746875
67.0,168.0,129.88369750976562,-0.0383216637770437,2.6825741157856324,-4.114967170153109,-3.6780063208760607,-1.924454085840296,1.3404595116488414,-0.099584917212826,3.9638032536282113,-0.4437830930453497,1.3237113962040006
67.0,168.0,129.88369750976562,-0.0379767604336877,2.680744641094622,-4.114477853527157,-3.6801701846835897,-1.924400799866619,1.3404674448137248,-0.0999418297218291,3.9646977554076215,-0.4444012423801128,1.3236911002911962
67.0,168.0,129.8837127685547,-0.0394642453231005,2.6822165907899134,-4.114074645352336,-3.6799137978066345,-1.9238931671670203,1.3420153525299825,-0.0998143531951303,3.9629751126011934,-0.4443550203742832,1.3235550677799133
67.0,168.0,129.88369750976562,-0.0383148729229902,2.6832796999404445,-4.116294179060572,-3.6793979513078847,-1.9250865185851764,1.340689295518906,-0.0983386555168854,3.963023765613142,-0.4436402091529069,1.323783064095721
67.0,168.0,129.88369750976562,-0.0379627504806742,2.6821752792535305,-4.115112653936806,-3.679108163981376,-1.9271989799946387,1.3404670547282131,-0.0989285936155462,3.963762776092248,-0.4436037889685726,1.3234545198064809
67.0,168.0,129.88369750976562,-0.0392187524807247,2.683054261908589,-4.114922136147859,-3.6795777604845856,-1.925288325593142,1.3412020927009516,-0.0999221139832497,3.9638507441902,-0.4441360716815598,1.3240769948011513
67.0,168.0,129.88369750976562,-0.0383849644671473,2.6829565493324656,-4.1152425670406885,-3.679085536259625,-1.9245625020625792,1.3398362901102925,-0.0989136901687004,3.964908554644228,-0.4445902552466633,1.3237140521602766
67.0,168.0,129.88369750976562,-0.0381150873514049,2.682542042709517,-4.114430642239843,-3.678878579382245,-1.9244999050184943,1.3406975087022637,-0.0999938618507068,3.963198803446204,-0.4438787615061223,1.3237429493033557
67.0,168.0,129.8837127685547,-0.0393439610213545,2.6830619422745308,-4.114604043222708,-3.680368689308013,-1.9229080885171144,1.340185094365083,-0.099360564882717,3.963476834582344,-0.4430568216979387,1.320904571426344
67.0,168.0,129.88369750976562,-0.0370319986549597,2.682141311654721,-4.11568919640137,-3.679601765843594,-1.9250876999733395,1.3398228311447469,-0.1004837490685165,3.964237534852891,-0.442657322459007,1.323574800022745
67.0,168.0,129.88369750976562,-0.0370807272260081,2.68264859514898,-4.115168223632826,-3.678252415128613,-1.9239598296335736,1.3405486072531194,-0.098422161926668,3.964345449074509,-0.4430919035377933,1.32368118639016
67.0,168.0,129.88369750976562,-0.0371588517049898,2.6805734538012,-4.114829362922763,-3.680286246949066,-1.92656536943232,1.339947151786356,-0.0988547495593402,3.9637048782995135,-0.4439045648392518,1.323849355521426
67.0,168.0,129.88369750976562,-0.0375504977495809,2.682280533818246,-4.115233018272244,-3.679761393898062,-1.925012808213688,1.3408448440508045,-0.0991535257406458,3.963799535448471,-0.4426996479812786,1.32341862225405
67.0,168.0,129.8837127685547,-0.0353928620126881,2.684844982485186,-4.114734682919397,-3.6814192467957407,-1.9241976470811808,1.3403668723367224,-0.1000266563011459,3.964715904633412,-0.4442067176368913,1.324261404745758
67.0,168.0,129.88369750976562,-0.0375050067521598,2.682394795215691,-4.114718372567042,-3.678092981168621,-1.9258440914610253,1.3400083563894525,-0.099182553119151,3.966016159885976,-0.4438312502809411,1.3218137438897066
67.0,168.0,129.88369750976562,-0.0385790505121479,2.6829151465589978,-4.114800802167872,-3.680258446862143,-1.924409893497719,1.340273682270729,-0.0988903953142273,3.964274155720028,-0.443693939368691,1.324358976709781
67.0,168.0,129.88369750976562,-0.0373377203114786,2.682486630971601,-4.114913017838977,-3.6783634873448783,-1.9265970819780125,1.3403155553342478,-0.099168483249192,3.963433477689972,-0.4450287501643289,1.3241048847555466
67.0,168.0,129.88369750976562,-0.0379180192985064,2.682247815866732,-4.11618169808676,-3.678672127199636,-1.9243215382018104,1.341224665253827,-0.0999942253138913,3.964944788080395,-0.4445476548029366,1.3237704141458422
67.0,168.0,129.88369750976562,-0.0379024272348933,2.681548237319513,-4.1147750510204935,-3.679808883893499,-1.9248620463978097,1.3398379650494014,-0.0992112748296654,3.963017815678836,-0.4424179299426491,1.3233375186841294
67.0,168.0,129.88369750976562,-0.0386119900478477,2.682502921158186,-4.115330536104988,-3.67922120648243,-1.924454899099244,1.3398214621333258,-0.0993185791376466,3.963886887649888,-0.4432911272000954,1.323338099550023
67.0,168.0,129.88369750976562,-0.0382477403859779,2.68273101332882,-4.115921932644253,-3.677978964649831,-1.924749009834854,1.3417441945558162,-0.0989616560098664,3.9650317801400976,-0.4436610931860999,1.3237025486479133
67.0,168.0,129.88369750976562,-0.0368336824364338,2.6826832487827823,-4.114591204394081,-3.678575812548972,-1.925641460409574,1.3405690717413157,-0.0993023327242637,3.963040004737601,-0.4453726377459595,1.3228519700821009
67.0,168.0,129.88369750976562,-0.0368682580867013,2.6829220535883818,-4.115330151241876,-3.6800847775118006,-1.924143475813016,1.3403634962947215,-0.0977891263415146,3.964305456688996,-0.4434524361281761,1.323232495747224
67.0,168.0,129.88369750976562,-0.0385555590400413,2.682332051900679,-4.11561887003485,-3.678886500882304,-1.9246899936591084,1.339812599810698,-0.0990985889591814,3.964719517917539,-0.4435134565679196,1.3239478618172835
67.0,168.0,129.88369750976562,-0.0362685215543273,2.6824785535414897,-4.115228802300194,-3.679666890710486,-1.924817154336768,1.3397913112986377,-0.0984104785689082,3.965220519508229,-0.4431274438343454,1.3229101875008091
67.0,168.0,129.88369750976562,-0.0375539125029723,2.683178260371717,-4.114369649219112,-3.679430716965344,-1.9246000535494767,1.3402022966892828,-0.0991060381317665,3.964045450719317,-0.4435850165156397,1.3232991003993002
67.0,168.0,129.8837127685547,-0.0377462765827165,2.682754760261481,-4.116597352360581,-3.6779847629580704,-1.9229277577136537,1.3396366035122156,-0.099180540659422,3.9640289350007456,-0.4424196705885159,1.322401396617004
67.0,168.0,129.8837127685547,-0.0384557015208323,2.682627415337113,-4.1123587635104615,-3.680209406948144,-1.9237014243757844,1.34270171189778,-0.0991206517234278,3.9639897608437753,-0.4421421290146739,1.3241146792666707
67.0,168.0,129.88369750976562,-0.0391015901040685,2.6832066369908216,-4.11469770047713,-3.680059309122311,-1.9260168474946973,1.3411719572718803,-0.0990887163406583,3.963894911594921,-0.4433537251091182,1.3222977704533132
67.0,168.0,129.88369750976562,-0.0371238674580442,2.6828863163114574,-4.116450644235016,-3.678852193219088,-1.9245006772364748,1.340853961483298,-0.1003745299408251,3.96483297132265,-0.4438758320633198,1.32253467512871
67.0,168.0,129.88369750976562,-0.0387529514039979,2.682332987600346,-4.114907536737543,-3.6795098013530296,-1.9263257462158496,1.3407473142017434,-0.0999818312495976,3.964815872089346,-0.4437279455012012,1.3221885533632094
67.0,168.0,129.88369750976562,-0.0385026246801999,2.681902136710416,-4.116577281202409,-3.680540846948508,-1.92433206385908,1.3402460540770993,-0.099126385258616,3.9633692913641982,-0.4437405342625667,1.3232985721522927
67.0,169.0,129.88369750976562,-0.0372763731490363,2.6826167704504225,-4.114823442455658,-3.6783468022659607,-1.9261520268860424,1.3403612303406105,-0.0998002543669788,3.963755631935773,-0.4432836224847902,1.323920551784124
67.0,169.0,129.88369750976562,-0.0386144815276365,2.682602177420531,-4.114692785083619,-3.6782825809630206,-1.925857278402108,1.3408475275948784,-0.0997619686173913,3.964034353113425,-0.4420803106852294,1.323383683790692
67.0,169.0,129.88369750976562,-0.0384255196221009,2.6828457518910365,-4.115229419906435,-3.678280070499364,-1.9241863635424368,1.340197132733122,-0.0989346872452995,3.965045366748188,-0.4436973324717846,1.3237061726352286
67.0,169.0,129.88369750976562,-0.0374477628801099,2.682657028303648,-4.114838900894199,-3.678870043592088,-1.9251837276112644,1.3405201841317955,-0.0987901150784344,3.964675583138253,-0.4423633760043502,1.3238448057713843
67.0,169.0,129.88369750976562,-0.0382635524696136,2.682419967614642,-4.114786126384205,-3.679311634560755,-1.925978686292598,1.3411333845684037,-0.0987597980305496,3.9641414728433215,-0.4424791061193618,1.320928414315454
67.0,169.0,129.88369750976562,-0.0384394284723971,2.682975909148543,-4.114785849651962,-3.679239009035948,-1.9244454601702328,1.3399968271028857,-0.0992974966139006,3.9634126109169294,-0.4438348749963561,1.323728487499586
67.0,169.0,129.88369750976562,-0.0375151009923383,2.6815405326175563,-4.11492126820321,-3.678696413336605,-1.9248538354858755,1.3399425126041962,-0.0987835979778907,3.963714046279793,-0.4446811609730565,1.323395357397754
67.0,169.0,129.88369750976562,-0.0377454066103169,2.6825043046280004,-4.114788089707397,-3.679652743106941,-1.9244710726958925,1.340134709603629,-0.1004671214614538,3.9636188560680137,-0.4424447477359667,1.3231665976907154
67.0,169.0,129.8837127685547,-0.0362652747973755,2.6823901769844523,-4.116293217939296,-3.6782962831329993,-1.928995849366236,1.3427363674667676,-0.0986275656262325,3.964030074260883,-0.444997731679174,1.3229369289227255
67.0,169.0,129.88369750976562,-0.0383554438796345,2.6837078456050074,-4.1148397309375175,-3.6796427651577615,-1.925935618093105,1.3413987342605571,-0.0995517511654577,3.963735392106942,-0.4447510661004394,1.3223569690262462
67.0,169.0,129.88369750976562,-0.0374471514184957,2.6830290313127803,-4.114093649499316,-3.679834210451842,-1.924097479454128,1.3403730799535918,-0.0989693227775162,3.9646815998637,-0.4441470635204132,1.3235251103658887
67.0,169.0,129.88369750976562,-0.0382710782515905,2.682893249029939,-4.115279657961465,-3.6792257495786993,-1.924598940320268,1.340114582927606,-0.0982937747407807,3.963413311773425,-0.4438361054294831,1.3238186492275428
67.0,169.0,129.88369750976562,-0.0386767940782647,2.6825724445294745,-4.114978013222114,-3.6803825219341575,-1.925471672712967,1.340026883894302,-0.1000383970307691,3.965015974768844,-0.4424138905121658,1.3231790020943524
67.0,169.0,129.88369750976562,-0.0386743878574695,2.682514171969066,-4.114506661615946,-3.679438333994672,-1.9243521442453364,1.339783745789752,-0.0992489063510318,3.963839175972056,-0.4434921678817331,1.3240327725928551
67.0,169.0,129.8837127685547,-0.0381877718237811,2.681269931177165,-4.115189659054024,-3.682085768835373,-1.9230510096111444,1.3398880451910875,-0.1009314762252844,3.963350996410638,-0.4439422476527043,1.324298345464992
67.0,169.0,129.88369750976562,-0.038409736125438,2.683223324443615,-4.114847609240932,-3.679415568245977,-1.9254956460903945,1.339956890140793,-0.0993767820110977,3.96545346379171,-0.4440833734044859,1.3235641918682983
67.0,169.0,129.88369750976562,-0.0365283721779428,2.6821798842695697,-4.11603441881068,-3.679486054107372,-1.9251379515389608,1.3405617104052885,-0.1002226474128503,3.96390962240616,-0.4420402715724512,1.3236767237550735
67.0,169.0,129.8837127685547,-0.0365358024724783,2.6818681070312835,-4.112865976977184,-3.679602687252389,-1.924349351054988,1.3402820676057443,-0.1018320141376777,3.9651600061539054,-0.4432204102345752,1.3243243450746875
67.0,169.0,129.88369750976562,-0.0383216637770437,2.6825741157856324,-4.114967170153109,-3.6780063208760607,-1.924454085840296,1.3404595116488414,-0.099584917212826,3.9638032536282113,-0.4437830930453497,1.3237113962040006
67.0,169.0,129.88369750976562,-0.0379767604336877,2.680744641094622,-4.114477853527157,-3.6801701846835897,-1.924400799866619,1.3404674448137248,-0.0999418297218291,3.9646977554076215,-0.4444012423801128,1.3236911002911962
67.0,169.0,129.8837127685547,-0.0394642453231005,2.6822165907899134,-4.114074645352336,-3.6799137978066345,-1.9238931671670203,1.3420153525299825,-0.0998143531951303,3.9629751126011934,-0.4443550203742832,1.3235550677799133
67.0,169.0,129.88369750976562,-0.0383148729229902,2.6832796999404445,-4.116294179060572,-3.6793979513078847,-1.9250865185851764,1.340689295518906,-0.0983386555168854,3.963023765613142,-0.4436402091529069,1.323783064095721
67.0,169.0,129.88369750976562,-0.0379627504806742,2.6821752792535305,-4.115112653936806,-3.679108163981376,-1.9271989799946387,1.3404670547282131,-0.0989285936155462,3.963762776092248,-0.4436037889685726,1.3234545198064809
67.0,169.0,129.88369750976562,-0.0392187524807247,2.683054261908589,-4.114922136147859,-3.6795777604845856,-1.925288325593142,1.3412020927009516,-0.0999221139832497,3.9638507441902,-0.4441360716815598,1.3240769948011513
67.0,169.0,129.88369750976562,-0.0383849644671473,2.6829565493324656,-4.1152425670406885,-3.679085536259625,-1.9245625020625792,1.3398362901102925,-0.0989136901687004,3.964908554644228,-0.4445902552466633,1.3237140521602766
67.0,169.0,129.88369750976562,-0.0381150873514049,2.682542042709517,-4.114430642239843,-3.678878579382245,-1.9244999050184943,1.3406975087022637,-0.0999938618507068,3.963198803446204,-0.4438787615061223,1.3237429493033557
67.0,169.0,129.8837127685547,-0.0393439610213545,2.6830619422745308,-4.114604043222708,-3.680368689308013,-1.9229080885171144,1.340185094365083,-0.099360564882717,3.963476834582344,-0.4430568216979387,1.320904571426344
67.0,169.0,129.88369750976562,-0.0370319986549597,2.682141311654721,-4.11568919640137,-3.679601765843594,-1.9250876999733395,1.3398228311447469,-0.1004837490685165,3.964237534852891,-0.442657322459007,1.323574800022745
67.0,169.0,129.88369750976562,-0.0370807272260081,2.68264859514898,-4.115168223632826,-3.678252415128613,-1.9239598296335736,1.3405486072531194,-0.098422161926668,3.964345449074509,-0.4430919035377933,1.32368118639016
67.0,169.0,129.88369750976562,-0.0371588517049898,2.6805734538012,-4.114829362922763,-3.680286246949066,-1.92656536943232,1.339947151786356,-0.0988547495593402,3.9637048782995135,-0.4439045648392518,1.323849355521426
67.0,169.0,129.88369750976562,-0.0375504977495809,2.682280533818246,-4.115233018272244,-3.679761393898062,-1.925012808213688,1.3408448440508045,-0.0991535257406458,3.963799535448471,-0.4426996479812786,1.32341862225405
67.0,169.0,129.8837127685547,-0.0353928620126881,2.684844982485186,-4.114734682919397,-3.6814192467957407,-1.9241976470811808,1.3403668723367224,-0.1000266563011459,3.964715904633412,-0.4442067176368913,1.324261404745758
67.0,169.0,129.88369750976562,-0.0375050067521598,2.682394795215691,-4.114718372567042,-3.678092981168621,-1.9258440914610253,1.3400083563894525,-0.099182553119151,3.966016159885976,-0.4438312502809411,1.3218137438897066
67.0,169.0,129.88369750976562,-0.0385790505121479,2.6829151465589978,-4.114800802167872,-3.680258446862143,-1.924409893497719,1.340273682270729,-0.0988903953142273,3.964274155720028,-0.443693939368691,1.324358976709781
67.0,169.0,129.88369750976562,-0.0373377203114786,2.682486630971601,-4.114913017838977,-3.6783634873448783,-1.9265970819780125,1.3403155553342478,-0.099168483249192,3.963433477689972,-0.4450287501643289,1.3241048847555466
67.0,169.0,129.88369750976562,-0.0379180192985064,2.682247815866732,-4.11618169808676,-3.678672127199636,-1.9243215382018104,1.341224665253827,-0.0999942253138913,3.964944788080395,-0.4445476548029366,1.3237704141458422
67.0,169.0,129.88369750976562,-0.0379024272348933,2.681548237319513,-4.1147750510204935,-3.679808883893499,-1.9248620463978097,1.3398379650494014,-0.0992112748296654,3.963017815678836,-0.4424179299426491,1.3233375186841294
67.0,169.0,129.88369750976562,-0.0386119900478477,2.682502921158186,-4.115330536104988,-3.67922120648243,-1.924454899099244,1.3398214621333258,-0.0993185791376466,3.963886887649888,-0.4432911272000954,1.323338099550023
67.0,169.0,129.88369750976562,-0.0382477403859779,2.68273101332882,-4.115921932644253,-3.677978964649831,-1.924749009834854,1.3417441945558162,-0.0989616560098664,3.9650317801400976,-0.4436610931860999,1.3237025486479133
67.0,169.0,129.88369750976562,-0.0368336824364338,2.6826832487827823,-4.114591204394081,-3.678575812548972,-1.925641460409574,1.3405690717413157,-0.0993023327242637,3.963040004737601,-0.4453726377459595,1.3228519700821009
67.0,169.0,129.88369750976562,-0.0368682580867013,2.6829220535883818,-4.115330151241876,-3.6800847775118006,-1.924143475813016,1.3403634962947215,-0.0977891263415146,3.964305456688996,-0.4434524361281761,1.323232495747224
67.0,169.0,129.88369750976562,-0.0385555590400413,2.682332051900679,-4.11561887003485,-3.678886500882304,-1.9246899936591084,1.339812599810698,-0.0990985889591814,3.964719517917539,-0.4435134565679196,1.3239478618172835
67.0,169.0,129.88369750976562,-0.0362685215543273,2.6824785535414897,-4.115228802300194,-3.679666890710486,-1.924817154336768,1.3397913112986377,-0.0984104785689082,3.965220519508229,-0.4431274438343454,1.3229101875008091
67.0,169.0,129.88369750976562,-0.0375539125029723,2.683178260371717,-4.114369649219112,-3.679430716965344,-1.9246000535494767,1.3402022966892828,-0.0991060381317665,3.964045450719317,-0.4435850165156397,1.3232991003993002
67.0,169.0,129.8837127685547,-0.0377462765827165,2.682754760261481,-4.116597352360581,-3.6779847629580704,-1.9229277577136537,1.3396366035122156,-0.099180540659422,3.9640289350007456,-0.4424196705885159,1.322401396617004
67.0,169.0,129.8837127685547,-0.0384557015208323,2.682627415337113,-4.1123587635104615,-3.680209406948144,-1.9237014243757844,1.34270171189778,-0.0991206517234278,3.9639897608437753,-0.4421421290146739,1.3241146792666707
67.0,169.0,129.88369750976562,-0.0391015901040685,2.6832066369908216,-4.11469770047713,-3.680059309122311,-1.9260168474946973,1.3411719572718803,-0.0990887163406583,3.963894911594921,-0.4433537251091182,1.3222977704533132
67.0,169.0,129.88369750976562,-0.0371238674580442,2.6828863163114574,-4.116450644235016,-3.678852193219088,-1.9245006772364748,1.340853961483298,-0.1003745299408251,3.96483297132265,-0.4438758320633198,1.32253467512871
67.0,169.0,129.88369750976562,-0.0387529514039979,2.682332987600346,-4.114907536737543,-3.6795098013530296,-1.9263257462158496,1.3407473142017434,-0.0999818312495976,3.964815872089346,-0.4437279455012012,1.3221885533632094
67.0,169.0,129.88369750976562,-0.0385026246801999,2.681902136710416,-4.116577281202409,-3.680540846948508,-1.92433206385908,1.3402460540770993,-0.099126385258616,3.9633692913641982,-0.4437405342625667,1.3232985721522927
67.0,170.0,129.88369750976562,-0.0372763731490363,2.6826167704504225,-4.114823442455658,-3.6783468022659607,-1.9261520268860424,1.3403612303406105,-0.0998002543669788,3.963755631935773,-0.4432836224847902,1.323920551784124
67.0,170.0,129.88369750976562,-0.0386144815276365,2.682602177420531,-4.114692785083619,-3.6782825809630206,-1.925857278402108,1.3408475275948784,-0.0997619686173913,3.964034353113425,-0.4420803106852294,1.323383683790692
67.0,170.0,129.88369750976562,-0.0384255196221009,2.6828457518910365,-4.115229419906435,-3.678280070499364,-1.9241863635424368,1.340197132733122,-0.0989346872452995,3.965045366748188,-0.4436973324717846,1.3237061726352286
67.0,170.0,129.88369750976562,-0.0374477628801099,2.682657028303648,-4.114838900894199,-3.678870043592088,-1.9251837276112644,1.3405201841317955,-0.0987901150784344,3.964675583138253,-0.4423633760043502,1.3238448057713843
67.0,170.0,129.88369750976562,-0.0382635524696136,2.682419967614642,-4.114786126384205,-3.679311634560755,-1.925978686292598,1.3411333845684037,-0.0987597980305496,3.9641414728433215,-0.4424791061193618,1.320928414315454
67.0,170.0,129.88369750976562,-0.0384394284723971,2.682975909148543,-4.114785849651962,-3.679239009035948,-1.9244454601702328,1.3399968271028857,-0.0992974966139006,3.9634126109169294,-0.4438348749963561,1.323728487499586
67.0,170.0,129.88369750976562,-0.0375151009923383,2.6815405326175563,-4.11492126820321,-3.678696413336605,-1.9248538354858755,1.3399425126041962,-0.0987835979778907,3.963714046279793,-0.4446811609730565,1.323395357397754
67.0,170.0,129.88369750976562,-0.0377454066103169,2.6825043046280004,-4.114788089707397,-3.679652743106941,-1.9244710726958925,1.340134709603629,-0.1004671214614538,3.9636188560680137,-0.4424447477359667,1.3231665976907154
67.0,170.0,129.8837127685547,-0.0362652747973755,2.6823901769844523,-4.116293217939296,-3.6782962831329993,-1.928995849366236,1.3427363674667676,-0.0986275656262325,3.964030074260883,-0.444997731679174,1.3229369289227255
67.0,170.0,129.88369750976562,-0.0383554438796345,2.6837078456050074,-4.1148397309375175,-3.6796427651577615,-1.925935618093105,1.3413987342605571,-0.0995517511654577,3.963735392106942,-0.4447510661004394,1.3223569690262462
67.0,170.0,129.88369750976562,-0.0374471514184957,2.6830290313127803,-4.114093649499316,-3.679834210451842,-1.924097479454128,1.3403730799535918,-0.0989693227775162,3.9646815998637,-0.4441470635204132,1.3235251103658887
67.0,170.0,129.88369750976562,-0.0382710782515905,2.682893249029939,-4.115279657961465,-3.6792257495786993,-1.924598940320268,1.340114582927606,-0.0982937747407807,3.963413311773425,-0.4438361054294831,1.3238186492275428
67.0,170.0,129.88369750976562,-0.0386767940782647,2.6825724445294745,-4.114978013222114,-3.6803825219341575,-1.925471672712967,1.340026883894302,-0.1000383970307691,3.965015974768844,-0.4424138905121658,1.3231790020943524
67.0,170.0,129.88369750976562,-0.0386743878574695,2.682514171969066,-4.114506661615946,-3.679438333994672,-1.9243521442453364,1.339783745789752,-0.0992489063510318,3.963839175972056,-0.4434921678817331,1.3240327725928551
67.0,170.0,129.8837127685547,-0.0381877718237811,2.681269931177165,-4.115189659054024,-3.682085768835373,-1.9230510096111444,1.3398880451910875,-0.1009314762252844,3.963350996410638,-0.4439422476527043,1.324298345464992
67.0,170.0,129.88369750976562,-0.038409736125438,2.683223324443615,-4.114847609240932,-3.679415568245977,-1.9254956460903945,1.339956890140793,-0.0993767820110977,3.96545346379171,-0.4440833734044859,1.3235641918682983
67.0,170.0,129.88369750976562,-0.0365283721779428,2.6821798842695697,-4.11603441881068,-3.679486054107372,-1.9251379515389608,1.3405617104052885,-0.1002226474128503,3.96390962240616,-0.4420402715724512,1.3236767237550735
67.0,170.0,129.8837127685547,-0.0365358024724783,2.6818681070312835,-4.112865976977184,-3.679602687252389,-1.924349351054988,1.3402820676057443,-0.1018320141376777,3.9651600061539054,-0.4432204102345752,1.3243243450746875
67.0,170.0,129.88369750976562,-0.0383216637770437,2.6825741157856324,-4.114967170153109,-3.6780063208760607,-1.924454085840296,1.3404595116488414,-0.099584917212826,3.9638032536282113,-0.4437830930453497,1.3237113962040006
67.0,170.0,129.88369750976562,-0.0379767604336877,2.680744641094622,-4.114477853527157,-3.6801701846835897,-1.924400799866619,1.3404674448137248,-0.0999418297218291,3.9646977554076215,-0.4444012423801128,1.3236911002911962
67.0,170.0,129.8837127685547,-0.0394642453231005,2.6822165907899134,-4.114074645352336,-3.6799137978066345,-1.9238931671670203,1.3420153525299825,-0.0998143531951303,3.9629751126011934,-0.4443550203742832,1.3235550677799133
67.0,170.0,129.88369750976562,-0.0383148729229902,2.6832796999404445,-4.116294179060572,-3.6793979513078847,-1.9250865185851764,1.340689295518906,-0.0983386555168854,3.963023765613142,-0.4436402091529069,1.323783064095721
67.0,170.0,129.88369750976562,-0.0379627504806742,2.6821752792535305,-4.115112653936806,-3.679108163981376,-1.9271989799946387,1.3404670547282131,-0.0989285936155462,3.963762776092248,-0.4436037889685726,1.3234545198064809
67.0,170.0,129.88369750976562,-0.0392187524807247,2.683054261908589,-4.114922136147859,-3.6795777604845856,-1.925288325593142,1.3412020927009516,-0.0999221139832497,3.9638507441902,-0.4441360716815598,1.3240769948011513
67.0,170.0,129.88369750976562,-0.0383849644671473,2.6829565493324656,-4.1152425670406885,-3.679085536259625,-1.9245625020625792,1.3398362901102925,-0.0989136901687004,3.964908554644228,-0.4445902552466633,1.3237140521602766
67.0,170.0,129.88369750976562,-0.0381150873514049,2.682542042709517,-4.114430642239843,-3.678878579382245,-1.9244999050184943,1.3406975087022637,-0.0999938618507068,3.963198803446204,-0.4438787615061223,1.3237429493033557
67.0,170.0,129.8837127685547,-0.0393439610213545,2.6830619422745308,-4.114604043222708,-3.680368689308013,-1.9229080885171144,1.340185094365083,-0.099360564882717,3.963476834582344,-0.4430568216979387,1.320904571426344
67.0,170.0,129.88369750976562,-0.0370319986549597,2.682141311654721,-4.11568919640137,-3.679601765843594,-1.9250876999733395,1.3398228311447469,-0.1004837490685165,3.964237534852891,-0.442657322459007,1.323574800022745
67.0,170.0,129.88369750976562,-0.0370807272260081,2.68264859514898,-4.115168223632826,-3.678252415128613,-1.9239598296335736,1.3405486072531194,-0.098422161926668,3.964345449074509,-0.4430919035377933,1.32368118639016
67.0,170.0,129.88369750976562,-0.0371588517049898,2.6805734538012,-4.114829362922763,-3.680286246949066,-1.92656536943232,1.339947151786356,-0.0988547495593402,3.9637048782995135,-0.4439045648392518,1.323849355521426
67.0,170.0,129.88369750976562,-0.0375504977495809,2.682280533818246,-4.115233018272244,-3.679761393898062,-1.925012808213688,1.3408448440508045,-0.0991535257406458,3.963799535448471,-0.4426996479812786,1.32341862225405
67.0,170.0,129.8837127685547,-0.0353928620126881,2.684844982485186,-4.114734682919397,-3.6814192467957407,-1.9241976470811808,1.3403668723367224,-0.1000266563011459,3.964715904633412,-0.4442067176368913,1.324261404745758
67.0,170.0,129.88369750976562,-0.0375050067521598,2.682394795215691,-4.114718372567042,-3.678092981168621,-1.9258440914610253,1.3400083563894525,-0.099182553119151,3.966016159885976,-0.4438312502809411,1.3218137438897066
67.0,170.0,129.88369750976562,-0.0385790505121479,2.6829151465589978,-4.114800802167872,-3.680258446862143,-1.924409893497719,1.340273682270729,-0.0988903953142273,3.964274155720028,-0.443693939368691,1.324358976709781
67.0,170.0,129.88369750976562,-0.0373377203114786,2.682486630971601,-4.114913017838977,-3.6783634873448783,-1.9265970819780125,1.3403155553342478,-0.099168483249192,3.963433477689972,-0.4450287501643289,1.3241048847555466
67.0,170.0,129.88369750976562,-0.0379180192985064,2.682247815866732,-4.11618169808676,-3.678672127199636,-1.9243215382018104,1.341224665253827,-0.0999942253138913,3.964944788080395,-0.4445476548029366,1.3237704141458422
67.0,170.0,129.88369750976562,-0.0379024272348933,2.681548237319513,-4.1147750510204935,-3.679808883893499,-1.9248620463978097,1.3398379650494014,-0.0992112748296654,3.963017815678836,-0.4424179299426491,1.3233375186841294
67.0,170.0,129.88369750976562,-0.0386119900478477,2.682502921158186,-4.115330536104988,-3.67922120648243,-1.924454899099244,1.3398214621333258,-0.0993185791376466,3.963886887649888,-0.4432911272000954,1.323338099550023
67.0,170.0,129.88369750976562,-0.0382477403859779,2.68273101332882,-4.115921932644253,-3.677978964649831,-1.924749009834854,1.3417441945558162,-0.0989616560098664,3.9650317801400976,-0.4436610931860999,1.3237025486479133
67.0,170.0,129.88369750976562,-0.0368336824364338,2.6826832487827823,-4.114591204394081,-3.678575812548972,-1.925641460409574,1.3405690717413157,-0.0993023327242637,3.963040004737601,-0.4453726377459595,1.3228519700821009
67.0,170.0,129.88369750976562,-0.0368682580867013,2.6829220535883818,-4.115330151241876,-3.6800847775118006,-1.924143475813016,1.3403634962947215,-0.0977891263415146,3.964305456688996,-0.4434524361281761,1.323232495747224
67.0,170.0,129.88369750976562,-0.0385555590400413,2.682332051900679,-4.11561887003485,-3.678886500882304,-1.9246899936591084,1.339812599810698,-0.0990985889591814,3.964719517917539,-0.4435134565679196,1.3239478618172835
67.0,170.0,129.88369750976562,-0.0362685215543273,2.6824785535414897,-4.115228802300194,-3.679666890710486,-1.924817154336768,1.3397913112986377,-0.0984104785689082,3.965220519508229,-0.4431274438343454,1.3229101875008091
67.0,170.0,129.88369750976562,-0.0375539125029723,2.683178260371717,-4.114369649219112,-3.679430716965344,-1.9246000535494767,1.3402022966892828,-0.0991060381317665,3.964045450719317,-0.4435850165156397,1.3232991003993002
67.0,170.0,129.8837127685547,-0.0377462765827165,2.682754760261481,-4.116597352360581,-3.6779847629580704,-1.9229277577136537,1.3396366035122156,-0.099180540659422,3.9640289350007456,-0.4424196705885159,1.322401396617004
67.0,170.0,129.8837127685547,-0.0384557015208323,2.682627415337113,-4.1123587635104615,-3.680209406948144,-1.9237014243757844,1.34270171189778,-0.0991206517234278,3.9639897608437753,-0.4421421290146739,1.3241146792666707
67.0,170.0,129.88369750976562,-0.0391015901040685,2.6832066369908216,-4.11469770047713,-3.680059309122311,-1.9260168474946973,1.3411719572718803,-0.0990887163406583,3.963894911594921,-0.4433537251091182,1.3222977704533132
67.0,170.0,129.88369750976562,-0.0371238674580442,2.6828863163114574,-4.116450644235016,-3.678852193219088,-1.9245006772364748,1.340853961483298,-0.1003745299408251,3.96483297132265,-0.4438758320633198,1.32253467512871
67.0,170.0,129.88369750976562,-0.0387529514039979,2.682332987600346,-4.114907536737543,-3.6795098013530296,-1.9263257462158496,1.3407473142017434,-0.0999818312495976,3.964815872089346,-0.4437279455012012,1.3221885533632094
67.0,170.0,129.88369750976562,-0.0385026246801999,2.681902136710416,-4.116577281202409,-3.680540846948508,-1.92433206385908,1.3402460540770993,-0.099126385258616,3.9633692913641982,-0.4437405342625667,1.3232985721522927
67.0,171.0,129.88369750976562,-0.0372763731490363,2.6826167704504225,-4.114823442455658,-3.6783468022659607,-1.9261520268860424,1.3403612303406105,-0.0998002543669788,3.963755631935773,-0.4432836224847902,1.323920551784124
67.0,171.0,129.88369750976562,-0.0386144815276365,2.682602177420531,-4.114692785083619,-3.6782825809630206,-1.925857278402108,1.3408475275948784,-0.0997619686173913,3.964034353113425,-0.4420803106852294,1.323383683790692
67.0,171.0,129.88369750976562,-0.0384255196221009,2.6828457518910365,-4.115229419906435,-3.678280070499364,-1.9241863635424368,1.340197132733122,-0.0989346872452995,3.965045366748188,-0.4436973324717846,1.3237061726352286
67.0,171.0,129.88369750976562,-0.0374477628801099,2.682657028303648,-4.114838900894199,-3.678870043592088,-1.9251837276112644,1.3405201841317955,-0.0987901150784344,3.964675583138253,-0.4423633760043502,1.3238448057713843
67.0,171.0,129.88369750976562,-0.0382635524696136,2.682419967614642,-4.114786126384205,-3.679311634560755,-1.925978686292598,1.3411333845684037,-0.0987597980305496,3.9641414728433215,-0.4424791061193618,1.320928414315454
67.0,171.0,129.88369750976562,-0.0384394284723971,2.682975909148543,-4.114785849651962,-3.679239009035948,-1.9244454601702328,1.3399968271028857,-0.0992974966139006,3.9634126109169294,-0.4438348749963561,1.323728487499586
67.0,171.0,129.88369750976562,-0.0375151009923383,2.6815405326175563,-4.11492126820321,-3.678696413336605,-1.9248538354858755,1.3399425126041962,-0.0987835979778907,3.963714046279793,-0.4446811609730565,1.323395357397754
67.0,171.0,129.88369750976562,-0.0377454066103169,2.6825043046280004,-4.114788089707397,-3.679652743106941,-1.9244710726958925,1.340134709603629,-0.1004671214614538,3.9636188560680137,-0.4424447477359667,1.3231665976907154
67.0,171.0,129.8837127685547,-0.0362652747973755,2.6823901769844523,-4.116293217939296,-3.6782962831329993,-1.928995849366236,1.3427363674667676,-0.0986275656262325,3.964030074260883,-0.444997731679174,1.3229369289227255
67.0,171.0,129.88369750976562,-0.0383554438796345,2.6837078456050074,-4.1148397309375175,-3.6796427651577615,-1.925935618093105,1.3413987342605571,-0.0995517511654577,3.963735392106942,-0.4447510661004394,1.3223569690262462
67.0,171.0,129.88369750976562,-0.0374471514184957,2.6830290313127803,-4.114093649499316,-3.679834210451842,-1.924097479454128,1.3403730799535918,-0.0989693227775162,3.9646815998637,-0.4441470635204132,1.3235251103658887
67.0,171.0,129.88369750976562,-0.0382710782515905,2.682893249029939,-4.115279657961465,-3.6792257495786993,-1.924598940320268,1.340114582927606,-0.0982937747407807,3.963413311773425,-0.4438361054294831,1.3238186492275428
67.0,171.0,129.88369750976562,-0.0386767940782647,2.6825724445294745,-4.114978013222114,-3.6803825219341575,-1.925471672712967,1.340026883894302,-0.1000383970307691,3.965015974768844,-0.4424138905121658,1.3231790020943524
67.0,171.0,129.88369750976562,-0.0386743878574695,2.682514171969066,-4.114506661615946,-3.679438333994672,-1.9243521442453364,1.339783745789752,-0.0992489063510318,3.963839175972056,-0.4434921678817331,1.3240327725928551
67.0,171.0,129.8837127685547,-0.0381877718237811,2.681269931177165,-4.115189659054024,-3.682085768835373,-1.9230510096111444,1.3398880451910875,-0.1009314762252844,3.963350996410638,-0.4439422476527043,1.324298345464992
67.0,171.0,129.88369750976562,-0.038409736125438,2.683223324443615,-4.114847609240932,-3.679415568245977,-1.9254956460903945,1.339956890140793,-0.0993767820110977,3.96545346379171,-0.4440833734044859,1.3235641918682983
67.0,171.0,129.88369750976562,-0.0365283721779428,2.6821798842695697,-4.11603441881068,-3.679486054107372,-1.9251379515389608,1.3405617104052885,-0.1002226474128503,3.96390962240616,-0.4420402715724512,1.3236767237550735
67.0,171.0,129.8837127685547,-0.0365358024724783,2.6818681070312835,-4.112865976977184,-3.679602687252389,-1.924349351054988,1.3402820676057443,-0.1018320141376777,3.9651600061539054,-0.4432204102345752,1.3243243450746875
67.0,171.0,129.88369750976562,-0.0383216637770437,2.6825741157856324,-4.114967170153109,-3.6780063208760607,-1.924454085840296,1.3404595116488414,-0.099584917212826,3.9638032536282113,-0.4437830930453497,1.3237113962040006
67.0,171.0,129.88369750976562,-0.0379767604336877,2.680744641094622,-4.114477853527157,-3.6801701846835897,-1.924400799866619,1.3404674448137248,-0.0999418297218291,3.9646977554076215,-0.4444012423801128,1.3236911002911962
67.0,171.0,129.8837127685547,-0.0394642453231005,2.6822165907899134,-4.114074645352336,-3.6799137978066345,-1.9238931671670203,1.3420153525299825,-0.0998143531951303,3.9629751126011934,-0.4443550203742832,1.3235550677799133
67.0,171.0,129.88369750976562,-0.0383148729229902,2.6832796999404445,-4.116294179060572,-3.6793979513078847,-1.9250865185851764,1.340689295518906,-0.0983386555168854,3.963023765613142,-0.4436402091529069,1.323783064095721
67.0,171.0,129.88369750976562,-0.0379627504806742,2.6821752792535305,-4.115112653936806,-3.679108163981376,-1.9271989799946387,1.3404670547282131,-0.0989285936155462,3.963762776092248,-0.4436037889685726,1.3234545198064809
67.0,171.0,129.88369750976562,-0.0392187524807247,2.683054261908589,-4.114922136147859,-3.6795777604845856,-1.925288325593142,1.3412020927009516,-0.0999221139832497,3.9638507441902,-0.4441360716815598,1.3240769948011513
67.0,171.0,129.88369750976562,-0.0383849644671473,2.6829565493324656,-4.1152425670406885,-3.679085536259625,-1.9245625020625792,1.3398362901102925,-0.0989136901687004,3.964908554644228,-0.4445902552466633,1.3237140521602766
67.0,171.0,129.88369750976562,-0.0381150873514049,2.682542042709517,-4.114430642239843,-3.678878579382245,-1.9244999050184943,1.3406975087022637,-0.0999938618507068,3.963198803446204,-0.4438787615061223,1.3237429493033557
67.0,171.0,129.8837127685547,-0.0393439610213545,2.6830619422745308,-4.114604043222708,-3.680368689308013,-1.9229080885171144,1.340185094365083,-0.099360564882717,3.963476834582344,-0.4430568216979387,1.320904571426344
67.0,171.0,129.88369750976562,-0.0370319986549597,2.682141311654721,-4.11568919640137,-3.679601765843594,-1.9250876999733395,1.3398228311447469,-0.1004837490685165,3.964237534852891,-0.442657322459007,1.323574800022745
67.0,171.0,129.88369750976562,-0.0370807272260081,2.68264859514898,-4.115168223632826,-3.678252415128613,-1.9239598296335736,1.3405486072531194,-0.098422161926668,3.964345449074509,-0.4430919035377933,1.32368118639016
67.0,171.0,129.88369750976562,-0.0371588517049898,2.6805734538012,-4.114829362922763,-3.680286246949066,-1.92656536943232,1.339947151786356,-0.0988547495593402,3.9637048782995135,-0.4439045648392518,1.323849355521426
67.0,171.0,129.88369750976562,-0.0375504977495809,2.682280533818246,-4.115233018272244,-3.679761393898062,-1.925012808213688,1.3408448440508045,-0.0991535257406458,3.963799535448471,-0.4426996479812786,1.32341862225405
67.0,171.0,129.8837127685547,-0.0353928620126881,2.684844982485186,-4.114734682919397,-3.6814192467957407,-1.9241976470811808,1.3403668723367224,-0.1000266563011459,3.964715904633412,-0.4442067176368913,1.324261404745758
67.0,171.0,129.88369750976562,-0.0375050067521598,2.682394795215691,-4.114718372567042,-3.678092981168621,-1.9258440914610253,1.3400083563894525,-0.099182553119151,3.966016159885976,-0.4438312502809411,1.3218137438897066
67.0,171.0,129.88369750976562,-0.0385790505121479,2.6829151465589978,-4.114800802167872,-3.680258446862143,-1.924409893497719,1.340273682270729,-0.0988903953142273,3.964274155720028,-0.443693939368691,1.324358976709781
67.0,171.0,129.88369750976562,-0.0373377203114786,2.682486630971601,-4.114913017838977,-3.6783634873448783,-1.9265970819780125,1.3403155553342478,-0.099168483249192,3.963433477689972,-0.4450287501643289,1.3241048847555466
67.0,171.0,129.88369750976562,-0.0379180192985064,2.682247815866732,-4.11618169808676,-3.678672127199636,-1.9243215382018104,1.341224665253827,-0.0999942253138913,3.964944788080395,-0.4445476548029366,1.3237704141458422
67.0,171.0,129.88369750976562,-0.0379024272348933,2.681548237319513,-4.1147750510204935,-3.679808883893499,-1.9248620463978097,1.3398379650494014,-0.0992112748296654,3.963017815678836,-0.4424179299426491,1.3233375186841294
67.0,171.0,129.88369750976562,-0.0386119900478477,2.682502921158186,-4.115330536104988,-3.67922120648243,-1.924454899099244,1.3398214621333258,-0.0993185791376466,3.963886887649888,-0.4432911272000954,1.323338099550023
67.0,171.0,129.88369750976562,-0.0382477403859779,2.68273101332882,-4.115921932644253,-3.677978964649831,-1.924749009834854,1.3417441945558162,-0.0989616560098664,3.9650317801400976,-0.4436610931860999,1.3237025486479133
67.0,171.0,129.88369750976562,-0.0368336824364338,2.6826832487827823,-4.114591204394081,-3.678575812548972,-1.925641460409574,1.3405690717413157,-0.0993023327242637,3.963040004737601,-0.4453726377459595,1.3228519700821009
67.0,171.0,129.88369750976562,-0.0368682580867013,2.6829220535883818,-4.115330151241876,-3.6800847775118006,-1.924143475813016,1.3403634962947215,-0.0977891263415146,3.964305456688996,-0.4434524361281761,1.323232495747224
67.0,171.0,129.88369750976562,-0.0385555590400413,2.682332051900679,-4.11561887003485,-3.678886500882304,-1.9246899936591084,1.339812599810698,-0.0990985889591814,3.964719517917539,-0.4435134565679196,1.3239478618172835
67.0,171.0,129.88369750976562,-0.0362685215543273,2.6824785535414897,-4.115228802300194,-3.679666890710486,-1.924817154336768,1.3397913112986377,-0.0984104785689082,3.965220519508229,-0.4431274438343454,1.3229101875008091
67.0,171.0,129.88369750976562,-0.0375539125029723,2.683178260371717,-4.114369649219112,-3.679430716965344,-1.9246000535494767,1.3402022966892828,-0.0991060381317665,3.964045450719317,-0.4435850165156397,1.3232991003993002
67.0,171.0,129.8837127685547,-0.0377462765827165,2.682754760261481,-4.116597352360581,-3.6779847629580704,-1.9229277577136537,1.3396366035122156,-0.099180540659422,3.9640289350007456,-0.4424196705885159,1.322401396617004
67.0,171.0,129.8837127685547,-0.0384557015208323,2.682627415337113,-4.1123587635104615,-3.680209406948144,-1.9237014243757844,1.34270171189778,-0.0991206517234278,3.9639897608437753,-0.4421421290146739,1.3241146792666707
67.0,171.0,129.88369750976562,-0.0391015901040685,2.6832066369908216,-4.11469770047713,-3.680059309122311,-1.9260168474946973,1.3411719572718803,-0.0990887163406583,3.963894911594921,-0.4433537251091182,1.3222977704533132
67.0,171.0,129.88369750976562,-0.0371238674580442,2.6828863163114574,-4.116450644235016,-3.678852193219088,-1.9245006772364748,1.340853961483298,-0.1003745299408251,3.96483297132265,-0.4438758320633198,1.32253467512871
67.0,171.0,129.88369750976562,-0.0387529514039979,2.682332987600346,-4.114907536737543,-3.6795098013530296,-1.9263257462158496,1.3407473142017434,-0.0999818312495976,3.964815872089346,-0.4437279455012012,1.3221885533632094
67.0,171.0,129.88369750976562,-0.0385026246801999,2.681902136710416,-4.116577281202409,-3.680540846948508,-1.92433206385908,1.3402460540770993,-0.099126385258616,3.9633692913641982,-0.4437405342625667,1.3232985721522927
67.0,172.0,129.88369750976562,-0.0372763731490363,2.6826167704504225,-4.114823442455658,-3.6783468022659607,-1.9261520268860424,1.3403612303406105,-0.0998002543669788,3.963755631935773,-0.4432836224847902,1.323920551784124
67.0,172.0,129.88369750976562,-0.0386144815276365,2.682602177420531,-4.114692785083619,-3.6782825809630206,-1.925857278402108,1.3408475275948784,-0.0997619686173913,3.964034353113425,-0.4420803106852294,1.323383683790692
67.0,172.0,129.88369750976562,-0.0384255196221009,2.6828457518910365,-4.115229419906435,-3.678280070499364,-1.9241863635424368,1.340197132733122,-0.0989346872452995,3.965045366748188,-0.4436973324717846,1.3237061726352286
67.0,172.0,129.88369750976562,-0.0374477628801099,2.682657028303648,-4.114838900894199,-3.678870043592088,-1.9251837276112644,1.3405201841317955,-0.0987901150784344,3.964675583138253,-0.4423633760043502,1.3238448057713843
67.0,172.0,129.88369750976562,-0.0382635524696136,2.682419967614642,-4.114786126384205,-3.679311634560755,-1.925978686292598,1.3411333845684037,-0.0987597980305496,3.9641414728433215,-0.4424791061193618,1.320928414315454
67.0,172.0,129.88369750976562,-0.0384394284723971,2.682975909148543,-4.114785849651962,-3.679239009035948,-1.9244454601702328,1.3399968271028857,-0.0992974966139006,3.9634126109169294,-0.4438348749963561,1.323728487499586
67.0,172.0,129.88369750976562,-0.0375151009923383,2.6815405326175563,-4.11492126820321,-3.678696413336605,-1.9248538354858755,1.3399425126041962,-0.0987835979778907,3.963714046279793,-0.4446811609730565,1.323395357397754
67.0,172.0,129.88369750976562,-0.0377454066103169,2.6825043046280004,-4.114788089707397,-3.679652743106941,-1.9244710726958925,1.340134709603629,-0.1004671214614538,3.9636188560680137,-0.4424447477359667,1.3231665976907154
67.0,172.0,129.8837127685547,-0.0362652747973755,2.6823901769844523,-4.116293217939296,-3.6782962831329993,-1.928995849366236,1.3427363674667676,-0.0986275656262325,3.964030074260883,-0.444997731679174,1.3229369289227255
67.0,172.0,129.88369750976562,-0.0383554438796345,2.6837078456050074,-4.1148397309375175,-3.6796427651577615,-1.925935618093105,1.3413987342605571,-0.0995517511654577,3.963735392106942,-0.4447510661004394,1.3223569690262462
67.0,172.0,129.88369750976562,-0.0374471514184957,2.6830290313127803,-4.114093649499316,-3.679834210451842,-1.924097479454128,1.3403730799535918,-0.0989693227775162,3.9646815998637,-0.4441470635204132,1.3235251103658887
67.0,172.0,129.88369750976562,-0.0382710782515905,2.682893249029939,-4.115279657961465,-3.6792257495786993,-1.924598940320268,1.340114582927606,-0.0982937747407807,3.963413311773425,-0.4438361054294831,1.3238186492275428
67.0,172.0,129.88369750976562,-0.0386767940782647,2.6825724445294745,-4.114978013222114,-3.6803825219341575,-1.925471672712967,1.340026883894302,-0.1000383970307691,3.965015974768844,-0.4424138905121658,1.3231790020943524
67.0,172.0,129.88369750976562,-0.0386743878574695,2.682514171969066,-4.114506661615946,-3.679438333994672,-1.9243521442453364,1.339783745789752,-0.0992489063510318,3.963839175972056,-0.4434921678817331,1.3240327725928551
67.0,172.0,129.8837127685547,-0.0381877718237811,2.681269931177165,-4.115189659054024,-3.682085768835373,-1.9230510096111444,1.3398880451910875,-0.1009314762252844,3.963350996410638,-0.4439422476527043,1.324298345464992
67.0,172.0,129.88369750976562,-0.038409736125438,2.683223324443615,-4.114847609240932,-3.679415568245977,-1.9254956460903945,1.339956890140793,-0.0993767820110977,3.96545346379171,-0.4440833734044859,1.3235641918682983
67.0,172.0,129.88369750976562,-0.0365283721779428,2.6821798842695697,-4.11603441881068,-3.679486054107372,-1.9251379515389608,1.3405617104052885,-0.1002226474128503,3.96390962240616,-0.4420402715724512,1.3236767237550735
67.0,172.0,129.8837127685547,-0.0365358024724783,2.6818681070312835,-4.112865976977184,-3.679602687252389,-1.924349351054988,1.3402820676057443,-0.1018320141376777,3.9651600061539054,-0.4432204102345752,1.3243243450746875
67.0,172.0,129.88369750976562,-0.0383216637770437,2.6825741157856324,-4.114967170153109,-3.6780063208760607,-1.924454085840296,1.3404595116488414,-0.099584917212826,3.9638032536282113,-0.4437830930453497,1.3237113962040006
67.0,172.0,129.88369750976562,-0.0379767604336877,2.680744641094622,-4.114477853527157,-3.6801701846835897,-1.924400799866619,1.3404674448137248,-0.0999418297218291,3.9646977554076215,-0.4444012423801128,1.3236911002911962
67.0,172.0,129.8837127685547,-0.0394642453231005,2.6822165907899134,-4.114074645352336,-3.6799137978066345,-1.9238931671670203,1.3420153525299825,-0.0998143531951303,3.9629751126011934,-0.4443550203742832,1.3235550677799133
67.0,172.0,129.88369750976562,-0.0383148729229902,2.6832796999404445,-4.116294179060572,-3.6793979513078847,-1.9250865185851764,1.340689295518906,-0.0983386555168854,3.963023765613142,-0.4436402091529069,1.323783064095721
67.0,172.0,129.88369750976562,-0.0379627504806742,2.6821752792535305,-4.115112653936806,-3.679108163981376,-1.9271989799946387,1.3404670547282131,-0.0989285936155462,3.963762776092248,-0.4436037889685726,1.3234545198064809
67.0,172.0,129.88369750976562,-0.0392187524807247,2.683054261908589,-4.114922136147859,-3.6795777604845856,-1.925288325593142,1.3412020927009516,-0.0999221139832497,3.9638507441902,-0.4441360716815598,1.3240769948011513
67.0,172.0,129.88369750976562,-0.0383849644671473,2.6829565493324656,-4.1152425670406885,-3.679085536259625,-1.9245625020625792,1.3398362901102925,-0.0989136901687004,3.964908554644228,-0.4445902552466633,1.3237140521602766
67.0,172.0,129.88369750976562,-0.0381150873514049,2.682542042709517,-4.114430642239843,-3.678878579382245,-1.9244999050184943,1.3406975087022637,-0.0999938618507068,3.963198803446204,-0.4438787615061223,1.3237429493033557
67.0,172.0,129.8837127685547,-0.0393439610213545,2.6830619422745308,-4.114604043222708,-3.680368689308013,-1.9229080885171144,1.340185094365083,-0.099360564882717,3.963476834582344,-0.4430568216979387,1.320904571426344
67.0,172.0,129.88369750976562,-0.0370319986549597,2.682141311654721,-4.11568919640137,-3.679601765843594,-1.9250876999733395,1.3398228311447469,-0.1004837490685165,3.964237534852891,-0.442657322459007,1.323574800022745
67.0,172.0,129.88369750976562,-0.0370807272260081,2.68264859514898,-4.115168223632826,-3.678252415128613,-1.9239598296335736,1.3405486072531194,-0.098422161926668,3.964345449074509,-0.4430919035377933,1.32368118639016
67.0,172.0,129.88369750976562,-0.0371588517049898,2.6805734538012,-4.114829362922763,-3.680286246949066,-1.92656536943232,1.339947151786356,-0.0988547495593402,3.9637048782995135,-0.4439045648392518,1.323849355521426
67.0,172.0,129.88369750976562,-0.0375504977495809,2.682280533818246,-4.115233018272244,-3.679761393898062,-1.925012808213688,1.3408448440508045,-0.0991535257406458,3.963799535448471,-0.4426996479812786,1.32341862225405
67.0,172.0,129.8837127685547,-0.0353928620126881,2.684844982485186,-4.114734682919397,-3.6814192467957407,-1.9241976470811808,1.3403668723367224,-0.1000266563011459,3.964715904633412,-0.4442067176368913,1.324261404745758
67.0,172.0,129.88369750976562,-0.0375050067521598,2.682394795215691,-4.114718372567042,-3.678092981168621,-1.9258440914610253,1.3400083563894525,-0.099182553119151,3.966016159885976,-0.4438312502809411,1.3218137438897066
67.0,172.0,129.88369750976562,-0.0385790505121479,2.6829151465589978,-4.114800802167872,-3.680258446862143,-1.924409893497719,1.340273682270729,-0.0988903953142273,3.964274155720028,-0.443693939368691,1.324358976709781
67.0,172.0,129.88369750976562,-0.0373377203114786,2.682486630971601,-4.114913017838977,-3.6783634873448783,-1.9265970819780125,1.3403155553342478,-0.099168483249192,3.963433477689972,-0.4450287501643289,1.3241048847555466
67.0,172.0,129.88369750976562,-0.0379180192985064,2.682247815866732,-4.11618169808676,-3.678672127199636,-1.9243215382018104,1.341224665253827,-0.0999942253138913,3.964944788080395,-0.4445476548029366,1.3237704141458422
67.0,172.0,129.88369750976562,-0.0379024272348933,2.681548237319513,-4.1147750510204935,-3.679808883893499,-1.9248620463978097,1.3398379650494014,-0.0992112748296654,3.963017815678836,-0.4424179299426491,1.3233375186841294
67.0,172.0,129.88369750976562,-0.0386119900478477,2.682502921158186,-4.115330536104988,-3.67922120648243,-1.924454899099244,1.3398214621333258,-0.0993185791376466,3.963886887649888,-0.4432911272000954,1.323338099550023
67.0,172.0,129.88369750976562,-0.0382477403859779,2.68273101332882,-4.115921932644253,-3.677978964649831,-1.924749009834854,1.3417441945558162,-0.0989616560098664,3.9650317801400976,-0.4436610931860999,1.3237025486479133
67.0,172.0,129.88369750976562,-0.0368336824364338,2.6826832487827823,-4.114591204394081,-3.678575812548972,-1.925641460409574,1.3405690717413157,-0.0993023327242637,3.963040004737601,-0.4453726377459595,1.3228519700821009
67.0,172.0,129.88369750976562,-0.0368682580867013,2.6829220535883818,-4.115330151241876,-3.6800847775118006,-1.924143475813016,1.3403634962947215,-0.0977891263415146,3.964305456688996,-0.4434524361281761,1.323232495747224
67.0,172.0,129.88369750976562,-0.0385555590400413,2.682332051900679,-4.11561887003485,-3.678886500882304,-1.9246899936591084,1.339812599810698,-0.0990985889591814,3.964719517917539,-0.4435134565679196,1.3239478618172835
67.0,172.0,129.88369750976562,-0.0362685215543273,2.6824785535414897,-4.115228802300194,-3.679666890710486,-1.924817154336768,1.3397913112986377,-0.0984104785689082,3.965220519508229,-0.4431274438343454,1.3229101875008091
67.0,172.0,129.88369750976562,-0.0375539125029723,2.683178260371717,-4.114369649219112,-3.679430716965344,-1.9246000535494767,1.3402022966892828,-0.0991060381317665,3.964045450719317,-0.4435850165156397,1.3232991003993002
67.0,172.0,129.8837127685547,-0.0377462765827165,2.682754760261481,-4.116597352360581,-3.6779847629580704,-1.9229277577136537,1.3396366035122156,-0.099180540659422,3.9640289350007456,-0.4424196705885159,1.322401396617004
67.0,172.0,129.8837127685547,-0.0384557015208323,2.682627415337113,-4.1123587635104615,-3.680209406948144,-1.9237014243757844,1.34270171189778,-0.0991206517234278,3.9639897608437753,-0.4421421290146739,1.3241146792666707
67.0,172.0,129.88369750976562,-0.0391015901040685,2.6832066369908216,-4.11469770047713,-3.680059309122311,-1.9260168474946973,1.3411719572718803,-0.0990887163406583,3.963894911594921,-0.4433537251091182,1.3222977704533132
67.0,172.0,129.88369750976562,-0.0371238674580442,2.6828863163114574,-4.116450644235016,-3.678852193219088,-1.9245006772364748,1.340853961483298,-0.1003745299408251,3.96483297132265,-0.4438758320633198,1.32253467512871
67.0,172.0,129.88369750976562,-0.0387529514039979,2.682332987600346,-4.114907536737543,-3.6795098013530296,-1.9263257462158496,1.3407473142017434,-0.0999818312495976,3.964815872089346,-0.4437279455012012,1.3221885533632094
67.0,172.0,129.88369750976562,-0.0385026246801999,2.681902136710416,-4.116577281202409,-3.680540846948508,-1.92433206385908,1.3402460540770993,-0.099126385258616,3.9633692913641982,-0.4437405342625667,1.3232985721522927
67.0,173.0,129.88369750976562,-0.0372763731490363,2.6826167704504225,-4.114823442455658,-3.6783468022659607,-1.9261520268860424,1.3403612303406105,-0.0998002543669788,3.963755631935773,-0.4432836224847902,1.323920551784124
67.0,173.0,129.88369750976562,-0.0386144815276365,2.682602177420531,-4.114692785083619,-3.6782825809630206,-1.925857278402108,1.3408475275948784,-0.0997619686173913,3.964034353113425,-0.4420803106852294,1.323383683790692
67.0,173.0,129.88369750976562,-0.0384255196221009,2.6828457518910365,-4.115229419906435,-3.678280070499364,-1.9241863635424368,1.340197132733122,-0.0989346872452995,3.965045366748188,-0.4436973324717846,1.3237061726352286
67.0,173.0,129.88369750976562,-0.0374477628801099,2.682657028303648,-4.114838900894199,-3.678870043592088,-1.9251837276112644,1.3405201841317955,-0.0987901150784344,3.964675583138253,-0.4423633760043502,1.3238448057713843
67.0,173.0,129.88369750976562,-0.0382635524696136,2.682419967614642,-4.114786126384205,-3.679311634560755,-1.925978686292598,1.3411333845684037,-0.0987597980305496,3.9641414728433215,-0.4424791061193618,1.320928414315454
67.0,173.0,129.88369750976562,-0.0384394284723971,2.682975909148543,-4.114785849651962,-3.679239009035948,-1.9244454601702328,1.3399968271028857,-0.0992974966139006,3.9634126109169294,-0.4438348749963561,1.323728487499586
67.0,173.0,129.88369750976562,-0.0375151009923383,2.6815405326175563,-4.11492126820321,-3.678696413336605,-1.9248538354858755,1.3399425126041962,-0.0987835979778907,3.963714046279793,-0.4446811609730565,1.323395357397754
67.0,173.0,129.88369750976562,-0.0377454066103169,2.6825043046280004,-4.114788089707397,-3.679652743106941,-1.9244710726958925,1.340134709603629,-0.1004671214614538,3.9636188560680137,-0.4424447477359667,1.3231665976907154
67.0,173.0,129.8837127685547,-0.0362652747973755,2.6823901769844523,-4.116293217939296,-3.6782962831329993,-1.928995849366236,1.3427363674667676,-0.0986275656262325,3.964030074260883,-0.444997731679174,1.3229369289227255
67.0,173.0,129.88369750976562,-0.0383554438796345,2.6837078456050074,-4.1148397309375175,-3.6796427651577615,-1.925935618093105,1.3413987342605571,-0.0995517511654577,3.963735392106942,-0.4447510661004394,1.3223569690262462
67.0,173.0,129.88369750976562,-0.0374471514184957,2.6830290313127803,-4.114093649499316,-3.679834210451842,-1.924097479454128,1.3403730799535918,-0.0989693227775162,3.9646815998637,-0.4441470635204132,1.3235251103658887
67.0,173.0,129.88369750976562,-0.0382710782515905,2.682893249029939,-4.115279657961465,-3.6792257495786993,-1.924598940320268,1.340114582927606,-0.0982937747407807,3.963413311773425,-0.4438361054294831,1.3238186492275428
67.0,173.0,129.88369750976562,-0.0386767940782647,2.6825724445294745,-4.114978013222114,-3.6803825219341575,-1.925471672712967,1.340026883894302,-0.1000383970307691,3.965015974768844,-0.4424138905121658,1.3231790020943524
67.0,173.0,129.88369750976562,-0.0386743878574695,2.682514171969066,-4.114506661615946,-3.679438333994672,-1.9243521442453364,1.339783745789752,-0.0992489063510318,3.963839175972056,-0.4434921678817331,1.3240327725928551
67.0,173.0,129.8837127685547,-0.0381877718237811,2.681269931177165,-4.115189659054024,-3.682085768835373,-1.9230510096111444,1.3398880451910875,-0.1009314762252844,3.963350996410638,-0.4439422476527043,1.324298345464992
67.0,173.0,129.88369750976562,-0.038409736125438,2.683223324443615,-4.114847609240932,-3.679415568245977,-1.9254956460903945,1.339956890140793,-0.0993767820110977,3.96545346379171,-0.4440833734044859,1.3235641918682983
67.0,173.0,129.88369750976562,-0.0365283721779428,2.6821798842695697,-4.11603441881068,-3.679486054107372,-1.9251379515389608,1.3405617104052885,-0.1002226474128503,3.96390962240616,-0.4420402715724512,1.3236767237550735
67.0,173.0,129.8837127685547,-0.0365358024724783,2.6818681070312835,-4.112865976977184,-3.679602687252389,-1.924349351054988,1.3402820676057443,-0.1018320141376777,3.9651600061539054,-0.4432204102345752,1.3243243450746875
67.0,173.0,129.88369750976562,-0.0383216637770437,2.6825741157856324,-4.114967170153109,-3.6780063208760607,-1.924454085840296,1.3404595116488414,-0.099584917212826,3.9638032536282113,-0.4437830930453497,1.3237113962040006
67.0,173.0,129.88369750976562,-0.0379767604336877,2.680744641094622,-4.114477853527157,-3.6801701846835897,-1.924400799866619,1.3404674448137248,-0.0999418297218291,3.9646977554076215,-0.4444012423801128,1.3236911002911962
67.0,173.0,129.8837127685547,-0.0394642453231005,2.6822165907899134,-4.114074645352336,-3.6799137978066345,-1.9238931671670203,1.3420153525299825,-0.0998143531951303,3.9629751126011934,-0.4443550203742832,1.3235550677799133
67.0,173.0,129.88369750976562,-0.0383148729229902,2.6832796999404445,-4.116294179060572,-3.6793979513078847,-1.9250865185851764,1.340689295518906,-0.0983386555168854,3.963023765613142,-0.4436402091529069,1.323783064095721
67.0,173.0,129.88369750976562,-0.0379627504806742,2.6821752792535305,-4.115112653936806,-3.679108163981376,-1.9271989799946387,1.3404670547282131,-0.0989285936155462,3.963762776092248,-0.4436037889685726,1.3234545198064809
67.0,173.0,129.88369750976562,-0.0392187524807247,2.683054261908589,-4.114922136147859,-3.6795777604845856,-1.925288325593142,1.3412020927009516,-0.0999221139832497,3.9638507441902,-0.4441360716815598,1.3240769948011513
67.0,173.0,129.88369750976562,-0.0383849644671473,2.6829565493324656,-4.1152425670406885,-3.679085536259625,-1.9245625020625792,1.3398362901102925,-0.0989136901687004,3.964908554644228,-0.4445902552466633,1.3237140521602766
67.0,173.0,129.88369750976562,-0.0381150873514049,2.682542042709517,-4.114430642239843,-3.678878579382245,-1.9244999050184943,1.3406975087022637,-0.0999938618507068,3.963198803446204,-0.4438787615061223,1.3237429493033557
67.0,173.0,129.8837127685547,-0.0393439610213545,2.6830619422745308,-4.114604043222708,-3.680368689308013,-1.9229080885171144,1.340185094365083,-0.099360564882717,3.963476834582344,-0.4430568216979387,1.320904571426344
67.0,173.0,129.88369750976562,-0.0370319986549597,2.682141311654721,-4.11568919640137,-3.679601765843594,-1.9250876999733395,1.3398228311447469,-0.1004837490685165,3.964237534852891,-0.442657322459007,1.323574800022745
67.0,173.0,129.88369750976562,-0.0370807272260081,2.68264859514898,-4.115168223632826,-3.678252415128613,-1.9239598296335736,1.3405486072531194,-0.098422161926668,3.964345449074509,-0.4430919035377933,1.32368118639016
67.0,173.0,129.88369750976562,-0.0371588517049898,2.6805734538012,-4.114829362922763,-3.680286246949066,-1.92656536943232,1.339947151786356,-0.0988547495593402,3.9637048782995135,-0.4439045648392518,1.323849355521426
67.0,173.0,129.88369750976562,-0.0375504977495809,2.682280533818246,-4.115233018272244,-3.679761393898062,-1.925012808213688,1.3408448440508045,-0.0991535257406458,3.963799535448471,-0.4426996479812786,1.32341862225405
67.0,173.0,129.8837127685547,-0.0353928620126881,2.684844982485186,-4.114734682919397,-3.6814192467957407,-1.9241976470811808,1.3403668723367224,-0.1000266563011459,3.964715904633412,-0.4442067176368913,1.324261404745758
67.0,173.0,129.88369750976562,-0.0375050067521598,2.682394795215691,-4.114718372567042,-3.678092981168621,-1.9258440914610253,1.3400083563894525,-0.099182553119151,3.966016159885976,-0.4438312502809411,1.3218137438897066
67.0,173.0,129.88369750976562,-0.0385790505121479,2.6829151465589978,-4.114800802167872,-3.680258446862143,-1.924409893497719,1.340273682270729,-0.0988903953142273,3.964274155720028,-0.443693939368691,1.324358976709781
67.0,173.0,129.88369750976562,-0.0373377203114786,2.682486630971601,-4.114913017838977,-3.6783634873448783,-1.9265970819780125,1.3403155553342478,-0.099168483249192,3.963433477689972,-0.4450287501643289,1.3241048847555466
67.0,173.0,129.88369750976562,-0.0379180192985064,2.682247815866732,-4.11618169808676,-3.678672127199636,-1.9243215382018104,1.341224665253827,-0.0999942253138913,3.964944788080395,-0.4445476548029366,1.3237704141458422
67.0,173.0,129.88369750976562,-0.0379024272348933,2.681548237319513,-4.1147750510204935,-3.679808883893499,-1.9248620463978097,1.3398379650494014,-0.0992112748296654,3.963017815678836,-0.4424179299426491,1.3233375186841294
67.0,173.0,129.88369750976562,-0.0386119900478477,2.682502921158186,-4.115330536104988,-3.67922120648243,-1.924454899099244,1.3398214621333258,-0.0993185791376466,3.963886887649888,-0.4432911272000954,1.323338099550023
67.0,173.0,129.88369750976562,-0.0382477403859779,2.68273101332882,-4.115921932644253,-3.677978964649831,-1.924749009834854,1.3417441945558162,-0.0989616560098664,3.9650317801400976,-0.4436610931860999,1.3237025486479133
67.0,173.0,129.88369750976562,-0.0368336824364338,2.6826832487827823,-4.114591204394081,-3.678575812548972,-1.925641460409574,1.3405690717413157,-0.0993023327242637,3.963040004737601,-0.4453726377459595,1.3228519700821009
67.0,173.0,129.88369750976562,-0.0368682580867013,2.6829220535883818,-4.115330151241876,-3.6800847775118006,-1.924143475813016,1.3403634962947215,-0.0977891263415146,3.964305456688996,-0.4434524361281761,1.323232495747224
67.0,173.0,129.88369750976562,-0.0385555590400413,2.682332051900679,-4.11561887003485,-3.678886500882304,-1.9246899936591084,1.339812599810698,-0.0990985889591814,3.964719517917539,-0.4435134565679196,1.3239478618172835
67.0,173.0,129.88369750976562,-0.0362685215543273,2.6824785535414897,-4.115228802300194,-3.679666890710486,-1.924817154336768,1.3397913112986377,-0.0984104785689082,3.965220519508229,-0.4431274438343454,1.3229101875008091
67.0,173.0,129.88369750976562,-0.0375539125029723,2.683178260371717,-4.114369649219112,-3.679430716965344,-1.9246000535494767,1.3402022966892828,-0.0991060381317665,3.964045450719317,-0.4435850165156397,1.3232991003993002
67.0,173.0,129.8837127685547,-0.0377462765827165,2.682754760261481,-4.116597352360581,-3.6779847629580704,-1.9229277577136537,1.3396366035122156,-0.099180540659422,3.9640289350007456,-0.4424196705885159,1.322401396617004
67.0,173.0,129.8837127685547,-0.0384557015208323,2.682627415337113,-4.1123587635104615,-3.680209406948144,-1.9237014243757844,1.34270171189778,-0.0991206517234278,3.9639897608437753,-0.4421421290146739,1.3241146792666707
67.0,173.0,129.88369750976562,-0.0391015901040685,2.6832066369908216,-4.11469770047713,-3.680059309122311,-1.9260168474946973,1.3411719572718803,-0.0990887163406583,3.963894911594921,-0.4433537251091182,1.3222977704533132
67.0,173.0,129.88369750976562,-0.0371238674580442,2.6828863163114574,-4.116450644235016,-3.678852193219088,-1.9245006772364748,1.340853961483298,-0.1003745299408251,3.96483297132265,-0.4438758320633198,1.32253467512871
67.0,173.0,129.88369750976562,-0.0387529514039979,2.682332987600346,-4.114907536737543,-3.6795098013530296,-1.9263257462158496,1.3407473142017434,-0.0999818312495976,3.964815872089346,-0.4437279455012012,1.3221885533632094
67.0,173.0,129.88369750976562,-0.0385026246801999,2.681902136710416,-4.116577281202409,-3.680540846948508,-1.92433206385908,1.3402460540770993,-0.099126385258616,3.9633692913641982,-0.4437405342625667,1.3232985721522927
67.0,174.0,129.88369750976562,-0.0372763731490363,2.6826167704504225,-4.114823442455658,-3.6783468022659607,-1.9261520268860424,1.3403612303406105,-0.0998002543669788,3.963755631935773,-0.4432836224847902,1.323920551784124
67.0,174.0,129.88369750976562,-0.0386144815276365,2.682602177420531,-4.114692785083619,-3.6782825809630206,-1.925857278402108,1.3408475275948784,-0.0997619686173913,3.964034353113425,-0.4420803106852294,1.323383683790692
67.0,174.0,129.88369750976562,-0.0384255196221009,2.6828457518910365,-4.115229419906435,-3.678280070499364,-1.9241863635424368,1.340197132733122,-0.0989346872452995,3.965045366748188,-0.4436973324717846,1.3237061726352286
67.0,174.0,129.88369750976562,-0.0374477628801099,2.682657028303648,-4.114838900894199,-3.678870043592088,-1.9251837276112644,1.3405201841317955,-0.0987901150784344,3.964675583138253,-0.4423633760043502,1.3238448057713843
67.0,174.0,129.88369750976562,-0.0382635524696136,2.682419967614642,-4.114786126384205,-3.679311634560755,-1.925978686292598,1.3411333845684037,-0.0987597980305496,3.9641414728433215,-0.4424791061193618,1.320928414315454
67.0,174.0,129.88369750976562,-0.0384394284723971,2.682975909148543,-4.114785849651962,-3.679239009035948,-1.9244454601702328,1.3399968271028857,-0.0992974966139006,3.9634126109169294,-0.4438348749963561,1.323728487499586
67.0,174.0,129.88369750976562,-0.0375151009923383,2.6815405326175563,-4.11492126820321,-3.678696413336605,-1.9248538354858755,1.3399425126041962,-0.0987835979778907,3.963714046279793,-0.4446811609730565,1.323395357397754
67.0,174.0,129.88369750976562,-0.0377454066103169,2.6825043046280004,-4.114788089707397,-3.679652743106941,-1.9244710726958925,1.340134709603629,-0.1004671214614538,3.9636188560680137,-0.4424447477359667,1.3231665976907154
67.0,174.0,129.8837127685547,-0.0362652747973755,2.6823901769844523,-4.116293217939296,-3.6782962831329993,-1.928995849366236,1.3427363674667676,-0.0986275656262325,3.964030074260883,-0.444997731679174,1.3229369289227255
67.0,174.0,129.88369750976562,-0.0383554438796345,2.6837078456050074,-4.1148397309375175,-3.6796427651577615,-1.925935618093105,1.3413987342605571,-0.0995517511654577,3.963735392106942,-0.4447510661004394,1.3223569690262462
67.0,174.0,129.88369750976562,-0.0374471514184957,2.6830290313127803,-4.114093649499316,-3.679834210451842,-1.924097479454128,1.3403730799535918,-0.0989693227775162,3.9646815998637,-0.4441470635204132,1.3235251103658887
67.0,174.0,129.88369750976562,-0.0382710782515905,2.682893249029939,-4.115279657961465,-3.6792257495786993,-1.924598940320268,1.340114582927606,-0.0982937747407807,3.963413311773425,-0.4438361054294831,1.3238186492275428
67.0,174.0,129.88369750976562,-0.0386767940782647,2.6825724445294745,-4.114978013222114,-3.6803825219341575,-1.925471672712967,1.340026883894302,-0.1000383970307691,3.965015974768844,-0.4424138905121658,1.3231790020943524
67.0,174.0,129.88369750976562,-0.0386743878574695,2.682514171969066,-4.114506661615946,-3.679438333994672,-1.9243521442453364,1.339783745789752,-0.0992489063510318,3.963839175972056,-0.4434921678817331,1.3240327725928551
67.0,174.0,129.8837127685547,-0.0381877718237811,2.681269931177165,-4.115189659054024,-3.682085768835373,-1.9230510096111444,1.3398880451910875,-0.1009314762252844,3.963350996410638,-0.4439422476527043,1.324298345464992
67.0,174.0,129.88369750976562,-0.038409736125438,2.683223324443615,-4.114847609240932,-3.679415568245977,-1.9254956460903945,1.339956890140793,-0.0993767820110977,3.96545346379171,-0.4440833734044859,1.3235641918682983
67.0,174.0,129.88369750976562,-0.0365283721779428,2.6821798842695697,-4.11603441881068,-3.679486054107372,-1.9251379515389608,1.3405617104052885,-0.1002226474128503,3.96390962240616,-0.4420402715724512,1.3236767237550735
67.0,174.0,129.8837127685547,-0.0365358024724783,2.6818681070312835,-4.112865976977184,-3.679602687252389,-1.924349351054988,1.3402820676057443,-0.1018320141376777,3.9651600061539054,-0.4432204102345752,1.3243243450746875
67.0,174.0,129.88369750976562,-0.0383216637770437,2.6825741157856324,-4.114967170153109,-3.6780063208760607,-1.924454085840296,1.3404595116488414,-0.099584917212826,3.9638032536282113,-0.4437830930453497,1.3237113962040006
67.0,174.0,129.88369750976562,-0.0379767604336877,2.680744641094622,-4.114477853527157,-3.6801701846835897,-1.924400799866619,1.3404674448137248,-0.0999418297218291,3.9646977554076215,-0.4444012423801128,1.3236911002911962
67.0,174.0,129.8837127685547,-0.0394642453231005,2.6822165907899134,-4.114074645352336,-3.6799137978066345,-1.9238931671670203,1.3420153525299825,-0.0998143531951303,3.9629751126011934,-0.4443550203742832,1.3235550677799133
67.0,174.0,129.88369750976562,-0.0383148729229902,2.6832796999404445,-4.116294179060572,-3.6793979513078847,-1.9250865185851764,1.340689295518906,-0.0983386555168854,3.963023765613142,-0.4436402091529069,1.323783064095721
67.0,174.0,129.88369750976562,-0.0379627504806742,2.6821752792535305,-4.115112653936806,-3.679108163981376,-1.9271989799946387,1.3404670547282131,-0.0989285936155462,3.963762776092248,-0.4436037889685726,1.3234545198064809
67.0,174.0,129.88369750976562,-0.0392187524807247,2.683054261908589,-4.114922136147859,-3.6795777604845856,-1.925288325593142,1.3412020927009516,-0.0999221139832497,3.9638507441902,-0.4441360716815598,1.3240769948011513
67.0,174.0,129.88369750976562,-0.0383849644671473,2.6829565493324656,-4.1152425670406885,-3.679085536259625,-1.9245625020625792,1.3398362901102925,-0.0989136901687004,3.964908554644228,-0.4445902552466633,1.3237140521602766
67.0,174.0,129.88369750976562,-0.0381150873514049,2.682542042709517,-4.114430642239843,-3.678878579382245,-1.9244999050184943,1.3406975087022637,-0.0999938618507068,3.963198803446204,-0.4438787615061223,1.3237429493033557
67.0,174.0,129.8837127685547,-0.0393439610213545,2.6830619422745308,-4.114604043222708,-3.680368689308013,-1.9229080885171144,1.340185094365083,-0.099360564882717,3.963476834582344,-0.4430568216979387,1.320904571426344
67.0,174.0,129.88369750976562,-0.0370319986549597,2.682141311654721,-4.11568919640137,-3.679601765843594,-1.9250876999733395,1.3398228311447469,-0.1004837490685165,3.964237534852891,-0.442657322459007,1.323574800022745
67.0,174.0,129.88369750976562,-0.0370807272260081,2.68264859514898,-4.115168223632826,-3.678252415128613,-1.9239598296335736,1.3405486072531194,-0.098422161926668,3.964345449074509,-0.4430919035377933,1.32368118639016
67.0,174.0,129.88369750976562,-0.0371588517049898,2.6805734538012,-4.114829362922763,-3.680286246949066,-1.92656536943232,1.339947151786356,-0.0988547495593402,3.9637048782995135,-0.4439045648392518,1.323849355521426
67.0,174.0,129.88369750976562,-0.0375504977495809,2.682280533818246,-4.115233018272244,-3.679761393898062,-1.925012808213688,1.3408448440508045,-0.0991535257406458,3.963799535448471,-0.4426996479812786,1.32341862225405
67.0,174.0,129.8837127685547,-0.0353928620126881,2.684844982485186,-4.114734682919397,-3.6814192467957407,-1.9241976470811808,1.3403668723367224,-0.1000266563011459,3.964715904633412,-0.4442067176368913,1.324261404745758
67.0,174.0,129.88369750976562,-0.0375050067521598,2.682394795215691,-4.114718372567042,-3.678092981168621,-1.9258440914610253,1.3400083563894525,-0.099182553119151,3.966016159885976,-0.4438312502809411,1.3218137438897066
67.0,174.0,129.88369750976562,-0.0385790505121479,2.6829151465589978,-4.114800802167872,-3.680258446862143,-1.924409893497719,1.340273682270729,-0.0988903953142273,3.964274155720028,-0.443693939368691,1.324358976709781
67.0,174.0,129.88369750976562,-0.0373377203114786,2.682486630971601,-4.114913017838977,-3.6783634873448783,-1.9265970819780125,1.3403155553342478,-0.099168483249192,3.963433477689972,-0.4450287501643289,1.3241048847555466
67.0,174.0,129.88369750976562,-0.0379180192985064,2.682247815866732,-4.11618169808676,-3.678672127199636,-1.9243215382018104,1.341224665253827,-0.0999942253138913,3.964944788080395,-0.4445476548029366,1.3237704141458422
67.0,174.0,129.88369750976562,-0.0379024272348933,2.681548237319513,-4.1147750510204935,-3.679808883893499,-1.9248620463978097,1.3398379650494014,-0.0992112748296654,3.963017815678836,-0.4424179299426491,1.3233375186841294
67.0,174.0,129.88369750976562,-0.0386119900478477,2.682502921158186,-4.115330536104988,-3.67922120648243,-1.924454899099244,1.3398214621333258,-0.0993185791376466,3.963886887649888,-0.4432911272000954,1.323338099550023
67.0,174.0,129.88369750976562,-0.0382477403859779,2.68273101332882,-4.115921932644253,-3.677978964649831,-1.924749009834854,1.3417441945558162,-0.0989616560098664,3.9650317801400976,-0.4436610931860999,1.3237025486479133
67.0,174.0,129.88369750976562,-0.0368336824364338,2.6826832487827823,-4.114591204394081,-3.678575812548972,-1.925641460409574,1.3405690717413157,-0.0993023327242637,3.963040004737601,-0.4453726377459595,1.3228519700821009
67.0,174.0,129.88369750976562,-0.0368682580867013,2.6829220535883818,-4.115330151241876,-3.6800847775118006,-1.924143475813016,1.3403634962947215,-0.0977891263415146,3.964305456688996,-0.4434524361281761,1.323232495747224
67.0,174.0,129.88369750976562,-0.0385555590400413,2.682332051900679,-4.11561887003485,-3.678886500882304,-1.9246899936591084,1.339812599810698,-0.0990985889591814,3.964719517917539,-0.4435134565679196,1.3239478618172835
67.0,174.0,129.88369750976562,-0.0362685215543273,2.6824785535414897,-4.115228802300194,-3.679666890710486,-1.924817154336768,1.3397913112986377,-0.0984104785689082,3.965220519508229,-0.4431274438343454,1.3229101875008091
67.0,174.0,129.88369750976562,-0.0375539125029723,2.683178260371717,-4.114369649219112,-3.679430716965344,-1.9246000535494767,1.3402022966892828,-0.0991060381317665,3.964045450719317,-0.4435850165156397,1.3232991003993002
67.0,174.0,129.8837127685547,-0.0377462765827165,2.682754760261481,-4.116597352360581,-3.6779847629580704,-1.9229277577136537,1.3396366035122156,-0.099180540659422,3.9640289350007456,-0.4424196705885159,1.322401396617004
67.0,174.0,129.8837127685547,-0.0384557015208323,2.682627415337113,-4.1123587635104615,-3.680209406948144,-1.9237014243757844,1.34270171189778,-0.0991206517234278,3.9639897608437753,-0.4421421290146739,1.3241146792666707
67.0,174.0,129.88369750976562,-0.0391015901040685,2.6832066369908216,-4.11469770047713,-3.680059309122311,-1.9260168474946973,1.3411719572718803,-0.0990887163406583,3.963894911594921,-0.4433537251091182,1.3222977704533132
67.0,174.0,129.88369750976562,-0.0371238674580442,2.6828863163114574,-4.116450644235016,-3.678852193219088,-1.9245006772364748,1.340853961483298,-0.1003745299408251,3.96483297132265,-0.4438758320633198,1.32253467512871
67.0,174.0,129.88369750976562,-0.0387529514039979,2.682332987600346,-4.114907536737543,-3.6795098013530296,-1.9263257462158496,1.3407473142017434,-0.0999818312495976,3.964815872089346,-0.4437279455012012,1.3221885533632094
67.0,174.0,129.88369750976562,-0.0385026246801999,2.681902136710416,-4.116577281202409,-3.680540846948508,-1.92433206385908,1.3402460540770993,-0.099126385258616,3.9633692913641982,-0.4437405342625667,1.3232985721522927
67.0,175.0,129.88369750976562,-0.0372763731490363,2.6826167704504225,-4.114823442455658,-3.6783468022659607,-1.9261520268860424,1.3403612303406105,-0.0998002543669788,3.963755631935773,-0.4432836224847902,1.323920551784124
67.0,175.0,129.88369750976562,-0.0386144815276365,2.682602177420531,-4.114692785083619,-3.6782825809630206,-1.925857278402108,1.3408475275948784,-0.0997619686173913,3.964034353113425,-0.4420803106852294,1.323383683790692
67.0,175.0,129.88369750976562,-0.0384255196221009,2.6828457518910365,-4.115229419906435,-3.678280070499364,-1.9241863635424368,1.340197132733122,-0.0989346872452995,3.965045366748188,-0.4436973324717846,1.3237061726352286
67.0,175.0,129.88369750976562,-0.0374477628801099,2.682657028303648,-4.114838900894199,-3.678870043592088,-1.9251837276112644,1.3405201841317955,-0.0987901150784344,3.964675583138253,-0.4423633760043502,1.3238448057713843
67.0,175.0,129.88369750976562,-0.0382635524696136,2.682419967614642,-4.114786126384205,-3.679311634560755,-1.925978686292598,1.3411333845684037,-0.0987597980305496,3.9641414728433215,-0.4424791061193618,1.320928414315454
67.0,175.0,129.88369750976562,-0.0384394284723971,2.682975909148543,-4.114785849651962,-3.679239009035948,-1.9244454601702328,1.3399968271028857,-0.0992974966139006,3.9634126109169294,-0.4438348749963561,1.323728487499586
67.0,175.0,129.88369750976562,-0.0375151009923383,2.6815405326175563,-4.11492126820321,-3.678696413336605,-1.9248538354858755,1.3399425126041962,-0.0987835979778907,3.963714046279793,-0.4446811609730565,1.323395357397754
67.0,175.0,129.88369750976562,-0.0377454066103169,2.6825043046280004,-4.114788089707397,-3.679652743106941,-1.9244710726958925,1.340134709603629,-0.1004671214614538,3.9636188560680137,-0.4424447477359667,1.3231665976907154
67.0,175.0,129.8837127685547,-0.0362652747973755,2.6823901769844523,-4.116293217939296,-3.6782962831329993,-1.928995849366236,1.3427363674667676,-0.0986275656262325,3.964030074260883,-0.444997731679174,1.3229369289227255
67.0,175.0,129.88369750976562,-0.0383554438796345,2.6837078456050074,-4.1148397309375175,-3.6796427651577615,-1.925935618093105,1.3413987342605571,-0.0995517511654577,3.963735392106942,-0.4447510661004394,1.3223569690262462
67.0,175.0,129.88369750976562,-0.0374471514184957,2.6830290313127803,-4.114093649499316,-3.679834210451842,-1.924097479454128,1.3403730799535918,-0.0989693227775162,3.9646815998637,-0.4441470635204132,1.3235251103658887
67.0,175.0,129.88369750976562,-0.0382710782515905,2.682893249029939,-4.115279657961465,-3.6792257495786993,-1.924598940320268,1.340114582927606,-0.0982937747407807,3.963413311773425,-0.4438361054294831,1.3238186492275428
67.0,175.0,129.88369750976562,-0.0386767940782647,2.6825724445294745,-4.114978013222114,-3.6803825219341575,-1.925471672712967,1.340026883894302,-0.1000383970307691,3.965015974768844,-0.4424138905121658,1.3231790020943524
67.0,175.0,129.88369750976562,-0.0386743878574695,2.682514171969066,-4.114506661615946,-3.679438333994672,-1.9243521442453364,1.339783745789752,-0.0992489063510318,3.963839175972056,-0.4434921678817331,1.3240327725928551
67.0,175.0,129.8837127685547,-0.0381877718237811,2.681269931177165,-4.115189659054024,-3.682085768835373,-1.9230510096111444,1.3398880451910875,-0.1009314762252844,3.963350996410638,-0.4439422476527043,1.324298345464992
67.0,175.0,129.88369750976562,-0.038409736125438,2.683223324443615,-4.114847609240932,-3.679415568245977,-1.9254956460903945,1.339956890140793,-0.0993767820110977,3.96545346379171,-0.4440833734044859,1.3235641918682983
67.0,175.0,129.88369750976562,-0.0365283721779428,2.6821798842695697,-4.11603441881068,-3.679486054107372,-1.9251379515389608,1.3405617104052885,-0.1002226474128503,3.96390962240616,-0.4420402715724512,1.3236767237550735
67.0,175.0,129.8837127685547,-0.0365358024724783,2.6818681070312835,-4.112865976977184,-3.679602687252389,-1.924349351054988,1.3402820676057443,-0.1018320141376777,3.9651600061539054,-0.4432204102345752,1.3243243450746875
67.0,175.0,129.88369750976562,-0.0383216637770437,2.6825741157856324,-4.114967170153109,-3.6780063208760607,-1.924454085840296,1.3404595116488414,-0.099584917212826,3.9638032536282113,-0.4437830930453497,1.3237113962040006
67.0,175.0,129.88369750976562,-0.0379767604336877,2.680744641094622,-4.114477853527157,-3.6801701846835897,-1.924400799866619,1.3404674448137248,-0.0999418297218291,3.9646977554076215,-0.4444012423801128,1.3236911002911962
67.0,175.0,129.8837127685547,-0.0394642453231005,2.6822165907899134,-4.114074645352336,-3.6799137978066345,-1.9238931671670203,1.3420153525299825,-0.0998143531951303,3.9629751126011934,-0.4443550203742832,1.3235550677799133
67.0,175.0,129.88369750976562,-0.0383148729229902,2.6832796999404445,-4.116294179060572,-3.6793979513078847,-1.9250865185851764,1.340689295518906,-0.0983386555168854,3.963023765613142,-0.4436402091529069,1.323783064095721
67.0,175.0,129.88369750976562,-0.0379627504806742,2.6821752792535305,-4.115112653936806,-3.679108163981376,-1.9271989799946387,1.3404670547282131,-0.0989285936155462,3.963762776092248,-0.4436037889685726,1.3234545198064809
67.0,175.0,129.88369750976562,-0.0392187524807247,2.683054261908589,-4.114922136147859,-3.6795777604845856,-1.925288325593142,1.3412020927009516,-0.0999221139832497,3.9638507441902,-0.4441360716815598,1.3240769948011513
67.0,175.0,129.88369750976562,-0.0383849644671473,2.6829565493324656,-4.1152425670406885,-3.679085536259625,-1.9245625020625792,1.3398362901102925,-0.0989136901687004,3.964908554644228,-0.4445902552466633,1.3237140521602766
67.0,175.0,129.88369750976562,-0.0381150873514049,2.682542042709517,-4.114430642239843,-3.678878579382245,-1.9244999050184943,1.3406975087022637,-0.0999938618507068,3.963198803446204,-0.4438787615061223,1.3237429493033557
67.0,175.0,129.8837127685547,-0.0393439610213545,2.6830619422745308,-4.114604043222708,-3.680368689308013,-1.9229080885171144,1.340185094365083,-0.099360564882717,3.963476834582344,-0.4430568216979387,1.320904571426344
67.0,175.0,129.88369750976562,-0.0370319986549597,2.682141311654721,-4.11568919640137,-3.679601765843594,-1.9250876999733395,1.3398228311447469,-0.1004837490685165,3.964237534852891,-0.442657322459007,1.323574800022745
67.0,175.0,129.88369750976562,-0.0370807272260081,2.68264859514898,-4.115168223632826,-3.678252415128613,-1.9239598296335736,1.3405486072531194,-0.098422161926668,3.964345449074509,-0.4430919035377933,1.32368118639016
67.0,175.0,129.88369750976562,-0.0371588517049898,2.6805734538012,-4.114829362922763,-3.680286246949066,-1.92656536943232,1.339947151786356,-0.0988547495593402,3.9637048782995135,-0.4439045648392518,1.323849355521426
67.0,175.0,129.88369750976562,-0.0375504977495809,2.682280533818246,-4.115233018272244,-3.679761393898062,-1.925012808213688,1.3408448440508045,-0.0991535257406458,3.963799535448471,-0.4426996479812786,1.32341862225405
67.0,175.0,129.8837127685547,-0.0353928620126881,2.684844982485186,-4.114734682919397,-3.6814192467957407,-1.9241976470811808,1.3403668723367224,-0.1000266563011459,3.964715904633412,-0.4442067176368913,1.324261404745758
67.0,175.0,129.88369750976562,-0.0375050067521598,2.682394795215691,-4.114718372567042,-3.678092981168621,-1.9258440914610253,1.3400083563894525,-0.099182553119151,3.966016159885976,-0.4438312502809411,1.3218137438897066
67.0,175.0,129.88369750976562,-0.0385790505121479,2.6829151465589978,-4.114800802167872,-3.680258446862143,-1.924409893497719,1.340273682270729,-0.0988903953142273,3.964274155720028,-0.443693939368691,1.324358976709781
67.0,175.0,129.88369750976562,-0.0373377203114786,2.682486630971601,-4.114913017838977,-3.6783634873448783,-1.9265970819780125,1.3403155553342478,-0.099168483249192,3.963433477689972,-0.4450287501643289,1.3241048847555466
67.0,175.0,129.88369750976562,-0.0379180192985064,2.682247815866732,-4.11618169808676,-3.678672127199636,-1.9243215382018104,1.341224665253827,-0.0999942253138913,3.964944788080395,-0.4445476548029366,1.3237704141458422
67.0,175.0,129.88369750976562,-0.0379024272348933,2.681548237319513,-4.1147750510204935,-3.679808883893499,-1.9248620463978097,1.3398379650494014,-0.0992112748296654,3.963017815678836,-0.4424179299426491,1.3233375186841294
67.0,175.0,129.88369750976562,-0.0386119900478477,2.682502921158186,-4.115330536104988,-3.67922120648243,-1.924454899099244,1.3398214621333258,-0.0993185791376466,3.963886887649888,-0.4432911272000954,1.323338099550023
67.0,175.0,129.88369750976562,-0.0382477403859779,2.68273101332882,-4.115921932644253,-3.677978964649831,-1.924749009834854,1.3417441945558162,-0.0989616560098664,3.9650317801400976,-0.4436610931860999,1.3237025486479133
67.0,175.0,129.88369750976562,-0.0368336824364338,2.6826832487827823,-4.114591204394081,-3.678575812548972,-1.925641460409574,1.3405690717413157,-0.0993023327242637,3.963040004737601,-0.4453726377459595,1.3228519700821009
67.0,175.0,129.88369750976562,-0.0368682580867013,2.6829220535883818,-4.115330151241876,-3.6800847775118006,-1.924143475813016,1.3403634962947215,-0.0977891263415146,3.964305456688996,-0.4434524361281761,1.323232495747224
67.0,175.0,129.88369750976562,-0.0385555590400413,2.682332051900679,-4.11561887003485,-3.678886500882304,-1.9246899936591084,1.339812599810698,-0.0990985889591814,3.964719517917539,-0.4435134565679196,1.3239478618172835
67.0,175.0,129.88369750976562,-0.0362685215543273,2.6824785535414897,-4.115228802300194,-3.679666890710486,-1.924817154336768,1.3397913112986377,-0.0984104785689082,3.965220519508229,-0.4431274438343454,1.3229101875008091
67.0,175.0,129.88369750976562,-0.0375539125029723,2.683178260371717,-4.114369649219112,-3.679430716965344,-1.9246000535494767,1.3402022966892828,-0.0991060381317665,3.964045450719317,-0.4435850165156397,1.3232991003993002
67.0,175.0,129.8837127685547,-0.0377462765827165,2.682754760261481,-4.116597352360581,-3.6779847629580704,-1.9229277577136537,1.3396366035122156,-0.099180540659422,3.9640289350007456,-0.4424196705885159,1.322401396617004
67.0,175.0,129.8837127685547,-0.0384557015208323,2.682627415337113,-4.1123587635104615,-3.680209406948144,-1.9237014243757844,1.34270171189778,-0.0991206517234278,3.9639897608437753,-0.4421421290146739,1.3241146792666707
67.0,175.0,129.88369750976562,-0.0391015901040685,2.6832066369908216,-4.11469770047713,-3.680059309122311,-1.9260168474946973,1.3411719572718803,-0.0990887163406583,3.963894911594921,-0.4433537251091182,1.3222977704533132
67.0,175.0,129.88369750976562,-0.0371238674580442,2.6828863163114574,-4.116450644235016,-3.678852193219088,-1.9245006772364748,1.340853961483298,-0.1003745299408251,3.96483297132265,-0.4438758320633198,1.32253467512871
67.0,175.0,129.88369750976562,-0.0387529514039979,2.682332987600346,-4.114907536737543,-3.6795098013530296,-1.9263257462158496,1.3407473142017434,-0.0999818312495976,3.964815872089346,-0.4437279455012012,1.3221885533632094
67.0,175.0,129.88369750976562,-0.0385026246801999,2.681902136710416,-4.116577281202409,-3.680540846948508,-1.92433206385908,1.3402460540770993,-0.099126385258616,3.9633692913641982,-0.4437405342625667,1.3232985721522927
67.0,176.0,129.88369750976562,-0.0372763731490363,2.6826167704504225,-4.114823442455658,-3.6783468022659607,-1.9261520268860424,1.3403612303406105,-0.0998002543669788,3.963755631935773,-0.4432836224847902,1.323920551784124
67.0,176.0,129.88369750976562,-0.0386144815276365,2.682602177420531,-4.114692785083619,-3.6782825809630206,-1.925857278402108,1.3408475275948784,-0.0997619686173913,3.964034353113425,-0.4420803106852294,1.323383683790692
67.0,176.0,129.88369750976562,-0.0384255196221009,2.6828457518910365,-4.115229419906435,-3.678280070499364,-1.9241863635424368,1.340197132733122,-0.0989346872452995,3.965045366748188,-0.4436973324717846,1.3237061726352286
67.0,176.0,129.88369750976562,-0.0374477628801099,2.682657028303648,-4.114838900894199,-3.678870043592088,-1.9251837276112644,1.3405201841317955,-0.0987901150784344,3.964675583138253,-0.4423633760043502,1.3238448057713843
67.0,176.0,129.88369750976562,-0.0382635524696136,2.682419967614642,-4.114786126384205,-3.679311634560755,-1.925978686292598,1.3411333845684037,-0.0987597980305496,3.9641414728433215,-0.4424791061193618,1.320928414315454
67.0,176.0,129.88369750976562,-0.0384394284723971,2.682975909148543,-4.114785849651962,-3.679239009035948,-1.9244454601702328,1.3399968271028857,-0.0992974966139006,3.9634126109169294,-0.4438348749963561,1.323728487499586
67.0,176.0,129.88369750976562,-0.0375151009923383,2.6815405326175563,-4.11492126820321,-3.678696413336605,-1.9248538354858755,1.3399425126041962,-0.0987835979778907,3.963714046279793,-0.4446811609730565,1.323395357397754
67.0,176.0,129.88369750976562,-0.0377454066103169,2.6825043046280004,-4.114788089707397,-3.679652743106941,-1.9244710726958925,1.340134709603629,-0.1004671214614538,3.9636188560680137,-0.4424447477359667,1.3231665976907154
67.0,176.0,129.8837127685547,-0.0362652747973755,2.6823901769844523,-4.116293217939296,-3.6782962831329993,-1.928995849366236,1.3427363674667676,-0.0986275656262325,3.964030074260883,-0.444997731679174,1.3229369289227255
67.0,176.0,129.88369750976562,-0.0383554438796345,2.6837078456050074,-4.1148397309375175,-3.6796427651577615,-1.925935618093105,1.3413987342605571,-0.0995517511654577,3.963735392106942,-0.4447510661004394,1.3223569690262462
67.0,176.0,129.88369750976562,-0.0374471514184957,2.6830290313127803,-4.114093649499316,-3.679834210451842,-1.924097479454128,1.3403730799535918,-0.0989693227775162,3.9646815998637,-0.4441470635204132,1.3235251103658887
67.0,176.0,129.88369750976562,-0.0382710782515905,2.682893249029939,-4.115279657961465,-3.6792257495786993,-1.924598940320268,1.340114582927606,-0.0982937747407807,3.963413311773425,-0.4438361054294831,1.3238186492275428
67.0,176.0,129.88369750976562,-0.0386767940782647,2.6825724445294745,-4.114978013222114,-3.6803825219341575,-1.925471672712967,1.340026883894302,-0.1000383970307691,3.965015974768844,-0.4424138905121658,1.3231790020943524
67.0,176.0,129.88369750976562,-0.0386743878574695,2.682514171969066,-4.114506661615946,-3.679438333994672,-1.9243521442453364,1.339783745789752,-0.0992489063510318,3.963839175972056,-0.4434921678817331,1.3240327725928551
67.0,176.0,129.88369750976562,-0.0378622370720957,2.681968301780857,-4.11483420834631,-3.6800866107675727,-1.924030423868726,1.3402908182460136,-0.0994770964367983,3.9636342318458793,-0.4433138246954711,1.324016149664466
67.0,176.0,129.88369750976562,-0.038409736125438,2.683223324443615,-4.114847609240932,-3.679415568245977,-1.9254956460903945,1.339956890140793,-0.0993767820110977,3.96545346379171,-0.4440833734044859,1.3235641918682983
67.0,176.0,129.88369750976562,-0.0365283721779428,2.6821798842695697,-4.11603441881068,-3.679486054107372,-1.9251379515389608,1.3405617104052885,-0.1002226474128503,3.96390962240616,-0.4420402715724512,1.3236767237550735
67.0,176.0,129.8837127685547,-0.0365358024724783,2.6818681070312835,-4.112865976977184,-3.679602687252389,-1.924349351054988,1.3402820676057443,-0.1018320141376777,3.9651600061539054,-0.4432204102345752,1.3243243450746875
67.0,176.0,129.88369750976562,-0.0383216637770437,2.6825741157856324,-4.114967170153109,-3.6780063208760607,-1.924454085840296,1.3404595116488414,-0.099584917212826,3.9638032536282113,-0.4437830930453497,1.3237113962040006
67.0,176.0,129.88369750976562,-0.0379767604336877,2.680744641094622,-4.114477853527157,-3.6801701846835897,-1.924400799866619,1.3404674448137248,-0.0999418297218291,3.9646977554076215,-0.4444012423801128,1.3236911002911962
67.0,176.0,129.8837127685547,-0.0394642453231005,2.6822165907899134,-4.114074645352336,-3.6799137978066345,-1.9238931671670203,1.3420153525299825,-0.0998143531951303,3.9629751126011934,-0.4443550203742832,1.3235550677799133
67.0,176.0,129.88369750976562,-0.0383148729229902,2.6832796999404445,-4.116294179060572,-3.6793979513078847,-1.9250865185851764,1.340689295518906,-0.0983386555168854,3.963023765613142,-0.4436402091529069,1.323783064095721
67.0,176.0,129.88369750976562,-0.0379627504806742,2.6821752792535305,-4.115112653936806,-3.679108163981376,-1.9271989799946387,1.3404670547282131,-0.0989285936155462,3.963762776092248,-0.4436037889685726,1.3234545198064809
67.0,176.0,129.88369750976562,-0.0392187524807247,2.683054261908589,-4.114922136147859,-3.6795777604845856,-1.925288325593142,1.3412020927009516,-0.0999221139832497,3.9638507441902,-0.4441360716815598,1.3240769948011513
67.0,176.0,129.88369750976562,-0.0383849644671473,2.6829565493324656,-4.1152425670406885,-3.679085536259625,-1.9245625020625792,1.3398362901102925,-0.0989136901687004,3.964908554644228,-0.4445902552466633,1.3237140521602766
67.0,176.0,129.88369750976562,-0.0381150873514049,2.682542042709517,-4.114430642239843,-3.678878579382245,-1.9244999050184943,1.3406975087022637,-0.0999938618507068,3.963198803446204,-0.4438787615061223,1.3237429493033557
67.0,176.0,129.8837127685547,-0.0393439610213545,2.6830619422745308,-4.114604043222708,-3.680368689308013,-1.9229080885171144,1.340185094365083,-0.099360564882717,3.963476834582344,-0.4430568216979387,1.320904571426344
67.0,176.0,129.88369750976562,-0.0370319986549597,2.682141311654721,-4.11568919640137,-3.679601765843594,-1.9250876999733395,1.3398228311447469,-0.1004837490685165,3.964237534852891,-0.442657322459007,1.323574800022745
67.0,176.0,129.88369750976562,-0.0370807272260081,2.68264859514898,-4.115168223632826,-3.678252415128613,-1.9239598296335736,1.3405486072531194,-0.098422161926668,3.964345449074509,-0.4430919035377933,1.32368118639016
67.0,176.0,129.88369750976562,-0.0371588517049898,2.6805734538012,-4.114829362922763,-3.680286246949066,-1.92656536943232,1.339947151786356,-0.0988547495593402,3.9637048782995135,-0.4439045648392518,1.323849355521426
67.0,176.0,129.88369750976562,-0.0375504977495809,2.682280533818246,-4.115233018272244,-3.679761393898062,-1.925012808213688,1.3408448440508045,-0.0991535257406458,3.963799535448471,-0.4426996479812786,1.32341862225405
67.0,176.0,129.8837127685547,-0.0353928620126881,2.684844982485186,-4.114734682919397,-3.6814192467957407,-1.9241976470811808,1.3403668723367224,-0.1000266563011459,3.964715904633412,-0.4442067176368913,1.324261404745758
67.0,176.0,129.88369750976562,-0.0375050067521598,2.682394795215691,-4.114718372567042,-3.678092981168621,-1.9258440914610253,1.3400083563894525,-0.099182553119151,3.966016159885976,-0.4438312502809411,1.3218137438897066
67.0,176.0,129.88369750976562,-0.0385790505121479,2.6829151465589978,-4.114800802167872,-3.680258446862143,-1.924409893497719,1.340273682270729,-0.0988903953142273,3.964274155720028,-0.443693939368691,1.324358976709781
67.0,176.0,129.88369750976562,-0.0373377203114786,2.682486630971601,-4.114913017838977,-3.6783634873448783,-1.9265970819780125,1.3403155553342478,-0.099168483249192,3.963433477689972,-0.4450287501643289,1.3241048847555466
67.0,176.0,129.88369750976562,-0.0379180192985064,2.682247815866732,-4.11618169808676,-3.678672127199636,-1.9243215382018104,1.341224665253827,-0.0999942253138913,3.964944788080395,-0.4445476548029366,1.3237704141458422
67.0,176.0,129.88369750976562,-0.0379024272348933,2.681548237319513,-4.1147750510204935,-3.679808883893499,-1.9248620463978097,1.3398379650494014,-0.0992112748296654,3.963017815678836,-0.4424179299426491,1.3233375186841294
67.0,176.0,129.88369750976562,-0.0386119900478477,2.682502921158186,-4.115330536104988,-3.67922120648243,-1.924454899099244,1.3398214621333258,-0.0993185791376466,3.963886887649888,-0.4432911272000954,1.323338099550023
67.0,176.0,129.88369750976562,-0.0382477403859779,2.68273101332882,-4.115921932644253,-3.677978964649831,-1.924749009834854,1.3417441945558162,-0.0989616560098664,3.9650317801400976,-0.4436610931860999,1.3237025486479133
67.0,176.0,129.88369750976562,-0.0368336824364338,2.6826832487827823,-4.114591204394081,-3.678575812548972,-1.925641460409574,1.3405690717413157,-0.0993023327242637,3.963040004737601,-0.4453726377459595,1.3228519700821009
67.0,176.0,129.88369750976562,-0.0368682580867013,2.6829220535883818,-4.115330151241876,-3.6800847775118006,-1.924143475813016,1.3403634962947215,-0.0977891263415146,3.964305456688996,-0.4434524361281761,1.323232495747224
67.0,176.0,129.88369750976562,-0.0385555590400413,2.682332051900679,-4.11561887003485,-3.678886500882304,-1.9246899936591084,1.339812599810698,-0.0990985889591814,3.964719517917539,-0.4435134565679196,1.3239478618172835
67.0,176.0,129.88369750976562,-0.0362685215543273,2.6824785535414897,-4.115228802300194,-3.679666890710486,-1.924817154336768,1.3397913112986377,-0.0984104785689082,3.965220519508229,-0.4431274438343454,1.3229101875008091
67.0,176.0,129.88369750976562,-0.0375539125029723,2.683178260371717,-4.114369649219112,-3.679430716965344,-1.9246000535494767,1.3402022966892828,-0.0991060381317665,3.964045450719317,-0.4435850165156397,1.3232991003993002
67.0,176.0,129.88369750976562,-0.0373747018816963,2.6827891322424366,-4.115831560265851,-3.678720605069845,-1.925137080380172,1.3403258327157284,-0.0988966046907536,3.963632318963182,-0.4426579316869733,1.3218509770686553
67.0,176.0,129.8837127685547,-0.0384557015208323,2.682627415337113,-4.1123587635104615,-3.680209406948144,-1.9237014243757844,1.34270171189778,-0.0991206517234278,3.9639897608437753,-0.4421421290146739,1.3241146792666707
67.0,176.0,129.88369750976562,-0.0391015901040685,2.6832066369908216,-4.11469770047713,-3.680059309122311,-1.9260168474946973,1.3411719572718803,-0.0990887163406583,3.963894911594921,-0.4433537251091182,1.3222977704533132
67.0,176.0,129.88369750976562,-0.0371238674580442,2.6828863163114574,-4.116450644235016,-3.678852193219088,-1.9245006772364748,1.340853961483298,-0.1003745299408251,3.96483297132265,-0.4438758320633198,1.32253467512871
67.0,176.0,129.88369750976562,-0.0387529514039979,2.682332987600346,-4.114907536737543,-3.6795098013530296,-1.9263257462158496,1.3407473142017434,-0.0999818312495976,3.964815872089346,-0.4437279455012012,1.3221885533632094
67.0,176.0,129.88369750976562,-0.0385026246801999,2.681902136710416,-4.116577281202409,-3.680540846948508,-1.92433206385908,1.3402460540770993,-0.099126385258616,3.9633692913641982,-0.4437405342625667,1.3232985721522927
67.0,177.0,129.88369750976562,-0.0372763731490363,2.6826167704504225,-4.114823442455658,-3.6783468022659607,-1.9261520268860424,1.3403612303406105,-0.0998002543669788,3.963755631935773,-0.4432836224847902,1.323920551784124
67.0,177.0,129.88369750976562,-0.0386144815276365,2.682602177420531,-4.114692785083619,-3.6782825809630206,-1.925857278402108,1.3408475275948784,-0.0997619686173913,3.964034353113425,-0.4420803106852294,1.323383683790692
67.0,177.0,129.88369750976562,-0.0384255196221009,2.6828457518910365,-4.115229419906435,-3.678280070499364,-1.9241863635424368,1.340197132733122,-0.0989346872452995,3.965045366748188,-0.4436973324717846,1.3237061726352286
67.0,177.0,129.88369750976562,-0.0374477628801099,2.682657028303648,-4.114838900894199,-3.678870043592088,-1.9251837276112644,1.3405201841317955,-0.0987901150784344,3.964675583138253,-0.4423633760043502,1.3238448057713843
67.0,177.0,129.88369750976562,-0.0382635524696136,2.682419967614642,-4.114786126384205,-3.679311634560755,-1.925978686292598,1.3411333845684037,-0.0987597980305496,3.9641414728433215,-0.4424791061193618,1.320928414315454
67.0,177.0,129.88369750976562,-0.0384394284723971,2.682975909148543,-4.114785849651962,-3.679239009035948,-1.9244454601702328,1.3399968271028857,-0.0992974966139006,3.9634126109169294,-0.4438348749963561,1.323728487499586
67.0,177.0,129.88369750976562,-0.0375151009923383,2.6815405326175563,-4.11492126820321,-3.678696413336605,-1.9248538354858755,1.3399425126041962,-0.0987835979778907,3.963714046279793,-0.4446811609730565,1.323395357397754
67.0,177.0,129.88369750976562,-0.0377454066103169,2.6825043046280004,-4.114788089707397,-3.679652743106941,-1.9244710726958925,1.340134709603629,-0.1004671214614538,3.9636188560680137,-0.4424447477359667,1.3231665976907154
67.0,177.0,129.8837127685547,-0.0362652747973755,2.6823901769844523,-4.116293217939296,-3.6782962831329993,-1.928995849366236,1.3427363674667676,-0.0986275656262325,3.964030074260883,-0.444997731679174,1.3229369289227255
67.0,177.0,129.88369750976562,-0.0383554438796345,2.6837078456050074,-4.1148397309375175,-3.6796427651577615,-1.925935618093105,1.3413987342605571,-0.0995517511654577,3.963735392106942,-0.4447510661004394,1.3223569690262462
67.0,177.0,129.88369750976562,-0.0374471514184957,2.6830290313127803,-4.114093649499316,-3.679834210451842,-1.924097479454128,1.3403730799535918,-0.0989693227775162,3.9646815998637,-0.4441470635204132,1.3235251103658887
67.0,177.0,129.88369750976562,-0.0382710782515905,2.682893249029939,-4.115279657961465,-3.6792257495786993,-1.924598940320268,1.340114582927606,-0.0982937747407807,3.963413311773425,-0.4438361054294831,1.3238186492275428
67.0,177.0,129.88369750976562,-0.0386767940782647,2.6825724445294745,-4.114978013222114,-3.6803825219341575,-1.925471672712967,1.340026883894302,-0.1000383970307691,3.965015974768844,-0.4424138905121658,1.3231790020943524
67.0,177.0,129.88369750976562,-0.0386743878574695,2.682514171969066,-4.114506661615946,-3.679438333994672,-1.9243521442453364,1.339783745789752,-0.0992489063510318,3.963839175972056,-0.4434921678817331,1.3240327725928551
67.0,177.0,129.88369750976562,-0.0378622370720957,2.681968301780857,-4.11483420834631,-3.6800866107675727,-1.924030423868726,1.3402908182460136,-0.0994770964367983,3.9636342318458793,-0.4433138246954711,1.324016149664466
67.0,177.0,129.88369750976562,-0.038409736125438,2.683223324443615,-4.114847609240932,-3.679415568245977,-1.9254956460903945,1.339956890140793,-0.0993767820110977,3.96545346379171,-0.4440833734044859,1.3235641918682983
67.0,177.0,129.88369750976562,-0.0365283721779428,2.6821798842695697,-4.11603441881068,-3.679486054107372,-1.9251379515389608,1.3405617104052885,-0.1002226474128503,3.96390962240616,-0.4420402715724512,1.3236767237550735
67.0,177.0,129.8837127685547,-0.0365358024724783,2.6818681070312835,-4.112865976977184,-3.679602687252389,-1.924349351054988,1.3402820676057443,-0.1018320141376777,3.9651600061539054,-0.4432204102345752,1.3243243450746875
67.0,177.0,129.88369750976562,-0.0383216637770437,2.6825741157856324,-4.114967170153109,-3.6780063208760607,-1.924454085840296,1.3404595116488414,-0.099584917212826,3.9638032536282113,-0.4437830930453497,1.3237113962040006
67.0,177.0,129.88369750976562,-0.0379767604336877,2.680744641094622,-4.114477853527157,-3.6801701846835897,-1.924400799866619,1.3404674448137248,-0.0999418297218291,3.9646977554076215,-0.4444012423801128,1.3236911002911962
67.0,177.0,129.8837127685547,-0.0394642453231005,2.6822165907899134,-4.114074645352336,-3.6799137978066345,-1.9238931671670203,1.3420153525299825,-0.0998143531951303,3.9629751126011934,-0.4443550203742832,1.3235550677799133
67.0,177.0,129.88369750976562,-0.0383148729229902,2.6832796999404445,-4.116294179060572,-3.6793979513078847,-1.9250865185851764,1.340689295518906,-0.0983386555168854,3.963023765613142,-0.4436402091529069,1.323783064095721
67.0,177.0,129.88369750976562,-0.0379627504806742,2.6821752792535305,-4.115112653936806,-3.679108163981376,-1.9271989799946387,1.3404670547282131,-0.0989285936155462,3.963762776092248,-0.4436037889685726,1.3234545198064809
67.0,177.0,129.88369750976562,-0.0392187524807247,2.683054261908589,-4.114922136147859,-3.6795777604845856,-1.925288325593142,1.3412020927009516,-0.0999221139832497,3.9638507441902,-0.4441360716815598,1.3240769948011513
67.0,177.0,129.88369750976562,-0.0383849644671473,2.6829565493324656,-4.1152425670406885,-3.679085536259625,-1.9245625020625792,1.3398362901102925,-0.0989136901687004,3.964908554644228,-0.4445902552466633,1.3237140521602766
67.0,177.0,129.88369750976562,-0.0381150873514049,2.682542042709517,-4.114430642239843,-3.678878579382245,-1.9244999050184943,1.3406975087022637,-0.0999938618507068,3.963198803446204,-0.4438787615061223,1.3237429493033557
67.0,177.0,129.8837127685547,-0.0393439610213545,2.6830619422745308,-4.114604043222708,-3.680368689308013,-1.9229080885171144,1.340185094365083,-0.099360564882717,3.963476834582344,-0.4430568216979387,1.320904571426344
67.0,177.0,129.88369750976562,-0.0370319986549597,2.682141311654721,-4.11568919640137,-3.679601765843594,-1.9250876999733395,1.3398228311447469,-0.1004837490685165,3.964237534852891,-0.442657322459007,1.323574800022745
67.0,177.0,129.88369750976562,-0.0370807272260081,2.68264859514898,-4.115168223632826,-3.678252415128613,-1.9239598296335736,1.3405486072531194,-0.098422161926668,3.964345449074509,-0.4430919035377933,1.32368118639016
67.0,177.0,129.88369750976562,-0.0371588517049898,2.6805734538012,-4.114829362922763,-3.680286246949066,-1.92656536943232,1.339947151786356,-0.0988547495593402,3.9637048782995135,-0.4439045648392518,1.323849355521426
67.0,177.0,129.88369750976562,-0.0375504977495809,2.682280533818246,-4.115233018272244,-3.679761393898062,-1.925012808213688,1.3408448440508045,-0.0991535257406458,3.963799535448471,-0.4426996479812786,1.32341862225405
67.0,177.0,129.8837127685547,-0.0353928620126881,2.684844982485186,-4.114734682919397,-3.6814192467957407,-1.9241976470811808,1.3403668723367224,-0.1000266563011459,3.964715904633412,-0.4442067176368913,1.324261404745758
67.0,177.0,129.88369750976562,-0.0375050067521598,2.682394795215691,-4.114718372567042,-3.678092981168621,-1.9258440914610253,1.3400083563894525,-0.099182553119151,3.966016159885976,-0.4438312502809411,1.3218137438897066
67.0,177.0,129.88369750976562,-0.0385790505121479,2.6829151465589978,-4.114800802167872,-3.680258446862143,-1.924409893497719,1.340273682270729,-0.0988903953142273,3.964274155720028,-0.443693939368691,1.324358976709781
67.0,177.0,129.88369750976562,-0.0373377203114786,2.682486630971601,-4.114913017838977,-3.6783634873448783,-1.9265970819780125,1.3403155553342478,-0.099168483249192,3.963433477689972,-0.4450287501643289,1.3241048847555466
67.0,177.0,129.88369750976562,-0.0379180192985064,2.682247815866732,-4.11618169808676,-3.678672127199636,-1.9243215382018104,1.341224665253827,-0.0999942253138913,3.964944788080395,-0.4445476548029366,1.3237704141458422
67.0,177.0,129.88369750976562,-0.0379024272348933,2.681548237319513,-4.1147750510204935,-3.679808883893499,-1.9248620463978097,1.3398379650494014,-0.0992112748296654,3.963017815678836,-0.4424179299426491,1.3233375186841294
67.0,177.0,129.88369750976562,-0.0386119900478477,2.682502921158186,-4.115330536104988,-3.67922120648243,-1.924454899099244,1.3398214621333258,-0.0993185791376466,3.963886887649888,-0.4432911272000954,1.323338099550023
67.0,177.0,129.88369750976562,-0.0382477403859779,2.68273101332882,-4.115921932644253,-3.677978964649831,-1.924749009834854,1.3417441945558162,-0.0989616560098664,3.9650317801400976,-0.4436610931860999,1.3237025486479133
67.0,177.0,129.88369750976562,-0.0368336824364338,2.6826832487827823,-4.114591204394081,-3.678575812548972,-1.925641460409574,1.3405690717413157,-0.0993023327242637,3.963040004737601,-0.4453726377459595,1.3228519700821009
67.0,177.0,129.88369750976562,-0.0368682580867013,2.6829220535883818,-4.115330151241876,-3.6800847775118006,-1.924143475813016,1.3403634962947215,-0.0977891263415146,3.964305456688996,-0.4434524361281761,1.323232495747224
67.0,177.0,129.88369750976562,-0.0385555590400413,2.682332051900679,-4.11561887003485,-3.678886500882304,-1.9246899936591084,1.339812599810698,-0.0990985889591814,3.964719517917539,-0.4435134565679196,1.3239478618172835
67.0,177.0,129.88369750976562,-0.0362685215543273,2.6824785535414897,-4.115228802300194,-3.679666890710486,-1.924817154336768,1.3397913112986377,-0.0984104785689082,3.965220519508229,-0.4431274438343454,1.3229101875008091
67.0,177.0,129.88369750976562,-0.0375539125029723,2.683178260371717,-4.114369649219112,-3.679430716965344,-1.9246000535494767,1.3402022966892828,-0.0991060381317665,3.964045450719317,-0.4435850165156397,1.3232991003993002
67.0,177.0,129.88369750976562,-0.0373747018816963,2.6827891322424366,-4.115831560265851,-3.678720605069845,-1.925137080380172,1.3403258327157284,-0.0988966046907536,3.963632318963182,-0.4426579316869733,1.3218509770686553
67.0,177.0,129.8837127685547,-0.0384557015208323,2.682627415337113,-4.1123587635104615,-3.680209406948144,-1.9237014243757844,1.34270171189778,-0.0991206517234278,3.9639897608437753,-0.4421421290146739,1.3241146792666707
67.0,177.0,129.88369750976562,-0.0391015901040685,2.6832066369908216,-4.11469770047713,-3.680059309122311,-1.9260168474946973,1.3411719572718803,-0.0990887163406583,3.963894911594921,-0.4433537251091182,1.3222977704533132
67.0,177.0,129.88369750976562,-0.0371238674580442,2.6828863163114574,-4.116450644235016,-3.678852193219088,-1.9245006772364748,1.340853961483298,-0.1003745299408251,3.96483297132265,-0.4438758320633198,1.32253467512871
67.0,177.0,129.88369750976562,-0.0387529514039979,2.682332987600346,-4.114907536737543,-3.6795098013530296,-1.9263257462158496,1.3407473142017434,-0.0999818312495976,3.964815872089346,-0.4437279455012012,1.3221885533632094
67.0,177.0,129.88369750976562,-0.0385026246801999,2.681902136710416,-4.116577281202409,-3.680540846948508,-1.92433206385908,1.3402460540770993,-0.099126385258616,3.9633692913641982,-0.4437405342625667,1.3232985721522927
67.0,178.0,129.88369750976562,-0.0372763731490363,2.6826167704504225,-4.114823442455658,-3.6783468022659607,-1.9261520268860424,1.3403612303406105,-0.0998002543669788,3.963755631935773,-0.4432836224847902,1.323920551784124
67.0,178.0,129.88369750976562,-0.0386144815276365,2.682602177420531,-4.114692785083619,-3.6782825809630206,-1.925857278402108,1.3408475275948784,-0.0997619686173913,3.964034353113425,-0.4420803106852294,1.323383683790692
67.0,178.0,129.88369750976562,-0.0384255196221009,2.6828457518910365,-4.115229419906435,-3.678280070499364,-1.9241863635424368,1.340197132733122,-0.0989346872452995,3.965045366748188,-0.4436973324717846,1.3237061726352286
67.0,178.0,129.88369750976562,-0.0374477628801099,2.682657028303648,-4.114838900894199,-3.678870043592088,-1.9251837276112644,1.3405201841317955,-0.0987901150784344,3.964675583138253,-0.4423633760043502,1.3238448057713843
67.0,178.0,129.88369750976562,-0.0382635524696136,2.682419967614642,-4.114786126384205,-3.679311634560755,-1.925978686292598,1.3411333845684037,-0.0987597980305496,3.9641414728433215,-0.4424791061193618,1.320928414315454
67.0,178.0,129.88369750976562,-0.0384394284723971,2.682975909148543,-4.114785849651962,-3.679239009035948,-1.9244454601702328,1.3399968271028857,-0.0992974966139006,3.9634126109169294,-0.4438348749963561,1.323728487499586
67.0,178.0,129.88369750976562,-0.0375151009923383,2.6815405326175563,-4.11492126820321,-3.678696413336605,-1.9248538354858755,1.3399425126041962,-0.0987835979778907,3.963714046279793,-0.4446811609730565,1.323395357397754
67.0,178.0,129.88369750976562,-0.0377454066103169,2.6825043046280004,-4.114788089707397,-3.679652743106941,-1.9244710726958925,1.340134709603629,-0.1004671214614538,3.9636188560680137,-0.4424447477359667,1.3231665976907154
67.0,178.0,129.8837127685547,-0.0362652747973755,2.6823901769844523,-4.116293217939296,-3.6782962831329993,-1.928995849366236,1.3427363674667676,-0.0986275656262325,3.964030074260883,-0.444997731679174,1.3229369289227255
67.0,178.0,129.88369750976562,-0.0383554438796345,2.6837078456050074,-4.1148397309375175,-3.6796427651577615,-1.925935618093105,1.3413987342605571,-0.0995517511654577,3.963735392106942,-0.4447510661004394,1.3223569690262462
67.0,178.0,129.88369750976562,-0.0374471514184957,2.6830290313127803,-4.114093649499316,-3.679834210451842,-1.924097479454128,1.3403730799535918,-0.0989693227775162,3.9646815998637,-0.4441470635204132,1.3235251103658887
67.0,178.0,129.88369750976562,-0.0382710782515905,2.682893249029939,-4.115279657961465,-3.6792257495786993,-1.924598940320268,1.340114582927606,-0.0982937747407807,3.963413311773425,-0.4438361054294831,1.3238186492275428
67.0,178.0,129.88369750976562,-0.0386767940782647,2.6825724445294745,-4.114978013222114,-3.6803825219341575,-1.925471672712967,1.340026883894302,-0.1000383970307691,3.965015974768844,-0.4424138905121658,1.3231790020943524
67.0,178.0,129.88369750976562,-0.0386743878574695,2.682514171969066,-4.114506661615946,-3.679438333994672,-1.9243521442453364,1.339783745789752,-0.0992489063510318,3.963839175972056,-0.4434921678817331,1.3240327725928551
67.0,178.0,129.88369750976562,-0.0378622370720957,2.681968301780857,-4.11483420834631,-3.6800866107675727,-1.924030423868726,1.3402908182460136,-0.0994770964367983,3.9636342318458793,-0.4433138246954711,1.324016149664466
67.0,178.0,129.88369750976562,-0.038409736125438,2.683223324443615,-4.114847609240932,-3.679415568245977,-1.9254956460903945,1.339956890140793,-0.0993767820110977,3.96545346379171,-0.4440833734044859,1.3235641918682983
67.0,178.0,129.88369750976562,-0.0365283721779428,2.6821798842695697,-4.11603441881068,-3.679486054107372,-1.9251379515389608,1.3405617104052885,-0.1002226474128503,3.96390962240616,-0.4420402715724512,1.3236767237550735
67.0,178.0,129.8837127685547,-0.0365358024724783,2.6818681070312835,-4.112865976977184,-3.679602687252389,-1.924349351054988,1.3402820676057443,-0.1018320141376777,3.9651600061539054,-0.4432204102345752,1.3243243450746875
67.0,178.0,129.88369750976562,-0.0383216637770437,2.6825741157856324,-4.114967170153109,-3.6780063208760607,-1.924454085840296,1.3404595116488414,-0.099584917212826,3.9638032536282113,-0.4437830930453497,1.3237113962040006
67.0,178.0,129.88369750976562,-0.0379767604336877,2.680744641094622,-4.114477853527157,-3.6801701846835897,-1.924400799866619,1.3404674448137248,-0.0999418297218291,3.9646977554076215,-0.4444012423801128,1.3236911002911962
67.0,178.0,129.8837127685547,-0.0394642453231005,2.6822165907899134,-4.114074645352336,-3.6799137978066345,-1.9238931671670203,1.3420153525299825,-0.0998143531951303,3.9629751126011934,-0.4443550203742832,1.3235550677799133
67.0,178.0,129.88369750976562,-0.0383148729229902,2.6832796999404445,-4.116294179060572,-3.6793979513078847,-1.9250865185851764,1.340689295518906,-0.0983386555168854,3.963023765613142,-0.4436402091529069,1.323783064095721
67.0,178.0,129.88369750976562,-0.0379627504806742,2.6821752792535305,-4.115112653936806,-3.679108163981376,-1.9271989799946387,1.3404670547282131,-0.0989285936155462,3.963762776092248,-0.4436037889685726,1.3234545198064809
67.0,178.0,129.88369750976562,-0.0392187524807247,2.683054261908589,-4.114922136147859,-3.6795777604845856,-1.925288325593142,1.3412020927009516,-0.0999221139832497,3.9638507441902,-0.4441360716815598,1.3240769948011513
67.0,178.0,129.88369750976562,-0.0383849644671473,2.6829565493324656,-4.1152425670406885,-3.679085536259625,-1.9245625020625792,1.3398362901102925,-0.0989136901687004,3.964908554644228,-0.4445902552466633,1.3237140521602766
67.0,178.0,129.88369750976562,-0.0381150873514049,2.682542042709517,-4.114430642239843,-3.678878579382245,-1.9244999050184943,1.3406975087022637,-0.0999938618507068,3.963198803446204,-0.4438787615061223,1.3237429493033557
67.0,178.0,129.8837127685547,-0.0393439610213545,2.6830619422745308,-4.114604043222708,-3.680368689308013,-1.9229080885171144,1.340185094365083,-0.099360564882717,3.963476834582344,-0.4430568216979387,1.320904571426344
67.0,178.0,129.88369750976562,-0.0370319986549597,2.682141311654721,-4.11568919640137,-3.679601765843594,-1.9250876999733395,1.3398228311447469,-0.1004837490685165,3.964237534852891,-0.442657322459007,1.323574800022745
67.0,178.0,129.88369750976562,-0.0370807272260081,2.68264859514898,-4.115168223632826,-3.678252415128613,-1.9239598296335736,1.3405486072531194,-0.098422161926668,3.964345449074509,-0.4430919035377933,1.32368118639016
67.0,178.0,129.88369750976562,-0.0371588517049898,2.6805734538012,-4.114829362922763,-3.680286246949066,-1.92656536943232,1.339947151786356,-0.0988547495593402,3.9637048782995135,-0.4439045648392518,1.323849355521426
67.0,178.0,129.88369750976562,-0.0375504977495809,2.682280533818246,-4.115233018272244,-3.679761393898062,-1.925012808213688,1.3408448440508045,-0.0991535257406458,3.963799535448471,-0.4426996479812786,1.32341862225405
67.0,178.0,129.8837127685547,-0.0353928620126881,2.684844982485186,-4.114734682919397,-3.6814192467957407,-1.9241976470811808,1.3403668723367224,-0.1000266563011459,3.964715904633412,-0.4442067176368913,1.324261404745758
67.0,178.0,129.88369750976562,-0.0375050067521598,2.682394795215691,-4.114718372567042,-3.678092981168621,-1.9258440914610253,1.3400083563894525,-0.099182553119151,3.966016159885976,-0.4438312502809411,1.3218137438897066
67.0,178.0,129.88369750976562,-0.0385790505121479,2.6829151465589978,-4.114800802167872,-3.680258446862143,-1.924409893497719,1.340273682270729,-0.0988903953142273,3.964274155720028,-0.443693939368691,1.324358976709781
67.0,178.0,129.88369750976562,-0.0373377203114786,2.682486630971601,-4.114913017838977,-3.6783634873448783,-1.9265970819780125,1.3403155553342478,-0.099168483249192,3.963433477689972,-0.4450287501643289,1.3241048847555466
67.0,178.0,129.88369750976562,-0.0379180192985064,2.682247815866732,-4.11618169808676,-3.678672127199636,-1.9243215382018104,1.341224665253827,-0.0999942253138913,3.964944788080395,-0.4445476548029366,1.3237704141458422
67.0,178.0,129.88369750976562,-0.0379024272348933,2.681548237319513,-4.1147750510204935,-3.679808883893499,-1.9248620463978097,1.3398379650494014,-0.0992112748296654,3.963017815678836,-0.4424179299426491,1.3233375186841294
67.0,178.0,129.88369750976562,-0.0386119900478477,2.682502921158186,-4.115330536104988,-3.67922120648243,-1.924454899099244,1.3398214621333258,-0.0993185791376466,3.963886887649888,-0.4432911272000954,1.323338099550023
67.0,178.0,129.88369750976562,-0.0382477403859779,2.68273101332882,-4.115921932644253,-3.677978964649831,-1.924749009834854,1.3417441945558162,-0.0989616560098664,3.9650317801400976,-0.4436610931860999,1.3237025486479133
67.0,178.0,129.88369750976562,-0.0368336824364338,2.6826832487827823,-4.114591204394081,-3.678575812548972,-1.925641460409574,1.3405690717413157,-0.0993023327242637,3.963040004737601,-0.4453726377459595,1.3228519700821009
67.0,178.0,129.88369750976562,-0.0368682580867013,2.6829220535883818,-4.115330151241876,-3.6800847775118006,-1.924143475813016,1.3403634962947215,-0.0977891263415146,3.964305456688996,-0.4434524361281761,1.323232495747224
67.0,178.0,129.88369750976562,-0.0385555590400413,2.682332051900679,-4.11561887003485,-3.678886500882304,-1.9246899936591084,1.339812599810698,-0.0990985889591814,3.964719517917539,-0.4435134565679196,1.3239478618172835
67.0,178.0,129.88369750976562,-0.0362685215543273,2.6824785535414897,-4.115228802300194,-3.679666890710486,-1.924817154336768,1.3397913112986377,-0.0984104785689082,3.965220519508229,-0.4431274438343454,1.3229101875008091
67.0,178.0,129.88369750976562,-0.0375539125029723,2.683178260371717,-4.114369649219112,-3.679430716965344,-1.9246000535494767,1.3402022966892828,-0.0991060381317665,3.964045450719317,-0.4435850165156397,1.3232991003993002
67.0,178.0,129.88369750976562,-0.0373747018816963,2.6827891322424366,-4.115831560265851,-3.678720605069845,-1.925137080380172,1.3403258327157284,-0.0988966046907536,3.963632318963182,-0.4426579316869733,1.3218509770686553
67.0,178.0,129.8837127685547,-0.0384557015208323,2.682627415337113,-4.1123587635104615,-3.680209406948144,-1.9237014243757844,1.34270171189778,-0.0991206517234278,3.9639897608437753,-0.4421421290146739,1.3241146792666707
67.0,178.0,129.88369750976562,-0.0391015901040685,2.6832066369908216,-4.11469770047713,-3.680059309122311,-1.9260168474946973,1.3411719572718803,-0.0990887163406583,3.963894911594921,-0.4433537251091182,1.3222977704533132
67.0,178.0,129.88369750976562,-0.0371238674580442,2.6828863163114574,-4.116450644235016,-3.678852193219088,-1.9245006772364748,1.340853961483298,-0.1003745299408251,3.96483297132265,-0.4438758320633198,1.32253467512871
67.0,178.0,129.88369750976562,-0.0387529514039979,2.682332987600346,-4.114907536737543,-3.6795098013530296,-1.9263257462158496,1.3407473142017434,-0.0999818312495976,3.964815872089346,-0.4437279455012012,1.3221885533632094
67.0,178.0,129.88369750976562,-0.0385026246801999,2.681902136710416,-4.116577281202409,-3.680540846948508,-1.92433206385908,1.3402460540770993,-0.099126385258616,3.9633692913641982,-0.4437405342625667,1.3232985721522927
67.0,179.0,129.88369750976562,-0.0372763731490363,2.6826167704504225,-4.114823442455658,-3.6783468022659607,-1.9261520268860424,1.3403612303406105,-0.0998002543669788,3.963755631935773,-0.4432836224847902,1.323920551784124
67.0,179.0,129.88369750976562,-0.0386144815276365,2.682602177420531,-4.114692785083619,-3.6782825809630206,-1.925857278402108,1.3408475275948784,-0.0997619686173913,3.964034353113425,-0.4420803106852294,1.323383683790692
67.0,179.0,129.88369750976562,-0.0384255196221009,2.6828457518910365,-4.115229419906435,-3.678280070499364,-1.9241863635424368,1.340197132733122,-0.0989346872452995,3.965045366748188,-0.4436973324717846,1.3237061726352286
67.0,179.0,129.88369750976562,-0.0374477628801099,2.682657028303648,-4.114838900894199,-3.678870043592088,-1.9251837276112644,1.3405201841317955,-0.0987901150784344,3.964675583138253,-0.4423633760043502,1.3238448057713843
67.0,179.0,129.88369750976562,-0.0382635524696136,2.682419967614642,-4.114786126384205,-3.679311634560755,-1.925978686292598,1.3411333845684037,-0.0987597980305496,3.9641414728433215,-0.4424791061193618,1.320928414315454
67.0,179.0,129.88369750976562,-0.0384394284723971,2.682975909148543,-4.114785849651962,-3.679239009035948,-1.9244454601702328,1.3399968271028857,-0.0992974966139006,3.9634126109169294,-0.4438348749963561,1.323728487499586
67.0,179.0,129.88369750976562,-0.0375151009923383,2.6815405326175563,-4.11492126820321,-3.678696413336605,-1.9248538354858755,1.3399425126041962,-0.0987835979778907,3.963714046279793,-0.4446811609730565,1.323395357397754
67.0,179.0,129.88369750976562,-0.0377454066103169,2.6825043046280004,-4.114788089707397,-3.679652743106941,-1.9244710726958925,1.340134709603629,-0.1004671214614538,3.9636188560680137,-0.4424447477359667,1.3231665976907154
67.0,179.0,129.8837127685547,-0.0362652747973755,2.6823901769844523,-4.116293217939296,-3.6782962831329993,-1.928995849366236,1.3427363674667676,-0.0986275656262325,3.964030074260883,-0.444997731679174,1.3229369289227255
67.0,179.0,129.88369750976562,-0.0383554438796345,2.6837078456050074,-4.1148397309375175,-3.6796427651577615,-1.925935618093105,1.3413987342605571,-0.0995517511654577,3.963735392106942,-0.4447510661004394,1.3223569690262462
67.0,179.0,129.88369750976562,-0.0374471514184957,2.6830290313127803,-4.114093649499316,-3.679834210451842,-1.924097479454128,1.3403730799535918,-0.0989693227775162,3.9646815998637,-0.4441470635204132,1.3235251103658887
67.0,179.0,129.88369750976562,-0.0382710782515905,2.682893249029939,-4.115279657961465,-3.6792257495786993,-1.924598940320268,1.340114582927606,-0.0982937747407807,3.963413311773425,-0.4438361054294831,1.3238186492275428
67.0,179.0,129.88369750976562,-0.0386767940782647,2.6825724445294745,-4.114978013222114,-3.6803825219341575,-1.925471672712967,1.340026883894302,-0.1000383970307691,3.965015974768844,-0.4424138905121658,1.3231790020943524
67.0,179.0,129.88369750976562,-0.0386743878574695,2.682514171969066,-4.114506661615946,-3.679438333994672,-1.9243521442453364,1.339783745789752,-0.0992489063510318,3.963839175972056,-0.4434921678817331,1.3240327725928551
67.0,179.0,129.88369750976562,-0.0378622370720957,2.681968301780857,-4.11483420834631,-3.6800866107675727,-1.924030423868726,1.3402908182460136,-0.0994770964367983,3.9636342318458793,-0.4433138246954711,1.324016149664466
67.0,179.0,129.88369750976562,-0.038409736125438,2.683223324443615,-4.114847609240932,-3.679415568245977,-1.9254956460903945,1.339956890140793,-0.0993767820110977,3.96545346379171,-0.4440833734044859,1.3235641918682983
67.0,179.0,129.88369750976562,-0.0365283721779428,2.6821798842695697,-4.11603441881068,-3.679486054107372,-1.9251379515389608,1.3405617104052885,-0.1002226474128503,3.96390962240616,-0.4420402715724512,1.3236767237550735
67.0,179.0,129.8837127685547,-0.0365358024724783,2.6818681070312835,-4.112865976977184,-3.679602687252389,-1.924349351054988,1.3402820676057443,-0.1018320141376777,3.9651600061539054,-0.4432204102345752,1.3243243450746875
67.0,179.0,129.88369750976562,-0.0383216637770437,2.6825741157856324,-4.114967170153109,-3.6780063208760607,-1.924454085840296,1.3404595116488414,-0.099584917212826,3.9638032536282113,-0.4437830930453497,1.3237113962040006
67.0,179.0,129.88369750976562,-0.0379767604336877,2.680744641094622,-4.114477853527157,-3.6801701846835897,-1.924400799866619,1.3404674448137248,-0.0999418297218291,3.9646977554076215,-0.4444012423801128,1.3236911002911962
67.0,179.0,129.88369750976562,-0.0390478143195861,2.682337844354252,-4.115926773235828,-3.6795526101329856,-1.924688573970111,1.3412594732204302,-0.0998160293303123,3.963891675060848,-0.4428856325751028,1.3240663398786898
67.0,179.0,129.88369750976562,-0.0383148729229902,2.6832796999404445,-4.116294179060572,-3.6793979513078847,-1.9250865185851764,1.340689295518906,-0.0983386555168854,3.963023765613142,-0.4436402091529069,1.323783064095721
67.0,179.0,129.88369750976562,-0.0379627504806742,2.6821752792535305,-4.115112653936806,-3.679108163981376,-1.9271989799946387,1.3404670547282131,-0.0989285936155462,3.963762776092248,-0.4436037889685726,1.3234545198064809
67.0,179.0,129.88369750976562,-0.0392187524807247,2.683054261908589,-4.114922136147859,-3.6795777604845856,-1.925288325593142,1.3412020927009516,-0.0999221139832497,3.9638507441902,-0.4441360716815598,1.3240769948011513
67.0,179.0,129.88369750976562,-0.0383849644671473,2.6829565493324656,-4.1152425670406885,-3.679085536259625,-1.9245625020625792,1.3398362901102925,-0.0989136901687004,3.964908554644228,-0.4445902552466633,1.3237140521602766
67.0,179.0,129.88369750976562,-0.0381150873514049,2.682542042709517,-4.114430642239843,-3.678878579382245,-1.9244999050184943,1.3406975087022637,-0.0999938618507068,3.963198803446204,-0.4438787615061223,1.3237429493033557
67.0,179.0,129.8837127685547,-0.0393439610213545,2.6830619422745308,-4.114604043222708,-3.680368689308013,-1.9229080885171144,1.340185094365083,-0.099360564882717,3.963476834582344,-0.4430568216979387,1.320904571426344
67.0,179.0,129.88369750976562,-0.0370319986549597,2.682141311654721,-4.11568919640137,-3.679601765843594,-1.9250876999733395,1.3398228311447469,-0.1004837490685165,3.964237534852891,-0.442657322459007,1.323574800022745
67.0,179.0,129.88369750976562,-0.0370807272260081,2.68264859514898,-4.115168223632826,-3.678252415128613,-1.9239598296335736,1.3405486072531194,-0.098422161926668,3.964345449074509,-0.4430919035377933,1.32368118639016
67.0,179.0,129.88369750976562,-0.0371588517049898,2.6805734538012,-4.114829362922763,-3.680286246949066,-1.92656536943232,1.339947151786356,-0.0988547495593402,3.9637048782995135,-0.4439045648392518,1.323849355521426
67.0,179.0,129.88369750976562,-0.0375504977495809,2.682280533818246,-4.115233018272244,-3.679761393898062,-1.925012808213688,1.3408448440508045,-0.0991535257406458,3.963799535448471,-0.4426996479812786,1.32341862225405
67.0,179.0,129.8837127685547,-0.0353928620126881,2.684844982485186,-4.114734682919397,-3.6814192467957407,-1.9241976470811808,1.3403668723367224,-0.1000266563011459,3.964715904633412,-0.4442067176368913,1.324261404745758
67.0,179.0,129.88369750976562,-0.0375050067521598,2.682394795215691,-4.114718372567042,-3.678092981168621,-1.9258440914610253,1.3400083563894525,-0.099182553119151,3.966016159885976,-0.4438312502809411,1.3218137438897066
67.0,179.0,129.88369750976562,-0.0385790505121479,2.6829151465589978,-4.114800802167872,-3.680258446862143,-1.924409893497719,1.340273682270729,-0.0988903953142273,3.964274155720028,-0.443693939368691,1.324358976709781
67.0,179.0,129.88369750976562,-0.0373377203114786,2.682486630971601,-4.114913017838977,-3.6783634873448783,-1.9265970819780125,1.3403155553342478,-0.099168483249192,3.963433477689972,-0.4450287501643289,1.3241048847555466
67.0,179.0,129.88369750976562,-0.0379180192985064,2.682247815866732,-4.11618169808676,-3.678672127199636,-1.9243215382018104,1.341224665253827,-0.0999942253138913,3.964944788080395,-0.4445476548029366,1.3237704141458422
67.0,179.0,129.88369750976562,-0.0379024272348933,2.681548237319513,-4.1147750510204935,-3.679808883893499,-1.9248620463978097,1.3398379650494014,-0.0992112748296654,3.963017815678836,-0.4424179299426491,1.3233375186841294
67.0,179.0,129.88369750976562,-0.0386119900478477,2.682502921158186,-4.115330536104988,-3.67922120648243,-1.924454899099244,1.3398214621333258,-0.0993185791376466,3.963886887649888,-0.4432911272000954,1.323338099550023
67.0,179.0,129.88369750976562,-0.0382477403859779,2.68273101332882,-4.115921932644253,-3.677978964649831,-1.924749009834854,1.3417441945558162,-0.0989616560098664,3.9650317801400976,-0.4436610931860999,1.3237025486479133
67.0,179.0,129.88369750976562,-0.0368336824364338,2.6826832487827823,-4.114591204394081,-3.678575812548972,-1.925641460409574,1.3405690717413157,-0.0993023327242637,3.963040004737601,-0.4453726377459595,1.3228519700821009
67.0,179.0,129.88369750976562,-0.0368682580867013,2.6829220535883818,-4.115330151241876,-3.6800847775118006,-1.924143475813016,1.3403634962947215,-0.0977891263415146,3.964305456688996,-0.4434524361281761,1.323232495747224
67.0,179.0,129.88369750976562,-0.0385555590400413,2.682332051900679,-4.11561887003485,-3.678886500882304,-1.9246899936591084,1.339812599810698,-0.0990985889591814,3.964719517917539,-0.4435134565679196,1.3239478618172835
67.0,179.0,129.88369750976562,-0.0362685215543273,2.6824785535414897,-4.115228802300194,-3.679666890710486,-1.924817154336768,1.3397913112986377,-0.0984104785689082,3.965220519508229,-0.4431274438343454,1.3229101875008091
67.0,179.0,129.88369750976562,-0.0375539125029723,2.683178260371717,-4.114369649219112,-3.679430716965344,-1.9246000535494767,1.3402022966892828,-0.0991060381317665,3.964045450719317,-0.4435850165156397,1.3232991003993002
67.0,179.0,129.88369750976562,-0.0373747018816963,2.6827891322424366,-4.115831560265851,-3.678720605069845,-1.925137080380172,1.3403258327157284,-0.0988966046907536,3.963632318963182,-0.4426579316869733,1.3218509770686553
67.0,179.0,129.8837127685547,-0.0384557015208323,2.682627415337113,-4.1123587635104615,-3.680209406948144,-1.9237014243757844,1.34270171189778,-0.0991206517234278,3.9639897608437753,-0.4421421290146739,1.3241146792666707
67.0,179.0,129.88369750976562,-0.0391015901040685,2.6832066369908216,-4.11469770047713,-3.680059309122311,-1.9260168474946973,1.3411719572718803,-0.0990887163406583,3.963894911594921,-0.4433537251091182,1.3222977704533132
67.0,179.0,129.88369750976562,-0.0371238674580442,2.6828863163114574,-4.116450644235016,-3.678852193219088,-1.9245006772364748,1.340853961483298,-0.1003745299408251,3.96483297132265,-0.4438758320633198,1.32253467512871
67.0,179.0,129.88369750976562,-0.0387529514039979,2.682332987600346,-4.114907536737543,-3.6795098013530296,-1.9263257462158496,1.3407473142017434,-0.0999818312495976,3.964815872089346,-0.4437279455012012,1.3221885533632094
67.0,179.0,129.88369750976562,-0.0385026246801999,2.681902136710416,-4.116577281202409,-3.680540846948508,-1.92433206385908,1.3402460540770993,-0.099126385258616,3.9633692913641982,-0.4437405342625667,1.3232985721522927
67.0,180.0,129.88369750976562,-0.0372763731490363,2.6826167704504225,-4.114823442455658,-3.6783468022659607,-1.9261520268860424,1.3403612303406105,-0.0998002543669788,3.963755631935773,-0.4432836224847902,1.323920551784124
67.0,180.0,129.88369750976562,-0.0386144815276365,2.682602177420531,-4.114692785083619,-3.6782825809630206,-1.925857278402108,1.3408475275948784,-0.0997619686173913,3.964034353113425,-0.4420803106852294,1.323383683790692
67.0,180.0,129.88369750976562,-0.0384255196221009,2.6828457518910365,-4.115229419906435,-3.678280070499364,-1.9241863635424368,1.340197132733122,-0.0989346872452995,3.965045366748188,-0.4436973324717846,1.3237061726352286
67.0,180.0,129.88369750976562,-0.0374477628801099,2.682657028303648,-4.114838900894199,-3.678870043592088,-1.9251837276112644,1.3405201841317955,-0.0987901150784344,3.964675583138253,-0.4423633760043502,1.3238448057713843
67.0,180.0,129.88369750976562,-0.0382635524696136,2.682419967614642,-4.114786126384205,-3.679311634560755,-1.925978686292598,1.3411333845684037,-0.0987597980305496,3.9641414728433215,-0.4424791061193618,1.320928414315454
67.0,180.0,129.88369750976562,-0.0384394284723971,2.682975909148543,-4.114785849651962,-3.679239009035948,-1.9244454601702328,1.3399968271028857,-0.0992974966139006,3.9634126109169294,-0.4438348749963561,1.323728487499586
67.0,180.0,129.88369750976562,-0.0375151009923383,2.6815405326175563,-4.11492126820321,-3.678696413336605,-1.9248538354858755,1.3399425126041962,-0.0987835979778907,3.963714046279793,-0.4446811609730565,1.323395357397754
67.0,180.0,129.88369750976562,-0.0377454066103169,2.6825043046280004,-4.114788089707397,-3.679652743106941,-1.9244710726958925,1.340134709603629,-0.1004671214614538,3.9636188560680137,-0.4424447477359667,1.3231665976907154
67.0,180.0,129.8837127685547,-0.0362652747973755,2.6823901769844523,-4.116293217939296,-3.6782962831329993,-1.928995849366236,1.3427363674667676,-0.0986275656262325,3.964030074260883,-0.444997731679174,1.3229369289227255
67.0,180.0,129.88369750976562,-0.0383554438796345,2.6837078456050074,-4.1148397309375175,-3.6796427651577615,-1.925935618093105,1.3413987342605571,-0.0995517511654577,3.963735392106942,-0.4447510661004394,1.3223569690262462
67.0,180.0,129.88369750976562,-0.0374471514184957,2.6830290313127803,-4.114093649499316,-3.679834210451842,-1.924097479454128,1.3403730799535918,-0.0989693227775162,3.9646815998637,-0.4441470635204132,1.3235251103658887
67.0,180.0,129.88369750976562,-0.0382710782515905,2.682893249029939,-4.115279657961465,-3.6792257495786993,-1.924598940320268,1.340114582927606,-0.0982937747407807,3.963413311773425,-0.4438361054294831,1.3238186492275428
67.0,180.0,129.88369750976562,-0.0386767940782647,2.6825724445294745,-4.114978013222114,-3.6803825219341575,-1.925471672712967,1.340026883894302,-0.1000383970307691,3.965015974768844,-0.4424138905121658,1.3231790020943524
67.0,180.0,129.88369750976562,-0.0386743878574695,2.682514171969066,-4.114506661615946,-3.679438333994672,-1.9243521442453364,1.339783745789752,-0.0992489063510318,3.963839175972056,-0.4434921678817331,1.3240327725928551
67.0,180.0,129.88369750976562,-0.0378622370720957,2.681968301780857,-4.11483420834631,-3.6800866107675727,-1.924030423868726,1.3402908182460136,-0.0994770964367983,3.9636342318458793,-0.4433138246954711,1.324016149664466
67.0,180.0,129.88369750976562,-0.038409736125438,2.683223324443615,-4.114847609240932,-3.679415568245977,-1.9254956460903945,1.339956890140793,-0.0993767820110977,3.96545346379171,-0.4440833734044859,1.3235641918682983
67.0,180.0,129.88369750976562,-0.0365283721779428,2.6821798842695697,-4.11603441881068,-3.679486054107372,-1.9251379515389608,1.3405617104052885,-0.1002226474128503,3.96390962240616,-0.4420402715724512,1.3236767237550735
67.0,180.0,129.8837127685547,-0.0365358024724783,2.6818681070312835,-4.112865976977184,-3.679602687252389,-1.924349351054988,1.3402820676057443,-0.1018320141376777,3.9651600061539054,-0.4432204102345752,1.3243243450746875
67.0,180.0,129.88369750976562,-0.0383216637770437,2.6825741157856324,-4.114967170153109,-3.6780063208760607,-1.924454085840296,1.3404595116488414,-0.099584917212826,3.9638032536282113,-0.4437830930453497,1.3237113962040006
67.0,180.0,129.88369750976562,-0.0379767604336877,2.680744641094622,-4.114477853527157,-3.6801701846835897,-1.924400799866619,1.3404674448137248,-0.0999418297218291,3.9646977554076215,-0.4444012423801128,1.3236911002911962
67.0,180.0,129.88369750976562,-0.0390478143195861,2.682337844354252,-4.115926773235828,-3.6795526101329856,-1.924688573970111,1.3412594732204302,-0.0998160293303123,3.963891675060848,-0.4428856325751028,1.3240663398786898
67.0,180.0,129.88369750976562,-0.0383148729229902,2.6832796999404445,-4.116294179060572,-3.6793979513078847,-1.9250865185851764,1.340689295518906,-0.0983386555168854,3.963023765613142,-0.4436402091529069,1.323783064095721
67.0,180.0,129.88369750976562,-0.0379627504806742,2.6821752792535305,-4.115112653936806,-3.679108163981376,-1.9271989799946387,1.3404670547282131,-0.0989285936155462,3.963762776092248,-0.4436037889685726,1.3234545198064809
67.0,180.0,129.88369750976562,-0.0392187524807247,2.683054261908589,-4.114922136147859,-3.6795777604845856,-1.925288325593142,1.3412020927009516,-0.0999221139832497,3.9638507441902,-0.4441360716815598,1.3240769948011513
67.0,180.0,129.88369750976562,-0.0383849644671473,2.6829565493324656,-4.1152425670406885,-3.679085536259625,-1.9245625020625792,1.3398362901102925,-0.0989136901687004,3.964908554644228,-0.4445902552466633,1.3237140521602766
67.0,180.0,129.88369750976562,-0.0381150873514049,2.682542042709517,-4.114430642239843,-3.678878579382245,-1.9244999050184943,1.3406975087022637,-0.0999938618507068,3.963198803446204,-0.4438787615061223,1.3237429493033557
67.0,180.0,129.8837127685547,-0.0393439610213545,2.6830619422745308,-4.114604043222708,-3.680368689308013,-1.9229080885171144,1.340185094365083,-0.099360564882717,3.963476834582344,-0.4430568216979387,1.320904571426344
67.0,180.0,129.88369750976562,-0.0370319986549597,2.682141311654721,-4.11568919640137,-3.679601765843594,-1.9250876999733395,1.3398228311447469,-0.1004837490685165,3.964237534852891,-0.442657322459007,1.323574800022745
67.0,180.0,129.88369750976562,-0.0370807272260081,2.68264859514898,-4.115168223632826,-3.678252415128613,-1.9239598296335736,1.3405486072531194,-0.098422161926668,3.964345449074509,-0.4430919035377933,1.32368118639016
67.0,180.0,129.88369750976562,-0.0371588517049898,2.6805734538012,-4.114829362922763,-3.680286246949066,-1.92656536943232,1.339947151786356,-0.0988547495593402,3.9637048782995135,-0.4439045648392518,1.323849355521426
67.0,180.0,129.88369750976562,-0.0375504977495809,2.682280533818246,-4.115233018272244,-3.679761393898062,-1.925012808213688,1.3408448440508045,-0.0991535257406458,3.963799535448471,-0.4426996479812786,1.32341862225405
67.0,180.0,129.8837127685547,-0.0353928620126881,2.684844982485186,-4.114734682919397,-3.6814192467957407,-1.9241976470811808,1.3403668723367224,-0.1000266563011459,3.964715904633412,-0.4442067176368913,1.324261404745758
67.0,180.0,129.88369750976562,-0.0375050067521598,2.682394795215691,-4.114718372567042,-3.678092981168621,-1.9258440914610253,1.3400083563894525,-0.099182553119151,3.966016159885976,-0.4438312502809411,1.3218137438897066
67.0,180.0,129.88369750976562,-0.0385790505121479,2.6829151465589978,-4.114800802167872,-3.680258446862143,-1.924409893497719,1.340273682270729,-0.0988903953142273,3.964274155720028,-0.443693939368691,1.324358976709781
67.0,180.0,129.88369750976562,-0.0373377203114786,2.682486630971601,-4.114913017838977,-3.6783634873448783,-1.9265970819780125,1.3403155553342478,-0.099168483249192,3.963433477689972,-0.4450287501643289,1.3241048847555466
67.0,180.0,129.88369750976562,-0.0379180192985064,2.682247815866732,-4.11618169808676,-3.678672127199636,-1.9243215382018104,1.341224665253827,-0.0999942253138913,3.964944788080395,-0.4445476548029366,1.3237704141458422
67.0,180.0,129.88369750976562,-0.0379024272348933,2.681548237319513,-4.1147750510204935,-3.679808883893499,-1.9248620463978097,1.3398379650494014,-0.0992112748296654,3.963017815678836,-0.4424179299426491,1.3233375186841294
67.0,180.0,129.88369750976562,-0.0386119900478477,2.682502921158186,-4.115330536104988,-3.67922120648243,-1.924454899099244,1.3398214621333258,-0.0993185791376466,3.963886887649888,-0.4432911272000954,1.323338099550023
67.0,180.0,129.88369750976562,-0.0382477403859779,2.68273101332882,-4.115921932644253,-3.677978964649831,-1.924749009834854,1.3417441945558162,-0.0989616560098664,3.9650317801400976,-0.4436610931860999,1.3237025486479133
67.0,180.0,129.88369750976562,-0.0368336824364338,2.6826832487827823,-4.114591204394081,-3.678575812548972,-1.925641460409574,1.3405690717413157,-0.0993023327242637,3.963040004737601,-0.4453726377459595,1.3228519700821009
67.0,180.0,129.88369750976562,-0.0368682580867013,2.6829220535883818,-4.115330151241876,-3.6800847775118006,-1.924143475813016,1.3403634962947215,-0.0977891263415146,3.964305456688996,-0.4434524361281761,1.323232495747224
67.0,180.0,129.88369750976562,-0.0385555590400413,2.682332051900679,-4.11561887003485,-3.678886500882304,-1.9246899936591084,1.339812599810698,-0.0990985889591814,3.964719517917539,-0.4435134565679196,1.3239478618172835
67.0,180.0,129.88369750976562,-0.0362685215543273,2.6824785535414897,-4.115228802300194,-3.679666890710486,-1.924817154336768,1.3397913112986377,-0.0984104785689082,3.965220519508229,-0.4431274438343454,1.3229101875008091
67.0,180.0,129.88369750976562,-0.0375539125029723,2.683178260371717,-4.114369649219112,-3.679430716965344,-1.9246000535494767,1.3402022966892828,-0.0991060381317665,3.964045450719317,-0.4435850165156397,1.3232991003993002
67.0,180.0,129.88369750976562,-0.0373747018816963,2.6827891322424366,-4.115831560265851,-3.678720605069845,-1.925137080380172,1.3403258327157284,-0.0988966046907536,3.963632318963182,-0.4426579316869733,1.3218509770686553
67.0,180.0,129.8837127685547,-0.0384557015208323,2.682627415337113,-4.1123587635104615,-3.680209406948144,-1.9237014243757844,1.34270171189778,-0.0991206517234278,3.9639897608437753,-0.4421421290146739,1.3241146792666707
67.0,180.0,129.88369750976562,-0.0391015901040685,2.6832066369908216,-4.11469770047713,-3.680059309122311,-1.9260168474946973,1.3411719572718803,-0.0990887163406583,3.963894911594921,-0.4433537251091182,1.3222977704533132
67.0,180.0,129.88369750976562,-0.0371238674580442,2.6828863163114574,-4.116450644235016,-3.678852193219088,-1.9245006772364748,1.340853961483298,-0.1003745299408251,3.96483297132265,-0.4438758320633198,1.32253467512871
67.0,180.0,129.88369750976562,-0.0387529514039979,2.682332987600346,-4.114907536737543,-3.6795098013530296,-1.9263257462158496,1.3407473142017434,-0.0999818312495976,3.964815872089346,-0.4437279455012012,1.3221885533632094
67.0,180.0,129.88369750976562,-0.0385026246801999,2.681902136710416,-4.116577281202409,-3.680540846948508,-1.92433206385908,1.3402460540770993,-0.099126385258616,3.9633692913641982,-0.4437405342625667,1.3232985721522927
67.0,181.0,129.88369750976562,-0.0372763731490363,2.6826167704504225,-4.114823442455658,-3.6783468022659607,-1.9261520268860424,1.3403612303406105,-0.0998002543669788,3.963755631935773,-0.4432836224847902,1.323920551784124
67.0,181.0,129.88369750976562,-0.0386144815276365,2.682602177420531,-4.114692785083619,-3.6782825809630206,-1.925857278402108,1.3408475275948784,-0.0997619686173913,3.964034353113425,-0.4420803106852294,1.323383683790692
67.0,181.0,129.88369750976562,-0.0384255196221009,2.6828457518910365,-4.115229419906435,-3.678280070499364,-1.9241863635424368,1.340197132733122,-0.0989346872452995,3.965045366748188,-0.4436973324717846,1.3237061726352286
67.0,181.0,129.88369750976562,-0.0374477628801099,2.682657028303648,-4.114838900894199,-3.678870043592088,-1.9251837276112644,1.3405201841317955,-0.0987901150784344,3.964675583138253,-0.4423633760043502,1.3238448057713843
67.0,181.0,129.88369750976562,-0.0382635524696136,2.682419967614642,-4.114786126384205,-3.679311634560755,-1.925978686292598,1.3411333845684037,-0.0987597980305496,3.9641414728433215,-0.4424791061193618,1.320928414315454
67.0,181.0,129.88369750976562,-0.0384394284723971,2.682975909148543,-4.114785849651962,-3.679239009035948,-1.9244454601702328,1.3399968271028857,-0.0992974966139006,3.9634126109169294,-0.4438348749963561,1.323728487499586
67.0,181.0,129.88369750976562,-0.0375151009923383,2.6815405326175563,-4.11492126820321,-3.678696413336605,-1.9248538354858755,1.3399425126041962,-0.0987835979778907,3.963714046279793,-0.4446811609730565,1.323395357397754
67.0,181.0,129.88369750976562,-0.0377454066103169,2.6825043046280004,-4.114788089707397,-3.679652743106941,-1.9244710726958925,1.340134709603629,-0.1004671214614538,3.9636188560680137,-0.4424447477359667,1.3231665976907154
67.0,181.0,129.8837127685547,-0.0362652747973755,2.6823901769844523,-4.116293217939296,-3.6782962831329993,-1.928995849366236,1.3427363674667676,-0.0986275656262325,3.964030074260883,-0.444997731679174,1.3229369289227255
67.0,181.0,129.88369750976562,-0.0383554438796345,2.6837078456050074,-4.1148397309375175,-3.6796427651577615,-1.925935618093105,1.3413987342605571,-0.0995517511654577,3.963735392106942,-0.4447510661004394,1.3223569690262462
67.0,181.0,129.88369750976562,-0.0374471514184957,2.6830290313127803,-4.114093649499316,-3.679834210451842,-1.924097479454128,1.3403730799535918,-0.0989693227775162,3.9646815998637,-0.4441470635204132,1.3235251103658887
67.0,181.0,129.88369750976562,-0.0382710782515905,2.682893249029939,-4.115279657961465,-3.6792257495786993,-1.924598940320268,1.340114582927606,-0.0982937747407807,3.963413311773425,-0.4438361054294831,1.3238186492275428
67.0,181.0,129.88369750976562,-0.0386767940782647,2.6825724445294745,-4.114978013222114,-3.6803825219341575,-1.925471672712967,1.340026883894302,-0.1000383970307691,3.965015974768844,-0.4424138905121658,1.3231790020943524
67.0,181.0,129.88369750976562,-0.0386743878574695,2.682514171969066,-4.114506661615946,-3.679438333994672,-1.9243521442453364,1.339783745789752,-0.0992489063510318,3.963839175972056,-0.4434921678817331,1.3240327725928551
67.0,181.0,129.88369750976562,-0.0378622370720957,2.681968301780857,-4.11483420834631,-3.6800866107675727,-1.924030423868726,1.3402908182460136,-0.0994770964367983,3.9636342318458793,-0.4433138246954711,1.324016149664466
67.0,181.0,129.88369750976562,-0.038409736125438,2.683223324443615,-4.114847609240932,-3.679415568245977,-1.9254956460903945,1.339956890140793,-0.0993767820110977,3.96545346379171,-0.4440833734044859,1.3235641918682983
67.0,181.0,129.88369750976562,-0.0365283721779428,2.6821798842695697,-4.11603441881068,-3.679486054107372,-1.9251379515389608,1.3405617104052885,-0.1002226474128503,3.96390962240616,-0.4420402715724512,1.3236767237550735
67.0,181.0,129.8837127685547,-0.0365358024724783,2.6818681070312835,-4.112865976977184,-3.679602687252389,-1.924349351054988,1.3402820676057443,-0.1018320141376777,3.9651600061539054,-0.4432204102345752,1.3243243450746875
67.0,181.0,129.88369750976562,-0.0383216637770437,2.6825741157856324,-4.114967170153109,-3.6780063208760607,-1.924454085840296,1.3404595116488414,-0.099584917212826,3.9638032536282113,-0.4437830930453497,1.3237113962040006
67.0,181.0,129.88369750976562,-0.0379767604336877,2.680744641094622,-4.114477853527157,-3.6801701846835897,-1.924400799866619,1.3404674448137248,-0.0999418297218291,3.9646977554076215,-0.4444012423801128,1.3236911002911962
67.0,181.0,129.88369750976562,-0.0390478143195861,2.682337844354252,-4.115926773235828,-3.6795526101329856,-1.924688573970111,1.3412594732204302,-0.0998160293303123,3.963891675060848,-0.4428856325751028,1.3240663398786898
67.0,181.0,129.88369750976562,-0.0383148729229902,2.6832796999404445,-4.116294179060572,-3.6793979513078847,-1.9250865185851764,1.340689295518906,-0.0983386555168854,3.963023765613142,-0.4436402091529069,1.323783064095721
67.0,181.0,129.88369750976562,-0.0379627504806742,2.6821752792535305,-4.115112653936806,-3.679108163981376,-1.9271989799946387,1.3404670547282131,-0.0989285936155462,3.963762776092248,-0.4436037889685726,1.3234545198064809
67.0,181.0,129.88369750976562,-0.0392187524807247,2.683054261908589,-4.114922136147859,-3.6795777604845856,-1.925288325593142,1.3412020927009516,-0.0999221139832497,3.9638507441902,-0.4441360716815598,1.3240769948011513
67.0,181.0,129.88369750976562,-0.0383849644671473,2.6829565493324656,-4.1152425670406885,-3.679085536259625,-1.9245625020625792,1.3398362901102925,-0.0989136901687004,3.964908554644228,-0.4445902552466633,1.3237140521602766
67.0,181.0,129.88369750976562,-0.0381150873514049,2.682542042709517,-4.114430642239843,-3.678878579382245,-1.9244999050184943,1.3406975087022637,-0.0999938618507068,3.963198803446204,-0.4438787615061223,1.3237429493033557
67.0,181.0,129.8837127685547,-0.0393439610213545,2.6830619422745308,-4.114604043222708,-3.680368689308013,-1.9229080885171144,1.340185094365083,-0.099360564882717,3.963476834582344,-0.4430568216979387,1.320904571426344
67.0,181.0,129.88369750976562,-0.0370319986549597,2.682141311654721,-4.11568919640137,-3.679601765843594,-1.9250876999733395,1.3398228311447469,-0.1004837490685165,3.964237534852891,-0.442657322459007,1.323574800022745
67.0,181.0,129.88369750976562,-0.0370807272260081,2.68264859514898,-4.115168223632826,-3.678252415128613,-1.9239598296335736,1.3405486072531194,-0.098422161926668,3.964345449074509,-0.4430919035377933,1.32368118639016
67.0,181.0,129.88369750976562,-0.0371588517049898,2.6805734538012,-4.114829362922763,-3.680286246949066,-1.92656536943232,1.339947151786356,-0.0988547495593402,3.9637048782995135,-0.4439045648392518,1.323849355521426
67.0,181.0,129.88369750976562,-0.0375504977495809,2.682280533818246,-4.115233018272244,-3.679761393898062,-1.925012808213688,1.3408448440508045,-0.0991535257406458,3.963799535448471,-0.4426996479812786,1.32341862225405
67.0,181.0,129.8837127685547,-0.0353928620126881,2.684844982485186,-4.114734682919397,-3.6814192467957407,-1.9241976470811808,1.3403668723367224,-0.1000266563011459,3.964715904633412,-0.4442067176368913,1.324261404745758
67.0,181.0,129.88369750976562,-0.0375050067521598,2.682394795215691,-4.114718372567042,-3.678092981168621,-1.9258440914610253,1.3400083563894525,-0.099182553119151,3.966016159885976,-0.4438312502809411,1.3218137438897066
67.0,181.0,129.88369750976562,-0.0385790505121479,2.6829151465589978,-4.114800802167872,-3.680258446862143,-1.924409893497719,1.340273682270729,-0.0988903953142273,3.964274155720028,-0.443693939368691,1.324358976709781
67.0,181.0,129.88369750976562,-0.0373377203114786,2.682486630971601,-4.114913017838977,-3.6783634873448783,-1.9265970819780125,1.3403155553342478,-0.099168483249192,3.963433477689972,-0.4450287501643289,1.3241048847555466
67.0,181.0,129.88369750976562,-0.0379180192985064,2.682247815866732,-4.11618169808676,-3.678672127199636,-1.9243215382018104,1.341224665253827,-0.0999942253138913,3.964944788080395,-0.4445476548029366,1.3237704141458422
67.0,181.0,129.88369750976562,-0.0379024272348933,2.681548237319513,-4.1147750510204935,-3.679808883893499,-1.9248620463978097,1.3398379650494014,-0.0992112748296654,3.963017815678836,-0.4424179299426491,1.3233375186841294
67.0,181.0,129.88369750976562,-0.0386119900478477,2.682502921158186,-4.115330536104988,-3.67922120648243,-1.924454899099244,1.3398214621333258,-0.0993185791376466,3.963886887649888,-0.4432911272000954,1.323338099550023
67.0,181.0,129.88369750976562,-0.0382477403859779,2.68273101332882,-4.115921932644253,-3.677978964649831,-1.924749009834854,1.3417441945558162,-0.0989616560098664,3.9650317801400976,-0.4436610931860999,1.3237025486479133
67.0,181.0,129.88369750976562,-0.0368336824364338,2.6826832487827823,-4.114591204394081,-3.678575812548972,-1.925641460409574,1.3405690717413157,-0.0993023327242637,3.963040004737601,-0.4453726377459595,1.3228519700821009
67.0,181.0,129.88369750976562,-0.0368682580867013,2.6829220535883818,-4.115330151241876,-3.6800847775118006,-1.924143475813016,1.3403634962947215,-0.0977891263415146,3.964305456688996,-0.4434524361281761,1.323232495747224
67.0,181.0,129.88369750976562,-0.0385555590400413,2.682332051900679,-4.11561887003485,-3.678886500882304,-1.9246899936591084,1.339812599810698,-0.0990985889591814,3.964719517917539,-0.4435134565679196,1.3239478618172835
67.0,181.0,129.88369750976562,-0.0362685215543273,2.6824785535414897,-4.115228802300194,-3.679666890710486,-1.924817154336768,1.3397913112986377,-0.0984104785689082,3.965220519508229,-0.4431274438343454,1.3229101875008091
67.0,181.0,129.88369750976562,-0.0375539125029723,2.683178260371717,-4.114369649219112,-3.679430716965344,-1.9246000535494767,1.3402022966892828,-0.0991060381317665,3.964045450719317,-0.4435850165156397,1.3232991003993002
67.0,181.0,129.88369750976562,-0.0373747018816963,2.6827891322424366,-4.115831560265851,-3.678720605069845,-1.925137080380172,1.3403258327157284,-0.0988966046907536,3.963632318963182,-0.4426579316869733,1.3218509770686553
67.0,181.0,129.8837127685547,-0.0384557015208323,2.682627415337113,-4.1123587635104615,-3.680209406948144,-1.9237014243757844,1.34270171189778,-0.0991206517234278,3.9639897608437753,-0.4421421290146739,1.3241146792666707
67.0,181.0,129.88369750976562,-0.0391015901040685,2.6832066369908216,-4.11469770047713,-3.680059309122311,-1.9260168474946973,1.3411719572718803,-0.0990887163406583,3.963894911594921,-0.4433537251091182,1.3222977704533132
67.0,181.0,129.88369750976562,-0.0371238674580442,2.6828863163114574,-4.116450644235016,-3.678852193219088,-1.9245006772364748,1.340853961483298,-0.1003745299408251,3.96483297132265,-0.4438758320633198,1.32253467512871
67.0,181.0,129.88369750976562,-0.0387529514039979,2.682332987600346,-4.114907536737543,-3.6795098013530296,-1.9263257462158496,1.3407473142017434,-0.0999818312495976,3.964815872089346,-0.4437279455012012,1.3221885533632094
67.0,181.0,129.88369750976562,-0.0385026246801999,2.681902136710416,-4.116577281202409,-3.680540846948508,-1.92433206385908,1.3402460540770993,-0.099126385258616,3.9633692913641982,-0.4437405342625667,1.3232985721522927
67.0,182.0,129.88369750976562,-0.0372763731490363,2.6826167704504225,-4.114823442455658,-3.6783468022659607,-1.9261520268860424,1.3403612303406105,-0.0998002543669788,3.963755631935773,-0.4432836224847902,1.323920551784124
67.0,182.0,129.88369750976562,-0.0386144815276365,2.682602177420531,-4.114692785083619,-3.6782825809630206,-1.925857278402108,1.3408475275948784,-0.0997619686173913,3.964034353113425,-0.4420803106852294,1.323383683790692
67.0,182.0,129.88369750976562,-0.0384255196221009,2.6828457518910365,-4.115229419906435,-3.678280070499364,-1.9241863635424368,1.340197132733122,-0.0989346872452995,3.965045366748188,-0.4436973324717846,1.3237061726352286
67.0,182.0,129.88369750976562,-0.0374477628801099,2.682657028303648,-4.114838900894199,-3.678870043592088,-1.9251837276112644,1.3405201841317955,-0.0987901150784344,3.964675583138253,-0.4423633760043502,1.3238448057713843
67.0,182.0,129.88369750976562,-0.0382635524696136,2.682419967614642,-4.114786126384205,-3.679311634560755,-1.925978686292598,1.3411333845684037,-0.0987597980305496,3.9641414728433215,-0.4424791061193618,1.320928414315454
67.0,182.0,129.88369750976562,-0.0384394284723971,2.682975909148543,-4.114785849651962,-3.679239009035948,-1.9244454601702328,1.3399968271028857,-0.0992974966139006,3.9634126109169294,-0.4438348749963561,1.323728487499586
67.0,182.0,129.88369750976562,-0.0375151009923383,2.6815405326175563,-4.11492126820321,-3.678696413336605,-1.9248538354858755,1.3399425126041962,-0.0987835979778907,3.963714046279793,-0.4446811609730565,1.323395357397754
67.0,182.0,129.88369750976562,-0.0377454066103169,2.6825043046280004,-4.114788089707397,-3.679652743106941,-1.9244710726958925,1.340134709603629,-0.1004671214614538,3.9636188560680137,-0.4424447477359667,1.3231665976907154
67.0,182.0,129.8837127685547,-0.0362652747973755,2.6823901769844523,-4.116293217939296,-3.6782962831329993,-1.928995849366236,1.3427363674667676,-0.0986275656262325,3.964030074260883,-0.444997731679174,1.3229369289227255
67.0,182.0,129.88369750976562,-0.0383554438796345,2.6837078456050074,-4.1148397309375175,-3.6796427651577615,-1.925935618093105,1.3413987342605571,-0.0995517511654577,3.963735392106942,-0.4447510661004394,1.3223569690262462
67.0,182.0,129.88369750976562,-0.0374471514184957,2.6830290313127803,-4.114093649499316,-3.679834210451842,-1.924097479454128,1.3403730799535918,-0.0989693227775162,3.9646815998637,-0.4441470635204132,1.3235251103658887
67.0,182.0,129.88369750976562,-0.0382710782515905,2.682893249029939,-4.115279657961465,-3.6792257495786993,-1.924598940320268,1.340114582927606,-0.0982937747407807,3.963413311773425,-0.4438361054294831,1.3238186492275428
67.0,182.0,129.88369750976562,-0.0386767940782647,2.6825724445294745,-4.114978013222114,-3.6803825219341575,-1.925471672712967,1.340026883894302,-0.1000383970307691,3.965015974768844,-0.4424138905121658,1.3231790020943524
67.0,182.0,129.88369750976562,-0.0386743878574695,2.682514171969066,-4.114506661615946,-3.679438333994672,-1.9243521442453364,1.339783745789752,-0.0992489063510318,3.963839175972056,-0.4434921678817331,1.3240327725928551
67.0,182.0,129.88369750976562,-0.0378622370720957,2.681968301780857,-4.11483420834631,-3.6800866107675727,-1.924030423868726,1.3402908182460136,-0.0994770964367983,3.9636342318458793,-0.4433138246954711,1.324016149664466
67.0,182.0,129.88369750976562,-0.038409736125438,2.683223324443615,-4.114847609240932,-3.679415568245977,-1.9254956460903945,1.339956890140793,-0.0993767820110977,3.96545346379171,-0.4440833734044859,1.3235641918682983
67.0,182.0,129.88369750976562,-0.0365283721779428,2.6821798842695697,-4.11603441881068,-3.679486054107372,-1.9251379515389608,1.3405617104052885,-0.1002226474128503,3.96390962240616,-0.4420402715724512,1.3236767237550735
67.0,182.0,129.8837127685547,-0.0365358024724783,2.6818681070312835,-4.112865976977184,-3.679602687252389,-1.924349351054988,1.3402820676057443,-0.1018320141376777,3.9651600061539054,-0.4432204102345752,1.3243243450746875
67.0,182.0,129.88369750976562,-0.0383216637770437,2.6825741157856324,-4.114967170153109,-3.6780063208760607,-1.924454085840296,1.3404595116488414,-0.099584917212826,3.9638032536282113,-0.4437830930453497,1.3237113962040006
67.0,182.0,129.88369750976562,-0.0379767604336877,2.680744641094622,-4.114477853527157,-3.6801701846835897,-1.924400799866619,1.3404674448137248,-0.0999418297218291,3.9646977554076215,-0.4444012423801128,1.3236911002911962
67.0,182.0,129.88369750976562,-0.0390478143195861,2.682337844354252,-4.115926773235828,-3.6795526101329856,-1.924688573970111,1.3412594732204302,-0.0998160293303123,3.963891675060848,-0.4428856325751028,1.3240663398786898
67.0,182.0,129.88369750976562,-0.0383148729229902,2.6832796999404445,-4.116294179060572,-3.6793979513078847,-1.9250865185851764,1.340689295518906,-0.0983386555168854,3.963023765613142,-0.4436402091529069,1.323783064095721
67.0,182.0,129.88369750976562,-0.0379627504806742,2.6821752792535305,-4.115112653936806,-3.679108163981376,-1.9271989799946387,1.3404670547282131,-0.0989285936155462,3.963762776092248,-0.4436037889685726,1.3234545198064809
67.0,182.0,129.88369750976562,-0.0392187524807247,2.683054261908589,-4.114922136147859,-3.6795777604845856,-1.925288325593142,1.3412020927009516,-0.0999221139832497,3.9638507441902,-0.4441360716815598,1.3240769948011513
67.0,182.0,129.88369750976562,-0.0383849644671473,2.6829565493324656,-4.1152425670406885,-3.679085536259625,-1.9245625020625792,1.3398362901102925,-0.0989136901687004,3.964908554644228,-0.4445902552466633,1.3237140521602766
67.0,182.0,129.88369750976562,-0.0381150873514049,2.682542042709517,-4.114430642239843,-3.678878579382245,-1.9244999050184943,1.3406975087022637,-0.0999938618507068,3.963198803446204,-0.4438787615061223,1.3237429493033557
67.0,182.0,129.8837127685547,-0.0393439610213545,2.6830619422745308,-4.114604043222708,-3.680368689308013,-1.9229080885171144,1.340185094365083,-0.099360564882717,3.963476834582344,-0.4430568216979387,1.320904571426344
67.0,182.0,129.88369750976562,-0.0370319986549597,2.682141311654721,-4.11568919640137,-3.679601765843594,-1.9250876999733395,1.3398228311447469,-0.1004837490685165,3.964237534852891,-0.442657322459007,1.323574800022745
67.0,182.0,129.88369750976562,-0.0370807272260081,2.68264859514898,-4.115168223632826,-3.678252415128613,-1.9239598296335736,1.3405486072531194,-0.098422161926668,3.964345449074509,-0.4430919035377933,1.32368118639016
67.0,182.0,129.88369750976562,-0.0371588517049898,2.6805734538012,-4.114829362922763,-3.680286246949066,-1.92656536943232,1.339947151786356,-0.0988547495593402,3.9637048782995135,-0.4439045648392518,1.323849355521426
67.0,182.0,129.88369750976562,-0.0375504977495809,2.682280533818246,-4.115233018272244,-3.679761393898062,-1.925012808213688,1.3408448440508045,-0.0991535257406458,3.963799535448471,-0.4426996479812786,1.32341862225405
67.0,182.0,129.88369750976562,-0.0364782580288229,2.6818429670123987,-4.11474322378592,-3.679358600708835,-1.9243445464444973,1.3403015173573354,-0.09960695951543,3.965946662438152,-0.4428471831983755,1.3238509640840692
67.0,182.0,129.88369750976562,-0.0375050067521598,2.682394795215691,-4.114718372567042,-3.678092981168621,-1.9258440914610253,1.3400083563894525,-0.099182553119151,3.966016159885976,-0.4438312502809411,1.3218137438897066
67.0,182.0,129.88369750976562,-0.0385790505121479,2.6829151465589978,-4.114800802167872,-3.680258446862143,-1.924409893497719,1.340273682270729,-0.0988903953142273,3.964274155720028,-0.443693939368691,1.324358976709781
67.0,182.0,129.88369750976562,-0.0373377203114786,2.682486630971601,-4.114913017838977,-3.6783634873448783,-1.9265970819780125,1.3403155553342478,-0.099168483249192,3.963433477689972,-0.4450287501643289,1.3241048847555466
67.0,182.0,129.88369750976562,-0.0379180192985064,2.682247815866732,-4.11618169808676,-3.678672127199636,-1.9243215382018104,1.341224665253827,-0.0999942253138913,3.964944788080395,-0.4445476548029366,1.3237704141458422
67.0,182.0,129.88369750976562,-0.0379024272348933,2.681548237319513,-4.1147750510204935,-3.679808883893499,-1.9248620463978097,1.3398379650494014,-0.0992112748296654,3.963017815678836,-0.4424179299426491,1.3233375186841294
67.0,182.0,129.88369750976562,-0.0386119900478477,2.682502921158186,-4.115330536104988,-3.67922120648243,-1.924454899099244,1.3398214621333258,-0.0993185791376466,3.963886887649888,-0.4432911272000954,1.323338099550023
67.0,182.0,129.88369750976562,-0.0382477403859779,2.68273101332882,-4.115921932644253,-3.677978964649831,-1.924749009834854,1.3417441945558162,-0.0989616560098664,3.9650317801400976,-0.4436610931860999,1.3237025486479133
67.0,182.0,129.88369750976562,-0.0368336824364338,2.6826832487827823,-4.114591204394081,-3.678575812548972,-1.925641460409574,1.3405690717413157,-0.0993023327242637,3.963040004737601,-0.4453726377459595,1.3228519700821009
67.0,182.0,129.88369750976562,-0.0368682580867013,2.6829220535883818,-4.115330151241876,-3.6800847775118006,-1.924143475813016,1.3403634962947215,-0.0977891263415146,3.964305456688996,-0.4434524361281761,1.323232495747224
67.0,182.0,129.88369750976562,-0.0385555590400413,2.682332051900679,-4.11561887003485,-3.678886500882304,-1.9246899936591084,1.339812599810698,-0.0990985889591814,3.964719517917539,-0.4435134565679196,1.3239478618172835
67.0,182.0,129.88369750976562,-0.0362685215543273,2.6824785535414897,-4.115228802300194,-3.679666890710486,-1.924817154336768,1.3397913112986377,-0.0984104785689082,3.965220519508229,-0.4431274438343454,1.3229101875008091
67.0,182.0,129.88369750976562,-0.0375539125029723,2.683178260371717,-4.114369649219112,-3.679430716965344,-1.9246000535494767,1.3402022966892828,-0.0991060381317665,3.964045450719317,-0.4435850165156397,1.3232991003993002
67.0,182.0,129.88369750976562,-0.0373747018816963,2.6827891322424366,-4.115831560265851,-3.678720605069845,-1.925137080380172,1.3403258327157284,-0.0988966046907536,3.963632318963182,-0.4426579316869733,1.3218509770686553
67.0,182.0,129.88369750976562,-0.0370591034729298,2.6826218239917727,-4.115266560061377,-3.679595996907135,-1.926209819046368,1.3414009745971895,-0.0987779561750726,3.964208636924238,-0.4451036432456676,1.3236569489549574
67.0,182.0,129.88369750976562,-0.0391015901040685,2.6832066369908216,-4.11469770047713,-3.680059309122311,-1.9260168474946973,1.3411719572718803,-0.0990887163406583,3.963894911594921,-0.4433537251091182,1.3222977704533132
67.0,182.0,129.88369750976562,-0.0371238674580442,2.6828863163114574,-4.116450644235016,-3.678852193219088,-1.9245006772364748,1.340853961483298,-0.1003745299408251,3.96483297132265,-0.4438758320633198,1.32253467512871
67.0,182.0,129.88369750976562,-0.0387529514039979,2.682332987600346,-4.114907536737543,-3.6795098013530296,-1.9263257462158496,1.3407473142017434,-0.0999818312495976,3.964815872089346,-0.4437279455012012,1.3221885533632094
67.0,182.0,129.88369750976562,-0.0385026246801999,2.681902136710416,-4.116577281202409,-3.680540846948508,-1.92433206385908,1.3402460540770993,-0.099126385258616,3.9633692913641982,-0.4437405342625667,1.3232985721522927
67.0,183.0,129.88369750976562,-0.0372763731490363,2.6826167704504225,-4.114823442455658,-3.6783468022659607,-1.9261520268860424,1.3403612303406105,-0.0998002543669788,3.963755631935773,-0.4432836224847902,1.323920551784124
67.0,183.0,129.88369750976562,-0.0386144815276365,2.682602177420531,-4.114692785083619,-3.6782825809630206,-1.925857278402108,1.3408475275948784,-0.0997619686173913,3.964034353113425,-0.4420803106852294,1.323383683790692
67.0,183.0,129.88369750976562,-0.0384255196221009,2.6828457518910365,-4.115229419906435,-3.678280070499364,-1.9241863635424368,1.340197132733122,-0.0989346872452995,3.965045366748188,-0.4436973324717846,1.3237061726352286
67.0,183.0,129.88369750976562,-0.0374477628801099,2.682657028303648,-4.114838900894199,-3.678870043592088,-1.9251837276112644,1.3405201841317955,-0.0987901150784344,3.964675583138253,-0.4423633760043502,1.3238448057713843
67.0,183.0,129.88369750976562,-0.0382635524696136,2.682419967614642,-4.114786126384205,-3.679311634560755,-1.925978686292598,1.3411333845684037,-0.0987597980305496,3.9641414728433215,-0.4424791061193618,1.320928414315454
67.0,183.0,129.88369750976562,-0.0384394284723971,2.682975909148543,-4.114785849651962,-3.679239009035948,-1.9244454601702328,1.3399968271028857,-0.0992974966139006,3.9634126109169294,-0.4438348749963561,1.323728487499586
67.0,183.0,129.88369750976562,-0.0375151009923383,2.6815405326175563,-4.11492126820321,-3.678696413336605,-1.9248538354858755,1.3399425126041962,-0.0987835979778907,3.963714046279793,-0.4446811609730565,1.323395357397754
67.0,183.0,129.88369750976562,-0.0377454066103169,2.6825043046280004,-4.114788089707397,-3.679652743106941,-1.9244710726958925,1.340134709603629,-0.1004671214614538,3.9636188560680137,-0.4424447477359667,1.3231665976907154
67.0,183.0,129.8837127685547,-0.0362652747973755,2.6823901769844523,-4.116293217939296,-3.6782962831329993,-1.928995849366236,1.3427363674667676,-0.0986275656262325,3.964030074260883,-0.444997731679174,1.3229369289227255
67.0,183.0,129.88369750976562,-0.0383554438796345,2.6837078456050074,-4.1148397309375175,-3.6796427651577615,-1.925935618093105,1.3413987342605571,-0.0995517511654577,3.963735392106942,-0.4447510661004394,1.3223569690262462
67.0,183.0,129.88369750976562,-0.0374471514184957,2.6830290313127803,-4.114093649499316,-3.679834210451842,-1.924097479454128,1.3403730799535918,-0.0989693227775162,3.9646815998637,-0.4441470635204132,1.3235251103658887
67.0,183.0,129.88369750976562,-0.0382710782515905,2.682893249029939,-4.115279657961465,-3.6792257495786993,-1.924598940320268,1.340114582927606,-0.0982937747407807,3.963413311773425,-0.4438361054294831,1.3238186492275428
67.0,183.0,129.88369750976562,-0.0386767940782647,2.6825724445294745,-4.114978013222114,-3.6803825219341575,-1.925471672712967,1.340026883894302,-0.1000383970307691,3.965015974768844,-0.4424138905121658,1.3231790020943524
67.0,183.0,129.88369750976562,-0.0386743878574695,2.682514171969066,-4.114506661615946,-3.679438333994672,-1.9243521442453364,1.339783745789752,-0.0992489063510318,3.963839175972056,-0.4434921678817331,1.3240327725928551
67.0,183.0,129.88369750976562,-0.0378622370720957,2.681968301780857,-4.11483420834631,-3.6800866107675727,-1.924030423868726,1.3402908182460136,-0.0994770964367983,3.9636342318458793,-0.4433138246954711,1.324016149664466
67.0,183.0,129.88369750976562,-0.038409736125438,2.683223324443615,-4.114847609240932,-3.679415568245977,-1.9254956460903945,1.339956890140793,-0.0993767820110977,3.96545346379171,-0.4440833734044859,1.3235641918682983
67.0,183.0,129.88369750976562,-0.0365283721779428,2.6821798842695697,-4.11603441881068,-3.679486054107372,-1.9251379515389608,1.3405617104052885,-0.1002226474128503,3.96390962240616,-0.4420402715724512,1.3236767237550735
67.0,183.0,129.8837127685547,-0.0365358024724783,2.6818681070312835,-4.112865976977184,-3.679602687252389,-1.924349351054988,1.3402820676057443,-0.1018320141376777,3.9651600061539054,-0.4432204102345752,1.3243243450746875
67.0,183.0,129.88369750976562,-0.0383216637770437,2.6825741157856324,-4.114967170153109,-3.6780063208760607,-1.924454085840296,1.3404595116488414,-0.099584917212826,3.9638032536282113,-0.4437830930453497,1.3237113962040006
67.0,183.0,129.88369750976562,-0.0379767604336877,2.680744641094622,-4.114477853527157,-3.6801701846835897,-1.924400799866619,1.3404674448137248,-0.0999418297218291,3.9646977554076215,-0.4444012423801128,1.3236911002911962
67.0,183.0,129.88369750976562,-0.0390478143195861,2.682337844354252,-4.115926773235828,-3.6795526101329856,-1.924688573970111,1.3412594732204302,-0.0998160293303123,3.963891675060848,-0.4428856325751028,1.3240663398786898
67.0,183.0,129.88369750976562,-0.0383148729229902,2.6832796999404445,-4.116294179060572,-3.6793979513078847,-1.9250865185851764,1.340689295518906,-0.0983386555168854,3.963023765613142,-0.4436402091529069,1.323783064095721
67.0,183.0,129.88369750976562,-0.0379627504806742,2.6821752792535305,-4.115112653936806,-3.679108163981376,-1.9271989799946387,1.3404670547282131,-0.0989285936155462,3.963762776092248,-0.4436037889685726,1.3234545198064809
67.0,183.0,129.88369750976562,-0.0392187524807247,2.683054261908589,-4.114922136147859,-3.6795777604845856,-1.925288325593142,1.3412020927009516,-0.0999221139832497,3.9638507441902,-0.4441360716815598,1.3240769948011513
67.0,183.0,129.88369750976562,-0.0383849644671473,2.6829565493324656,-4.1152425670406885,-3.679085536259625,-1.9245625020625792,1.3398362901102925,-0.0989136901687004,3.964908554644228,-0.4445902552466633,1.3237140521602766
67.0,183.0,129.88369750976562,-0.0381150873514049,2.682542042709517,-4.114430642239843,-3.678878579382245,-1.9244999050184943,1.3406975087022637,-0.0999938618507068,3.963198803446204,-0.4438787615061223,1.3237429493033557
67.0,183.0,129.8837127685547,-0.0393439610213545,2.6830619422745308,-4.114604043222708,-3.680368689308013,-1.9229080885171144,1.340185094365083,-0.099360564882717,3.963476834582344,-0.4430568216979387,1.320904571426344
67.0,183.0,129.88369750976562,-0.0370319986549597,2.682141311654721,-4.11568919640137,-3.679601765843594,-1.9250876999733395,1.3398228311447469,-0.1004837490685165,3.964237534852891,-0.442657322459007,1.323574800022745
67.0,183.0,129.88369750976562,-0.0370807272260081,2.68264859514898,-4.115168223632826,-3.678252415128613,-1.9239598296335736,1.3405486072531194,-0.098422161926668,3.964345449074509,-0.4430919035377933,1.32368118639016
67.0,183.0,129.88369750976562,-0.0371588517049898,2.6805734538012,-4.114829362922763,-3.680286246949066,-1.92656536943232,1.339947151786356,-0.0988547495593402,3.9637048782995135,-0.4439045648392518,1.323849355521426
67.0,183.0,129.88369750976562,-0.0375504977495809,2.682280533818246,-4.115233018272244,-3.679761393898062,-1.925012808213688,1.3408448440508045,-0.0991535257406458,3.963799535448471,-0.4426996479812786,1.32341862225405
67.0,183.0,129.88369750976562,-0.0364782580288229,2.6818429670123987,-4.11474322378592,-3.679358600708835,-1.9243445464444973,1.3403015173573354,-0.09960695951543,3.965946662438152,-0.4428471831983755,1.3238509640840692
67.0,183.0,129.88369750976562,-0.0375050067521598,2.682394795215691,-4.114718372567042,-3.678092981168621,-1.9258440914610253,1.3400083563894525,-0.099182553119151,3.966016159885976,-0.4438312502809411,1.3218137438897066
67.0,183.0,129.88369750976562,-0.0385790505121479,2.6829151465589978,-4.114800802167872,-3.680258446862143,-1.924409893497719,1.340273682270729,-0.0988903953142273,3.964274155720028,-0.443693939368691,1.324358976709781
67.0,183.0,129.88369750976562,-0.0373377203114786,2.682486630971601,-4.114913017838977,-3.6783634873448783,-1.9265970819780125,1.3403155553342478,-0.099168483249192,3.963433477689972,-0.4450287501643289,1.3241048847555466
67.0,183.0,129.88369750976562,-0.0379180192985064,2.682247815866732,-4.11618169808676,-3.678672127199636,-1.9243215382018104,1.341224665253827,-0.0999942253138913,3.964944788080395,-0.4445476548029366,1.3237704141458422
67.0,183.0,129.88369750976562,-0.0379024272348933,2.681548237319513,-4.1147750510204935,-3.679808883893499,-1.9248620463978097,1.3398379650494014,-0.0992112748296654,3.963017815678836,-0.4424179299426491,1.3233375186841294
67.0,183.0,129.88369750976562,-0.0386119900478477,2.682502921158186,-4.115330536104988,-3.67922120648243,-1.924454899099244,1.3398214621333258,-0.0993185791376466,3.963886887649888,-0.4432911272000954,1.323338099550023
67.0,183.0,129.88369750976562,-0.0382477403859779,2.68273101332882,-4.115921932644253,-3.677978964649831,-1.924749009834854,1.3417441945558162,-0.0989616560098664,3.9650317801400976,-0.4436610931860999,1.3237025486479133
67.0,183.0,129.88369750976562,-0.0368336824364338,2.6826832487827823,-4.114591204394081,-3.678575812548972,-1.925641460409574,1.3405690717413157,-0.0993023327242637,3.963040004737601,-0.4453726377459595,1.3228519700821009
67.0,183.0,129.88369750976562,-0.0368682580867013,2.6829220535883818,-4.115330151241876,-3.6800847775118006,-1.924143475813016,1.3403634962947215,-0.0977891263415146,3.964305456688996,-0.4434524361281761,1.323232495747224
67.0,183.0,129.88369750976562,-0.0385555590400413,2.682332051900679,-4.11561887003485,-3.678886500882304,-1.9246899936591084,1.339812599810698,-0.0990985889591814,3.964719517917539,-0.4435134565679196,1.3239478618172835
67.0,183.0,129.88369750976562,-0.0362685215543273,2.6824785535414897,-4.115228802300194,-3.679666890710486,-1.924817154336768,1.3397913112986377,-0.0984104785689082,3.965220519508229,-0.4431274438343454,1.3229101875008091
67.0,183.0,129.88369750976562,-0.0375539125029723,2.683178260371717,-4.114369649219112,-3.679430716965344,-1.9246000535494767,1.3402022966892828,-0.0991060381317665,3.964045450719317,-0.4435850165156397,1.3232991003993002
67.0,183.0,129.88369750976562,-0.0373747018816963,2.6827891322424366,-4.115831560265851,-3.678720605069845,-1.925137080380172,1.3403258327157284,-0.0988966046907536,3.963632318963182,-0.4426579316869733,1.3218509770686553
67.0,183.0,129.88369750976562,-0.0370591034729298,2.6826218239917727,-4.115266560061377,-3.679595996907135,-1.926209819046368,1.3414009745971895,-0.0987779561750726,3.964208636924238,-0.4451036432456676,1.3236569489549574
67.0,183.0,129.88369750976562,-0.0391015901040685,2.6832066369908216,-4.11469770047713,-3.680059309122311,-1.9260168474946973,1.3411719572718803,-0.0990887163406583,3.963894911594921,-0.4433537251091182,1.3222977704533132
67.0,183.0,129.88369750976562,-0.0371238674580442,2.6828863163114574,-4.116450644235016,-3.678852193219088,-1.9245006772364748,1.340853961483298,-0.1003745299408251,3.96483297132265,-0.4438758320633198,1.32253467512871
67.0,183.0,129.88369750976562,-0.0387529514039979,2.682332987600346,-4.114907536737543,-3.6795098013530296,-1.9263257462158496,1.3407473142017434,-0.0999818312495976,3.964815872089346,-0.4437279455012012,1.3221885533632094
67.0,183.0,129.88369750976562,-0.0385026246801999,2.681902136710416,-4.116577281202409,-3.680540846948508,-1.92433206385908,1.3402460540770993,-0.099126385258616,3.9633692913641982,-0.4437405342625667,1.3232985721522927
67.0,184.0,129.88369750976562,-0.0372763731490363,2.6826167704504225,-4.114823442455658,-3.6783468022659607,-1.9261520268860424,1.3403612303406105,-0.0998002543669788,3.963755631935773,-0.4432836224847902,1.323920551784124
67.0,184.0,129.88369750976562,-0.0386144815276365,2.682602177420531,-4.114692785083619,-3.6782825809630206,-1.925857278402108,1.3408475275948784,-0.0997619686173913,3.964034353113425,-0.4420803106852294,1.323383683790692
67.0,184.0,129.88369750976562,-0.0384255196221009,2.6828457518910365,-4.115229419906435,-3.678280070499364,-1.9241863635424368,1.340197132733122,-0.0989346872452995,3.965045366748188,-0.4436973324717846,1.3237061726352286
67.0,184.0,129.88369750976562,-0.0374477628801099,2.682657028303648,-4.114838900894199,-3.678870043592088,-1.9251837276112644,1.3405201841317955,-0.0987901150784344,3.964675583138253,-0.4423633760043502,1.3238448057713843
67.0,184.0,129.88369750976562,-0.0382635524696136,2.682419967614642,-4.114786126384205,-3.679311634560755,-1.925978686292598,1.3411333845684037,-0.0987597980305496,3.9641414728433215,-0.4424791061193618,1.320928414315454
67.0,184.0,129.88369750976562,-0.0384394284723971,2.682975909148543,-4.114785849651962,-3.679239009035948,-1.9244454601702328,1.3399968271028857,-0.0992974966139006,3.9634126109169294,-0.4438348749963561,1.323728487499586
67.0,184.0,129.88369750976562,-0.0375151009923383,2.6815405326175563,-4.11492126820321,-3.678696413336605,-1.9248538354858755,1.3399425126041962,-0.0987835979778907,3.963714046279793,-0.4446811609730565,1.323395357397754
67.0,184.0,129.88369750976562,-0.0377454066103169,2.6825043046280004,-4.114788089707397,-3.679652743106941,-1.9244710726958925,1.340134709603629,-0.1004671214614538,3.9636188560680137,-0.4424447477359667,1.3231665976907154
67.0,184.0,129.8837127685547,-0.0362652747973755,2.6823901769844523,-4.116293217939296,-3.6782962831329993,-1.928995849366236,1.3427363674667676,-0.0986275656262325,3.964030074260883,-0.444997731679174,1.3229369289227255
67.0,184.0,129.88369750976562,-0.0383554438796345,2.6837078456050074,-4.1148397309375175,-3.6796427651577615,-1.925935618093105,1.3413987342605571,-0.0995517511654577,3.963735392106942,-0.4447510661004394,1.3223569690262462
67.0,184.0,129.88369750976562,-0.0374471514184957,2.6830290313127803,-4.114093649499316,-3.679834210451842,-1.924097479454128,1.3403730799535918,-0.0989693227775162,3.9646815998637,-0.4441470635204132,1.3235251103658887
67.0,184.0,129.88369750976562,-0.0382710782515905,2.682893249029939,-4.115279657961465,-3.6792257495786993,-1.924598940320268,1.340114582927606,-0.0982937747407807,3.963413311773425,-0.4438361054294831,1.3238186492275428
67.0,184.0,129.88369750976562,-0.0386767940782647,2.6825724445294745,-4.114978013222114,-3.6803825219341575,-1.925471672712967,1.340026883894302,-0.1000383970307691,3.965015974768844,-0.4424138905121658,1.3231790020943524
67.0,184.0,129.88369750976562,-0.0386743878574695,2.682514171969066,-4.114506661615946,-3.679438333994672,-1.9243521442453364,1.339783745789752,-0.0992489063510318,3.963839175972056,-0.4434921678817331,1.3240327725928551
67.0,184.0,129.88369750976562,-0.0378622370720957,2.681968301780857,-4.11483420834631,-3.6800866107675727,-1.924030423868726,1.3402908182460136,-0.0994770964367983,3.9636342318458793,-0.4433138246954711,1.324016149664466
67.0,184.0,129.88369750976562,-0.038409736125438,2.683223324443615,-4.114847609240932,-3.679415568245977,-1.9254956460903945,1.339956890140793,-0.0993767820110977,3.96545346379171,-0.4440833734044859,1.3235641918682983
67.0,184.0,129.88369750976562,-0.0365283721779428,2.6821798842695697,-4.11603441881068,-3.679486054107372,-1.9251379515389608,1.3405617104052885,-0.1002226474128503,3.96390962240616,-0.4420402715724512,1.3236767237550735
67.0,184.0,129.8837127685547,-0.0365358024724783,2.6818681070312835,-4.112865976977184,-3.679602687252389,-1.924349351054988,1.3402820676057443,-0.1018320141376777,3.9651600061539054,-0.4432204102345752,1.3243243450746875
67.0,184.0,129.88369750976562,-0.0383216637770437,2.6825741157856324,-4.114967170153109,-3.6780063208760607,-1.924454085840296,1.3404595116488414,-0.099584917212826,3.9638032536282113,-0.4437830930453497,1.3237113962040006
67.0,184.0,129.88369750976562,-0.0379767604336877,2.680744641094622,-4.114477853527157,-3.6801701846835897,-1.924400799866619,1.3404674448137248,-0.0999418297218291,3.9646977554076215,-0.4444012423801128,1.3236911002911962
67.0,184.0,129.88369750976562,-0.0390478143195861,2.682337844354252,-4.115926773235828,-3.6795526101329856,-1.924688573970111,1.3412594732204302,-0.0998160293303123,3.963891675060848,-0.4428856325751028,1.3240663398786898
67.0,184.0,129.88369750976562,-0.0383148729229902,2.6832796999404445,-4.116294179060572,-3.6793979513078847,-1.9250865185851764,1.340689295518906,-0.0983386555168854,3.963023765613142,-0.4436402091529069,1.323783064095721
67.0,184.0,129.88369750976562,-0.0379627504806742,2.6821752792535305,-4.115112653936806,-3.679108163981376,-1.9271989799946387,1.3404670547282131,-0.0989285936155462,3.963762776092248,-0.4436037889685726,1.3234545198064809
67.0,184.0,129.88369750976562,-0.0392187524807247,2.683054261908589,-4.114922136147859,-3.6795777604845856,-1.925288325593142,1.3412020927009516,-0.0999221139832497,3.9638507441902,-0.4441360716815598,1.3240769948011513
67.0,184.0,129.88369750976562,-0.0383849644671473,2.6829565493324656,-4.1152425670406885,-3.679085536259625,-1.9245625020625792,1.3398362901102925,-0.0989136901687004,3.964908554644228,-0.4445902552466633,1.3237140521602766
67.0,184.0,129.88369750976562,-0.0381150873514049,2.682542042709517,-4.114430642239843,-3.678878579382245,-1.9244999050184943,1.3406975087022637,-0.0999938618507068,3.963198803446204,-0.4438787615061223,1.3237429493033557
67.0,184.0,129.8837127685547,-0.0393439610213545,2.6830619422745308,-4.114604043222708,-3.680368689308013,-1.9229080885171144,1.340185094365083,-0.099360564882717,3.963476834582344,-0.4430568216979387,1.320904571426344
67.0,184.0,129.88369750976562,-0.0370319986549597,2.682141311654721,-4.11568919640137,-3.679601765843594,-1.9250876999733395,1.3398228311447469,-0.1004837490685165,3.964237534852891,-0.442657322459007,1.323574800022745
67.0,184.0,129.88369750976562,-0.0370807272260081,2.68264859514898,-4.115168223632826,-3.678252415128613,-1.9239598296335736,1.3405486072531194,-0.098422161926668,3.964345449074509,-0.4430919035377933,1.32368118639016
67.0,184.0,129.88369750976562,-0.0371588517049898,2.6805734538012,-4.114829362922763,-3.680286246949066,-1.92656536943232,1.339947151786356,-0.0988547495593402,3.9637048782995135,-0.4439045648392518,1.323849355521426
67.0,184.0,129.88369750976562,-0.0375504977495809,2.682280533818246,-4.115233018272244,-3.679761393898062,-1.925012808213688,1.3408448440508045,-0.0991535257406458,3.963799535448471,-0.4426996479812786,1.32341862225405
67.0,184.0,129.88369750976562,-0.0364782580288229,2.6818429670123987,-4.11474322378592,-3.679358600708835,-1.9243445464444973,1.3403015173573354,-0.09960695951543,3.965946662438152,-0.4428471831983755,1.3238509640840692
67.0,184.0,129.88369750976562,-0.0375050067521598,2.682394795215691,-4.114718372567042,-3.678092981168621,-1.9258440914610253,1.3400083563894525,-0.099182553119151,3.966016159885976,-0.4438312502809411,1.3218137438897066
67.0,184.0,129.88369750976562,-0.0385790505121479,2.6829151465589978,-4.114800802167872,-3.680258446862143,-1.924409893497719,1.340273682270729,-0.0988903953142273,3.964274155720028,-0.443693939368691,1.324358976709781
67.0,184.0,129.88369750976562,-0.0373377203114786,2.682486630971601,-4.114913017838977,-3.6783634873448783,-1.9265970819780125,1.3403155553342478,-0.099168483249192,3.963433477689972,-0.4450287501643289,1.3241048847555466
67.0,184.0,129.88369750976562,-0.0379180192985064,2.682247815866732,-4.11618169808676,-3.678672127199636,-1.9243215382018104,1.341224665253827,-0.0999942253138913,3.964944788080395,-0.4445476548029366,1.3237704141458422
67.0,184.0,129.88369750976562,-0.0379024272348933,2.681548237319513,-4.1147750510204935,-3.679808883893499,-1.9248620463978097,1.3398379650494014,-0.0992112748296654,3.963017815678836,-0.4424179299426491,1.3233375186841294
67.0,184.0,129.88369750976562,-0.0386119900478477,2.682502921158186,-4.115330536104988,-3.67922120648243,-1.924454899099244,1.3398214621333258,-0.0993185791376466,3.963886887649888,-0.4432911272000954,1.323338099550023
67.0,184.0,129.88369750976562,-0.0382477403859779,2.68273101332882,-4.115921932644253,-3.677978964649831,-1.924749009834854,1.3417441945558162,-0.0989616560098664,3.9650317801400976,-0.4436610931860999,1.3237025486479133
67.0,184.0,129.88369750976562,-0.0368336824364338,2.6826832487827823,-4.114591204394081,-3.678575812548972,-1.925641460409574,1.3405690717413157,-0.0993023327242637,3.963040004737601,-0.4453726377459595,1.3228519700821009
67.0,184.0,129.88369750976562,-0.0368682580867013,2.6829220535883818,-4.115330151241876,-3.6800847775118006,-1.924143475813016,1.3403634962947215,-0.0977891263415146,3.964305456688996,-0.4434524361281761,1.323232495747224
67.0,184.0,129.88369750976562,-0.0385555590400413,2.682332051900679,-4.11561887003485,-3.678886500882304,-1.9246899936591084,1.339812599810698,-0.0990985889591814,3.964719517917539,-0.4435134565679196,1.3239478618172835
67.0,184.0,129.88369750976562,-0.0362685215543273,2.6824785535414897,-4.115228802300194,-3.679666890710486,-1.924817154336768,1.3397913112986377,-0.0984104785689082,3.965220519508229,-0.4431274438343454,1.3229101875008091
67.0,184.0,129.88369750976562,-0.0375539125029723,2.683178260371717,-4.114369649219112,-3.679430716965344,-1.9246000535494767,1.3402022966892828,-0.0991060381317665,3.964045450719317,-0.4435850165156397,1.3232991003993002
67.0,184.0,129.88369750976562,-0.0373747018816963,2.6827891322424366,-4.115831560265851,-3.678720605069845,-1.925137080380172,1.3403258327157284,-0.0988966046907536,3.963632318963182,-0.4426579316869733,1.3218509770686553
67.0,184.0,129.88369750976562,-0.0370591034729298,2.6826218239917727,-4.115266560061377,-3.679595996907135,-1.926209819046368,1.3414009745971895,-0.0987779561750726,3.964208636924238,-0.4451036432456676,1.3236569489549574
67.0,184.0,129.88369750976562,-0.0391015901040685,2.6832066369908216,-4.11469770047713,-3.680059309122311,-1.9260168474946973,1.3411719572718803,-0.0990887163406583,3.963894911594921,-0.4433537251091182,1.3222977704533132
67.0,184.0,129.88369750976562,-0.0371238674580442,2.6828863163114574,-4.116450644235016,-3.678852193219088,-1.9245006772364748,1.340853961483298,-0.1003745299408251,3.96483297132265,-0.4438758320633198,1.32253467512871
67.0,184.0,129.88369750976562,-0.0387529514039979,2.682332987600346,-4.114907536737543,-3.6795098013530296,-1.9263257462158496,1.3407473142017434,-0.0999818312495976,3.964815872089346,-0.4437279455012012,1.3221885533632094
67.0,184.0,129.88369750976562,-0.0385026246801999,2.681902136710416,-4.116577281202409,-3.680540846948508,-1.92433206385908,1.3402460540770993,-0.099126385258616,3.9633692913641982,-0.4437405342625667,1.3232985721522927
67.0,185.0,129.88369750976562,-0.0372763731490363,2.6826167704504225,-4.114823442455658,-3.6783468022659607,-1.9261520268860424,1.3403612303406105,-0.0998002543669788,3.963755631935773,-0.4432836224847902,1.323920551784124
67.0,185.0,129.88369750976562,-0.0386144815276365,2.682602177420531,-4.114692785083619,-3.6782825809630206,-1.925857278402108,1.3408475275948784,-0.0997619686173913,3.964034353113425,-0.4420803106852294,1.323383683790692
67.0,185.0,129.88369750976562,-0.0384255196221009,2.6828457518910365,-4.115229419906435,-3.678280070499364,-1.9241863635424368,1.340197132733122,-0.0989346872452995,3.965045366748188,-0.4436973324717846,1.3237061726352286
67.0,185.0,129.88369750976562,-0.0374477628801099,2.682657028303648,-4.114838900894199,-3.678870043592088,-1.9251837276112644,1.3405201841317955,-0.0987901150784344,3.964675583138253,-0.4423633760043502,1.3238448057713843
67.0,185.0,129.88369750976562,-0.0382635524696136,2.682419967614642,-4.114786126384205,-3.679311634560755,-1.925978686292598,1.3411333845684037,-0.0987597980305496,3.9641414728433215,-0.4424791061193618,1.320928414315454
67.0,185.0,129.88369750976562,-0.0384394284723971,2.682975909148543,-4.114785849651962,-3.679239009035948,-1.9244454601702328,1.3399968271028857,-0.0992974966139006,3.9634126109169294,-0.4438348749963561,1.323728487499586
67.0,185.0,129.88369750976562,-0.0375151009923383,2.6815405326175563,-4.11492126820321,-3.678696413336605,-1.9248538354858755,1.3399425126041962,-0.0987835979778907,3.963714046279793,-0.4446811609730565,1.323395357397754
67.0,185.0,129.88369750976562,-0.0377454066103169,2.6825043046280004,-4.114788089707397,-3.679652743106941,-1.9244710726958925,1.340134709603629,-0.1004671214614538,3.9636188560680137,-0.4424447477359667,1.3231665976907154
67.0,185.0,129.8837127685547,-0.0362652747973755,2.6823901769844523,-4.116293217939296,-3.6782962831329993,-1.928995849366236,1.3427363674667676,-0.0986275656262325,3.964030074260883,-0.444997731679174,1.3229369289227255
67.0,185.0,129.88369750976562,-0.0383554438796345,2.6837078456050074,-4.1148397309375175,-3.6796427651577615,-1.925935618093105,1.3413987342605571,-0.0995517511654577,3.963735392106942,-0.4447510661004394,1.3223569690262462
67.0,185.0,129.88369750976562,-0.0374471514184957,2.6830290313127803,-4.114093649499316,-3.679834210451842,-1.924097479454128,1.3403730799535918,-0.0989693227775162,3.9646815998637,-0.4441470635204132,1.3235251103658887
67.0,185.0,129.88369750976562,-0.0382710782515905,2.682893249029939,-4.115279657961465,-3.6792257495786993,-1.924598940320268,1.340114582927606,-0.0982937747407807,3.963413311773425,-0.4438361054294831,1.3238186492275428
67.0,185.0,129.88369750976562,-0.0386767940782647,2.6825724445294745,-4.114978013222114,-3.6803825219341575,-1.925471672712967,1.340026883894302,-0.1000383970307691,3.965015974768844,-0.4424138905121658,1.3231790020943524
67.0,185.0,129.88369750976562,-0.0386743878574695,2.682514171969066,-4.114506661615946,-3.679438333994672,-1.9243521442453364,1.339783745789752,-0.0992489063510318,3.963839175972056,-0.4434921678817331,1.3240327725928551
67.0,185.0,129.88369750976562,-0.0378622370720957,2.681968301780857,-4.11483420834631,-3.6800866107675727,-1.924030423868726,1.3402908182460136,-0.0994770964367983,3.9636342318458793,-0.4433138246954711,1.324016149664466
67.0,185.0,129.88369750976562,-0.038409736125438,2.683223324443615,-4.114847609240932,-3.679415568245977,-1.9254956460903945,1.339956890140793,-0.0993767820110977,3.96545346379171,-0.4440833734044859,1.3235641918682983
67.0,185.0,129.88369750976562,-0.0365283721779428,2.6821798842695697,-4.11603441881068,-3.679486054107372,-1.9251379515389608,1.3405617104052885,-0.1002226474128503,3.96390962240616,-0.4420402715724512,1.3236767237550735
67.0,185.0,129.8837127685547,-0.0365358024724783,2.6818681070312835,-4.112865976977184,-3.679602687252389,-1.924349351054988,1.3402820676057443,-0.1018320141376777,3.9651600061539054,-0.4432204102345752,1.3243243450746875
67.0,185.0,129.88369750976562,-0.0383216637770437,2.6825741157856324,-4.114967170153109,-3.6780063208760607,-1.924454085840296,1.3404595116488414,-0.099584917212826,3.9638032536282113,-0.4437830930453497,1.3237113962040006
67.0,185.0,129.88369750976562,-0.0379767604336877,2.680744641094622,-4.114477853527157,-3.6801701846835897,-1.924400799866619,1.3404674448137248,-0.0999418297218291,3.9646977554076215,-0.4444012423801128,1.3236911002911962
67.0,185.0,129.88369750976562,-0.0390478143195861,2.682337844354252,-4.115926773235828,-3.6795526101329856,-1.924688573970111,1.3412594732204302,-0.0998160293303123,3.963891675060848,-0.4428856325751028,1.3240663398786898
67.0,185.0,129.88369750976562,-0.0383148729229902,2.6832796999404445,-4.116294179060572,-3.6793979513078847,-1.9250865185851764,1.340689295518906,-0.0983386555168854,3.963023765613142,-0.4436402091529069,1.323783064095721
67.0,185.0,129.88369750976562,-0.0379627504806742,2.6821752792535305,-4.115112653936806,-3.679108163981376,-1.9271989799946387,1.3404670547282131,-0.0989285936155462,3.963762776092248,-0.4436037889685726,1.3234545198064809
67.0,185.0,129.88369750976562,-0.0392187524807247,2.683054261908589,-4.114922136147859,-3.6795777604845856,-1.925288325593142,1.3412020927009516,-0.0999221139832497,3.9638507441902,-0.4441360716815598,1.3240769948011513
67.0,185.0,129.88369750976562,-0.0383849644671473,2.6829565493324656,-4.1152425670406885,-3.679085536259625,-1.9245625020625792,1.3398362901102925,-0.0989136901687004,3.964908554644228,-0.4445902552466633,1.3237140521602766
67.0,185.0,129.88369750976562,-0.0381150873514049,2.682542042709517,-4.114430642239843,-3.678878579382245,-1.9244999050184943,1.3406975087022637,-0.0999938618507068,3.963198803446204,-0.4438787615061223,1.3237429493033557
67.0,185.0,129.8837127685547,-0.0393439610213545,2.6830619422745308,-4.114604043222708,-3.680368689308013,-1.9229080885171144,1.340185094365083,-0.099360564882717,3.963476834582344,-0.4430568216979387,1.320904571426344
67.0,185.0,129.88369750976562,-0.0370319986549597,2.682141311654721,-4.11568919640137,-3.679601765843594,-1.9250876999733395,1.3398228311447469,-0.1004837490685165,3.964237534852891,-0.442657322459007,1.323574800022745
67.0,185.0,129.88369750976562,-0.0370807272260081,2.68264859514898,-4.115168223632826,-3.678252415128613,-1.9239598296335736,1.3405486072531194,-0.098422161926668,3.964345449074509,-0.4430919035377933,1.32368118639016
67.0,185.0,129.88369750976562,-0.0371588517049898,2.6805734538012,-4.114829362922763,-3.680286246949066,-1.92656536943232,1.339947151786356,-0.0988547495593402,3.9637048782995135,-0.4439045648392518,1.323849355521426
67.0,185.0,129.88369750976562,-0.0375504977495809,2.682280533818246,-4.115233018272244,-3.679761393898062,-1.925012808213688,1.3408448440508045,-0.0991535257406458,3.963799535448471,-0.4426996479812786,1.32341862225405
67.0,185.0,129.88369750976562,-0.0364782580288229,2.6818429670123987,-4.11474322378592,-3.679358600708835,-1.9243445464444973,1.3403015173573354,-0.09960695951543,3.965946662438152,-0.4428471831983755,1.3238509640840692
67.0,185.0,129.88369750976562,-0.0375050067521598,2.682394795215691,-4.114718372567042,-3.678092981168621,-1.9258440914610253,1.3400083563894525,-0.099182553119151,3.966016159885976,-0.4438312502809411,1.3218137438897066
67.0,185.0,129.88369750976562,-0.0385790505121479,2.6829151465589978,-4.114800802167872,-3.680258446862143,-1.924409893497719,1.340273682270729,-0.0988903953142273,3.964274155720028,-0.443693939368691,1.324358976709781
67.0,185.0,129.88369750976562,-0.0373377203114786,2.682486630971601,-4.114913017838977,-3.6783634873448783,-1.9265970819780125,1.3403155553342478,-0.099168483249192,3.963433477689972,-0.4450287501643289,1.3241048847555466
67.0,185.0,129.88369750976562,-0.0379180192985064,2.682247815866732,-4.11618169808676,-3.678672127199636,-1.9243215382018104,1.341224665253827,-0.0999942253138913,3.964944788080395,-0.4445476548029366,1.3237704141458422
67.0,185.0,129.88369750976562,-0.0379024272348933,2.681548237319513,-4.1147750510204935,-3.679808883893499,-1.9248620463978097,1.3398379650494014,-0.0992112748296654,3.963017815678836,-0.4424179299426491,1.3233375186841294
67.0,185.0,129.88369750976562,-0.0386119900478477,2.682502921158186,-4.115330536104988,-3.67922120648243,-1.924454899099244,1.3398214621333258,-0.0993185791376466,3.963886887649888,-0.4432911272000954,1.323338099550023
67.0,185.0,129.88369750976562,-0.0382477403859779,2.68273101332882,-4.115921932644253,-3.677978964649831,-1.924749009834854,1.3417441945558162,-0.0989616560098664,3.9650317801400976,-0.4436610931860999,1.3237025486479133
67.0,185.0,129.88369750976562,-0.0368336824364338,2.6826832487827823,-4.114591204394081,-3.678575812548972,-1.925641460409574,1.3405690717413157,-0.0993023327242637,3.963040004737601,-0.4453726377459595,1.3228519700821009
67.0,185.0,129.88369750976562,-0.0368682580867013,2.6829220535883818,-4.115330151241876,-3.6800847775118006,-1.924143475813016,1.3403634962947215,-0.0977891263415146,3.964305456688996,-0.4434524361281761,1.323232495747224
67.0,185.0,129.88369750976562,-0.0385555590400413,2.682332051900679,-4.11561887003485,-3.678886500882304,-1.9246899936591084,1.339812599810698,-0.0990985889591814,3.964719517917539,-0.4435134565679196,1.3239478618172835
67.0,185.0,129.88369750976562,-0.0362685215543273,2.6824785535414897,-4.115228802300194,-3.679666890710486,-1.924817154336768,1.3397913112986377,-0.0984104785689082,3.965220519508229,-0.4431274438343454,1.3229101875008091
67.0,185.0,129.88369750976562,-0.0375539125029723,2.683178260371717,-4.114369649219112,-3.679430716965344,-1.9246000535494767,1.3402022966892828,-0.0991060381317665,3.964045450719317,-0.4435850165156397,1.3232991003993002
67.0,185.0,129.88369750976562,-0.0373747018816963,2.6827891322424366,-4.115831560265851,-3.678720605069845,-1.925137080380172,1.3403258327157284,-0.0988966046907536,3.963632318963182,-0.4426579316869733,1.3218509770686553
67.0,185.0,129.88369750976562,-0.0370591034729298,2.6826218239917727,-4.115266560061377,-3.679595996907135,-1.926209819046368,1.3414009745971895,-0.0987779561750726,3.964208636924238,-0.4451036432456676,1.3236569489549574
67.0,185.0,129.88369750976562,-0.0391015901040685,2.6832066369908216,-4.11469770047713,-3.680059309122311,-1.9260168474946973,1.3411719572718803,-0.0990887163406583,3.963894911594921,-0.4433537251091182,1.3222977704533132
67.0,185.0,129.88369750976562,-0.0371238674580442,2.6828863163114574,-4.116450644235016,-3.678852193219088,-1.9245006772364748,1.340853961483298,-0.1003745299408251,3.96483297132265,-0.4438758320633198,1.32253467512871
67.0,185.0,129.88369750976562,-0.0387529514039979,2.682332987600346,-4.114907536737543,-3.6795098013530296,-1.9263257462158496,1.3407473142017434,-0.0999818312495976,3.964815872089346,-0.4437279455012012,1.3221885533632094
67.0,185.0,129.88369750976562,-0.0385026246801999,2.681902136710416,-4.116577281202409,-3.680540846948508,-1.92433206385908,1.3402460540770993,-0.099126385258616,3.9633692913641982,-0.4437405342625667,1.3232985721522927
67.0,186.0,129.88369750976562,-0.0372763731490363,2.6826167704504225,-4.114823442455658,-3.6783468022659607,-1.9261520268860424,1.3403612303406105,-0.0998002543669788,3.963755631935773,-0.4432836224847902,1.323920551784124
67.0,186.0,129.88369750976562,-0.0386144815276365,2.682602177420531,-4.114692785083619,-3.6782825809630206,-1.925857278402108,1.3408475275948784,-0.0997619686173913,3.964034353113425,-0.4420803106852294,1.323383683790692
67.0,186.0,129.88369750976562,-0.0384255196221009,2.6828457518910365,-4.115229419906435,-3.678280070499364,-1.9241863635424368,1.340197132733122,-0.0989346872452995,3.965045366748188,-0.4436973324717846,1.3237061726352286
67.0,186.0,129.88369750976562,-0.0374477628801099,2.682657028303648,-4.114838900894199,-3.678870043592088,-1.9251837276112644,1.3405201841317955,-0.0987901150784344,3.964675583138253,-0.4423633760043502,1.3238448057713843
67.0,186.0,129.88369750976562,-0.0382635524696136,2.682419967614642,-4.114786126384205,-3.679311634560755,-1.925978686292598,1.3411333845684037,-0.0987597980305496,3.9641414728433215,-0.4424791061193618,1.320928414315454
67.0,186.0,129.88369750976562,-0.0384394284723971,2.682975909148543,-4.114785849651962,-3.679239009035948,-1.9244454601702328,1.3399968271028857,-0.0992974966139006,3.9634126109169294,-0.4438348749963561,1.323728487499586
67.0,186.0,129.88369750976562,-0.0375151009923383,2.6815405326175563,-4.11492126820321,-3.678696413336605,-1.9248538354858755,1.3399425126041962,-0.0987835979778907,3.963714046279793,-0.4446811609730565,1.323395357397754
67.0,186.0,129.88369750976562,-0.0377454066103169,2.6825043046280004,-4.114788089707397,-3.679652743106941,-1.9244710726958925,1.340134709603629,-0.1004671214614538,3.9636188560680137,-0.4424447477359667,1.3231665976907154
67.0,186.0,129.8837127685547,-0.0362652747973755,2.6823901769844523,-4.116293217939296,-3.6782962831329993,-1.928995849366236,1.3427363674667676,-0.0986275656262325,3.964030074260883,-0.444997731679174,1.3229369289227255
67.0,186.0,129.88369750976562,-0.0383554438796345,2.6837078456050074,-4.1148397309375175,-3.6796427651577615,-1.925935618093105,1.3413987342605571,-0.0995517511654577,3.963735392106942,-0.4447510661004394,1.3223569690262462
67.0,186.0,129.88369750976562,-0.0374471514184957,2.6830290313127803,-4.114093649499316,-3.679834210451842,-1.924097479454128,1.3403730799535918,-0.0989693227775162,3.9646815998637,-0.4441470635204132,1.3235251103658887
67.0,186.0,129.88369750976562,-0.0382710782515905,2.682893249029939,-4.115279657961465,-3.6792257495786993,-1.924598940320268,1.340114582927606,-0.0982937747407807,3.963413311773425,-0.4438361054294831,1.3238186492275428
67.0,186.0,129.88369750976562,-0.0386767940782647,2.6825724445294745,-4.114978013222114,-3.6803825219341575,-1.925471672712967,1.340026883894302,-0.1000383970307691,3.965015974768844,-0.4424138905121658,1.3231790020943524
67.0,186.0,129.88369750976562,-0.0386743878574695,2.682514171969066,-4.114506661615946,-3.679438333994672,-1.9243521442453364,1.339783745789752,-0.0992489063510318,3.963839175972056,-0.4434921678817331,1.3240327725928551
67.0,186.0,129.88369750976562,-0.0378622370720957,2.681968301780857,-4.11483420834631,-3.6800866107675727,-1.924030423868726,1.3402908182460136,-0.0994770964367983,3.9636342318458793,-0.4433138246954711,1.324016149664466
67.0,186.0,129.88369750976562,-0.038409736125438,2.683223324443615,-4.114847609240932,-3.679415568245977,-1.9254956460903945,1.339956890140793,-0.0993767820110977,3.96545346379171,-0.4440833734044859,1.3235641918682983
67.0,186.0,129.88369750976562,-0.0365283721779428,2.6821798842695697,-4.11603441881068,-3.679486054107372,-1.9251379515389608,1.3405617104052885,-0.1002226474128503,3.96390962240616,-0.4420402715724512,1.3236767237550735
67.0,186.0,129.8837127685547,-0.0365358024724783,2.6818681070312835,-4.112865976977184,-3.679602687252389,-1.924349351054988,1.3402820676057443,-0.1018320141376777,3.9651600061539054,-0.4432204102345752,1.3243243450746875
67.0,186.0,129.88369750976562,-0.0383216637770437,2.6825741157856324,-4.114967170153109,-3.6780063208760607,-1.924454085840296,1.3404595116488414,-0.099584917212826,3.9638032536282113,-0.4437830930453497,1.3237113962040006
67.0,186.0,129.88369750976562,-0.0379767604336877,2.680744641094622,-4.114477853527157,-3.6801701846835897,-1.924400799866619,1.3404674448137248,-0.0999418297218291,3.9646977554076215,-0.4444012423801128,1.3236911002911962
67.0,186.0,129.88369750976562,-0.0390478143195861,2.682337844354252,-4.115926773235828,-3.6795526101329856,-1.924688573970111,1.3412594732204302,-0.0998160293303123,3.963891675060848,-0.4428856325751028,1.3240663398786898
67.0,186.0,129.88369750976562,-0.0383148729229902,2.6832796999404445,-4.116294179060572,-3.6793979513078847,-1.9250865185851764,1.340689295518906,-0.0983386555168854,3.963023765613142,-0.4436402091529069,1.323783064095721
67.0,186.0,129.88369750976562,-0.0379627504806742,2.6821752792535305,-4.115112653936806,-3.679108163981376,-1.9271989799946387,1.3404670547282131,-0.0989285936155462,3.963762776092248,-0.4436037889685726,1.3234545198064809
67.0,186.0,129.88369750976562,-0.0392187524807247,2.683054261908589,-4.114922136147859,-3.6795777604845856,-1.925288325593142,1.3412020927009516,-0.0999221139832497,3.9638507441902,-0.4441360716815598,1.3240769948011513
67.0,186.0,129.88369750976562,-0.0383849644671473,2.6829565493324656,-4.1152425670406885,-3.679085536259625,-1.9245625020625792,1.3398362901102925,-0.0989136901687004,3.964908554644228,-0.4445902552466633,1.3237140521602766
67.0,186.0,129.88369750976562,-0.0381150873514049,2.682542042709517,-4.114430642239843,-3.678878579382245,-1.9244999050184943,1.3406975087022637,-0.0999938618507068,3.963198803446204,-0.4438787615061223,1.3237429493033557
67.0,186.0,129.8837127685547,-0.0393439610213545,2.6830619422745308,-4.114604043222708,-3.680368689308013,-1.9229080885171144,1.340185094365083,-0.099360564882717,3.963476834582344,-0.4430568216979387,1.320904571426344
67.0,186.0,129.88369750976562,-0.0370319986549597,2.682141311654721,-4.11568919640137,-3.679601765843594,-1.9250876999733395,1.3398228311447469,-0.1004837490685165,3.964237534852891,-0.442657322459007,1.323574800022745
67.0,186.0,129.88369750976562,-0.0370807272260081,2.68264859514898,-4.115168223632826,-3.678252415128613,-1.9239598296335736,1.3405486072531194,-0.098422161926668,3.964345449074509,-0.4430919035377933,1.32368118639016
67.0,186.0,129.88369750976562,-0.0371588517049898,2.6805734538012,-4.114829362922763,-3.680286246949066,-1.92656536943232,1.339947151786356,-0.0988547495593402,3.9637048782995135,-0.4439045648392518,1.323849355521426
67.0,186.0,129.88369750976562,-0.0375504977495809,2.682280533818246,-4.115233018272244,-3.679761393898062,-1.925012808213688,1.3408448440508045,-0.0991535257406458,3.963799535448471,-0.4426996479812786,1.32341862225405
67.0,186.0,129.88369750976562,-0.0364782580288229,2.6818429670123987,-4.11474322378592,-3.679358600708835,-1.9243445464444973,1.3403015173573354,-0.09960695951543,3.965946662438152,-0.4428471831983755,1.3238509640840692
67.0,186.0,129.88369750976562,-0.0375050067521598,2.682394795215691,-4.114718372567042,-3.678092981168621,-1.9258440914610253,1.3400083563894525,-0.099182553119151,3.966016159885976,-0.4438312502809411,1.3218137438897066
67.0,186.0,129.88369750976562,-0.0385790505121479,2.6829151465589978,-4.114800802167872,-3.680258446862143,-1.924409893497719,1.340273682270729,-0.0988903953142273,3.964274155720028,-0.443693939368691,1.324358976709781
67.0,186.0,129.88369750976562,-0.0373377203114786,2.682486630971601,-4.114913017838977,-3.6783634873448783,-1.9265970819780125,1.3403155553342478,-0.099168483249192,3.963433477689972,-0.4450287501643289,1.3241048847555466
67.0,186.0,129.88369750976562,-0.0379180192985064,2.682247815866732,-4.11618169808676,-3.678672127199636,-1.9243215382018104,1.341224665253827,-0.0999942253138913,3.964944788080395,-0.4445476548029366,1.3237704141458422
67.0,186.0,129.88369750976562,-0.0379024272348933,2.681548237319513,-4.1147750510204935,-3.679808883893499,-1.9248620463978097,1.3398379650494014,-0.0992112748296654,3.963017815678836,-0.4424179299426491,1.3233375186841294
67.0,186.0,129.88369750976562,-0.0386119900478477,2.682502921158186,-4.115330536104988,-3.67922120648243,-1.924454899099244,1.3398214621333258,-0.0993185791376466,3.963886887649888,-0.4432911272000954,1.323338099550023
67.0,186.0,129.88369750976562,-0.0382477403859779,2.68273101332882,-4.115921932644253,-3.677978964649831,-1.924749009834854,1.3417441945558162,-0.0989616560098664,3.9650317801400976,-0.4436610931860999,1.3237025486479133
67.0,186.0,129.88369750976562,-0.0368336824364338,2.6826832487827823,-4.114591204394081,-3.678575812548972,-1.925641460409574,1.3405690717413157,-0.0993023327242637,3.963040004737601,-0.4453726377459595,1.3228519700821009
67.0,186.0,129.88369750976562,-0.0368682580867013,2.6829220535883818,-4.115330151241876,-3.6800847775118006,-1.924143475813016,1.3403634962947215,-0.0977891263415146,3.964305456688996,-0.4434524361281761,1.323232495747224
67.0,186.0,129.88369750976562,-0.0385555590400413,2.682332051900679,-4.11561887003485,-3.678886500882304,-1.9246899936591084,1.339812599810698,-0.0990985889591814,3.964719517917539,-0.4435134565679196,1.3239478618172835
67.0,186.0,129.88369750976562,-0.0362685215543273,2.6824785535414897,-4.115228802300194,-3.679666890710486,-1.924817154336768,1.3397913112986377,-0.0984104785689082,3.965220519508229,-0.4431274438343454,1.3229101875008091
67.0,186.0,129.88369750976562,-0.0375539125029723,2.683178260371717,-4.114369649219112,-3.679430716965344,-1.9246000535494767,1.3402022966892828,-0.0991060381317665,3.964045450719317,-0.4435850165156397,1.3232991003993002
67.0,186.0,129.88369750976562,-0.0373747018816963,2.6827891322424366,-4.115831560265851,-3.678720605069845,-1.925137080380172,1.3403258327157284,-0.0988966046907536,3.963632318963182,-0.4426579316869733,1.3218509770686553
67.0,186.0,129.88369750976562,-0.0370591034729298,2.6826218239917727,-4.115266560061377,-3.679595996907135,-1.926209819046368,1.3414009745971895,-0.0987779561750726,3.964208636924238,-0.4451036432456676,1.3236569489549574
67.0,186.0,129.88369750976562,-0.0391015901040685,2.6832066369908216,-4.11469770047713,-3.680059309122311,-1.9260168474946973,1.3411719572718803,-0.0990887163406583,3.963894911594921,-0.4433537251091182,1.3222977704533132
67.0,186.0,129.88369750976562,-0.0371238674580442,2.6828863163114574,-4.116450644235016,-3.678852193219088,-1.9245006772364748,1.340853961483298,-0.1003745299408251,3.96483297132265,-0.4438758320633198,1.32253467512871
67.0,186.0,129.88369750976562,-0.0387529514039979,2.682332987600346,-4.114907536737543,-3.6795098013530296,-1.9263257462158496,1.3407473142017434,-0.0999818312495976,3.964815872089346,-0.4437279455012012,1.3221885533632094
67.0,186.0,129.88369750976562,-0.0385026246801999,2.681902136710416,-4.116577281202409,-3.680540846948508,-1.92433206385908,1.3402460540770993,-0.099126385258616,3.9633692913641982,-0.4437405342625667,1.3232985721522927
67.0,187.0,129.88369750976562,-0.0372763731490363,2.6826167704504225,-4.114823442455658,-3.6783468022659607,-1.9261520268860424,1.3403612303406105,-0.0998002543669788,3.963755631935773,-0.4432836224847902,1.323920551784124
67.0,187.0,129.88369750976562,-0.0386144815276365,2.682602177420531,-4.114692785083619,-3.6782825809630206,-1.925857278402108,1.3408475275948784,-0.0997619686173913,3.964034353113425,-0.4420803106852294,1.323383683790692
67.0,187.0,129.88369750976562,-0.0384255196221009,2.6828457518910365,-4.115229419906435,-3.678280070499364,-1.9241863635424368,1.340197132733122,-0.0989346872452995,3.965045366748188,-0.4436973324717846,1.3237061726352286
67.0,187.0,129.88369750976562,-0.0374477628801099,2.682657028303648,-4.114838900894199,-3.678870043592088,-1.9251837276112644,1.3405201841317955,-0.0987901150784344,3.964675583138253,-0.4423633760043502,1.3238448057713843
67.0,187.0,129.88369750976562,-0.0382635524696136,2.682419967614642,-4.114786126384205,-3.679311634560755,-1.925978686292598,1.3411333845684037,-0.0987597980305496,3.9641414728433215,-0.4424791061193618,1.320928414315454
67.0,187.0,129.88369750976562,-0.0384394284723971,2.682975909148543,-4.114785849651962,-3.679239009035948,-1.9244454601702328,1.3399968271028857,-0.0992974966139006,3.9634126109169294,-0.4438348749963561,1.323728487499586
67.0,187.0,129.88369750976562,-0.0375151009923383,2.6815405326175563,-4.11492126820321,-3.678696413336605,-1.9248538354858755,1.3399425126041962,-0.0987835979778907,3.963714046279793,-0.4446811609730565,1.323395357397754
67.0,187.0,129.88369750976562,-0.0377454066103169,2.6825043046280004,-4.114788089707397,-3.679652743106941,-1.9244710726958925,1.340134709603629,-0.1004671214614538,3.9636188560680137,-0.4424447477359667,1.3231665976907154
67.0,187.0,129.8837127685547,-0.0362652747973755,2.6823901769844523,-4.116293217939296,-3.6782962831329993,-1.928995849366236,1.3427363674667676,-0.0986275656262325,3.964030074260883,-0.444997731679174,1.3229369289227255
67.0,187.0,129.88369750976562,-0.0383554438796345,2.6837078456050074,-4.1148397309375175,-3.6796427651577615,-1.925935618093105,1.3413987342605571,-0.0995517511654577,3.963735392106942,-0.4447510661004394,1.3223569690262462
67.0,187.0,129.88369750976562,-0.0374471514184957,2.6830290313127803,-4.114093649499316,-3.679834210451842,-1.924097479454128,1.3403730799535918,-0.0989693227775162,3.9646815998637,-0.4441470635204132,1.3235251103658887
67.0,187.0,129.88369750976562,-0.0382710782515905,2.682893249029939,-4.115279657961465,-3.6792257495786993,-1.924598940320268,1.340114582927606,-0.0982937747407807,3.963413311773425,-0.4438361054294831,1.3238186492275428
67.0,187.0,129.88369750976562,-0.0386767940782647,2.6825724445294745,-4.114978013222114,-3.6803825219341575,-1.925471672712967,1.340026883894302,-0.1000383970307691,3.965015974768844,-0.4424138905121658,1.3231790020943524
67.0,187.0,129.88369750976562,-0.0386743878574695,2.682514171969066,-4.114506661615946,-3.679438333994672,-1.9243521442453364,1.339783745789752,-0.0992489063510318,3.963839175972056,-0.4434921678817331,1.3240327725928551
67.0,187.0,129.88369750976562,-0.0378622370720957,2.681968301780857,-4.11483420834631,-3.6800866107675727,-1.924030423868726,1.3402908182460136,-0.0994770964367983,3.9636342318458793,-0.4433138246954711,1.324016149664466
67.0,187.0,129.88369750976562,-0.038409736125438,2.683223324443615,-4.114847609240932,-3.679415568245977,-1.9254956460903945,1.339956890140793,-0.0993767820110977,3.96545346379171,-0.4440833734044859,1.3235641918682983
67.0,187.0,129.88369750976562,-0.0365283721779428,2.6821798842695697,-4.11603441881068,-3.679486054107372,-1.9251379515389608,1.3405617104052885,-0.1002226474128503,3.96390962240616,-0.4420402715724512,1.3236767237550735
67.0,187.0,129.8837127685547,-0.0365358024724783,2.6818681070312835,-4.112865976977184,-3.679602687252389,-1.924349351054988,1.3402820676057443,-0.1018320141376777,3.9651600061539054,-0.4432204102345752,1.3243243450746875
67.0,187.0,129.88369750976562,-0.0383216637770437,2.6825741157856324,-4.114967170153109,-3.6780063208760607,-1.924454085840296,1.3404595116488414,-0.099584917212826,3.9638032536282113,-0.4437830930453497,1.3237113962040006
67.0,187.0,129.88369750976562,-0.0379767604336877,2.680744641094622,-4.114477853527157,-3.6801701846835897,-1.924400799866619,1.3404674448137248,-0.0999418297218291,3.9646977554076215,-0.4444012423801128,1.3236911002911962
67.0,187.0,129.88369750976562,-0.0390478143195861,2.682337844354252,-4.115926773235828,-3.6795526101329856,-1.924688573970111,1.3412594732204302,-0.0998160293303123,3.963891675060848,-0.4428856325751028,1.3240663398786898
67.0,187.0,129.88369750976562,-0.0383148729229902,2.6832796999404445,-4.116294179060572,-3.6793979513078847,-1.9250865185851764,1.340689295518906,-0.0983386555168854,3.963023765613142,-0.4436402091529069,1.323783064095721
67.0,187.0,129.88369750976562,-0.0379627504806742,2.6821752792535305,-4.115112653936806,-3.679108163981376,-1.9271989799946387,1.3404670547282131,-0.0989285936155462,3.963762776092248,-0.4436037889685726,1.3234545198064809
67.0,187.0,129.88369750976562,-0.0392187524807247,2.683054261908589,-4.114922136147859,-3.6795777604845856,-1.925288325593142,1.3412020927009516,-0.0999221139832497,3.9638507441902,-0.4441360716815598,1.3240769948011513
67.0,187.0,129.88369750976562,-0.0383849644671473,2.6829565493324656,-4.1152425670406885,-3.679085536259625,-1.9245625020625792,1.3398362901102925,-0.0989136901687004,3.964908554644228,-0.4445902552466633,1.3237140521602766
67.0,187.0,129.88369750976562,-0.0381150873514049,2.682542042709517,-4.114430642239843,-3.678878579382245,-1.9244999050184943,1.3406975087022637,-0.0999938618507068,3.963198803446204,-0.4438787615061223,1.3237429493033557
67.0,187.0,129.8837127685547,-0.0393439610213545,2.6830619422745308,-4.114604043222708,-3.680368689308013,-1.9229080885171144,1.340185094365083,-0.099360564882717,3.963476834582344,-0.4430568216979387,1.320904571426344
67.0,187.0,129.88369750976562,-0.0370319986549597,2.682141311654721,-4.11568919640137,-3.679601765843594,-1.9250876999733395,1.3398228311447469,-0.1004837490685165,3.964237534852891,-0.442657322459007,1.323574800022745
67.0,187.0,129.88369750976562,-0.0370807272260081,2.68264859514898,-4.115168223632826,-3.678252415128613,-1.9239598296335736,1.3405486072531194,-0.098422161926668,3.964345449074509,-0.4430919035377933,1.32368118639016
67.0,187.0,129.88369750976562,-0.0371588517049898,2.6805734538012,-4.114829362922763,-3.680286246949066,-1.92656536943232,1.339947151786356,-0.0988547495593402,3.9637048782995135,-0.4439045648392518,1.323849355521426
67.0,187.0,129.88369750976562,-0.0375504977495809,2.682280533818246,-4.115233018272244,-3.679761393898062,-1.925012808213688,1.3408448440508045,-0.0991535257406458,3.963799535448471,-0.4426996479812786,1.32341862225405
67.0,187.0,129.88369750976562,-0.0364782580288229,2.6818429670123987,-4.11474322378592,-3.679358600708835,-1.9243445464444973,1.3403015173573354,-0.09960695951543,3.965946662438152,-0.4428471831983755,1.3238509640840692
67.0,187.0,129.88369750976562,-0.0375050067521598,2.682394795215691,-4.114718372567042,-3.678092981168621,-1.9258440914610253,1.3400083563894525,-0.099182553119151,3.966016159885976,-0.4438312502809411,1.3218137438897066
67.0,187.0,129.88369750976562,-0.0385790505121479,2.6829151465589978,-4.114800802167872,-3.680258446862143,-1.924409893497719,1.340273682270729,-0.0988903953142273,3.964274155720028,-0.443693939368691,1.324358976709781
67.0,187.0,129.88369750976562,-0.0373377203114786,2.682486630971601,-4.114913017838977,-3.6783634873448783,-1.9265970819780125,1.3403155553342478,-0.099168483249192,3.963433477689972,-0.4450287501643289,1.3241048847555466
67.0,187.0,129.88369750976562,-0.0379180192985064,2.682247815866732,-4.11618169808676,-3.678672127199636,-1.9243215382018104,1.341224665253827,-0.0999942253138913,3.964944788080395,-0.4445476548029366,1.3237704141458422
67.0,187.0,129.88369750976562,-0.0379024272348933,2.681548237319513,-4.1147750510204935,-3.679808883893499,-1.9248620463978097,1.3398379650494014,-0.0992112748296654,3.963017815678836,-0.4424179299426491,1.3233375186841294
67.0,187.0,129.88369750976562,-0.0386119900478477,2.682502921158186,-4.115330536104988,-3.67922120648243,-1.924454899099244,1.3398214621333258,-0.0993185791376466,3.963886887649888,-0.4432911272000954,1.323338099550023
67.0,187.0,129.88369750976562,-0.0382477403859779,2.68273101332882,-4.115921932644253,-3.677978964649831,-1.924749009834854,1.3417441945558162,-0.0989616560098664,3.9650317801400976,-0.4436610931860999,1.3237025486479133
67.0,187.0,129.88369750976562,-0.0368336824364338,2.6826832487827823,-4.114591204394081,-3.678575812548972,-1.925641460409574,1.3405690717413157,-0.0993023327242637,3.963040004737601,-0.4453726377459595,1.3228519700821009
67.0,187.0,129.88369750976562,-0.0368682580867013,2.6829220535883818,-4.115330151241876,-3.6800847775118006,-1.924143475813016,1.3403634962947215,-0.0977891263415146,3.964305456688996,-0.4434524361281761,1.323232495747224
67.0,187.0,129.88369750976562,-0.0385555590400413,2.682332051900679,-4.11561887003485,-3.678886500882304,-1.9246899936591084,1.339812599810698,-0.0990985889591814,3.964719517917539,-0.4435134565679196,1.3239478618172835
67.0,187.0,129.88369750976562,-0.0362685215543273,2.6824785535414897,-4.115228802300194,-3.679666890710486,-1.924817154336768,1.3397913112986377,-0.0984104785689082,3.965220519508229,-0.4431274438343454,1.3229101875008091
67.0,187.0,129.88369750976562,-0.0375539125029723,2.683178260371717,-4.114369649219112,-3.679430716965344,-1.9246000535494767,1.3402022966892828,-0.0991060381317665,3.964045450719317,-0.4435850165156397,1.3232991003993002
67.0,187.0,129.88369750976562,-0.0373747018816963,2.6827891322424366,-4.115831560265851,-3.678720605069845,-1.925137080380172,1.3403258327157284,-0.0988966046907536,3.963632318963182,-0.4426579316869733,1.3218509770686553
67.0,187.0,129.88369750976562,-0.0370591034729298,2.6826218239917727,-4.115266560061377,-3.679595996907135,-1.926209819046368,1.3414009745971895,-0.0987779561750726,3.964208636924238,-0.4451036432456676,1.3236569489549574
67.0,187.0,129.88369750976562,-0.0391015901040685,2.6832066369908216,-4.11469770047713,-3.680059309122311,-1.9260168474946973,1.3411719572718803,-0.0990887163406583,3.963894911594921,-0.4433537251091182,1.3222977704533132
67.0,187.0,129.88369750976562,-0.0371238674580442,2.6828863163114574,-4.116450644235016,-3.678852193219088,-1.9245006772364748,1.340853961483298,-0.1003745299408251,3.96483297132265,-0.4438758320633198,1.32253467512871
67.0,187.0,129.88369750976562,-0.0387529514039979,2.682332987600346,-4.114907536737543,-3.6795098013530296,-1.9263257462158496,1.3407473142017434,-0.0999818312495976,3.964815872089346,-0.4437279455012012,1.3221885533632094
67.0,187.0,129.88369750976562,-0.0385026246801999,2.681902136710416,-4.116577281202409,-3.680540846948508,-1.92433206385908,1.3402460540770993,-0.099126385258616,3.9633692913641982,-0.4437405342625667,1.3232985721522927
67.0,188.0,129.88369750976562,-0.0372763731490363,2.6826167704504225,-4.114823442455658,-3.6783468022659607,-1.9261520268860424,1.3403612303406105,-0.0998002543669788,3.963755631935773,-0.4432836224847902,1.323920551784124
67.0,188.0,129.88369750976562,-0.0386144815276365,2.682602177420531,-4.114692785083619,-3.6782825809630206,-1.925857278402108,1.3408475275948784,-0.0997619686173913,3.964034353113425,-0.4420803106852294,1.323383683790692
67.0,188.0,129.88369750976562,-0.0384255196221009,2.6828457518910365,-4.115229419906435,-3.678280070499364,-1.9241863635424368,1.340197132733122,-0.0989346872452995,3.965045366748188,-0.4436973324717846,1.3237061726352286
67.0,188.0,129.88369750976562,-0.0374477628801099,2.682657028303648,-4.114838900894199,-3.678870043592088,-1.9251837276112644,1.3405201841317955,-0.0987901150784344,3.964675583138253,-0.4423633760043502,1.3238448057713843
67.0,188.0,129.88369750976562,-0.0382635524696136,2.682419967614642,-4.114786126384205,-3.679311634560755,-1.925978686292598,1.3411333845684037,-0.0987597980305496,3.9641414728433215,-0.4424791061193618,1.320928414315454
67.0,188.0,129.88369750976562,-0.0384394284723971,2.682975909148543,-4.114785849651962,-3.679239009035948,-1.9244454601702328,1.3399968271028857,-0.0992974966139006,3.9634126109169294,-0.4438348749963561,1.323728487499586
67.0,188.0,129.88369750976562,-0.0375151009923383,2.6815405326175563,-4.11492126820321,-3.678696413336605,-1.9248538354858755,1.3399425126041962,-0.0987835979778907,3.963714046279793,-0.4446811609730565,1.323395357397754
67.0,188.0,129.88369750976562,-0.0377454066103169,2.6825043046280004,-4.114788089707397,-3.679652743106941,-1.9244710726958925,1.340134709603629,-0.1004671214614538,3.9636188560680137,-0.4424447477359667,1.3231665976907154
67.0,188.0,129.8837127685547,-0.0362652747973755,2.6823901769844523,-4.116293217939296,-3.6782962831329993,-1.928995849366236,1.3427363674667676,-0.0986275656262325,3.964030074260883,-0.444997731679174,1.3229369289227255
67.0,188.0,129.88369750976562,-0.0383554438796345,2.6837078456050074,-4.1148397309375175,-3.6796427651577615,-1.925935618093105,1.3413987342605571,-0.0995517511654577,3.963735392106942,-0.4447510661004394,1.3223569690262462
67.0,188.0,129.88369750976562,-0.0374471514184957,2.6830290313127803,-4.114093649499316,-3.679834210451842,-1.924097479454128,1.3403730799535918,-0.0989693227775162,3.9646815998637,-0.4441470635204132,1.3235251103658887
67.0,188.0,129.88369750976562,-0.0382710782515905,2.682893249029939,-4.115279657961465,-3.6792257495786993,-1.924598940320268,1.340114582927606,-0.0982937747407807,3.963413311773425,-0.4438361054294831,1.3238186492275428
67.0,188.0,129.88369750976562,-0.0386767940782647,2.6825724445294745,-4.114978013222114,-3.6803825219341575,-1.925471672712967,1.340026883894302,-0.1000383970307691,3.965015974768844,-0.4424138905121658,1.3231790020943524
67.0,188.0,129.88369750976562,-0.0386743878574695,2.682514171969066,-4.114506661615946,-3.679438333994672,-1.9243521442453364,1.339783745789752,-0.0992489063510318,3.963839175972056,-0.4434921678817331,1.3240327725928551
67.0,188.0,129.88369750976562,-0.0378622370720957,2.681968301780857,-4.11483420834631,-3.6800866107675727,-1.924030423868726,1.3402908182460136,-0.0994770964367983,3.9636342318458793,-0.4433138246954711,1.324016149664466
67.0,188.0,129.88369750976562,-0.038409736125438,2.683223324443615,-4.114847609240932,-3.679415568245977,-1.9254956460903945,1.339956890140793,-0.0993767820110977,3.96545346379171,-0.4440833734044859,1.3235641918682983
67.0,188.0,129.88369750976562,-0.0365283721779428,2.6821798842695697,-4.11603441881068,-3.679486054107372,-1.9251379515389608,1.3405617104052885,-0.1002226474128503,3.96390962240616,-0.4420402715724512,1.3236767237550735
67.0,188.0,129.8837127685547,-0.0365358024724783,2.6818681070312835,-4.112865976977184,-3.679602687252389,-1.924349351054988,1.3402820676057443,-0.1018320141376777,3.9651600061539054,-0.4432204102345752,1.3243243450746875
67.0,188.0,129.88369750976562,-0.0383216637770437,2.6825741157856324,-4.114967170153109,-3.6780063208760607,-1.924454085840296,1.3404595116488414,-0.099584917212826,3.9638032536282113,-0.4437830930453497,1.3237113962040006
67.0,188.0,129.88369750976562,-0.0379767604336877,2.680744641094622,-4.114477853527157,-3.6801701846835897,-1.924400799866619,1.3404674448137248,-0.0999418297218291,3.9646977554076215,-0.4444012423801128,1.3236911002911962
67.0,188.0,129.88369750976562,-0.0390478143195861,2.682337844354252,-4.115926773235828,-3.6795526101329856,-1.924688573970111,1.3412594732204302,-0.0998160293303123,3.963891675060848,-0.4428856325751028,1.3240663398786898
67.0,188.0,129.88369750976562,-0.0383148729229902,2.6832796999404445,-4.116294179060572,-3.6793979513078847,-1.9250865185851764,1.340689295518906,-0.0983386555168854,3.963023765613142,-0.4436402091529069,1.323783064095721
67.0,188.0,129.88369750976562,-0.0379627504806742,2.6821752792535305,-4.115112653936806,-3.679108163981376,-1.9271989799946387,1.3404670547282131,-0.0989285936155462,3.963762776092248,-0.4436037889685726,1.3234545198064809
67.0,188.0,129.88369750976562,-0.0392187524807247,2.683054261908589,-4.114922136147859,-3.6795777604845856,-1.925288325593142,1.3412020927009516,-0.0999221139832497,3.9638507441902,-0.4441360716815598,1.3240769948011513
67.0,188.0,129.88369750976562,-0.0383849644671473,2.6829565493324656,-4.1152425670406885,-3.679085536259625,-1.9245625020625792,1.3398362901102925,-0.0989136901687004,3.964908554644228,-0.4445902552466633,1.3237140521602766
67.0,188.0,129.88369750976562,-0.0381150873514049,2.682542042709517,-4.114430642239843,-3.678878579382245,-1.9244999050184943,1.3406975087022637,-0.0999938618507068,3.963198803446204,-0.4438787615061223,1.3237429493033557
67.0,188.0,129.8837127685547,-0.0393439610213545,2.6830619422745308,-4.114604043222708,-3.680368689308013,-1.9229080885171144,1.340185094365083,-0.099360564882717,3.963476834582344,-0.4430568216979387,1.320904571426344
67.0,188.0,129.88369750976562,-0.0370319986549597,2.682141311654721,-4.11568919640137,-3.679601765843594,-1.9250876999733395,1.3398228311447469,-0.1004837490685165,3.964237534852891,-0.442657322459007,1.323574800022745
67.0,188.0,129.88369750976562,-0.0370807272260081,2.68264859514898,-4.115168223632826,-3.678252415128613,-1.9239598296335736,1.3405486072531194,-0.098422161926668,3.964345449074509,-0.4430919035377933,1.32368118639016
67.0,188.0,129.88369750976562,-0.0371588517049898,2.6805734538012,-4.114829362922763,-3.680286246949066,-1.92656536943232,1.339947151786356,-0.0988547495593402,3.9637048782995135,-0.4439045648392518,1.323849355521426
67.0,188.0,129.88369750976562,-0.0375504977495809,2.682280533818246,-4.115233018272244,-3.679761393898062,-1.925012808213688,1.3408448440508045,-0.0991535257406458,3.963799535448471,-0.4426996479812786,1.32341862225405
67.0,188.0,129.88369750976562,-0.0364782580288229,2.6818429670123987,-4.11474322378592,-3.679358600708835,-1.9243445464444973,1.3403015173573354,-0.09960695951543,3.965946662438152,-0.4428471831983755,1.3238509640840692
67.0,188.0,129.88369750976562,-0.0375050067521598,2.682394795215691,-4.114718372567042,-3.678092981168621,-1.9258440914610253,1.3400083563894525,-0.099182553119151,3.966016159885976,-0.4438312502809411,1.3218137438897066
67.0,188.0,129.88369750976562,-0.0385790505121479,2.6829151465589978,-4.114800802167872,-3.680258446862143,-1.924409893497719,1.340273682270729,-0.0988903953142273,3.964274155720028,-0.443693939368691,1.324358976709781
67.0,188.0,129.88369750976562,-0.0373377203114786,2.682486630971601,-4.114913017838977,-3.6783634873448783,-1.9265970819780125,1.3403155553342478,-0.099168483249192,3.963433477689972,-0.4450287501643289,1.3241048847555466
67.0,188.0,129.88369750976562,-0.0379180192985064,2.682247815866732,-4.11618169808676,-3.678672127199636,-1.9243215382018104,1.341224665253827,-0.0999942253138913,3.964944788080395,-0.4445476548029366,1.3237704141458422
67.0,188.0,129.88369750976562,-0.0379024272348933,2.681548237319513,-4.1147750510204935,-3.679808883893499,-1.9248620463978097,1.3398379650494014,-0.0992112748296654,3.963017815678836,-0.4424179299426491,1.3233375186841294
67.0,188.0,129.88369750976562,-0.0386119900478477,2.682502921158186,-4.115330536104988,-3.67922120648243,-1.924454899099244,1.3398214621333258,-0.0993185791376466,3.963886887649888,-0.4432911272000954,1.323338099550023
67.0,188.0,129.88369750976562,-0.0382477403859779,2.68273101332882,-4.115921932644253,-3.677978964649831,-1.924749009834854,1.3417441945558162,-0.0989616560098664,3.9650317801400976,-0.4436610931860999,1.3237025486479133
67.0,188.0,129.88369750976562,-0.0368336824364338,2.6826832487827823,-4.114591204394081,-3.678575812548972,-1.925641460409574,1.3405690717413157,-0.0993023327242637,3.963040004737601,-0.4453726377459595,1.3228519700821009
67.0,188.0,129.88369750976562,-0.0368682580867013,2.6829220535883818,-4.115330151241876,-3.6800847775118006,-1.924143475813016,1.3403634962947215,-0.0977891263415146,3.964305456688996,-0.4434524361281761,1.323232495747224
67.0,188.0,129.88369750976562,-0.0385555590400413,2.682332051900679,-4.11561887003485,-3.678886500882304,-1.9246899936591084,1.339812599810698,-0.0990985889591814,3.964719517917539,-0.4435134565679196,1.3239478618172835
67.0,188.0,129.88369750976562,-0.0362685215543273,2.6824785535414897,-4.115228802300194,-3.679666890710486,-1.924817154336768,1.3397913112986377,-0.0984104785689082,3.965220519508229,-0.4431274438343454,1.3229101875008091
67.0,188.0,129.88369750976562,-0.0375539125029723,2.683178260371717,-4.114369649219112,-3.679430716965344,-1.9246000535494767,1.3402022966892828,-0.0991060381317665,3.964045450719317,-0.4435850165156397,1.3232991003993002
67.0,188.0,129.88369750976562,-0.0373747018816963,2.6827891322424366,-4.115831560265851,-3.678720605069845,-1.925137080380172,1.3403258327157284,-0.0988966046907536,3.963632318963182,-0.4426579316869733,1.3218509770686553
67.0,188.0,129.88369750976562,-0.0370591034729298,2.6826218239917727,-4.115266560061377,-3.679595996907135,-1.926209819046368,1.3414009745971895,-0.0987779561750726,3.964208636924238,-0.4451036432456676,1.3236569489549574
67.0,188.0,129.88369750976562,-0.0391015901040685,2.6832066369908216,-4.11469770047713,-3.680059309122311,-1.9260168474946973,1.3411719572718803,-0.0990887163406583,3.963894911594921,-0.4433537251091182,1.3222977704533132
67.0,188.0,129.88369750976562,-0.0371238674580442,2.6828863163114574,-4.116450644235016,-3.678852193219088,-1.9245006772364748,1.340853961483298,-0.1003745299408251,3.96483297132265,-0.4438758320633198,1.32253467512871
67.0,188.0,129.88369750976562,-0.0387529514039979,2.682332987600346,-4.114907536737543,-3.6795098013530296,-1.9263257462158496,1.3407473142017434,-0.0999818312495976,3.964815872089346,-0.4437279455012012,1.3221885533632094
67.0,188.0,129.88369750976562,-0.0385026246801999,2.681902136710416,-4.116577281202409,-3.680540846948508,-1.92433206385908,1.3402460540770993,-0.099126385258616,3.9633692913641982,-0.4437405342625667,1.3232985721522927
67.0,189.0,129.88369750976562,-0.0372763731490363,2.6826167704504225,-4.114823442455658,-3.6783468022659607,-1.9261520268860424,1.3403612303406105,-0.0998002543669788,3.963755631935773,-0.4432836224847902,1.323920551784124
67.0,189.0,129.88369750976562,-0.0386144815276365,2.682602177420531,-4.114692785083619,-3.6782825809630206,-1.925857278402108,1.3408475275948784,-0.0997619686173913,3.964034353113425,-0.4420803106852294,1.323383683790692
67.0,189.0,129.88369750976562,-0.0384255196221009,2.6828457518910365,-4.115229419906435,-3.678280070499364,-1.9241863635424368,1.340197132733122,-0.0989346872452995,3.965045366748188,-0.4436973324717846,1.3237061726352286
67.0,189.0,129.88369750976562,-0.0374477628801099,2.682657028303648,-4.114838900894199,-3.678870043592088,-1.9251837276112644,1.3405201841317955,-0.0987901150784344,3.964675583138253,-0.4423633760043502,1.3238448057713843
67.0,189.0,129.88369750976562,-0.0382635524696136,2.682419967614642,-4.114786126384205,-3.679311634560755,-1.925978686292598,1.3411333845684037,-0.0987597980305496,3.9641414728433215,-0.4424791061193618,1.320928414315454
67.0,189.0,129.88369750976562,-0.0384394284723971,2.682975909148543,-4.114785849651962,-3.679239009035948,-1.9244454601702328,1.3399968271028857,-0.0992974966139006,3.9634126109169294,-0.4438348749963561,1.323728487499586
67.0,189.0,129.88369750976562,-0.0375151009923383,2.6815405326175563,-4.11492126820321,-3.678696413336605,-1.9248538354858755,1.3399425126041962,-0.0987835979778907,3.963714046279793,-0.4446811609730565,1.323395357397754
67.0,189.0,129.88369750976562,-0.0377454066103169,2.6825043046280004,-4.114788089707397,-3.679652743106941,-1.9244710726958925,1.340134709603629,-0.1004671214614538,3.9636188560680137,-0.4424447477359667,1.3231665976907154
67.0,189.0,129.8837127685547,-0.0362652747973755,2.6823901769844523,-4.116293217939296,-3.6782962831329993,-1.928995849366236,1.3427363674667676,-0.0986275656262325,3.964030074260883,-0.444997731679174,1.3229369289227255
67.0,189.0,129.88369750976562,-0.0383554438796345,2.6837078456050074,-4.1148397309375175,-3.6796427651577615,-1.925935618093105,1.3413987342605571,-0.0995517511654577,3.963735392106942,-0.4447510661004394,1.3223569690262462
67.0,189.0,129.88369750976562,-0.0374471514184957,2.6830290313127803,-4.114093649499316,-3.679834210451842,-1.924097479454128,1.3403730799535918,-0.0989693227775162,3.9646815998637,-0.4441470635204132,1.3235251103658887
67.0,189.0,129.88369750976562,-0.0382710782515905,2.682893249029939,-4.115279657961465,-3.6792257495786993,-1.924598940320268,1.340114582927606,-0.0982937747407807,3.963413311773425,-0.4438361054294831,1.3238186492275428
67.0,189.0,129.88369750976562,-0.0386767940782647,2.6825724445294745,-4.114978013222114,-3.6803825219341575,-1.925471672712967,1.340026883894302,-0.1000383970307691,3.965015974768844,-0.4424138905121658,1.3231790020943524
67.0,189.0,129.88369750976562,-0.0386743878574695,2.682514171969066,-4.114506661615946,-3.679438333994672,-1.9243521442453364,1.339783745789752,-0.0992489063510318,3.963839175972056,-0.4434921678817331,1.3240327725928551
67.0,189.0,129.88369750976562,-0.0378622370720957,2.681968301780857,-4.11483420834631,-3.6800866107675727,-1.924030423868726,1.3402908182460136,-0.0994770964367983,3.9636342318458793,-0.4433138246954711,1.324016149664466
67.0,189.0,129.88369750976562,-0.038409736125438,2.683223324443615,-4.114847609240932,-3.679415568245977,-1.9254956460903945,1.339956890140793,-0.0993767820110977,3.96545346379171,-0.4440833734044859,1.3235641918682983
67.0,189.0,129.88369750976562,-0.0365283721779428,2.6821798842695697,-4.11603441881068,-3.679486054107372,-1.9251379515389608,1.3405617104052885,-0.1002226474128503,3.96390962240616,-0.4420402715724512,1.3236767237550735
67.0,189.0,129.8837127685547,-0.0365358024724783,2.6818681070312835,-4.112865976977184,-3.679602687252389,-1.924349351054988,1.3402820676057443,-0.1018320141376777,3.9651600061539054,-0.4432204102345752,1.3243243450746875
67.0,189.0,129.88369750976562,-0.0383216637770437,2.6825741157856324,-4.114967170153109,-3.6780063208760607,-1.924454085840296,1.3404595116488414,-0.099584917212826,3.9638032536282113,-0.4437830930453497,1.3237113962040006
67.0,189.0,129.88369750976562,-0.0379767604336877,2.680744641094622,-4.114477853527157,-3.6801701846835897,-1.924400799866619,1.3404674448137248,-0.0999418297218291,3.9646977554076215,-0.4444012423801128,1.3236911002911962
67.0,189.0,129.88369750976562,-0.0390478143195861,2.682337844354252,-4.115926773235828,-3.6795526101329856,-1.924688573970111,1.3412594732204302,-0.0998160293303123,3.963891675060848,-0.4428856325751028,1.3240663398786898
67.0,189.0,129.88369750976562,-0.0383148729229902,2.6832796999404445,-4.116294179060572,-3.6793979513078847,-1.9250865185851764,1.340689295518906,-0.0983386555168854,3.963023765613142,-0.4436402091529069,1.323783064095721
67.0,189.0,129.88369750976562,-0.0379627504806742,2.6821752792535305,-4.115112653936806,-3.679108163981376,-1.9271989799946387,1.3404670547282131,-0.0989285936155462,3.963762776092248,-0.4436037889685726,1.3234545198064809
67.0,189.0,129.88369750976562,-0.0392187524807247,2.683054261908589,-4.114922136147859,-3.6795777604845856,-1.925288325593142,1.3412020927009516,-0.0999221139832497,3.9638507441902,-0.4441360716815598,1.3240769948011513
67.0,189.0,129.88369750976562,-0.0383849644671473,2.6829565493324656,-4.1152425670406885,-3.679085536259625,-1.9245625020625792,1.3398362901102925,-0.0989136901687004,3.964908554644228,-0.4445902552466633,1.3237140521602766
67.0,189.0,129.88369750976562,-0.0381150873514049,2.682542042709517,-4.114430642239843,-3.678878579382245,-1.9244999050184943,1.3406975087022637,-0.0999938618507068,3.963198803446204,-0.4438787615061223,1.3237429493033557
67.0,189.0,129.8837127685547,-0.0393439610213545,2.6830619422745308,-4.114604043222708,-3.680368689308013,-1.9229080885171144,1.340185094365083,-0.099360564882717,3.963476834582344,-0.4430568216979387,1.320904571426344
67.0,189.0,129.88369750976562,-0.0370319986549597,2.682141311654721,-4.11568919640137,-3.679601765843594,-1.9250876999733395,1.3398228311447469,-0.1004837490685165,3.964237534852891,-0.442657322459007,1.323574800022745
67.0,189.0,129.88369750976562,-0.0370807272260081,2.68264859514898,-4.115168223632826,-3.678252415128613,-1.9239598296335736,1.3405486072531194,-0.098422161926668,3.964345449074509,-0.4430919035377933,1.32368118639016
67.0,189.0,129.88369750976562,-0.0371588517049898,2.6805734538012,-4.114829362922763,-3.680286246949066,-1.92656536943232,1.339947151786356,-0.0988547495593402,3.9637048782995135,-0.4439045648392518,1.323849355521426
67.0,189.0,129.88369750976562,-0.0375504977495809,2.682280533818246,-4.115233018272244,-3.679761393898062,-1.925012808213688,1.3408448440508045,-0.0991535257406458,3.963799535448471,-0.4426996479812786,1.32341862225405
67.0,189.0,129.88369750976562,-0.0364782580288229,2.6818429670123987,-4.11474322378592,-3.679358600708835,-1.9243445464444973,1.3403015173573354,-0.09960695951543,3.965946662438152,-0.4428471831983755,1.3238509640840692
67.0,189.0,129.88369750976562,-0.0375050067521598,2.682394795215691,-4.114718372567042,-3.678092981168621,-1.9258440914610253,1.3400083563894525,-0.099182553119151,3.966016159885976,-0.4438312502809411,1.3218137438897066
67.0,189.0,129.88369750976562,-0.0385790505121479,2.6829151465589978,-4.114800802167872,-3.680258446862143,-1.924409893497719,1.340273682270729,-0.0988903953142273,3.964274155720028,-0.443693939368691,1.324358976709781
67.0,189.0,129.88369750976562,-0.0373377203114786,2.682486630971601,-4.114913017838977,-3.6783634873448783,-1.9265970819780125,1.3403155553342478,-0.099168483249192,3.963433477689972,-0.4450287501643289,1.3241048847555466
67.0,189.0,129.88369750976562,-0.0379180192985064,2.682247815866732,-4.11618169808676,-3.678672127199636,-1.9243215382018104,1.341224665253827,-0.0999942253138913,3.964944788080395,-0.4445476548029366,1.3237704141458422
67.0,189.0,129.88369750976562,-0.0379024272348933,2.681548237319513,-4.1147750510204935,-3.679808883893499,-1.9248620463978097,1.3398379650494014,-0.0992112748296654,3.963017815678836,-0.4424179299426491,1.3233375186841294
67.0,189.0,129.88369750976562,-0.0386119900478477,2.682502921158186,-4.115330536104988,-3.67922120648243,-1.924454899099244,1.3398214621333258,-0.0993185791376466,3.963886887649888,-0.4432911272000954,1.323338099550023
67.0,189.0,129.88369750976562,-0.0382477403859779,2.68273101332882,-4.115921932644253,-3.677978964649831,-1.924749009834854,1.3417441945558162,-0.0989616560098664,3.9650317801400976,-0.4436610931860999,1.3237025486479133
67.0,189.0,129.88369750976562,-0.0368336824364338,2.6826832487827823,-4.114591204394081,-3.678575812548972,-1.925641460409574,1.3405690717413157,-0.0993023327242637,3.963040004737601,-0.4453726377459595,1.3228519700821009
67.0,189.0,129.88369750976562,-0.0368682580867013,2.6829220535883818,-4.115330151241876,-3.6800847775118006,-1.924143475813016,1.3403634962947215,-0.0977891263415146,3.964305456688996,-0.4434524361281761,1.323232495747224
67.0,189.0,129.88369750976562,-0.0385555590400413,2.682332051900679,-4.11561887003485,-3.678886500882304,-1.9246899936591084,1.339812599810698,-0.0990985889591814,3.964719517917539,-0.4435134565679196,1.3239478618172835
67.0,189.0,129.88369750976562,-0.0362685215543273,2.6824785535414897,-4.115228802300194,-3.679666890710486,-1.924817154336768,1.3397913112986377,-0.0984104785689082,3.965220519508229,-0.4431274438343454,1.3229101875008091
67.0,189.0,129.88369750976562,-0.0375539125029723,2.683178260371717,-4.114369649219112,-3.679430716965344,-1.9246000535494767,1.3402022966892828,-0.0991060381317665,3.964045450719317,-0.4435850165156397,1.3232991003993002
67.0,189.0,129.88369750976562,-0.0373747018816963,2.6827891322424366,-4.115831560265851,-3.678720605069845,-1.925137080380172,1.3403258327157284,-0.0988966046907536,3.963632318963182,-0.4426579316869733,1.3218509770686553
67.0,189.0,129.88369750976562,-0.0370591034729298,2.6826218239917727,-4.115266560061377,-3.679595996907135,-1.926209819046368,1.3414009745971895,-0.0987779561750726,3.964208636924238,-0.4451036432456676,1.3236569489549574
67.0,189.0,129.88369750976562,-0.0391015901040685,2.6832066369908216,-4.11469770047713,-3.680059309122311,-1.9260168474946973,1.3411719572718803,-0.0990887163406583,3.963894911594921,-0.4433537251091182,1.3222977704533132
67.0,189.0,129.88369750976562,-0.0371238674580442,2.6828863163114574,-4.116450644235016,-3.678852193219088,-1.9245006772364748,1.340853961483298,-0.1003745299408251,3.96483297132265,-0.4438758320633198,1.32253467512871
67.0,189.0,129.88369750976562,-0.0387529514039979,2.682332987600346,-4.114907536737543,-3.6795098013530296,-1.9263257462158496,1.3407473142017434,-0.0999818312495976,3.964815872089346,-0.4437279455012012,1.3221885533632094
67.0,189.0,129.88369750976562,-0.0385026246801999,2.681902136710416,-4.116577281202409,-3.680540846948508,-1.92433206385908,1.3402460540770993,-0.099126385258616,3.9633692913641982,-0.4437405342625667,1.3232985721522927
67.0,190.0,129.88369750976562,-0.0372763731490363,2.6826167704504225,-4.114823442455658,-3.6783468022659607,-1.9261520268860424,1.3403612303406105,-0.0998002543669788,3.963755631935773,-0.4432836224847902,1.323920551784124
67.0,190.0,129.88369750976562,-0.0386144815276365,2.682602177420531,-4.114692785083619,-3.6782825809630206,-1.925857278402108,1.3408475275948784,-0.0997619686173913,3.964034353113425,-0.4420803106852294,1.323383683790692
67.0,190.0,129.88369750976562,-0.0384255196221009,2.6828457518910365,-4.115229419906435,-3.678280070499364,-1.9241863635424368,1.340197132733122,-0.0989346872452995,3.965045366748188,-0.4436973324717846,1.3237061726352286
67.0,190.0,129.88369750976562,-0.0374477628801099,2.682657028303648,-4.114838900894199,-3.678870043592088,-1.9251837276112644,1.3405201841317955,-0.0987901150784344,3.964675583138253,-0.4423633760043502,1.3238448057713843
67.0,190.0,129.88369750976562,-0.0382635524696136,2.682419967614642,-4.114786126384205,-3.679311634560755,-1.925978686292598,1.3411333845684037,-0.0987597980305496,3.9641414728433215,-0.4424791061193618,1.320928414315454
67.0,190.0,129.88369750976562,-0.0384394284723971,2.682975909148543,-4.114785849651962,-3.679239009035948,-1.9244454601702328,1.3399968271028857,-0.0992974966139006,3.9634126109169294,-0.4438348749963561,1.323728487499586
67.0,190.0,129.88369750976562,-0.0375151009923383,2.6815405326175563,-4.11492126820321,-3.678696413336605,-1.9248538354858755,1.3399425126041962,-0.0987835979778907,3.963714046279793,-0.4446811609730565,1.323395357397754
67.0,190.0,129.88369750976562,-0.0377454066103169,2.6825043046280004,-4.114788089707397,-3.679652743106941,-1.9244710726958925,1.340134709603629,-0.1004671214614538,3.9636188560680137,-0.4424447477359667,1.3231665976907154
67.0,190.0,129.8837127685547,-0.0362652747973755,2.6823901769844523,-4.116293217939296,-3.6782962831329993,-1.928995849366236,1.3427363674667676,-0.0986275656262325,3.964030074260883,-0.444997731679174,1.3229369289227255
67.0,190.0,129.88369750976562,-0.0383554438796345,2.6837078456050074,-4.1148397309375175,-3.6796427651577615,-1.925935618093105,1.3413987342605571,-0.0995517511654577,3.963735392106942,-0.4447510661004394,1.3223569690262462
67.0,190.0,129.88369750976562,-0.0374471514184957,2.6830290313127803,-4.114093649499316,-3.679834210451842,-1.924097479454128,1.3403730799535918,-0.0989693227775162,3.9646815998637,-0.4441470635204132,1.3235251103658887
67.0,190.0,129.88369750976562,-0.0382710782515905,2.682893249029939,-4.115279657961465,-3.6792257495786993,-1.924598940320268,1.340114582927606,-0.0982937747407807,3.963413311773425,-0.4438361054294831,1.3238186492275428
67.0,190.0,129.88369750976562,-0.0386767940782647,2.6825724445294745,-4.114978013222114,-3.6803825219341575,-1.925471672712967,1.340026883894302,-0.1000383970307691,3.965015974768844,-0.4424138905121658,1.3231790020943524
67.0,190.0,129.88369750976562,-0.0386743878574695,2.682514171969066,-4.114506661615946,-3.679438333994672,-1.9243521442453364,1.339783745789752,-0.0992489063510318,3.963839175972056,-0.4434921678817331,1.3240327725928551
67.0,190.0,129.88369750976562,-0.0378622370720957,2.681968301780857,-4.11483420834631,-3.6800866107675727,-1.924030423868726,1.3402908182460136,-0.0994770964367983,3.9636342318458793,-0.4433138246954711,1.324016149664466
67.0,190.0,129.88369750976562,-0.038409736125438,2.683223324443615,-4.114847609240932,-3.679415568245977,-1.9254956460903945,1.339956890140793,-0.0993767820110977,3.96545346379171,-0.4440833734044859,1.3235641918682983
67.0,190.0,129.88369750976562,-0.0365283721779428,2.6821798842695697,-4.11603441881068,-3.679486054107372,-1.9251379515389608,1.3405617104052885,-0.1002226474128503,3.96390962240616,-0.4420402715724512,1.3236767237550735
67.0,190.0,129.8837127685547,-0.0365358024724783,2.6818681070312835,-4.112865976977184,-3.679602687252389,-1.924349351054988,1.3402820676057443,-0.1018320141376777,3.9651600061539054,-0.4432204102345752,1.3243243450746875
67.0,190.0,129.88369750976562,-0.0383216637770437,2.6825741157856324,-4.114967170153109,-3.6780063208760607,-1.924454085840296,1.3404595116488414,-0.099584917212826,3.9638032536282113,-0.4437830930453497,1.3237113962040006
67.0,190.0,129.88369750976562,-0.0379767604336877,2.680744641094622,-4.114477853527157,-3.6801701846835897,-1.924400799866619,1.3404674448137248,-0.0999418297218291,3.9646977554076215,-0.4444012423801128,1.3236911002911962
67.0,190.0,129.88369750976562,-0.0390478143195861,2.682337844354252,-4.115926773235828,-3.6795526101329856,-1.924688573970111,1.3412594732204302,-0.0998160293303123,3.963891675060848,-0.4428856325751028,1.3240663398786898
67.0,190.0,129.88369750976562,-0.0383148729229902,2.6832796999404445,-4.116294179060572,-3.6793979513078847,-1.9250865185851764,1.340689295518906,-0.0983386555168854,3.963023765613142,-0.4436402091529069,1.323783064095721
67.0,190.0,129.88369750976562,-0.0379627504806742,2.6821752792535305,-4.115112653936806,-3.679108163981376,-1.9271989799946387,1.3404670547282131,-0.0989285936155462,3.963762776092248,-0.4436037889685726,1.3234545198064809
67.0,190.0,129.88369750976562,-0.0392187524807247,2.683054261908589,-4.114922136147859,-3.6795777604845856,-1.925288325593142,1.3412020927009516,-0.0999221139832497,3.9638507441902,-0.4441360716815598,1.3240769948011513
67.0,190.0,129.88369750976562,-0.0383849644671473,2.6829565493324656,-4.1152425670406885,-3.679085536259625,-1.9245625020625792,1.3398362901102925,-0.0989136901687004,3.964908554644228,-0.4445902552466633,1.3237140521602766
67.0,190.0,129.88369750976562,-0.0381150873514049,2.682542042709517,-4.114430642239843,-3.678878579382245,-1.9244999050184943,1.3406975087022637,-0.0999938618507068,3.963198803446204,-0.4438787615061223,1.3237429493033557
67.0,190.0,129.8837127685547,-0.0393439610213545,2.6830619422745308,-4.114604043222708,-3.680368689308013,-1.9229080885171144,1.340185094365083,-0.099360564882717,3.963476834582344,-0.4430568216979387,1.320904571426344
67.0,190.0,129.88369750976562,-0.0370319986549597,2.682141311654721,-4.11568919640137,-3.679601765843594,-1.9250876999733395,1.3398228311447469,-0.1004837490685165,3.964237534852891,-0.442657322459007,1.323574800022745
67.0,190.0,129.88369750976562,-0.0370807272260081,2.68264859514898,-4.115168223632826,-3.678252415128613,-1.9239598296335736,1.3405486072531194,-0.098422161926668,3.964345449074509,-0.4430919035377933,1.32368118639016
67.0,190.0,129.88369750976562,-0.0371588517049898,2.6805734538012,-4.114829362922763,-3.680286246949066,-1.92656536943232,1.339947151786356,-0.0988547495593402,3.9637048782995135,-0.4439045648392518,1.323849355521426
67.0,190.0,129.88369750976562,-0.0375504977495809,2.682280533818246,-4.115233018272244,-3.679761393898062,-1.925012808213688,1.3408448440508045,-0.0991535257406458,3.963799535448471,-0.4426996479812786,1.32341862225405
67.0,190.0,129.88369750976562,-0.0364782580288229,2.6818429670123987,-4.11474322378592,-3.679358600708835,-1.9243445464444973,1.3403015173573354,-0.09960695951543,3.965946662438152,-0.4428471831983755,1.3238509640840692
67.0,190.0,129.88369750976562,-0.0375050067521598,2.682394795215691,-4.114718372567042,-3.678092981168621,-1.9258440914610253,1.3400083563894525,-0.099182553119151,3.966016159885976,-0.4438312502809411,1.3218137438897066
67.0,190.0,129.88369750976562,-0.0385790505121479,2.6829151465589978,-4.114800802167872,-3.680258446862143,-1.924409893497719,1.340273682270729,-0.0988903953142273,3.964274155720028,-0.443693939368691,1.324358976709781
67.0,190.0,129.88369750976562,-0.0373377203114786,2.682486630971601,-4.114913017838977,-3.6783634873448783,-1.9265970819780125,1.3403155553342478,-0.099168483249192,3.963433477689972,-0.4450287501643289,1.3241048847555466
67.0,190.0,129.88369750976562,-0.0379180192985064,2.682247815866732,-4.11618169808676,-3.678672127199636,-1.9243215382018104,1.341224665253827,-0.0999942253138913,3.964944788080395,-0.4445476548029366,1.3237704141458422
67.0,190.0,129.88369750976562,-0.0379024272348933,2.681548237319513,-4.1147750510204935,-3.679808883893499,-1.9248620463978097,1.3398379650494014,-0.0992112748296654,3.963017815678836,-0.4424179299426491,1.3233375186841294
67.0,190.0,129.88369750976562,-0.0386119900478477,2.682502921158186,-4.115330536104988,-3.67922120648243,-1.924454899099244,1.3398214621333258,-0.0993185791376466,3.963886887649888,-0.4432911272000954,1.323338099550023
67.0,190.0,129.88369750976562,-0.0382477403859779,2.68273101332882,-4.115921932644253,-3.677978964649831,-1.924749009834854,1.3417441945558162,-0.0989616560098664,3.9650317801400976,-0.4436610931860999,1.3237025486479133
67.0,190.0,129.88369750976562,-0.0368336824364338,2.6826832487827823,-4.114591204394081,-3.678575812548972,-1.925641460409574,1.3405690717413157,-0.0993023327242637,3.963040004737601,-0.4453726377459595,1.3228519700821009
67.0,190.0,129.88369750976562,-0.0368682580867013,2.6829220535883818,-4.115330151241876,-3.6800847775118006,-1.924143475813016,1.3403634962947215,-0.0977891263415146,3.964305456688996,-0.4434524361281761,1.323232495747224
67.0,190.0,129.88369750976562,-0.0385555590400413,2.682332051900679,-4.11561887003485,-3.678886500882304,-1.9246899936591084,1.339812599810698,-0.0990985889591814,3.964719517917539,-0.4435134565679196,1.3239478618172835
67.0,190.0,129.88369750976562,-0.0362685215543273,2.6824785535414897,-4.115228802300194,-3.679666890710486,-1.924817154336768,1.3397913112986377,-0.0984104785689082,3.965220519508229,-0.4431274438343454,1.3229101875008091
67.0,190.0,129.88369750976562,-0.0375539125029723,2.683178260371717,-4.114369649219112,-3.679430716965344,-1.9246000535494767,1.3402022966892828,-0.0991060381317665,3.964045450719317,-0.4435850165156397,1.3232991003993002
67.0,190.0,129.88369750976562,-0.0373747018816963,2.6827891322424366,-4.115831560265851,-3.678720605069845,-1.925137080380172,1.3403258327157284,-0.0988966046907536,3.963632318963182,-0.4426579316869733,1.3218509770686553
67.0,190.0,129.88369750976562,-0.0370591034729298,2.6826218239917727,-4.115266560061377,-3.679595996907135,-1.926209819046368,1.3414009745971895,-0.0987779561750726,3.964208636924238,-0.4451036432456676,1.3236569489549574
67.0,190.0,129.88369750976562,-0.0391015901040685,2.6832066369908216,-4.11469770047713,-3.680059309122311,-1.9260168474946973,1.3411719572718803,-0.0990887163406583,3.963894911594921,-0.4433537251091182,1.3222977704533132
67.0,190.0,129.88369750976562,-0.0371238674580442,2.6828863163114574,-4.116450644235016,-3.678852193219088,-1.9245006772364748,1.340853961483298,-0.1003745299408251,3.96483297132265,-0.4438758320633198,1.32253467512871
67.0,190.0,129.88369750976562,-0.0387529514039979,2.682332987600346,-4.114907536737543,-3.6795098013530296,-1.9263257462158496,1.3407473142017434,-0.0999818312495976,3.964815872089346,-0.4437279455012012,1.3221885533632094
67.0,190.0,129.88369750976562,-0.0385026246801999,2.681902136710416,-4.116577281202409,-3.680540846948508,-1.92433206385908,1.3402460540770993,-0.099126385258616,3.9633692913641982,-0.4437405342625667,1.3232985721522927
67.0,191.0,129.88369750976562,-0.0372763731490363,2.6826167704504225,-4.114823442455658,-3.6783468022659607,-1.9261520268860424,1.3403612303406105,-0.0998002543669788,3.963755631935773,-0.4432836224847902,1.323920551784124
67.0,191.0,129.88369750976562,-0.0386144815276365,2.682602177420531,-4.114692785083619,-3.6782825809630206,-1.925857278402108,1.3408475275948784,-0.0997619686173913,3.964034353113425,-0.4420803106852294,1.323383683790692
67.0,191.0,129.88369750976562,-0.0384255196221009,2.6828457518910365,-4.115229419906435,-3.678280070499364,-1.9241863635424368,1.340197132733122,-0.0989346872452995,3.965045366748188,-0.4436973324717846,1.3237061726352286
67.0,191.0,129.88369750976562,-0.0374477628801099,2.682657028303648,-4.114838900894199,-3.678870043592088,-1.9251837276112644,1.3405201841317955,-0.0987901150784344,3.964675583138253,-0.4423633760043502,1.3238448057713843
67.0,191.0,129.88369750976562,-0.0382635524696136,2.682419967614642,-4.114786126384205,-3.679311634560755,-1.925978686292598,1.3411333845684037,-0.0987597980305496,3.9641414728433215,-0.4424791061193618,1.320928414315454
67.0,191.0,129.88369750976562,-0.0384394284723971,2.682975909148543,-4.114785849651962,-3.679239009035948,-1.9244454601702328,1.3399968271028857,-0.0992974966139006,3.9634126109169294,-0.4438348749963561,1.323728487499586
67.0,191.0,129.88369750976562,-0.0375151009923383,2.6815405326175563,-4.11492126820321,-3.678696413336605,-1.9248538354858755,1.3399425126041962,-0.0987835979778907,3.963714046279793,-0.4446811609730565,1.323395357397754
67.0,191.0,129.88369750976562,-0.0377454066103169,2.6825043046280004,-4.114788089707397,-3.679652743106941,-1.9244710726958925,1.340134709603629,-0.1004671214614538,3.9636188560680137,-0.4424447477359667,1.3231665976907154
67.0,191.0,129.8837127685547,-0.0362652747973755,2.6823901769844523,-4.116293217939296,-3.6782962831329993,-1.928995849366236,1.3427363674667676,-0.0986275656262325,3.964030074260883,-0.444997731679174,1.3229369289227255
67.0,191.0,129.88369750976562,-0.0383554438796345,2.6837078456050074,-4.1148397309375175,-3.6796427651577615,-1.925935618093105,1.3413987342605571,-0.0995517511654577,3.963735392106942,-0.4447510661004394,1.3223569690262462
67.0,191.0,129.88369750976562,-0.0374471514184957,2.6830290313127803,-4.114093649499316,-3.679834210451842,-1.924097479454128,1.3403730799535918,-0.0989693227775162,3.9646815998637,-0.4441470635204132,1.3235251103658887
67.0,191.0,129.88369750976562,-0.0382710782515905,2.682893249029939,-4.115279657961465,-3.6792257495786993,-1.924598940320268,1.340114582927606,-0.0982937747407807,3.963413311773425,-0.4438361054294831,1.3238186492275428
67.0,191.0,129.88369750976562,-0.0386767940782647,2.6825724445294745,-4.114978013222114,-3.6803825219341575,-1.925471672712967,1.340026883894302,-0.1000383970307691,3.965015974768844,-0.4424138905121658,1.3231790020943524
67.0,191.0,129.88369750976562,-0.0386743878574695,2.682514171969066,-4.114506661615946,-3.679438333994672,-1.9243521442453364,1.339783745789752,-0.0992489063510318,3.963839175972056,-0.4434921678817331,1.3240327725928551
67.0,191.0,129.88369750976562,-0.0378622370720957,2.681968301780857,-4.11483420834631,-3.6800866107675727,-1.924030423868726,1.3402908182460136,-0.0994770964367983,3.9636342318458793,-0.4433138246954711,1.324016149664466
67.0,191.0,129.88369750976562,-0.038409736125438,2.683223324443615,-4.114847609240932,-3.679415568245977,-1.9254956460903945,1.339956890140793,-0.0993767820110977,3.96545346379171,-0.4440833734044859,1.3235641918682983
67.0,191.0,129.88369750976562,-0.0365283721779428,2.6821798842695697,-4.11603441881068,-3.679486054107372,-1.9251379515389608,1.3405617104052885,-0.1002226474128503,3.96390962240616,-0.4420402715724512,1.3236767237550735
67.0,191.0,129.8837127685547,-0.0365358024724783,2.6818681070312835,-4.112865976977184,-3.679602687252389,-1.924349351054988,1.3402820676057443,-0.1018320141376777,3.9651600061539054,-0.4432204102345752,1.3243243450746875
67.0,191.0,129.88369750976562,-0.0383216637770437,2.6825741157856324,-4.114967170153109,-3.6780063208760607,-1.924454085840296,1.3404595116488414,-0.099584917212826,3.9638032536282113,-0.4437830930453497,1.3237113962040006
67.0,191.0,129.88369750976562,-0.0379767604336877,2.680744641094622,-4.114477853527157,-3.6801701846835897,-1.924400799866619,1.3404674448137248,-0.0999418297218291,3.9646977554076215,-0.4444012423801128,1.3236911002911962
67.0,191.0,129.88369750976562,-0.0390478143195861,2.682337844354252,-4.115926773235828,-3.6795526101329856,-1.924688573970111,1.3412594732204302,-0.0998160293303123,3.963891675060848,-0.4428856325751028,1.3240663398786898
67.0,191.0,129.88369750976562,-0.0383148729229902,2.6832796999404445,-4.116294179060572,-3.6793979513078847,-1.9250865185851764,1.340689295518906,-0.0983386555168854,3.963023765613142,-0.4436402091529069,1.323783064095721
67.0,191.0,129.88369750976562,-0.0379627504806742,2.6821752792535305,-4.115112653936806,-3.679108163981376,-1.9271989799946387,1.3404670547282131,-0.0989285936155462,3.963762776092248,-0.4436037889685726,1.3234545198064809
67.0,191.0,129.88369750976562,-0.0392187524807247,2.683054261908589,-4.114922136147859,-3.6795777604845856,-1.925288325593142,1.3412020927009516,-0.0999221139832497,3.9638507441902,-0.4441360716815598,1.3240769948011513
67.0,191.0,129.88369750976562,-0.0383849644671473,2.6829565493324656,-4.1152425670406885,-3.679085536259625,-1.9245625020625792,1.3398362901102925,-0.0989136901687004,3.964908554644228,-0.4445902552466633,1.3237140521602766
67.0,191.0,129.88369750976562,-0.0381150873514049,2.682542042709517,-4.114430642239843,-3.678878579382245,-1.9244999050184943,1.3406975087022637,-0.0999938618507068,3.963198803446204,-0.4438787615061223,1.3237429493033557
67.0,191.0,129.8837127685547,-0.0393439610213545,2.6830619422745308,-4.114604043222708,-3.680368689308013,-1.9229080885171144,1.340185094365083,-0.099360564882717,3.963476834582344,-0.4430568216979387,1.320904571426344
67.0,191.0,129.88369750976562,-0.0370319986549597,2.682141311654721,-4.11568919640137,-3.679601765843594,-1.9250876999733395,1.3398228311447469,-0.1004837490685165,3.964237534852891,-0.442657322459007,1.323574800022745
67.0,191.0,129.88369750976562,-0.0370807272260081,2.68264859514898,-4.115168223632826,-3.678252415128613,-1.9239598296335736,1.3405486072531194,-0.098422161926668,3.964345449074509,-0.4430919035377933,1.32368118639016
67.0,191.0,129.88369750976562,-0.0371588517049898,2.6805734538012,-4.114829362922763,-3.680286246949066,-1.92656536943232,1.339947151786356,-0.0988547495593402,3.9637048782995135,-0.4439045648392518,1.323849355521426
67.0,191.0,129.88369750976562,-0.0375504977495809,2.682280533818246,-4.115233018272244,-3.679761393898062,-1.925012808213688,1.3408448440508045,-0.0991535257406458,3.963799535448471,-0.4426996479812786,1.32341862225405
67.0,191.0,129.88369750976562,-0.0364782580288229,2.6818429670123987,-4.11474322378592,-3.679358600708835,-1.9243445464444973,1.3403015173573354,-0.09960695951543,3.965946662438152,-0.4428471831983755,1.3238509640840692
67.0,191.0,129.88369750976562,-0.0375050067521598,2.682394795215691,-4.114718372567042,-3.678092981168621,-1.9258440914610253,1.3400083563894525,-0.099182553119151,3.966016159885976,-0.4438312502809411,1.3218137438897066
67.0,191.0,129.88369750976562,-0.0385790505121479,2.6829151465589978,-4.114800802167872,-3.680258446862143,-1.924409893497719,1.340273682270729,-0.0988903953142273,3.964274155720028,-0.443693939368691,1.324358976709781
67.0,191.0,129.88369750976562,-0.0373377203114786,2.682486630971601,-4.114913017838977,-3.6783634873448783,-1.9265970819780125,1.3403155553342478,-0.099168483249192,3.963433477689972,-0.4450287501643289,1.3241048847555466
67.0,191.0,129.88369750976562,-0.0379180192985064,2.682247815866732,-4.11618169808676,-3.678672127199636,-1.9243215382018104,1.341224665253827,-0.0999942253138913,3.964944788080395,-0.4445476548029366,1.3237704141458422
67.0,191.0,129.88369750976562,-0.0379024272348933,2.681548237319513,-4.1147750510204935,-3.679808883893499,-1.9248620463978097,1.3398379650494014,-0.0992112748296654,3.963017815678836,-0.4424179299426491,1.3233375186841294
67.0,191.0,129.88369750976562,-0.0386119900478477,2.682502921158186,-4.115330536104988,-3.67922120648243,-1.924454899099244,1.3398214621333258,-0.0993185791376466,3.963886887649888,-0.4432911272000954,1.323338099550023
67.0,191.0,129.88369750976562,-0.0382477403859779,2.68273101332882,-4.115921932644253,-3.677978964649831,-1.924749009834854,1.3417441945558162,-0.0989616560098664,3.9650317801400976,-0.4436610931860999,1.3237025486479133
67.0,191.0,129.88369750976562,-0.0368336824364338,2.6826832487827823,-4.114591204394081,-3.678575812548972,-1.925641460409574,1.3405690717413157,-0.0993023327242637,3.963040004737601,-0.4453726377459595,1.3228519700821009
67.0,191.0,129.88369750976562,-0.0368682580867013,2.6829220535883818,-4.115330151241876,-3.6800847775118006,-1.924143475813016,1.3403634962947215,-0.0977891263415146,3.964305456688996,-0.4434524361281761,1.323232495747224
67.0,191.0,129.88369750976562,-0.0385555590400413,2.682332051900679,-4.11561887003485,-3.678886500882304,-1.9246899936591084,1.339812599810698,-0.0990985889591814,3.964719517917539,-0.4435134565679196,1.3239478618172835
67.0,191.0,129.88369750976562,-0.0362685215543273,2.6824785535414897,-4.115228802300194,-3.679666890710486,-1.924817154336768,1.3397913112986377,-0.0984104785689082,3.965220519508229,-0.4431274438343454,1.3229101875008091
67.0,191.0,129.88369750976562,-0.0375539125029723,2.683178260371717,-4.114369649219112,-3.679430716965344,-1.9246000535494767,1.3402022966892828,-0.0991060381317665,3.964045450719317,-0.4435850165156397,1.3232991003993002
67.0,191.0,129.88369750976562,-0.0373747018816963,2.6827891322424366,-4.115831560265851,-3.678720605069845,-1.925137080380172,1.3403258327157284,-0.0988966046907536,3.963632318963182,-0.4426579316869733,1.3218509770686553
67.0,191.0,129.88369750976562,-0.0370591034729298,2.6826218239917727,-4.115266560061377,-3.679595996907135,-1.926209819046368,1.3414009745971895,-0.0987779561750726,3.964208636924238,-0.4451036432456676,1.3236569489549574
67.0,191.0,129.88369750976562,-0.0391015901040685,2.6832066369908216,-4.11469770047713,-3.680059309122311,-1.9260168474946973,1.3411719572718803,-0.0990887163406583,3.963894911594921,-0.4433537251091182,1.3222977704533132
67.0,191.0,129.88369750976562,-0.0371238674580442,2.6828863163114574,-4.116450644235016,-3.678852193219088,-1.9245006772364748,1.340853961483298,-0.1003745299408251,3.96483297132265,-0.4438758320633198,1.32253467512871
67.0,191.0,129.88369750976562,-0.0387529514039979,2.682332987600346,-4.114907536737543,-3.6795098013530296,-1.9263257462158496,1.3407473142017434,-0.0999818312495976,3.964815872089346,-0.4437279455012012,1.3221885533632094
67.0,191.0,129.88369750976562,-0.0385026246801999,2.681902136710416,-4.116577281202409,-3.680540846948508,-1.92433206385908,1.3402460540770993,-0.099126385258616,3.9633692913641982,-0.4437405342625667,1.3232985721522927
67.0,192.0,129.88369750976562,-0.0372763731490363,2.6826167704504225,-4.114823442455658,-3.6783468022659607,-1.9261520268860424,1.3403612303406105,-0.0998002543669788,3.963755631935773,-0.4432836224847902,1.323920551784124
67.0,192.0,129.88369750976562,-0.0386144815276365,2.682602177420531,-4.114692785083619,-3.6782825809630206,-1.925857278402108,1.3408475275948784,-0.0997619686173913,3.964034353113425,-0.4420803106852294,1.323383683790692
67.0,192.0,129.88369750976562,-0.0384255196221009,2.6828457518910365,-4.115229419906435,-3.678280070499364,-1.9241863635424368,1.340197132733122,-0.0989346872452995,3.965045366748188,-0.4436973324717846,1.3237061726352286
67.0,192.0,129.88369750976562,-0.0374477628801099,2.682657028303648,-4.114838900894199,-3.678870043592088,-1.9251837276112644,1.3405201841317955,-0.0987901150784344,3.964675583138253,-0.4423633760043502,1.3238448057713843
67.0,192.0,129.88369750976562,-0.0382635524696136,2.682419967614642,-4.114786126384205,-3.679311634560755,-1.925978686292598,1.3411333845684037,-0.0987597980305496,3.9641414728433215,-0.4424791061193618,1.320928414315454
67.0,192.0,129.88369750976562,-0.0384394284723971,2.682975909148543,-4.114785849651962,-3.679239009035948,-1.9244454601702328,1.3399968271028857,-0.0992974966139006,3.9634126109169294,-0.4438348749963561,1.323728487499586
67.0,192.0,129.88369750976562,-0.0375151009923383,2.6815405326175563,-4.11492126820321,-3.678696413336605,-1.9248538354858755,1.3399425126041962,-0.0987835979778907,3.963714046279793,-0.4446811609730565,1.323395357397754
67.0,192.0,129.88369750976562,-0.0377454066103169,2.6825043046280004,-4.114788089707397,-3.679652743106941,-1.9244710726958925,1.340134709603629,-0.1004671214614538,3.9636188560680137,-0.4424447477359667,1.3231665976907154
67.0,192.0,129.8837127685547,-0.0362652747973755,2.6823901769844523,-4.116293217939296,-3.6782962831329993,-1.928995849366236,1.3427363674667676,-0.0986275656262325,3.964030074260883,-0.444997731679174,1.3229369289227255
67.0,192.0,129.88369750976562,-0.0383554438796345,2.6837078456050074,-4.1148397309375175,-3.6796427651577615,-1.925935618093105,1.3413987342605571,-0.0995517511654577,3.963735392106942,-0.4447510661004394,1.3223569690262462
67.0,192.0,129.88369750976562,-0.0374471514184957,2.6830290313127803,-4.114093649499316,-3.679834210451842,-1.924097479454128,1.3403730799535918,-0.0989693227775162,3.9646815998637,-0.4441470635204132,1.3235251103658887
67.0,192.0,129.88369750976562,-0.0382710782515905,2.682893249029939,-4.115279657961465,-3.6792257495786993,-1.924598940320268,1.340114582927606,-0.0982937747407807,3.963413311773425,-0.4438361054294831,1.3238186492275428
67.0,192.0,129.88369750976562,-0.0386767940782647,2.6825724445294745,-4.114978013222114,-3.6803825219341575,-1.925471672712967,1.340026883894302,-0.1000383970307691,3.965015974768844,-0.4424138905121658,1.3231790020943524
67.0,192.0,129.88369750976562,-0.0386743878574695,2.682514171969066,-4.114506661615946,-3.679438333994672,-1.9243521442453364,1.339783745789752,-0.0992489063510318,3.963839175972056,-0.4434921678817331,1.3240327725928551
67.0,192.0,129.88369750976562,-0.0378622370720957,2.681968301780857,-4.11483420834631,-3.6800866107675727,-1.924030423868726,1.3402908182460136,-0.0994770964367983,3.9636342318458793,-0.4433138246954711,1.324016149664466
67.0,192.0,129.88369750976562,-0.038409736125438,2.683223324443615,-4.114847609240932,-3.679415568245977,-1.9254956460903945,1.339956890140793,-0.0993767820110977,3.96545346379171,-0.4440833734044859,1.3235641918682983
67.0,192.0,129.88369750976562,-0.0365283721779428,2.6821798842695697,-4.11603441881068,-3.679486054107372,-1.9251379515389608,1.3405617104052885,-0.1002226474128503,3.96390962240616,-0.4420402715724512,1.3236767237550735
67.0,192.0,129.8837127685547,-0.0365358024724783,2.6818681070312835,-4.112865976977184,-3.679602687252389,-1.924349351054988,1.3402820676057443,-0.1018320141376777,3.9651600061539054,-0.4432204102345752,1.3243243450746875
67.0,192.0,129.88369750976562,-0.0383216637770437,2.6825741157856324,-4.114967170153109,-3.6780063208760607,-1.924454085840296,1.3404595116488414,-0.099584917212826,3.9638032536282113,-0.4437830930453497,1.3237113962040006
67.0,192.0,129.88369750976562,-0.0379767604336877,2.680744641094622,-4.114477853527157,-3.6801701846835897,-1.924400799866619,1.3404674448137248,-0.0999418297218291,3.9646977554076215,-0.4444012423801128,1.3236911002911962
67.0,192.0,129.88369750976562,-0.0390478143195861,2.682337844354252,-4.115926773235828,-3.6795526101329856,-1.924688573970111,1.3412594732204302,-0.0998160293303123,3.963891675060848,-0.4428856325751028,1.3240663398786898
67.0,192.0,129.88369750976562,-0.0383148729229902,2.6832796999404445,-4.116294179060572,-3.6793979513078847,-1.9250865185851764,1.340689295518906,-0.0983386555168854,3.963023765613142,-0.4436402091529069,1.323783064095721
67.0,192.0,129.88369750976562,-0.0379627504806742,2.6821752792535305,-4.115112653936806,-3.679108163981376,-1.9271989799946387,1.3404670547282131,-0.0989285936155462,3.963762776092248,-0.4436037889685726,1.3234545198064809
67.0,192.0,129.88369750976562,-0.0392187524807247,2.683054261908589,-4.114922136147859,-3.6795777604845856,-1.925288325593142,1.3412020927009516,-0.0999221139832497,3.9638507441902,-0.4441360716815598,1.3240769948011513
67.0,192.0,129.88369750976562,-0.0383849644671473,2.6829565493324656,-4.1152425670406885,-3.679085536259625,-1.9245625020625792,1.3398362901102925,-0.0989136901687004,3.964908554644228,-0.4445902552466633,1.3237140521602766
67.0,192.0,129.88369750976562,-0.0381150873514049,2.682542042709517,-4.114430642239843,-3.678878579382245,-1.9244999050184943,1.3406975087022637,-0.0999938618507068,3.963198803446204,-0.4438787615061223,1.3237429493033557
67.0,192.0,129.8837127685547,-0.0393439610213545,2.6830619422745308,-4.114604043222708,-3.680368689308013,-1.9229080885171144,1.340185094365083,-0.099360564882717,3.963476834582344,-0.4430568216979387,1.320904571426344
67.0,192.0,129.88369750976562,-0.0370319986549597,2.682141311654721,-4.11568919640137,-3.679601765843594,-1.9250876999733395,1.3398228311447469,-0.1004837490685165,3.964237534852891,-0.442657322459007,1.323574800022745
67.0,192.0,129.88369750976562,-0.0370807272260081,2.68264859514898,-4.115168223632826,-3.678252415128613,-1.9239598296335736,1.3405486072531194,-0.098422161926668,3.964345449074509,-0.4430919035377933,1.32368118639016
67.0,192.0,129.88369750976562,-0.0371588517049898,2.6805734538012,-4.114829362922763,-3.680286246949066,-1.92656536943232,1.339947151786356,-0.0988547495593402,3.9637048782995135,-0.4439045648392518,1.323849355521426
67.0,192.0,129.88369750976562,-0.0375504977495809,2.682280533818246,-4.115233018272244,-3.679761393898062,-1.925012808213688,1.3408448440508045,-0.0991535257406458,3.963799535448471,-0.4426996479812786,1.32341862225405
67.0,192.0,129.88369750976562,-0.0364782580288229,2.6818429670123987,-4.11474322378592,-3.679358600708835,-1.9243445464444973,1.3403015173573354,-0.09960695951543,3.965946662438152,-0.4428471831983755,1.3238509640840692
67.0,192.0,129.88369750976562,-0.0375050067521598,2.682394795215691,-4.114718372567042,-3.678092981168621,-1.9258440914610253,1.3400083563894525,-0.099182553119151,3.966016159885976,-0.4438312502809411,1.3218137438897066
67.0,192.0,129.88369750976562,-0.0385790505121479,2.6829151465589978,-4.114800802167872,-3.680258446862143,-1.924409893497719,1.340273682270729,-0.0988903953142273,3.964274155720028,-0.443693939368691,1.324358976709781
67.0,192.0,129.88369750976562,-0.0373377203114786,2.682486630971601,-4.114913017838977,-3.6783634873448783,-1.9265970819780125,1.3403155553342478,-0.099168483249192,3.963433477689972,-0.4450287501643289,1.3241048847555466
67.0,192.0,129.88369750976562,-0.0379180192985064,2.682247815866732,-4.11618169808676,-3.678672127199636,-1.9243215382018104,1.341224665253827,-0.0999942253138913,3.964944788080395,-0.4445476548029366,1.3237704141458422
67.0,192.0,129.88369750976562,-0.0379024272348933,2.681548237319513,-4.1147750510204935,-3.679808883893499,-1.9248620463978097,1.3398379650494014,-0.0992112748296654,3.963017815678836,-0.4424179299426491,1.3233375186841294
67.0,192.0,129.88369750976562,-0.0386119900478477,2.682502921158186,-4.115330536104988,-3.67922120648243,-1.924454899099244,1.3398214621333258,-0.0993185791376466,3.963886887649888,-0.4432911272000954,1.323338099550023
67.0,192.0,129.88369750976562,-0.0382477403859779,2.68273101332882,-4.115921932644253,-3.677978964649831,-1.924749009834854,1.3417441945558162,-0.0989616560098664,3.9650317801400976,-0.4436610931860999,1.3237025486479133
67.0,192.0,129.88369750976562,-0.0368336824364338,2.6826832487827823,-4.114591204394081,-3.678575812548972,-1.925641460409574,1.3405690717413157,-0.0993023327242637,3.963040004737601,-0.4453726377459595,1.3228519700821009
67.0,192.0,129.88369750976562,-0.0368682580867013,2.6829220535883818,-4.115330151241876,-3.6800847775118006,-1.924143475813016,1.3403634962947215,-0.0977891263415146,3.964305456688996,-0.4434524361281761,1.323232495747224
67.0,192.0,129.88369750976562,-0.0385555590400413,2.682332051900679,-4.11561887003485,-3.678886500882304,-1.9246899936591084,1.339812599810698,-0.0990985889591814,3.964719517917539,-0.4435134565679196,1.3239478618172835
67.0,192.0,129.88369750976562,-0.0362685215543273,2.6824785535414897,-4.115228802300194,-3.679666890710486,-1.924817154336768,1.3397913112986377,-0.0984104785689082,3.965220519508229,-0.4431274438343454,1.3229101875008091
67.0,192.0,129.88369750976562,-0.0375539125029723,2.683178260371717,-4.114369649219112,-3.679430716965344,-1.9246000535494767,1.3402022966892828,-0.0991060381317665,3.964045450719317,-0.4435850165156397,1.3232991003993002
67.0,192.0,129.88369750976562,-0.0373747018816963,2.6827891322424366,-4.115831560265851,-3.678720605069845,-1.925137080380172,1.3403258327157284,-0.0988966046907536,3.963632318963182,-0.4426579316869733,1.3218509770686553
67.0,192.0,129.88369750976562,-0.0370591034729298,2.6826218239917727,-4.115266560061377,-3.679595996907135,-1.926209819046368,1.3414009745971895,-0.0987779561750726,3.964208636924238,-0.4451036432456676,1.3236569489549574
67.0,192.0,129.88369750976562,-0.0391015901040685,2.6832066369908216,-4.11469770047713,-3.680059309122311,-1.9260168474946973,1.3411719572718803,-0.0990887163406583,3.963894911594921,-0.4433537251091182,1.3222977704533132
67.0,192.0,129.88369750976562,-0.0371238674580442,2.6828863163114574,-4.116450644235016,-3.678852193219088,-1.9245006772364748,1.340853961483298,-0.1003745299408251,3.96483297132265,-0.4438758320633198,1.32253467512871
67.0,192.0,129.88369750976562,-0.0387529514039979,2.682332987600346,-4.114907536737543,-3.6795098013530296,-1.9263257462158496,1.3407473142017434,-0.0999818312495976,3.964815872089346,-0.4437279455012012,1.3221885533632094
67.0,192.0,129.88369750976562,-0.0385026246801999,2.681902136710416,-4.116577281202409,-3.680540846948508,-1.92433206385908,1.3402460540770993,-0.099126385258616,3.9633692913641982,-0.4437405342625667,1.3232985721522927
67.0,193.0,129.88369750976562,-0.0372763731490363,2.6826167704504225,-4.114823442455658,-3.6783468022659607,-1.9261520268860424,1.3403612303406105,-0.0998002543669788,3.963755631935773,-0.4432836224847902,1.323920551784124
67.0,193.0,129.88369750976562,-0.0386144815276365,2.682602177420531,-4.114692785083619,-3.6782825809630206,-1.925857278402108,1.3408475275948784,-0.0997619686173913,3.964034353113425,-0.4420803106852294,1.323383683790692
67.0,193.0,129.88369750976562,-0.0384255196221009,2.6828457518910365,-4.115229419906435,-3.678280070499364,-1.9241863635424368,1.340197132733122,-0.0989346872452995,3.965045366748188,-0.4436973324717846,1.3237061726352286
67.0,193.0,129.88369750976562,-0.0374477628801099,2.682657028303648,-4.114838900894199,-3.678870043592088,-1.9251837276112644,1.3405201841317955,-0.0987901150784344,3.964675583138253,-0.4423633760043502,1.3238448057713843
67.0,193.0,129.88369750976562,-0.0382635524696136,2.682419967614642,-4.114786126384205,-3.679311634560755,-1.925978686292598,1.3411333845684037,-0.0987597980305496,3.9641414728433215,-0.4424791061193618,1.320928414315454
67.0,193.0,129.88369750976562,-0.0384394284723971,2.682975909148543,-4.114785849651962,-3.679239009035948,-1.9244454601702328,1.3399968271028857,-0.0992974966139006,3.9634126109169294,-0.4438348749963561,1.323728487499586
67.0,193.0,129.88369750976562,-0.0375151009923383,2.6815405326175563,-4.11492126820321,-3.678696413336605,-1.9248538354858755,1.3399425126041962,-0.0987835979778907,3.963714046279793,-0.4446811609730565,1.323395357397754
67.0,193.0,129.88369750976562,-0.0377454066103169,2.6825043046280004,-4.114788089707397,-3.679652743106941,-1.9244710726958925,1.340134709603629,-0.1004671214614538,3.9636188560680137,-0.4424447477359667,1.3231665976907154
67.0,193.0,129.8837127685547,-0.0362652747973755,2.6823901769844523,-4.116293217939296,-3.6782962831329993,-1.928995849366236,1.3427363674667676,-0.0986275656262325,3.964030074260883,-0.444997731679174,1.3229369289227255
67.0,193.0,129.88369750976562,-0.0383554438796345,2.6837078456050074,-4.1148397309375175,-3.6796427651577615,-1.925935618093105,1.3413987342605571,-0.0995517511654577,3.963735392106942,-0.4447510661004394,1.3223569690262462
67.0,193.0,129.88369750976562,-0.0374471514184957,2.6830290313127803,-4.114093649499316,-3.679834210451842,-1.924097479454128,1.3403730799535918,-0.0989693227775162,3.9646815998637,-0.4441470635204132,1.3235251103658887
67.0,193.0,129.88369750976562,-0.0382710782515905,2.682893249029939,-4.115279657961465,-3.6792257495786993,-1.924598940320268,1.340114582927606,-0.0982937747407807,3.963413311773425,-0.4438361054294831,1.3238186492275428
67.0,193.0,129.88369750976562,-0.0386767940782647,2.6825724445294745,-4.114978013222114,-3.6803825219341575,-1.925471672712967,1.340026883894302,-0.1000383970307691,3.965015974768844,-0.4424138905121658,1.3231790020943524
67.0,193.0,129.88369750976562,-0.0386743878574695,2.682514171969066,-4.114506661615946,-3.679438333994672,-1.9243521442453364,1.339783745789752,-0.0992489063510318,3.963839175972056,-0.4434921678817331,1.3240327725928551
67.0,193.0,129.88369750976562,-0.0378622370720957,2.681968301780857,-4.11483420834631,-3.6800866107675727,-1.924030423868726,1.3402908182460136,-0.0994770964367983,3.9636342318458793,-0.4433138246954711,1.324016149664466
67.0,193.0,129.88369750976562,-0.038409736125438,2.683223324443615,-4.114847609240932,-3.679415568245977,-1.9254956460903945,1.339956890140793,-0.0993767820110977,3.96545346379171,-0.4440833734044859,1.3235641918682983
67.0,193.0,129.88369750976562,-0.0365283721779428,2.6821798842695697,-4.11603441881068,-3.679486054107372,-1.9251379515389608,1.3405617104052885,-0.1002226474128503,3.96390962240616,-0.4420402715724512,1.3236767237550735
67.0,193.0,129.8837127685547,-0.0365358024724783,2.6818681070312835,-4.112865976977184,-3.679602687252389,-1.924349351054988,1.3402820676057443,-0.1018320141376777,3.9651600061539054,-0.4432204102345752,1.3243243450746875
67.0,193.0,129.88369750976562,-0.0383216637770437,2.6825741157856324,-4.114967170153109,-3.6780063208760607,-1.924454085840296,1.3404595116488414,-0.099584917212826,3.9638032536282113,-0.4437830930453497,1.3237113962040006
67.0,193.0,129.88369750976562,-0.0379767604336877,2.680744641094622,-4.114477853527157,-3.6801701846835897,-1.924400799866619,1.3404674448137248,-0.0999418297218291,3.9646977554076215,-0.4444012423801128,1.3236911002911962
67.0,193.0,129.88369750976562,-0.0390478143195861,2.682337844354252,-4.115926773235828,-3.6795526101329856,-1.924688573970111,1.3412594732204302,-0.0998160293303123,3.963891675060848,-0.4428856325751028,1.3240663398786898
67.0,193.0,129.88369750976562,-0.0383148729229902,2.6832796999404445,-4.116294179060572,-3.6793979513078847,-1.9250865185851764,1.340689295518906,-0.0983386555168854,3.963023765613142,-0.4436402091529069,1.323783064095721
67.0,193.0,129.88369750976562,-0.0379627504806742,2.6821752792535305,-4.115112653936806,-3.679108163981376,-1.9271989799946387,1.3404670547282131,-0.0989285936155462,3.963762776092248,-0.4436037889685726,1.3234545198064809
67.0,193.0,129.88369750976562,-0.0392187524807247,2.683054261908589,-4.114922136147859,-3.6795777604845856,-1.925288325593142,1.3412020927009516,-0.0999221139832497,3.9638507441902,-0.4441360716815598,1.3240769948011513
67.0,193.0,129.88369750976562,-0.0383849644671473,2.6829565493324656,-4.1152425670406885,-3.679085536259625,-1.9245625020625792,1.3398362901102925,-0.0989136901687004,3.964908554644228,-0.4445902552466633,1.3237140521602766
67.0,193.0,129.88369750976562,-0.0381150873514049,2.682542042709517,-4.114430642239843,-3.678878579382245,-1.9244999050184943,1.3406975087022637,-0.0999938618507068,3.963198803446204,-0.4438787615061223,1.3237429493033557
67.0,193.0,129.8837127685547,-0.0393439610213545,2.6830619422745308,-4.114604043222708,-3.680368689308013,-1.9229080885171144,1.340185094365083,-0.099360564882717,3.963476834582344,-0.4430568216979387,1.320904571426344
67.0,193.0,129.88369750976562,-0.0370319986549597,2.682141311654721,-4.11568919640137,-3.679601765843594,-1.9250876999733395,1.3398228311447469,-0.1004837490685165,3.964237534852891,-0.442657322459007,1.323574800022745
67.0,193.0,129.88369750976562,-0.0370807272260081,2.68264859514898,-4.115168223632826,-3.678252415128613,-1.9239598296335736,1.3405486072531194,-0.098422161926668,3.964345449074509,-0.4430919035377933,1.32368118639016
67.0,193.0,129.88369750976562,-0.0371588517049898,2.6805734538012,-4.114829362922763,-3.680286246949066,-1.92656536943232,1.339947151786356,-0.0988547495593402,3.9637048782995135,-0.4439045648392518,1.323849355521426
67.0,193.0,129.88369750976562,-0.0375504977495809,2.682280533818246,-4.115233018272244,-3.679761393898062,-1.925012808213688,1.3408448440508045,-0.0991535257406458,3.963799535448471,-0.4426996479812786,1.32341862225405
67.0,193.0,129.88369750976562,-0.0364782580288229,2.6818429670123987,-4.11474322378592,-3.679358600708835,-1.9243445464444973,1.3403015173573354,-0.09960695951543,3.965946662438152,-0.4428471831983755,1.3238509640840692
67.0,193.0,129.88369750976562,-0.0375050067521598,2.682394795215691,-4.114718372567042,-3.678092981168621,-1.9258440914610253,1.3400083563894525,-0.099182553119151,3.966016159885976,-0.4438312502809411,1.3218137438897066
67.0,193.0,129.88369750976562,-0.0385790505121479,2.6829151465589978,-4.114800802167872,-3.680258446862143,-1.924409893497719,1.340273682270729,-0.0988903953142273,3.964274155720028,-0.443693939368691,1.324358976709781
67.0,193.0,129.88369750976562,-0.0373377203114786,2.682486630971601,-4.114913017838977,-3.6783634873448783,-1.9265970819780125,1.3403155553342478,-0.099168483249192,3.963433477689972,-0.4450287501643289,1.3241048847555466
67.0,193.0,129.88369750976562,-0.0379180192985064,2.682247815866732,-4.11618169808676,-3.678672127199636,-1.9243215382018104,1.341224665253827,-0.0999942253138913,3.964944788080395,-0.4445476548029366,1.3237704141458422
67.0,193.0,129.88369750976562,-0.0379024272348933,2.681548237319513,-4.1147750510204935,-3.679808883893499,-1.9248620463978097,1.3398379650494014,-0.0992112748296654,3.963017815678836,-0.4424179299426491,1.3233375186841294
67.0,193.0,129.88369750976562,-0.0386119900478477,2.682502921158186,-4.115330536104988,-3.67922120648243,-1.924454899099244,1.3398214621333258,-0.0993185791376466,3.963886887649888,-0.4432911272000954,1.323338099550023
67.0,193.0,129.88369750976562,-0.0382477403859779,2.68273101332882,-4.115921932644253,-3.677978964649831,-1.924749009834854,1.3417441945558162,-0.0989616560098664,3.9650317801400976,-0.4436610931860999,1.3237025486479133
67.0,193.0,129.88369750976562,-0.0368336824364338,2.6826832487827823,-4.114591204394081,-3.678575812548972,-1.925641460409574,1.3405690717413157,-0.0993023327242637,3.963040004737601,-0.4453726377459595,1.3228519700821009
67.0,193.0,129.88369750976562,-0.0368682580867013,2.6829220535883818,-4.115330151241876,-3.6800847775118006,-1.924143475813016,1.3403634962947215,-0.0977891263415146,3.964305456688996,-0.4434524361281761,1.323232495747224
67.0,193.0,129.88369750976562,-0.0385555590400413,2.682332051900679,-4.11561887003485,-3.678886500882304,-1.9246899936591084,1.339812599810698,-0.0990985889591814,3.964719517917539,-0.4435134565679196,1.3239478618172835
67.0,193.0,129.88369750976562,-0.0362685215543273,2.6824785535414897,-4.115228802300194,-3.679666890710486,-1.924817154336768,1.3397913112986377,-0.0984104785689082,3.965220519508229,-0.4431274438343454,1.3229101875008091
67.0,193.0,129.88369750976562,-0.0375539125029723,2.683178260371717,-4.114369649219112,-3.679430716965344,-1.9246000535494767,1.3402022966892828,-0.0991060381317665,3.964045450719317,-0.4435850165156397,1.3232991003993002
67.0,193.0,129.88369750976562,-0.0373747018816963,2.6827891322424366,-4.115831560265851,-3.678720605069845,-1.925137080380172,1.3403258327157284,-0.0988966046907536,3.963632318963182,-0.4426579316869733,1.3218509770686553
67.0,193.0,129.88369750976562,-0.0370591034729298,2.6826218239917727,-4.115266560061377,-3.679595996907135,-1.926209819046368,1.3414009745971895,-0.0987779561750726,3.964208636924238,-0.4451036432456676,1.3236569489549574
67.0,193.0,129.88369750976562,-0.0391015901040685,2.6832066369908216,-4.11469770047713,-3.680059309122311,-1.9260168474946973,1.3411719572718803,-0.0990887163406583,3.963894911594921,-0.4433537251091182,1.3222977704533132
67.0,193.0,129.88369750976562,-0.0371238674580442,2.6828863163114574,-4.116450644235016,-3.678852193219088,-1.9245006772364748,1.340853961483298,-0.1003745299408251,3.96483297132265,-0.4438758320633198,1.32253467512871
67.0,193.0,129.88369750976562,-0.0387529514039979,2.682332987600346,-4.114907536737543,-3.6795098013530296,-1.9263257462158496,1.3407473142017434,-0.0999818312495976,3.964815872089346,-0.4437279455012012,1.3221885533632094
67.0,193.0,129.88369750976562,-0.0385026246801999,2.681902136710416,-4.116577281202409,-3.680540846948508,-1.92433206385908,1.3402460540770993,-0.099126385258616,3.9633692913641982,-0.4437405342625667,1.3232985721522927
67.0,194.0,129.88369750976562,-0.0372763731490363,2.6826167704504225,-4.114823442455658,-3.6783468022659607,-1.9261520268860424,1.3403612303406105,-0.0998002543669788,3.963755631935773,-0.4432836224847902,1.323920551784124
67.0,194.0,129.88369750976562,-0.0386144815276365,2.682602177420531,-4.114692785083619,-3.6782825809630206,-1.925857278402108,1.3408475275948784,-0.0997619686173913,3.964034353113425,-0.4420803106852294,1.323383683790692
67.0,194.0,129.88369750976562,-0.0384255196221009,2.6828457518910365,-4.115229419906435,-3.678280070499364,-1.9241863635424368,1.340197132733122,-0.0989346872452995,3.965045366748188,-0.4436973324717846,1.3237061726352286
67.0,194.0,129.88369750976562,-0.0374477628801099,2.682657028303648,-4.114838900894199,-3.678870043592088,-1.9251837276112644,1.3405201841317955,-0.0987901150784344,3.964675583138253,-0.4423633760043502,1.3238448057713843
67.0,194.0,129.88369750976562,-0.0382635524696136,2.682419967614642,-4.114786126384205,-3.679311634560755,-1.925978686292598,1.3411333845684037,-0.0987597980305496,3.9641414728433215,-0.4424791061193618,1.320928414315454
67.0,194.0,129.88369750976562,-0.0384394284723971,2.682975909148543,-4.114785849651962,-3.679239009035948,-1.9244454601702328,1.3399968271028857,-0.0992974966139006,3.9634126109169294,-0.4438348749963561,1.323728487499586
67.0,194.0,129.88369750976562,-0.0375151009923383,2.6815405326175563,-4.11492126820321,-3.678696413336605,-1.9248538354858755,1.3399425126041962,-0.0987835979778907,3.963714046279793,-0.4446811609730565,1.323395357397754
67.0,194.0,129.88369750976562,-0.0377454066103169,2.6825043046280004,-4.114788089707397,-3.679652743106941,-1.9244710726958925,1.340134709603629,-0.1004671214614538,3.9636188560680137,-0.4424447477359667,1.3231665976907154
67.0,194.0,129.8837127685547,-0.0362652747973755,2.6823901769844523,-4.116293217939296,-3.6782962831329993,-1.928995849366236,1.3427363674667676,-0.0986275656262325,3.964030074260883,-0.444997731679174,1.3229369289227255
67.0,194.0,129.88369750976562,-0.0383554438796345,2.6837078456050074,-4.1148397309375175,-3.6796427651577615,-1.925935618093105,1.3413987342605571,-0.0995517511654577,3.963735392106942,-0.4447510661004394,1.3223569690262462
67.0,194.0,129.88369750976562,-0.0374471514184957,2.6830290313127803,-4.114093649499316,-3.679834210451842,-1.924097479454128,1.3403730799535918,-0.0989693227775162,3.9646815998637,-0.4441470635204132,1.3235251103658887
67.0,194.0,129.88369750976562,-0.0382710782515905,2.682893249029939,-4.115279657961465,-3.6792257495786993,-1.924598940320268,1.340114582927606,-0.0982937747407807,3.963413311773425,-0.4438361054294831,1.3238186492275428
67.0,194.0,129.88369750976562,-0.0386767940782647,2.6825724445294745,-4.114978013222114,-3.6803825219341575,-1.925471672712967,1.340026883894302,-0.1000383970307691,3.965015974768844,-0.4424138905121658,1.3231790020943524
67.0,194.0,129.88369750976562,-0.0386743878574695,2.682514171969066,-4.114506661615946,-3.679438333994672,-1.9243521442453364,1.339783745789752,-0.0992489063510318,3.963839175972056,-0.4434921678817331,1.3240327725928551
67.0,194.0,129.88369750976562,-0.0378622370720957,2.681968301780857,-4.11483420834631,-3.6800866107675727,-1.924030423868726,1.3402908182460136,-0.0994770964367983,3.9636342318458793,-0.4433138246954711,1.324016149664466
67.0,194.0,129.88369750976562,-0.038409736125438,2.683223324443615,-4.114847609240932,-3.679415568245977,-1.9254956460903945,1.339956890140793,-0.0993767820110977,3.96545346379171,-0.4440833734044859,1.3235641918682983
67.0,194.0,129.88369750976562,-0.0365283721779428,2.6821798842695697,-4.11603441881068,-3.679486054107372,-1.9251379515389608,1.3405617104052885,-0.1002226474128503,3.96390962240616,-0.4420402715724512,1.3236767237550735
67.0,194.0,129.8837127685547,-0.0365358024724783,2.6818681070312835,-4.112865976977184,-3.679602687252389,-1.924349351054988,1.3402820676057443,-0.1018320141376777,3.9651600061539054,-0.4432204102345752,1.3243243450746875
67.0,194.0,129.88369750976562,-0.0383216637770437,2.6825741157856324,-4.114967170153109,-3.6780063208760607,-1.924454085840296,1.3404595116488414,-0.099584917212826,3.9638032536282113,-0.4437830930453497,1.3237113962040006
67.0,194.0,129.88369750976562,-0.0379767604336877,2.680744641094622,-4.114477853527157,-3.6801701846835897,-1.924400799866619,1.3404674448137248,-0.0999418297218291,3.9646977554076215,-0.4444012423801128,1.3236911002911962
67.0,194.0,129.88369750976562,-0.0390478143195861,2.682337844354252,-4.115926773235828,-3.6795526101329856,-1.924688573970111,1.3412594732204302,-0.0998160293303123,3.963891675060848,-0.4428856325751028,1.3240663398786898
67.0,194.0,129.88369750976562,-0.0383148729229902,2.6832796999404445,-4.116294179060572,-3.6793979513078847,-1.9250865185851764,1.340689295518906,-0.0983386555168854,3.963023765613142,-0.4436402091529069,1.323783064095721
67.0,194.0,129.88369750976562,-0.0379627504806742,2.6821752792535305,-4.115112653936806,-3.679108163981376,-1.9271989799946387,1.3404670547282131,-0.0989285936155462,3.963762776092248,-0.4436037889685726,1.3234545198064809
67.0,194.0,129.88369750976562,-0.0392187524807247,2.683054261908589,-4.114922136147859,-3.6795777604845856,-1.925288325593142,1.3412020927009516,-0.0999221139832497,3.9638507441902,-0.4441360716815598,1.3240769948011513
67.0,194.0,129.88369750976562,-0.0383849644671473,2.6829565493324656,-4.1152425670406885,-3.679085536259625,-1.9245625020625792,1.3398362901102925,-0.0989136901687004,3.964908554644228,-0.4445902552466633,1.3237140521602766
67.0,194.0,129.88369750976562,-0.0381150873514049,2.682542042709517,-4.114430642239843,-3.678878579382245,-1.9244999050184943,1.3406975087022637,-0.0999938618507068,3.963198803446204,-0.4438787615061223,1.3237429493033557
67.0,194.0,129.8837127685547,-0.0393439610213545,2.6830619422745308,-4.114604043222708,-3.680368689308013,-1.9229080885171144,1.340185094365083,-0.099360564882717,3.963476834582344,-0.4430568216979387,1.320904571426344
67.0,194.0,129.88369750976562,-0.0370319986549597,2.682141311654721,-4.11568919640137,-3.679601765843594,-1.9250876999733395,1.3398228311447469,-0.1004837490685165,3.964237534852891,-0.442657322459007,1.323574800022745
67.0,194.0,129.88369750976562,-0.0370807272260081,2.68264859514898,-4.115168223632826,-3.678252415128613,-1.9239598296335736,1.3405486072531194,-0.098422161926668,3.964345449074509,-0.4430919035377933,1.32368118639016
67.0,194.0,129.88369750976562,-0.0371588517049898,2.6805734538012,-4.114829362922763,-3.680286246949066,-1.92656536943232,1.339947151786356,-0.0988547495593402,3.9637048782995135,-0.4439045648392518,1.323849355521426
67.0,194.0,129.88369750976562,-0.0375504977495809,2.682280533818246,-4.115233018272244,-3.679761393898062,-1.925012808213688,1.3408448440508045,-0.0991535257406458,3.963799535448471,-0.4426996479812786,1.32341862225405
67.0,194.0,129.88369750976562,-0.0364782580288229,2.6818429670123987,-4.11474322378592,-3.679358600708835,-1.9243445464444973,1.3403015173573354,-0.09960695951543,3.965946662438152,-0.4428471831983755,1.3238509640840692
67.0,194.0,129.88369750976562,-0.0375050067521598,2.682394795215691,-4.114718372567042,-3.678092981168621,-1.9258440914610253,1.3400083563894525,-0.099182553119151,3.966016159885976,-0.4438312502809411,1.3218137438897066
67.0,194.0,129.88369750976562,-0.0385790505121479,2.6829151465589978,-4.114800802167872,-3.680258446862143,-1.924409893497719,1.340273682270729,-0.0988903953142273,3.964274155720028,-0.443693939368691,1.324358976709781
67.0,194.0,129.88369750976562,-0.0373377203114786,2.682486630971601,-4.114913017838977,-3.6783634873448783,-1.9265970819780125,1.3403155553342478,-0.099168483249192,3.963433477689972,-0.4450287501643289,1.3241048847555466
67.0,194.0,129.88369750976562,-0.0379180192985064,2.682247815866732,-4.11618169808676,-3.678672127199636,-1.9243215382018104,1.341224665253827,-0.0999942253138913,3.964944788080395,-0.4445476548029366,1.3237704141458422
67.0,194.0,129.88369750976562,-0.0379024272348933,2.681548237319513,-4.1147750510204935,-3.679808883893499,-1.9248620463978097,1.3398379650494014,-0.0992112748296654,3.963017815678836,-0.4424179299426491,1.3233375186841294
67.0,194.0,129.88369750976562,-0.0386119900478477,2.682502921158186,-4.115330536104988,-3.67922120648243,-1.924454899099244,1.3398214621333258,-0.0993185791376466,3.963886887649888,-0.4432911272000954,1.323338099550023
67.0,194.0,129.88369750976562,-0.0382477403859779,2.68273101332882,-4.115921932644253,-3.677978964649831,-1.924749009834854,1.3417441945558162,-0.0989616560098664,3.9650317801400976,-0.4436610931860999,1.3237025486479133
67.0,194.0,129.88369750976562,-0.0368336824364338,2.6826832487827823,-4.114591204394081,-3.678575812548972,-1.925641460409574,1.3405690717413157,-0.0993023327242637,3.963040004737601,-0.4453726377459595,1.3228519700821009
67.0,194.0,129.88369750976562,-0.0368682580867013,2.6829220535883818,-4.115330151241876,-3.6800847775118006,-1.924143475813016,1.3403634962947215,-0.0977891263415146,3.964305456688996,-0.4434524361281761,1.323232495747224
67.0,194.0,129.88369750976562,-0.0385555590400413,2.682332051900679,-4.11561887003485,-3.678886500882304,-1.9246899936591084,1.339812599810698,-0.0990985889591814,3.964719517917539,-0.4435134565679196,1.3239478618172835
67.0,194.0,129.88369750976562,-0.0362685215543273,2.6824785535414897,-4.115228802300194,-3.679666890710486,-1.924817154336768,1.3397913112986377,-0.0984104785689082,3.965220519508229,-0.4431274438343454,1.3229101875008091
67.0,194.0,129.88369750976562,-0.0375539125029723,2.683178260371717,-4.114369649219112,-3.679430716965344,-1.9246000535494767,1.3402022966892828,-0.0991060381317665,3.964045450719317,-0.4435850165156397,1.3232991003993002
67.0,194.0,129.88369750976562,-0.0373747018816963,2.6827891322424366,-4.115831560265851,-3.678720605069845,-1.925137080380172,1.3403258327157284,-0.0988966046907536,3.963632318963182,-0.4426579316869733,1.3218509770686553
67.0,194.0,129.88369750976562,-0.0370591034729298,2.6826218239917727,-4.115266560061377,-3.679595996907135,-1.926209819046368,1.3414009745971895,-0.0987779561750726,3.964208636924238,-0.4451036432456676,1.3236569489549574
67.0,194.0,129.88369750976562,-0.0391015901040685,2.6832066369908216,-4.11469770047713,-3.680059309122311,-1.9260168474946973,1.3411719572718803,-0.0990887163406583,3.963894911594921,-0.4433537251091182,1.3222977704533132
67.0,194.0,129.88369750976562,-0.0371238674580442,2.6828863163114574,-4.116450644235016,-3.678852193219088,-1.9245006772364748,1.340853961483298,-0.1003745299408251,3.96483297132265,-0.4438758320633198,1.32253467512871
67.0,194.0,129.88369750976562,-0.0387529514039979,2.682332987600346,-4.114907536737543,-3.6795098013530296,-1.9263257462158496,1.3407473142017434,-0.0999818312495976,3.964815872089346,-0.4437279455012012,1.3221885533632094
67.0,194.0,129.88369750976562,-0.0385026246801999,2.681902136710416,-4.116577281202409,-3.680540846948508,-1.92433206385908,1.3402460540770993,-0.099126385258616,3.9633692913641982,-0.4437405342625667,1.3232985721522927
67.0,195.0,129.88369750976562,-0.0372763731490363,2.6826167704504225,-4.114823442455658,-3.6783468022659607,-1.9261520268860424,1.3403612303406105,-0.0998002543669788,3.963755631935773,-0.4432836224847902,1.323920551784124
67.0,195.0,129.88369750976562,-0.0386144815276365,2.682602177420531,-4.114692785083619,-3.6782825809630206,-1.925857278402108,1.3408475275948784,-0.0997619686173913,3.964034353113425,-0.4420803106852294,1.323383683790692
67.0,195.0,129.88369750976562,-0.0384255196221009,2.6828457518910365,-4.115229419906435,-3.678280070499364,-1.9241863635424368,1.340197132733122,-0.0989346872452995,3.965045366748188,-0.4436973324717846,1.3237061726352286
67.0,195.0,129.88369750976562,-0.0374477628801099,2.682657028303648,-4.114838900894199,-3.678870043592088,-1.9251837276112644,1.3405201841317955,-0.0987901150784344,3.964675583138253,-0.4423633760043502,1.3238448057713843
67.0,195.0,129.88369750976562,-0.0382635524696136,2.682419967614642,-4.114786126384205,-3.679311634560755,-1.925978686292598,1.3411333845684037,-0.0987597980305496,3.9641414728433215,-0.4424791061193618,1.320928414315454
67.0,195.0,129.88369750976562,-0.0384394284723971,2.682975909148543,-4.114785849651962,-3.679239009035948,-1.9244454601702328,1.3399968271028857,-0.0992974966139006,3.9634126109169294,-0.4438348749963561,1.323728487499586
67.0,195.0,129.88369750976562,-0.0375151009923383,2.6815405326175563,-4.11492126820321,-3.678696413336605,-1.9248538354858755,1.3399425126041962,-0.0987835979778907,3.963714046279793,-0.4446811609730565,1.323395357397754
67.0,195.0,129.88369750976562,-0.0377454066103169,2.6825043046280004,-4.114788089707397,-3.679652743106941,-1.9244710726958925,1.340134709603629,-0.1004671214614538,3.9636188560680137,-0.4424447477359667,1.3231665976907154
67.0,195.0,129.8837127685547,-0.0362652747973755,2.6823901769844523,-4.116293217939296,-3.6782962831329993,-1.928995849366236,1.3427363674667676,-0.0986275656262325,3.964030074260883,-0.444997731679174,1.3229369289227255
67.0,195.0,129.88369750976562,-0.0383554438796345,2.6837078456050074,-4.1148397309375175,-3.6796427651577615,-1.925935618093105,1.3413987342605571,-0.0995517511654577,3.963735392106942,-0.4447510661004394,1.3223569690262462
67.0,195.0,129.88369750976562,-0.0374471514184957,2.6830290313127803,-4.114093649499316,-3.679834210451842,-1.924097479454128,1.3403730799535918,-0.0989693227775162,3.9646815998637,-0.4441470635204132,1.3235251103658887
67.0,195.0,129.88369750976562,-0.0382710782515905,2.682893249029939,-4.115279657961465,-3.6792257495786993,-1.924598940320268,1.340114582927606,-0.0982937747407807,3.963413311773425,-0.4438361054294831,1.3238186492275428
67.0,195.0,129.88369750976562,-0.0386767940782647,2.6825724445294745,-4.114978013222114,-3.6803825219341575,-1.925471672712967,1.340026883894302,-0.1000383970307691,3.965015974768844,-0.4424138905121658,1.3231790020943524
67.0,195.0,129.88369750976562,-0.0386743878574695,2.682514171969066,-4.114506661615946,-3.679438333994672,-1.9243521442453364,1.339783745789752,-0.0992489063510318,3.963839175972056,-0.4434921678817331,1.3240327725928551
67.0,195.0,129.88369750976562,-0.0378622370720957,2.681968301780857,-4.11483420834631,-3.6800866107675727,-1.924030423868726,1.3402908182460136,-0.0994770964367983,3.9636342318458793,-0.4433138246954711,1.324016149664466
67.0,195.0,129.88369750976562,-0.038409736125438,2.683223324443615,-4.114847609240932,-3.679415568245977,-1.9254956460903945,1.339956890140793,-0.0993767820110977,3.96545346379171,-0.4440833734044859,1.3235641918682983
67.0,195.0,129.88369750976562,-0.0365283721779428,2.6821798842695697,-4.11603441881068,-3.679486054107372,-1.9251379515389608,1.3405617104052885,-0.1002226474128503,3.96390962240616,-0.4420402715724512,1.3236767237550735
67.0,195.0,129.8837127685547,-0.0365358024724783,2.6818681070312835,-4.112865976977184,-3.679602687252389,-1.924349351054988,1.3402820676057443,-0.1018320141376777,3.9651600061539054,-0.4432204102345752,1.3243243450746875
67.0,195.0,129.88369750976562,-0.0383216637770437,2.6825741157856324,-4.114967170153109,-3.6780063208760607,-1.924454085840296,1.3404595116488414,-0.099584917212826,3.9638032536282113,-0.4437830930453497,1.3237113962040006
67.0,195.0,129.88369750976562,-0.0379767604336877,2.680744641094622,-4.114477853527157,-3.6801701846835897,-1.924400799866619,1.3404674448137248,-0.0999418297218291,3.9646977554076215,-0.4444012423801128,1.3236911002911962
67.0,195.0,129.88369750976562,-0.0390478143195861,2.682337844354252,-4.115926773235828,-3.6795526101329856,-1.924688573970111,1.3412594732204302,-0.0998160293303123,3.963891675060848,-0.4428856325751028,1.3240663398786898
67.0,195.0,129.88369750976562,-0.0383148729229902,2.6832796999404445,-4.116294179060572,-3.6793979513078847,-1.9250865185851764,1.340689295518906,-0.0983386555168854,3.963023765613142,-0.4436402091529069,1.323783064095721
67.0,195.0,129.88369750976562,-0.0379627504806742,2.6821752792535305,-4.115112653936806,-3.679108163981376,-1.9271989799946387,1.3404670547282131,-0.0989285936155462,3.963762776092248,-0.4436037889685726,1.3234545198064809
67.0,195.0,129.88369750976562,-0.0392187524807247,2.683054261908589,-4.114922136147859,-3.6795777604845856,-1.925288325593142,1.3412020927009516,-0.0999221139832497,3.9638507441902,-0.4441360716815598,1.3240769948011513
67.0,195.0,129.88369750976562,-0.0383849644671473,2.6829565493324656,-4.1152425670406885,-3.679085536259625,-1.9245625020625792,1.3398362901102925,-0.0989136901687004,3.964908554644228,-0.4445902552466633,1.3237140521602766
67.0,195.0,129.88369750976562,-0.0381150873514049,2.682542042709517,-4.114430642239843,-3.678878579382245,-1.9244999050184943,1.3406975087022637,-0.0999938618507068,3.963198803446204,-0.4438787615061223,1.3237429493033557
67.0,195.0,129.8837127685547,-0.0393439610213545,2.6830619422745308,-4.114604043222708,-3.680368689308013,-1.9229080885171144,1.340185094365083,-0.099360564882717,3.963476834582344,-0.4430568216979387,1.320904571426344
67.0,195.0,129.88369750976562,-0.0370319986549597,2.682141311654721,-4.11568919640137,-3.679601765843594,-1.9250876999733395,1.3398228311447469,-0.1004837490685165,3.964237534852891,-0.442657322459007,1.323574800022745
67.0,195.0,129.88369750976562,-0.0370807272260081,2.68264859514898,-4.115168223632826,-3.678252415128613,-1.9239598296335736,1.3405486072531194,-0.098422161926668,3.964345449074509,-0.4430919035377933,1.32368118639016
67.0,195.0,129.88369750976562,-0.0371588517049898,2.6805734538012,-4.114829362922763,-3.680286246949066,-1.92656536943232,1.339947151786356,-0.0988547495593402,3.9637048782995135,-0.4439045648392518,1.323849355521426
67.0,195.0,129.88369750976562,-0.0375504977495809,2.682280533818246,-4.115233018272244,-3.679761393898062,-1.925012808213688,1.3408448440508045,-0.0991535257406458,3.963799535448471,-0.4426996479812786,1.32341862225405
67.0,195.0,129.88369750976562,-0.0364782580288229,2.6818429670123987,-4.11474322378592,-3.679358600708835,-1.9243445464444973,1.3403015173573354,-0.09960695951543,3.965946662438152,-0.4428471831983755,1.3238509640840692
67.0,195.0,129.88369750976562,-0.0375050067521598,2.682394795215691,-4.114718372567042,-3.678092981168621,-1.9258440914610253,1.3400083563894525,-0.099182553119151,3.966016159885976,-0.4438312502809411,1.3218137438897066
67.0,195.0,129.88369750976562,-0.0385790505121479,2.6829151465589978,-4.114800802167872,-3.680258446862143,-1.924409893497719,1.340273682270729,-0.0988903953142273,3.964274155720028,-0.443693939368691,1.324358976709781
67.0,195.0,129.88369750976562,-0.0373377203114786,2.682486630971601,-4.114913017838977,-3.6783634873448783,-1.9265970819780125,1.3403155553342478,-0.099168483249192,3.963433477689972,-0.4450287501643289,1.3241048847555466
67.0,195.0,129.88369750976562,-0.0379180192985064,2.682247815866732,-4.11618169808676,-3.678672127199636,-1.9243215382018104,1.341224665253827,-0.0999942253138913,3.964944788080395,-0.4445476548029366,1.3237704141458422
67.0,195.0,129.88369750976562,-0.0379024272348933,2.681548237319513,-4.1147750510204935,-3.679808883893499,-1.9248620463978097,1.3398379650494014,-0.0992112748296654,3.963017815678836,-0.4424179299426491,1.3233375186841294
67.0,195.0,129.88369750976562,-0.0386119900478477,2.682502921158186,-4.115330536104988,-3.67922120648243,-1.924454899099244,1.3398214621333258,-0.0993185791376466,3.963886887649888,-0.4432911272000954,1.323338099550023
67.0,195.0,129.88369750976562,-0.0382477403859779,2.68273101332882,-4.115921932644253,-3.677978964649831,-1.924749009834854,1.3417441945558162,-0.0989616560098664,3.9650317801400976,-0.4436610931860999,1.3237025486479133
67.0,195.0,129.88369750976562,-0.0368336824364338,2.6826832487827823,-4.114591204394081,-3.678575812548972,-1.925641460409574,1.3405690717413157,-0.0993023327242637,3.963040004737601,-0.4453726377459595,1.3228519700821009
67.0,195.0,129.88369750976562,-0.0368682580867013,2.6829220535883818,-4.115330151241876,-3.6800847775118006,-1.924143475813016,1.3403634962947215,-0.0977891263415146,3.964305456688996,-0.4434524361281761,1.323232495747224
67.0,195.0,129.88369750976562,-0.0385555590400413,2.682332051900679,-4.11561887003485,-3.678886500882304,-1.9246899936591084,1.339812599810698,-0.0990985889591814,3.964719517917539,-0.4435134565679196,1.3239478618172835
67.0,195.0,129.88369750976562,-0.0362685215543273,2.6824785535414897,-4.115228802300194,-3.679666890710486,-1.924817154336768,1.3397913112986377,-0.0984104785689082,3.965220519508229,-0.4431274438343454,1.3229101875008091
67.0,195.0,129.88369750976562,-0.0375539125029723,2.683178260371717,-4.114369649219112,-3.679430716965344,-1.9246000535494767,1.3402022966892828,-0.0991060381317665,3.964045450719317,-0.4435850165156397,1.3232991003993002
67.0,195.0,129.88369750976562,-0.0373747018816963,2.6827891322424366,-4.115831560265851,-3.678720605069845,-1.925137080380172,1.3403258327157284,-0.0988966046907536,3.963632318963182,-0.4426579316869733,1.3218509770686553
67.0,195.0,129.88369750976562,-0.0370591034729298,2.6826218239917727,-4.115266560061377,-3.679595996907135,-1.926209819046368,1.3414009745971895,-0.0987779561750726,3.964208636924238,-0.4451036432456676,1.3236569489549574
67.0,195.0,129.88369750976562,-0.0391015901040685,2.6832066369908216,-4.11469770047713,-3.680059309122311,-1.9260168474946973,1.3411719572718803,-0.0990887163406583,3.963894911594921,-0.4433537251091182,1.3222977704533132
67.0,195.0,129.88369750976562,-0.0371238674580442,2.6828863163114574,-4.116450644235016,-3.678852193219088,-1.9245006772364748,1.340853961483298,-0.1003745299408251,3.96483297132265,-0.4438758320633198,1.32253467512871
67.0,195.0,129.88369750976562,-0.0387529514039979,2.682332987600346,-4.114907536737543,-3.6795098013530296,-1.9263257462158496,1.3407473142017434,-0.0999818312495976,3.964815872089346,-0.4437279455012012,1.3221885533632094
67.0,195.0,129.88369750976562,-0.0385026246801999,2.681902136710416,-4.116577281202409,-3.680540846948508,-1.92433206385908,1.3402460540770993,-0.099126385258616,3.9633692913641982,-0.4437405342625667,1.3232985721522927
67.0,196.0,129.88369750976562,-0.0372763731490363,2.6826167704504225,-4.114823442455658,-3.6783468022659607,-1.9261520268860424,1.3403612303406105,-0.0998002543669788,3.963755631935773,-0.4432836224847902,1.323920551784124
67.0,196.0,129.88369750976562,-0.0386144815276365,2.682602177420531,-4.114692785083619,-3.6782825809630206,-1.925857278402108,1.3408475275948784,-0.0997619686173913,3.964034353113425,-0.4420803106852294,1.323383683790692
67.0,196.0,129.88369750976562,-0.0384255196221009,2.6828457518910365,-4.115229419906435,-3.678280070499364,-1.9241863635424368,1.340197132733122,-0.0989346872452995,3.965045366748188,-0.4436973324717846,1.3237061726352286
67.0,196.0,129.88369750976562,-0.0374477628801099,2.682657028303648,-4.114838900894199,-3.678870043592088,-1.9251837276112644,1.3405201841317955,-0.0987901150784344,3.964675583138253,-0.4423633760043502,1.3238448057713843
67.0,196.0,129.88369750976562,-0.0382635524696136,2.682419967614642,-4.114786126384205,-3.679311634560755,-1.925978686292598,1.3411333845684037,-0.0987597980305496,3.9641414728433215,-0.4424791061193618,1.320928414315454
67.0,196.0,129.88369750976562,-0.0384394284723971,2.682975909148543,-4.114785849651962,-3.679239009035948,-1.9244454601702328,1.3399968271028857,-0.0992974966139006,3.9634126109169294,-0.4438348749963561,1.323728487499586
67.0,196.0,129.88369750976562,-0.0375151009923383,2.6815405326175563,-4.11492126820321,-3.678696413336605,-1.9248538354858755,1.3399425126041962,-0.0987835979778907,3.963714046279793,-0.4446811609730565,1.323395357397754
67.0,196.0,129.88369750976562,-0.0377454066103169,2.6825043046280004,-4.114788089707397,-3.679652743106941,-1.9244710726958925,1.340134709603629,-0.1004671214614538,3.9636188560680137,-0.4424447477359667,1.3231665976907154
67.0,196.0,129.8837127685547,-0.0362652747973755,2.6823901769844523,-4.116293217939296,-3.6782962831329993,-1.928995849366236,1.3427363674667676,-0.0986275656262325,3.964030074260883,-0.444997731679174,1.3229369289227255
67.0,196.0,129.88369750976562,-0.0383554438796345,2.6837078456050074,-4.1148397309375175,-3.6796427651577615,-1.925935618093105,1.3413987342605571,-0.0995517511654577,3.963735392106942,-0.4447510661004394,1.3223569690262462
67.0,196.0,129.88369750976562,-0.0374471514184957,2.6830290313127803,-4.114093649499316,-3.679834210451842,-1.924097479454128,1.3403730799535918,-0.0989693227775162,3.9646815998637,-0.4441470635204132,1.3235251103658887
67.0,196.0,129.88369750976562,-0.0382710782515905,2.682893249029939,-4.115279657961465,-3.6792257495786993,-1.924598940320268,1.340114582927606,-0.0982937747407807,3.963413311773425,-0.4438361054294831,1.3238186492275428
67.0,196.0,129.88369750976562,-0.0386767940782647,2.6825724445294745,-4.114978013222114,-3.6803825219341575,-1.925471672712967,1.340026883894302,-0.1000383970307691,3.965015974768844,-0.4424138905121658,1.3231790020943524
67.0,196.0,129.88369750976562,-0.0386743878574695,2.682514171969066,-4.114506661615946,-3.679438333994672,-1.9243521442453364,1.339783745789752,-0.0992489063510318,3.963839175972056,-0.4434921678817331,1.3240327725928551
67.0,196.0,129.88369750976562,-0.0378622370720957,2.681968301780857,-4.11483420834631,-3.6800866107675727,-1.924030423868726,1.3402908182460136,-0.0994770964367983,3.9636342318458793,-0.4433138246954711,1.324016149664466
67.0,196.0,129.88369750976562,-0.038409736125438,2.683223324443615,-4.114847609240932,-3.679415568245977,-1.9254956460903945,1.339956890140793,-0.0993767820110977,3.96545346379171,-0.4440833734044859,1.3235641918682983
67.0,196.0,129.88369750976562,-0.0365283721779428,2.6821798842695697,-4.11603441881068,-3.679486054107372,-1.9251379515389608,1.3405617104052885,-0.1002226474128503,3.96390962240616,-0.4420402715724512,1.3236767237550735
67.0,196.0,129.8837127685547,-0.0365358024724783,2.6818681070312835,-4.112865976977184,-3.679602687252389,-1.924349351054988,1.3402820676057443,-0.1018320141376777,3.9651600061539054,-0.4432204102345752,1.3243243450746875
67.0,196.0,129.88369750976562,-0.0383216637770437,2.6825741157856324,-4.114967170153109,-3.6780063208760607,-1.924454085840296,1.3404595116488414,-0.099584917212826,3.9638032536282113,-0.4437830930453497,1.3237113962040006
67.0,196.0,129.88369750976562,-0.0379767604336877,2.680744641094622,-4.114477853527157,-3.6801701846835897,-1.924400799866619,1.3404674448137248,-0.0999418297218291,3.9646977554076215,-0.4444012423801128,1.3236911002911962
67.0,196.0,129.88369750976562,-0.0390478143195861,2.682337844354252,-4.115926773235828,-3.6795526101329856,-1.924688573970111,1.3412594732204302,-0.0998160293303123,3.963891675060848,-0.4428856325751028,1.3240663398786898
67.0,196.0,129.88369750976562,-0.0383148729229902,2.6832796999404445,-4.116294179060572,-3.6793979513078847,-1.9250865185851764,1.340689295518906,-0.0983386555168854,3.963023765613142,-0.4436402091529069,1.323783064095721
67.0,196.0,129.88369750976562,-0.0379627504806742,2.6821752792535305,-4.115112653936806,-3.679108163981376,-1.9271989799946387,1.3404670547282131,-0.0989285936155462,3.963762776092248,-0.4436037889685726,1.3234545198064809
67.0,196.0,129.88369750976562,-0.0392187524807247,2.683054261908589,-4.114922136147859,-3.6795777604845856,-1.925288325593142,1.3412020927009516,-0.0999221139832497,3.9638507441902,-0.4441360716815598,1.3240769948011513
67.0,196.0,129.88369750976562,-0.0383849644671473,2.6829565493324656,-4.1152425670406885,-3.679085536259625,-1.9245625020625792,1.3398362901102925,-0.0989136901687004,3.964908554644228,-0.4445902552466633,1.3237140521602766
67.0,196.0,129.88369750976562,-0.0381150873514049,2.682542042709517,-4.114430642239843,-3.678878579382245,-1.9244999050184943,1.3406975087022637,-0.0999938618507068,3.963198803446204,-0.4438787615061223,1.3237429493033557
67.0,196.0,129.8837127685547,-0.0393439610213545,2.6830619422745308,-4.114604043222708,-3.680368689308013,-1.9229080885171144,1.340185094365083,-0.099360564882717,3.963476834582344,-0.4430568216979387,1.320904571426344
67.0,196.0,129.88369750976562,-0.0370319986549597,2.682141311654721,-4.11568919640137,-3.679601765843594,-1.9250876999733395,1.3398228311447469,-0.1004837490685165,3.964237534852891,-0.442657322459007,1.323574800022745
67.0,196.0,129.88369750976562,-0.0370807272260081,2.68264859514898,-4.115168223632826,-3.678252415128613,-1.9239598296335736,1.3405486072531194,-0.098422161926668,3.964345449074509,-0.4430919035377933,1.32368118639016
67.0,196.0,129.88369750976562,-0.0371588517049898,2.6805734538012,-4.114829362922763,-3.680286246949066,-1.92656536943232,1.339947151786356,-0.0988547495593402,3.9637048782995135,-0.4439045648392518,1.323849355521426
67.0,196.0,129.88369750976562,-0.0375504977495809,2.682280533818246,-4.115233018272244,-3.679761393898062,-1.925012808213688,1.3408448440508045,-0.0991535257406458,3.963799535448471,-0.4426996479812786,1.32341862225405
67.0,196.0,129.88369750976562,-0.0364782580288229,2.6818429670123987,-4.11474322378592,-3.679358600708835,-1.9243445464444973,1.3403015173573354,-0.09960695951543,3.965946662438152,-0.4428471831983755,1.3238509640840692
67.0,196.0,129.88369750976562,-0.0375050067521598,2.682394795215691,-4.114718372567042,-3.678092981168621,-1.9258440914610253,1.3400083563894525,-0.099182553119151,3.966016159885976,-0.4438312502809411,1.3218137438897066
67.0,196.0,129.88369750976562,-0.0385790505121479,2.6829151465589978,-4.114800802167872,-3.680258446862143,-1.924409893497719,1.340273682270729,-0.0988903953142273,3.964274155720028,-0.443693939368691,1.324358976709781
67.0,196.0,129.88369750976562,-0.0373377203114786,2.682486630971601,-4.114913017838977,-3.6783634873448783,-1.9265970819780125,1.3403155553342478,-0.099168483249192,3.963433477689972,-0.4450287501643289,1.3241048847555466
67.0,196.0,129.88369750976562,-0.0379180192985064,2.682247815866732,-4.11618169808676,-3.678672127199636,-1.9243215382018104,1.341224665253827,-0.0999942253138913,3.964944788080395,-0.4445476548029366,1.3237704141458422
67.0,196.0,129.88369750976562,-0.0379024272348933,2.681548237319513,-4.1147750510204935,-3.679808883893499,-1.9248620463978097,1.3398379650494014,-0.0992112748296654,3.963017815678836,-0.4424179299426491,1.3233375186841294
67.0,196.0,129.88369750976562,-0.0386119900478477,2.682502921158186,-4.115330536104988,-3.67922120648243,-1.924454899099244,1.3398214621333258,-0.0993185791376466,3.963886887649888,-0.4432911272000954,1.323338099550023
67.0,196.0,129.88369750976562,-0.0382477403859779,2.68273101332882,-4.115921932644253,-3.677978964649831,-1.924749009834854,1.3417441945558162,-0.0989616560098664,3.9650317801400976,-0.4436610931860999,1.3237025486479133
67.0,196.0,129.88369750976562,-0.0368336824364338,2.6826832487827823,-4.114591204394081,-3.678575812548972,-1.925641460409574,1.3405690717413157,-0.0993023327242637,3.963040004737601,-0.4453726377459595,1.3228519700821009
67.0,196.0,129.88369750976562,-0.0368682580867013,2.6829220535883818,-4.115330151241876,-3.6800847775118006,-1.924143475813016,1.3403634962947215,-0.0977891263415146,3.964305456688996,-0.4434524361281761,1.323232495747224
67.0,196.0,129.88369750976562,-0.0385555590400413,2.682332051900679,-4.11561887003485,-3.678886500882304,-1.9246899936591084,1.339812599810698,-0.0990985889591814,3.964719517917539,-0.4435134565679196,1.3239478618172835
67.0,196.0,129.88369750976562,-0.0362685215543273,2.6824785535414897,-4.115228802300194,-3.679666890710486,-1.924817154336768,1.3397913112986377,-0.0984104785689082,3.965220519508229,-0.4431274438343454,1.3229101875008091
67.0,196.0,129.88369750976562,-0.0375539125029723,2.683178260371717,-4.114369649219112,-3.679430716965344,-1.9246000535494767,1.3402022966892828,-0.0991060381317665,3.964045450719317,-0.4435850165156397,1.3232991003993002
67.0,196.0,129.88369750976562,-0.0373747018816963,2.6827891322424366,-4.115831560265851,-3.678720605069845,-1.925137080380172,1.3403258327157284,-0.0988966046907536,3.963632318963182,-0.4426579316869733,1.3218509770686553
67.0,196.0,129.88369750976562,-0.0370591034729298,2.6826218239917727,-4.115266560061377,-3.679595996907135,-1.926209819046368,1.3414009745971895,-0.0987779561750726,3.964208636924238,-0.4451036432456676,1.3236569489549574
67.0,196.0,129.88369750976562,-0.0391015901040685,2.6832066369908216,-4.11469770047713,-3.680059309122311,-1.9260168474946973,1.3411719572718803,-0.0990887163406583,3.963894911594921,-0.4433537251091182,1.3222977704533132
67.0,196.0,129.88369750976562,-0.0371238674580442,2.6828863163114574,-4.116450644235016,-3.678852193219088,-1.9245006772364748,1.340853961483298,-0.1003745299408251,3.96483297132265,-0.4438758320633198,1.32253467512871
67.0,196.0,129.88369750976562,-0.0387529514039979,2.682332987600346,-4.114907536737543,-3.6795098013530296,-1.9263257462158496,1.3407473142017434,-0.0999818312495976,3.964815872089346,-0.4437279455012012,1.3221885533632094
67.0,196.0,129.88369750976562,-0.0385026246801999,2.681902136710416,-4.116577281202409,-3.680540846948508,-1.92433206385908,1.3402460540770993,-0.099126385258616,3.9633692913641982,-0.4437405342625667,1.3232985721522927
67.0,197.0,129.88369750976562,-0.0372763731490363,2.6826167704504225,-4.114823442455658,-3.6783468022659607,-1.9261520268860424,1.3403612303406105,-0.0998002543669788,3.963755631935773,-0.4432836224847902,1.323920551784124
67.0,197.0,129.88369750976562,-0.0386144815276365,2.682602177420531,-4.114692785083619,-3.6782825809630206,-1.925857278402108,1.3408475275948784,-0.0997619686173913,3.964034353113425,-0.4420803106852294,1.323383683790692
67.0,197.0,129.88369750976562,-0.0384255196221009,2.6828457518910365,-4.115229419906435,-3.678280070499364,-1.9241863635424368,1.340197132733122,-0.0989346872452995,3.965045366748188,-0.4436973324717846,1.3237061726352286
67.0,197.0,129.88369750976562,-0.0374477628801099,2.682657028303648,-4.114838900894199,-3.678870043592088,-1.9251837276112644,1.3405201841317955,-0.0987901150784344,3.964675583138253,-0.4423633760043502,1.3238448057713843
67.0,197.0,129.88369750976562,-0.0382635524696136,2.682419967614642,-4.114786126384205,-3.679311634560755,-1.925978686292598,1.3411333845684037,-0.0987597980305496,3.9641414728433215,-0.4424791061193618,1.320928414315454
67.0,197.0,129.88369750976562,-0.0384394284723971,2.682975909148543,-4.114785849651962,-3.679239009035948,-1.9244454601702328,1.3399968271028857,-0.0992974966139006,3.9634126109169294,-0.4438348749963561,1.323728487499586
67.0,197.0,129.88369750976562,-0.0375151009923383,2.6815405326175563,-4.11492126820321,-3.678696413336605,-1.9248538354858755,1.3399425126041962,-0.0987835979778907,3.963714046279793,-0.4446811609730565,1.323395357397754
67.0,197.0,129.88369750976562,-0.0377454066103169,2.6825043046280004,-4.114788089707397,-3.679652743106941,-1.9244710726958925,1.340134709603629,-0.1004671214614538,3.9636188560680137,-0.4424447477359667,1.3231665976907154
67.0,197.0,129.8837127685547,-0.0362652747973755,2.6823901769844523,-4.116293217939296,-3.6782962831329993,-1.928995849366236,1.3427363674667676,-0.0986275656262325,3.964030074260883,-0.444997731679174,1.3229369289227255
67.0,197.0,129.88369750976562,-0.0383554438796345,2.6837078456050074,-4.1148397309375175,-3.6796427651577615,-1.925935618093105,1.3413987342605571,-0.0995517511654577,3.963735392106942,-0.4447510661004394,1.3223569690262462
67.0,197.0,129.88369750976562,-0.0374471514184957,2.6830290313127803,-4.114093649499316,-3.679834210451842,-1.924097479454128,1.3403730799535918,-0.0989693227775162,3.9646815998637,-0.4441470635204132,1.3235251103658887
67.0,197.0,129.88369750976562,-0.0382710782515905,2.682893249029939,-4.115279657961465,-3.6792257495786993,-1.924598940320268,1.340114582927606,-0.0982937747407807,3.963413311773425,-0.4438361054294831,1.3238186492275428
67.0,197.0,129.88369750976562,-0.0386767940782647,2.6825724445294745,-4.114978013222114,-3.6803825219341575,-1.925471672712967,1.340026883894302,-0.1000383970307691,3.965015974768844,-0.4424138905121658,1.3231790020943524
67.0,197.0,129.88369750976562,-0.0386743878574695,2.682514171969066,-4.114506661615946,-3.679438333994672,-1.9243521442453364,1.339783745789752,-0.0992489063510318,3.963839175972056,-0.4434921678817331,1.3240327725928551
67.0,197.0,129.88369750976562,-0.0378622370720957,2.681968301780857,-4.11483420834631,-3.6800866107675727,-1.924030423868726,1.3402908182460136,-0.0994770964367983,3.9636342318458793,-0.4433138246954711,1.324016149664466
67.0,197.0,129.88369750976562,-0.038409736125438,2.683223324443615,-4.114847609240932,-3.679415568245977,-1.9254956460903945,1.339956890140793,-0.0993767820110977,3.96545346379171,-0.4440833734044859,1.3235641918682983
67.0,197.0,129.88369750976562,-0.0365283721779428,2.6821798842695697,-4.11603441881068,-3.679486054107372,-1.9251379515389608,1.3405617104052885,-0.1002226474128503,3.96390962240616,-0.4420402715724512,1.3236767237550735
67.0,197.0,129.8837127685547,-0.0365358024724783,2.6818681070312835,-4.112865976977184,-3.679602687252389,-1.924349351054988,1.3402820676057443,-0.1018320141376777,3.9651600061539054,-0.4432204102345752,1.3243243450746875
67.0,197.0,129.88369750976562,-0.0383216637770437,2.6825741157856324,-4.114967170153109,-3.6780063208760607,-1.924454085840296,1.3404595116488414,-0.099584917212826,3.9638032536282113,-0.4437830930453497,1.3237113962040006
67.0,197.0,129.88369750976562,-0.0379767604336877,2.680744641094622,-4.114477853527157,-3.6801701846835897,-1.924400799866619,1.3404674448137248,-0.0999418297218291,3.9646977554076215,-0.4444012423801128,1.3236911002911962
67.0,197.0,129.88369750976562,-0.0390478143195861,2.682337844354252,-4.115926773235828,-3.6795526101329856,-1.924688573970111,1.3412594732204302,-0.0998160293303123,3.963891675060848,-0.4428856325751028,1.3240663398786898
67.0,197.0,129.88369750976562,-0.0383148729229902,2.6832796999404445,-4.116294179060572,-3.6793979513078847,-1.9250865185851764,1.340689295518906,-0.0983386555168854,3.963023765613142,-0.4436402091529069,1.323783064095721
67.0,197.0,129.88369750976562,-0.0379627504806742,2.6821752792535305,-4.115112653936806,-3.679108163981376,-1.9271989799946387,1.3404670547282131,-0.0989285936155462,3.963762776092248,-0.4436037889685726,1.3234545198064809
67.0,197.0,129.88369750976562,-0.0392187524807247,2.683054261908589,-4.114922136147859,-3.6795777604845856,-1.925288325593142,1.3412020927009516,-0.0999221139832497,3.9638507441902,-0.4441360716815598,1.3240769948011513
67.0,197.0,129.88369750976562,-0.0383849644671473,2.6829565493324656,-4.1152425670406885,-3.679085536259625,-1.9245625020625792,1.3398362901102925,-0.0989136901687004,3.964908554644228,-0.4445902552466633,1.3237140521602766
67.0,197.0,129.88369750976562,-0.0381150873514049,2.682542042709517,-4.114430642239843,-3.678878579382245,-1.9244999050184943,1.3406975087022637,-0.0999938618507068,3.963198803446204,-0.4438787615061223,1.3237429493033557
67.0,197.0,129.8837127685547,-0.0393439610213545,2.6830619422745308,-4.114604043222708,-3.680368689308013,-1.9229080885171144,1.340185094365083,-0.099360564882717,3.963476834582344,-0.4430568216979387,1.320904571426344
67.0,197.0,129.88369750976562,-0.0370319986549597,2.682141311654721,-4.11568919640137,-3.679601765843594,-1.9250876999733395,1.3398228311447469,-0.1004837490685165,3.964237534852891,-0.442657322459007,1.323574800022745
67.0,197.0,129.88369750976562,-0.0370807272260081,2.68264859514898,-4.115168223632826,-3.678252415128613,-1.9239598296335736,1.3405486072531194,-0.098422161926668,3.964345449074509,-0.4430919035377933,1.32368118639016
67.0,197.0,129.88369750976562,-0.0371588517049898,2.6805734538012,-4.114829362922763,-3.680286246949066,-1.92656536943232,1.339947151786356,-0.0988547495593402,3.9637048782995135,-0.4439045648392518,1.323849355521426
67.0,197.0,129.88369750976562,-0.0375504977495809,2.682280533818246,-4.115233018272244,-3.679761393898062,-1.925012808213688,1.3408448440508045,-0.0991535257406458,3.963799535448471,-0.4426996479812786,1.32341862225405
67.0,197.0,129.88369750976562,-0.0364782580288229,2.6818429670123987,-4.11474322378592,-3.679358600708835,-1.9243445464444973,1.3403015173573354,-0.09960695951543,3.965946662438152,-0.4428471831983755,1.3238509640840692
67.0,197.0,129.88369750976562,-0.0375050067521598,2.682394795215691,-4.114718372567042,-3.678092981168621,-1.9258440914610253,1.3400083563894525,-0.099182553119151,3.966016159885976,-0.4438312502809411,1.3218137438897066
67.0,197.0,129.88369750976562,-0.0385790505121479,2.6829151465589978,-4.114800802167872,-3.680258446862143,-1.924409893497719,1.340273682270729,-0.0988903953142273,3.964274155720028,-0.443693939368691,1.324358976709781
67.0,197.0,129.88369750976562,-0.0373377203114786,2.682486630971601,-4.114913017838977,-3.6783634873448783,-1.9265970819780125,1.3403155553342478,-0.099168483249192,3.963433477689972,-0.4450287501643289,1.3241048847555466
67.0,197.0,129.88369750976562,-0.0379180192985064,2.682247815866732,-4.11618169808676,-3.678672127199636,-1.9243215382018104,1.341224665253827,-0.0999942253138913,3.964944788080395,-0.4445476548029366,1.3237704141458422
67.0,197.0,129.88369750976562,-0.0379024272348933,2.681548237319513,-4.1147750510204935,-3.679808883893499,-1.9248620463978097,1.3398379650494014,-0.0992112748296654,3.963017815678836,-0.4424179299426491,1.3233375186841294
67.0,197.0,129.88369750976562,-0.0386119900478477,2.682502921158186,-4.115330536104988,-3.67922120648243,-1.924454899099244,1.3398214621333258,-0.0993185791376466,3.963886887649888,-0.4432911272000954,1.323338099550023
67.0,197.0,129.88369750976562,-0.0382477403859779,2.68273101332882,-4.115921932644253,-3.677978964649831,-1.924749009834854,1.3417441945558162,-0.0989616560098664,3.9650317801400976,-0.4436610931860999,1.3237025486479133
67.0,197.0,129.88369750976562,-0.0368336824364338,2.6826832487827823,-4.114591204394081,-3.678575812548972,-1.925641460409574,1.3405690717413157,-0.0993023327242637,3.963040004737601,-0.4453726377459595,1.3228519700821009
67.0,197.0,129.88369750976562,-0.0368682580867013,2.6829220535883818,-4.115330151241876,-3.6800847775118006,-1.924143475813016,1.3403634962947215,-0.0977891263415146,3.964305456688996,-0.4434524361281761,1.323232495747224
67.0,197.0,129.88369750976562,-0.0385555590400413,2.682332051900679,-4.11561887003485,-3.678886500882304,-1.9246899936591084,1.339812599810698,-0.0990985889591814,3.964719517917539,-0.4435134565679196,1.3239478618172835
67.0,197.0,129.88369750976562,-0.0362685215543273,2.6824785535414897,-4.115228802300194,-3.679666890710486,-1.924817154336768,1.3397913112986377,-0.0984104785689082,3.965220519508229,-0.4431274438343454,1.3229101875008091
67.0,197.0,129.88369750976562,-0.0375539125029723,2.683178260371717,-4.114369649219112,-3.679430716965344,-1.9246000535494767,1.3402022966892828,-0.0991060381317665,3.964045450719317,-0.4435850165156397,1.3232991003993002
67.0,197.0,129.88369750976562,-0.0373747018816963,2.6827891322424366,-4.115831560265851,-3.678720605069845,-1.925137080380172,1.3403258327157284,-0.0988966046907536,3.963632318963182,-0.4426579316869733,1.3218509770686553
67.0,197.0,129.88369750976562,-0.0370591034729298,2.6826218239917727,-4.115266560061377,-3.679595996907135,-1.926209819046368,1.3414009745971895,-0.0987779561750726,3.964208636924238,-0.4451036432456676,1.3236569489549574
67.0,197.0,129.88369750976562,-0.0391015901040685,2.6832066369908216,-4.11469770047713,-3.680059309122311,-1.9260168474946973,1.3411719572718803,-0.0990887163406583,3.963894911594921,-0.4433537251091182,1.3222977704533132
67.0,197.0,129.88369750976562,-0.0371238674580442,2.6828863163114574,-4.116450644235016,-3.678852193219088,-1.9245006772364748,1.340853961483298,-0.1003745299408251,3.96483297132265,-0.4438758320633198,1.32253467512871
67.0,197.0,129.88369750976562,-0.0387529514039979,2.682332987600346,-4.114907536737543,-3.6795098013530296,-1.9263257462158496,1.3407473142017434,-0.0999818312495976,3.964815872089346,-0.4437279455012012,1.3221885533632094
67.0,197.0,129.88369750976562,-0.0385026246801999,2.681902136710416,-4.116577281202409,-3.680540846948508,-1.92433206385908,1.3402460540770993,-0.099126385258616,3.9633692913641982,-0.4437405342625667,1.3232985721522927
67.0,198.0,129.88369750976562,-0.0372763731490363,2.6826167704504225,-4.114823442455658,-3.6783468022659607,-1.9261520268860424,1.3403612303406105,-0.0998002543669788,3.963755631935773,-0.4432836224847902,1.323920551784124
67.0,198.0,129.88369750976562,-0.0386144815276365,2.682602177420531,-4.114692785083619,-3.6782825809630206,-1.925857278402108,1.3408475275948784,-0.0997619686173913,3.964034353113425,-0.4420803106852294,1.323383683790692
67.0,198.0,129.88369750976562,-0.0384255196221009,2.6828457518910365,-4.115229419906435,-3.678280070499364,-1.9241863635424368,1.340197132733122,-0.0989346872452995,3.965045366748188,-0.4436973324717846,1.3237061726352286
67.0,198.0,129.88369750976562,-0.0374477628801099,2.682657028303648,-4.114838900894199,-3.678870043592088,-1.9251837276112644,1.3405201841317955,-0.0987901150784344,3.964675583138253,-0.4423633760043502,1.3238448057713843
67.0,198.0,129.88369750976562,-0.0382635524696136,2.682419967614642,-4.114786126384205,-3.679311634560755,-1.925978686292598,1.3411333845684037,-0.0987597980305496,3.9641414728433215,-0.4424791061193618,1.320928414315454
67.0,198.0,129.88369750976562,-0.0384394284723971,2.682975909148543,-4.114785849651962,-3.679239009035948,-1.9244454601702328,1.3399968271028857,-0.0992974966139006,3.9634126109169294,-0.4438348749963561,1.323728487499586
67.0,198.0,129.88369750976562,-0.0375151009923383,2.6815405326175563,-4.11492126820321,-3.678696413336605,-1.9248538354858755,1.3399425126041962,-0.0987835979778907,3.963714046279793,-0.4446811609730565,1.323395357397754
67.0,198.0,129.88369750976562,-0.0377454066103169,2.6825043046280004,-4.114788089707397,-3.679652743106941,-1.9244710726958925,1.340134709603629,-0.1004671214614538,3.9636188560680137,-0.4424447477359667,1.3231665976907154
67.0,198.0,129.8837127685547,-0.0362652747973755,2.6823901769844523,-4.116293217939296,-3.6782962831329993,-1.928995849366236,1.3427363674667676,-0.0986275656262325,3.964030074260883,-0.444997731679174,1.3229369289227255
67.0,198.0,129.88369750976562,-0.0383554438796345,2.6837078456050074,-4.1148397309375175,-3.6796427651577615,-1.925935618093105,1.3413987342605571,-0.0995517511654577,3.963735392106942,-0.4447510661004394,1.3223569690262462
67.0,198.0,129.88369750976562,-0.0374471514184957,2.6830290313127803,-4.114093649499316,-3.679834210451842,-1.924097479454128,1.3403730799535918,-0.0989693227775162,3.9646815998637,-0.4441470635204132,1.3235251103658887
67.0,198.0,129.88369750976562,-0.0382710782515905,2.682893249029939,-4.115279657961465,-3.6792257495786993,-1.924598940320268,1.340114582927606,-0.0982937747407807,3.963413311773425,-0.4438361054294831,1.3238186492275428
67.0,198.0,129.88369750976562,-0.0386767940782647,2.6825724445294745,-4.114978013222114,-3.6803825219341575,-1.925471672712967,1.340026883894302,-0.1000383970307691,3.965015974768844,-0.4424138905121658,1.3231790020943524
67.0,198.0,129.88369750976562,-0.0386743878574695,2.682514171969066,-4.114506661615946,-3.679438333994672,-1.9243521442453364,1.339783745789752,-0.0992489063510318,3.963839175972056,-0.4434921678817331,1.3240327725928551
67.0,198.0,129.88369750976562,-0.0378622370720957,2.681968301780857,-4.11483420834631,-3.6800866107675727,-1.924030423868726,1.3402908182460136,-0.0994770964367983,3.9636342318458793,-0.4433138246954711,1.324016149664466
67.0,198.0,129.88369750976562,-0.038409736125438,2.683223324443615,-4.114847609240932,-3.679415568245977,-1.9254956460903945,1.339956890140793,-0.0993767820110977,3.96545346379171,-0.4440833734044859,1.3235641918682983
67.0,198.0,129.88369750976562,-0.0365283721779428,2.6821798842695697,-4.11603441881068,-3.679486054107372,-1.9251379515389608,1.3405617104052885,-0.1002226474128503,3.96390962240616,-0.4420402715724512,1.3236767237550735
67.0,198.0,129.8837127685547,-0.0365358024724783,2.6818681070312835,-4.112865976977184,-3.679602687252389,-1.924349351054988,1.3402820676057443,-0.1018320141376777,3.9651600061539054,-0.4432204102345752,1.3243243450746875
67.0,198.0,129.88369750976562,-0.0383216637770437,2.6825741157856324,-4.114967170153109,-3.6780063208760607,-1.924454085840296,1.3404595116488414,-0.099584917212826,3.9638032536282113,-0.4437830930453497,1.3237113962040006
67.0,198.0,129.88369750976562,-0.0379767604336877,2.680744641094622,-4.114477853527157,-3.6801701846835897,-1.924400799866619,1.3404674448137248,-0.0999418297218291,3.9646977554076215,-0.4444012423801128,1.3236911002911962
67.0,198.0,129.88369750976562,-0.0390478143195861,2.682337844354252,-4.115926773235828,-3.6795526101329856,-1.924688573970111,1.3412594732204302,-0.0998160293303123,3.963891675060848,-0.4428856325751028,1.3240663398786898
67.0,198.0,129.88369750976562,-0.0383148729229902,2.6832796999404445,-4.116294179060572,-3.6793979513078847,-1.9250865185851764,1.340689295518906,-0.0983386555168854,3.963023765613142,-0.4436402091529069,1.323783064095721
67.0,198.0,129.88369750976562,-0.0379627504806742,2.6821752792535305,-4.115112653936806,-3.679108163981376,-1.9271989799946387,1.3404670547282131,-0.0989285936155462,3.963762776092248,-0.4436037889685726,1.3234545198064809
67.0,198.0,129.88369750976562,-0.0392187524807247,2.683054261908589,-4.114922136147859,-3.6795777604845856,-1.925288325593142,1.3412020927009516,-0.0999221139832497,3.9638507441902,-0.4441360716815598,1.3240769948011513
67.0,198.0,129.88369750976562,-0.0383849644671473,2.6829565493324656,-4.1152425670406885,-3.679085536259625,-1.9245625020625792,1.3398362901102925,-0.0989136901687004,3.964908554644228,-0.4445902552466633,1.3237140521602766
67.0,198.0,129.88369750976562,-0.0381150873514049,2.682542042709517,-4.114430642239843,-3.678878579382245,-1.9244999050184943,1.3406975087022637,-0.0999938618507068,3.963198803446204,-0.4438787615061223,1.3237429493033557
67.0,198.0,129.8837127685547,-0.0393439610213545,2.6830619422745308,-4.114604043222708,-3.680368689308013,-1.9229080885171144,1.340185094365083,-0.099360564882717,3.963476834582344,-0.4430568216979387,1.320904571426344
67.0,198.0,129.88369750976562,-0.0370319986549597,2.682141311654721,-4.11568919640137,-3.679601765843594,-1.9250876999733395,1.3398228311447469,-0.1004837490685165,3.964237534852891,-0.442657322459007,1.323574800022745
67.0,198.0,129.88369750976562,-0.0370807272260081,2.68264859514898,-4.115168223632826,-3.678252415128613,-1.9239598296335736,1.3405486072531194,-0.098422161926668,3.964345449074509,-0.4430919035377933,1.32368118639016
67.0,198.0,129.88369750976562,-0.0371588517049898,2.6805734538012,-4.114829362922763,-3.680286246949066,-1.92656536943232,1.339947151786356,-0.0988547495593402,3.9637048782995135,-0.4439045648392518,1.323849355521426
67.0,198.0,129.88369750976562,-0.0375504977495809,2.682280533818246,-4.115233018272244,-3.679761393898062,-1.925012808213688,1.3408448440508045,-0.0991535257406458,3.963799535448471,-0.4426996479812786,1.32341862225405
67.0,198.0,129.88369750976562,-0.0364782580288229,2.6818429670123987,-4.11474322378592,-3.679358600708835,-1.9243445464444973,1.3403015173573354,-0.09960695951543,3.965946662438152,-0.4428471831983755,1.3238509640840692
67.0,198.0,129.88369750976562,-0.0375050067521598,2.682394795215691,-4.114718372567042,-3.678092981168621,-1.9258440914610253,1.3400083563894525,-0.099182553119151,3.966016159885976,-0.4438312502809411,1.3218137438897066
67.0,198.0,129.88369750976562,-0.0385790505121479,2.6829151465589978,-4.114800802167872,-3.680258446862143,-1.924409893497719,1.340273682270729,-0.0988903953142273,3.964274155720028,-0.443693939368691,1.324358976709781
67.0,198.0,129.88369750976562,-0.0373377203114786,2.682486630971601,-4.114913017838977,-3.6783634873448783,-1.9265970819780125,1.3403155553342478,-0.099168483249192,3.963433477689972,-0.4450287501643289,1.3241048847555466
67.0,198.0,129.88369750976562,-0.0379180192985064,2.682247815866732,-4.11618169808676,-3.678672127199636,-1.9243215382018104,1.341224665253827,-0.0999942253138913,3.964944788080395,-0.4445476548029366,1.3237704141458422
67.0,198.0,129.88369750976562,-0.0379024272348933,2.681548237319513,-4.1147750510204935,-3.679808883893499,-1.9248620463978097,1.3398379650494014,-0.0992112748296654,3.963017815678836,-0.4424179299426491,1.3233375186841294
67.0,198.0,129.88369750976562,-0.0386119900478477,2.682502921158186,-4.115330536104988,-3.67922120648243,-1.924454899099244,1.3398214621333258,-0.0993185791376466,3.963886887649888,-0.4432911272000954,1.323338099550023
67.0,198.0,129.88369750976562,-0.0382477403859779,2.68273101332882,-4.115921932644253,-3.677978964649831,-1.924749009834854,1.3417441945558162,-0.0989616560098664,3.9650317801400976,-0.4436610931860999,1.3237025486479133
67.0,198.0,129.88369750976562,-0.0368336824364338,2.6826832487827823,-4.114591204394081,-3.678575812548972,-1.925641460409574,1.3405690717413157,-0.0993023327242637,3.963040004737601,-0.4453726377459595,1.3228519700821009
67.0,198.0,129.88369750976562,-0.0368682580867013,2.6829220535883818,-4.115330151241876,-3.6800847775118006,-1.924143475813016,1.3403634962947215,-0.0977891263415146,3.964305456688996,-0.4434524361281761,1.323232495747224
67.0,198.0,129.88369750976562,-0.0385555590400413,2.682332051900679,-4.11561887003485,-3.678886500882304,-1.9246899936591084,1.339812599810698,-0.0990985889591814,3.964719517917539,-0.4435134565679196,1.3239478618172835
67.0,198.0,129.88369750976562,-0.0362685215543273,2.6824785535414897,-4.115228802300194,-3.679666890710486,-1.924817154336768,1.3397913112986377,-0.0984104785689082,3.965220519508229,-0.4431274438343454,1.3229101875008091
67.0,198.0,129.88369750976562,-0.0375539125029723,2.683178260371717,-4.114369649219112,-3.679430716965344,-1.9246000535494767,1.3402022966892828,-0.0991060381317665,3.964045450719317,-0.4435850165156397,1.3232991003993002
67.0,198.0,129.88369750976562,-0.0373747018816963,2.6827891322424366,-4.115831560265851,-3.678720605069845,-1.925137080380172,1.3403258327157284,-0.0988966046907536,3.963632318963182,-0.4426579316869733,1.3218509770686553
67.0,198.0,129.88369750976562,-0.0370591034729298,2.6826218239917727,-4.115266560061377,-3.679595996907135,-1.926209819046368,1.3414009745971895,-0.0987779561750726,3.964208636924238,-0.4451036432456676,1.3236569489549574
67.0,198.0,129.88369750976562,-0.0391015901040685,2.6832066369908216,-4.11469770047713,-3.680059309122311,-1.9260168474946973,1.3411719572718803,-0.0990887163406583,3.963894911594921,-0.4433537251091182,1.3222977704533132
67.0,198.0,129.88369750976562,-0.0371238674580442,2.6828863163114574,-4.116450644235016,-3.678852193219088,-1.9245006772364748,1.340853961483298,-0.1003745299408251,3.96483297132265,-0.4438758320633198,1.32253467512871
67.0,198.0,129.88369750976562,-0.0387529514039979,2.682332987600346,-4.114907536737543,-3.6795098013530296,-1.9263257462158496,1.3407473142017434,-0.0999818312495976,3.964815872089346,-0.4437279455012012,1.3221885533632094
67.0,198.0,129.88369750976562,-0.0385026246801999,2.681902136710416,-4.116577281202409,-3.680540846948508,-1.92433206385908,1.3402460540770993,-0.099126385258616,3.9633692913641982,-0.4437405342625667,1.3232985721522927
67.0,199.0,129.88369750976562,-0.0372763731490363,2.6826167704504225,-4.114823442455658,-3.6783468022659607,-1.9261520268860424,1.3403612303406105,-0.0998002543669788,3.963755631935773,-0.4432836224847902,1.323920551784124
67.0,199.0,129.88369750976562,-0.0386144815276365,2.682602177420531,-4.114692785083619,-3.6782825809630206,-1.925857278402108,1.3408475275948784,-0.0997619686173913,3.964034353113425,-0.4420803106852294,1.323383683790692
67.0,199.0,129.88369750976562,-0.0384255196221009,2.6828457518910365,-4.115229419906435,-3.678280070499364,-1.9241863635424368,1.340197132733122,-0.0989346872452995,3.965045366748188,-0.4436973324717846,1.3237061726352286
67.0,199.0,129.88369750976562,-0.0374477628801099,2.682657028303648,-4.114838900894199,-3.678870043592088,-1.9251837276112644,1.3405201841317955,-0.0987901150784344,3.964675583138253,-0.4423633760043502,1.3238448057713843
67.0,199.0,129.88369750976562,-0.0382635524696136,2.682419967614642,-4.114786126384205,-3.679311634560755,-1.925978686292598,1.3411333845684037,-0.0987597980305496,3.9641414728433215,-0.4424791061193618,1.320928414315454
67.0,199.0,129.88369750976562,-0.0384394284723971,2.682975909148543,-4.114785849651962,-3.679239009035948,-1.9244454601702328,1.3399968271028857,-0.0992974966139006,3.9634126109169294,-0.4438348749963561,1.323728487499586
67.0,199.0,129.88369750976562,-0.0375151009923383,2.6815405326175563,-4.11492126820321,-3.678696413336605,-1.9248538354858755,1.3399425126041962,-0.0987835979778907,3.963714046279793,-0.4446811609730565,1.323395357397754
67.0,199.0,129.88369750976562,-0.0377454066103169,2.6825043046280004,-4.114788089707397,-3.679652743106941,-1.9244710726958925,1.340134709603629,-0.1004671214614538,3.9636188560680137,-0.4424447477359667,1.3231665976907154
67.0,199.0,129.8837127685547,-0.0362652747973755,2.6823901769844523,-4.116293217939296,-3.6782962831329993,-1.928995849366236,1.3427363674667676,-0.0986275656262325,3.964030074260883,-0.444997731679174,1.3229369289227255
67.0,199.0,129.88369750976562,-0.0383554438796345,2.6837078456050074,-4.1148397309375175,-3.6796427651577615,-1.925935618093105,1.3413987342605571,-0.0995517511654577,3.963735392106942,-0.4447510661004394,1.3223569690262462
67.0,199.0,129.88369750976562,-0.0374471514184957,2.6830290313127803,-4.114093649499316,-3.679834210451842,-1.924097479454128,1.3403730799535918,-0.0989693227775162,3.9646815998637,-0.4441470635204132,1.3235251103658887
67.0,199.0,129.88369750976562,-0.0382710782515905,2.682893249029939,-4.115279657961465,-3.6792257495786993,-1.924598940320268,1.340114582927606,-0.0982937747407807,3.963413311773425,-0.4438361054294831,1.3238186492275428
67.0,199.0,129.88369750976562,-0.0386767940782647,2.6825724445294745,-4.114978013222114,-3.6803825219341575,-1.925471672712967,1.340026883894302,-0.1000383970307691,3.965015974768844,-0.4424138905121658,1.3231790020943524
67.0,199.0,129.88369750976562,-0.0386743878574695,2.682514171969066,-4.114506661615946,-3.679438333994672,-1.9243521442453364,1.339783745789752,-0.0992489063510318,3.963839175972056,-0.4434921678817331,1.3240327725928551
67.0,199.0,129.88369750976562,-0.0378622370720957,2.681968301780857,-4.11483420834631,-3.6800866107675727,-1.924030423868726,1.3402908182460136,-0.0994770964367983,3.9636342318458793,-0.4433138246954711,1.324016149664466
67.0,199.0,129.88369750976562,-0.038409736125438,2.683223324443615,-4.114847609240932,-3.679415568245977,-1.9254956460903945,1.339956890140793,-0.0993767820110977,3.96545346379171,-0.4440833734044859,1.3235641918682983
67.0,199.0,129.88369750976562,-0.0365283721779428,2.6821798842695697,-4.11603441881068,-3.679486054107372,-1.9251379515389608,1.3405617104052885,-0.1002226474128503,3.96390962240616,-0.4420402715724512,1.3236767237550735
67.0,199.0,129.8837127685547,-0.0365358024724783,2.6818681070312835,-4.112865976977184,-3.679602687252389,-1.924349351054988,1.3402820676057443,-0.1018320141376777,3.9651600061539054,-0.4432204102345752,1.3243243450746875
67.0,199.0,129.88369750976562,-0.0383216637770437,2.6825741157856324,-4.114967170153109,-3.6780063208760607,-1.924454085840296,1.3404595116488414,-0.099584917212826,3.9638032536282113,-0.4437830930453497,1.3237113962040006
67.0,199.0,129.88369750976562,-0.0379767604336877,2.680744641094622,-4.114477853527157,-3.6801701846835897,-1.924400799866619,1.3404674448137248,-0.0999418297218291,3.9646977554076215,-0.4444012423801128,1.3236911002911962
67.0,199.0,129.88369750976562,-0.0390478143195861,2.682337844354252,-4.115926773235828,-3.6795526101329856,-1.924688573970111,1.3412594732204302,-0.0998160293303123,3.963891675060848,-0.4428856325751028,1.3240663398786898
67.0,199.0,129.88369750976562,-0.0383148729229902,2.6832796999404445,-4.116294179060572,-3.6793979513078847,-1.9250865185851764,1.340689295518906,-0.0983386555168854,3.963023765613142,-0.4436402091529069,1.323783064095721
67.0,199.0,129.88369750976562,-0.0379627504806742,2.6821752792535305,-4.115112653936806,-3.679108163981376,-1.9271989799946387,1.3404670547282131,-0.0989285936155462,3.963762776092248,-0.4436037889685726,1.3234545198064809
67.0,199.0,129.88369750976562,-0.0392187524807247,2.683054261908589,-4.114922136147859,-3.6795777604845856,-1.925288325593142,1.3412020927009516,-0.0999221139832497,3.9638507441902,-0.4441360716815598,1.3240769948011513
67.0,199.0,129.88369750976562,-0.0383849644671473,2.6829565493324656,-4.1152425670406885,-3.679085536259625,-1.9245625020625792,1.3398362901102925,-0.0989136901687004,3.964908554644228,-0.4445902552466633,1.3237140521602766
67.0,199.0,129.88369750976562,-0.0381150873514049,2.682542042709517,-4.114430642239843,-3.678878579382245,-1.9244999050184943,1.3406975087022637,-0.0999938618507068,3.963198803446204,-0.4438787615061223,1.3237429493033557
67.0,199.0,129.8837127685547,-0.0393439610213545,2.6830619422745308,-4.114604043222708,-3.680368689308013,-1.9229080885171144,1.340185094365083,-0.099360564882717,3.963476834582344,-0.4430568216979387,1.320904571426344
67.0,199.0,129.88369750976562,-0.0370319986549597,2.682141311654721,-4.11568919640137,-3.679601765843594,-1.9250876999733395,1.3398228311447469,-0.1004837490685165,3.964237534852891,-0.442657322459007,1.323574800022745
67.0,199.0,129.88369750976562,-0.0370807272260081,2.68264859514898,-4.115168223632826,-3.678252415128613,-1.9239598296335736,1.3405486072531194,-0.098422161926668,3.964345449074509,-0.4430919035377933,1.32368118639016
67.0,199.0,129.88369750976562,-0.0371588517049898,2.6805734538012,-4.114829362922763,-3.680286246949066,-1.92656536943232,1.339947151786356,-0.0988547495593402,3.9637048782995135,-0.4439045648392518,1.323849355521426
67.0,199.0,129.88369750976562,-0.0375504977495809,2.682280533818246,-4.115233018272244,-3.679761393898062,-1.925012808213688,1.3408448440508045,-0.0991535257406458,3.963799535448471,-0.4426996479812786,1.32341862225405
67.0,199.0,129.88369750976562,-0.0364782580288229,2.6818429670123987,-4.11474322378592,-3.679358600708835,-1.9243445464444973,1.3403015173573354,-0.09960695951543,3.965946662438152,-0.4428471831983755,1.3238509640840692
67.0,199.0,129.88369750976562,-0.0375050067521598,2.682394795215691,-4.114718372567042,-3.678092981168621,-1.9258440914610253,1.3400083563894525,-0.099182553119151,3.966016159885976,-0.4438312502809411,1.3218137438897066
67.0,199.0,129.88369750976562,-0.0385790505121479,2.6829151465589978,-4.114800802167872,-3.680258446862143,-1.924409893497719,1.340273682270729,-0.0988903953142273,3.964274155720028,-0.443693939368691,1.324358976709781
67.0,199.0,129.88369750976562,-0.0373377203114786,2.682486630971601,-4.114913017838977,-3.6783634873448783,-1.9265970819780125,1.3403155553342478,-0.099168483249192,3.963433477689972,-0.4450287501643289,1.3241048847555466
67.0,199.0,129.88369750976562,-0.0379180192985064,2.682247815866732,-4.11618169808676,-3.678672127199636,-1.9243215382018104,1.341224665253827,-0.0999942253138913,3.964944788080395,-0.4445476548029366,1.3237704141458422
67.0,199.0,129.88369750976562,-0.0379024272348933,2.681548237319513,-4.1147750510204935,-3.679808883893499,-1.9248620463978097,1.3398379650494014,-0.0992112748296654,3.963017815678836,-0.4424179299426491,1.3233375186841294
67.0,199.0,129.88369750976562,-0.0386119900478477,2.682502921158186,-4.115330536104988,-3.67922120648243,-1.924454899099244,1.3398214621333258,-0.0993185791376466,3.963886887649888,-0.4432911272000954,1.323338099550023
67.0,199.0,129.88369750976562,-0.0382477403859779,2.68273101332882,-4.115921932644253,-3.677978964649831,-1.924749009834854,1.3417441945558162,-0.0989616560098664,3.9650317801400976,-0.4436610931860999,1.3237025486479133
67.0,199.0,129.88369750976562,-0.0368336824364338,2.6826832487827823,-4.114591204394081,-3.678575812548972,-1.925641460409574,1.3405690717413157,-0.0993023327242637,3.963040004737601,-0.4453726377459595,1.3228519700821009
67.0,199.0,129.88369750976562,-0.0368682580867013,2.6829220535883818,-4.115330151241876,-3.6800847775118006,-1.924143475813016,1.3403634962947215,-0.0977891263415146,3.964305456688996,-0.4434524361281761,1.323232495747224
67.0,199.0,129.88369750976562,-0.0385555590400413,2.682332051900679,-4.11561887003485,-3.678886500882304,-1.9246899936591084,1.339812599810698,-0.0990985889591814,3.964719517917539,-0.4435134565679196,1.3239478618172835
67.0,199.0,129.88369750976562,-0.0362685215543273,2.6824785535414897,-4.115228802300194,-3.679666890710486,-1.924817154336768,1.3397913112986377,-0.0984104785689082,3.965220519508229,-0.4431274438343454,1.3229101875008091
67.0,199.0,129.88369750976562,-0.0375539125029723,2.683178260371717,-4.114369649219112,-3.679430716965344,-1.9246000535494767,1.3402022966892828,-0.0991060381317665,3.964045450719317,-0.4435850165156397,1.3232991003993002
67.0,199.0,129.88369750976562,-0.0373747018816963,2.6827891322424366,-4.115831560265851,-3.678720605069845,-1.925137080380172,1.3403258327157284,-0.0988966046907536,3.963632318963182,-0.4426579316869733,1.3218509770686553
67.0,199.0,129.88369750976562,-0.0370591034729298,2.6826218239917727,-4.115266560061377,-3.679595996907135,-1.926209819046368,1.3414009745971895,-0.0987779561750726,3.964208636924238,-0.4451036432456676,1.3236569489549574
67.0,199.0,129.88369750976562,-0.0391015901040685,2.6832066369908216,-4.11469770047713,-3.680059309122311,-1.9260168474946973,1.3411719572718803,-0.0990887163406583,3.963894911594921,-0.4433537251091182,1.3222977704533132
67.0,199.0,129.88369750976562,-0.0371238674580442,2.6828863163114574,-4.116450644235016,-3.678852193219088,-1.9245006772364748,1.340853961483298,-0.1003745299408251,3.96483297132265,-0.4438758320633198,1.32253467512871
67.0,199.0,129.88369750976562,-0.0387529514039979,2.682332987600346,-4.114907536737543,-3.6795098013530296,-1.9263257462158496,1.3407473142017434,-0.0999818312495976,3.964815872089346,-0.4437279455012012,1.3221885533632094
67.0,199.0,129.88369750976562,-0.0385026246801999,2.681902136710416,-4.116577281202409,-3.680540846948508,-1.92433206385908,1.3402460540770993,-0.099126385258616,3.9633692913641982,-0.4437405342625667,1.3232985721522927
67.0,200.0,129.88369750976562,-0.0372763731490363,2.6826167704504225,-4.114823442455658,-3.6783468022659607,-1.9261520268860424,1.3403612303406105,-0.0998002543669788,3.963755631935773,-0.4432836224847902,1.323920551784124
67.0,200.0,129.88369750976562,-0.0386144815276365,2.682602177420531,-4.114692785083619,-3.6782825809630206,-1.925857278402108,1.3408475275948784,-0.0997619686173913,3.964034353113425,-0.4420803106852294,1.323383683790692
67.0,200.0,129.88369750976562,-0.0384255196221009,2.6828457518910365,-4.115229419906435,-3.678280070499364,-1.9241863635424368,1.340197132733122,-0.0989346872452995,3.965045366748188,-0.4436973324717846,1.3237061726352286
67.0,200.0,129.88369750976562,-0.0374477628801099,2.682657028303648,-4.114838900894199,-3.678870043592088,-1.9251837276112644,1.3405201841317955,-0.0987901150784344,3.964675583138253,-0.4423633760043502,1.3238448057713843
67.0,200.0,129.88369750976562,-0.0382635524696136,2.682419967614642,-4.114786126384205,-3.679311634560755,-1.925978686292598,1.3411333845684037,-0.0987597980305496,3.9641414728433215,-0.4424791061193618,1.320928414315454
67.0,200.0,129.88369750976562,-0.0384394284723971,2.682975909148543,-4.114785849651962,-3.679239009035948,-1.9244454601702328,1.3399968271028857,-0.0992974966139006,3.9634126109169294,-0.4438348749963561,1.323728487499586
67.0,200.0,129.88369750976562,-0.0375151009923383,2.6815405326175563,-4.11492126820321,-3.678696413336605,-1.9248538354858755,1.3399425126041962,-0.0987835979778907,3.963714046279793,-0.4446811609730565,1.323395357397754
67.0,200.0,129.88369750976562,-0.0377454066103169,2.6825043046280004,-4.114788089707397,-3.679652743106941,-1.9244710726958925,1.340134709603629,-0.1004671214614538,3.9636188560680137,-0.4424447477359667,1.3231665976907154
67.0,200.0,129.8837127685547,-0.0362652747973755,2.6823901769844523,-4.116293217939296,-3.6782962831329993,-1.928995849366236,1.3427363674667676,-0.0986275656262325,3.964030074260883,-0.444997731679174,1.3229369289227255
67.0,200.0,129.88369750976562,-0.0383554438796345,2.6837078456050074,-4.1148397309375175,-3.6796427651577615,-1.925935618093105,1.3413987342605571,-0.0995517511654577,3.963735392106942,-0.4447510661004394,1.3223569690262462
67.0,200.0,129.88369750976562,-0.0374471514184957,2.6830290313127803,-4.114093649499316,-3.679834210451842,-1.924097479454128,1.3403730799535918,-0.0989693227775162,3.9646815998637,-0.4441470635204132,1.3235251103658887
67.0,200.0,129.88369750976562,-0.0382710782515905,2.682893249029939,-4.115279657961465,-3.6792257495786993,-1.924598940320268,1.340114582927606,-0.0982937747407807,3.963413311773425,-0.4438361054294831,1.3238186492275428
67.0,200.0,129.88369750976562,-0.0386767940782647,2.6825724445294745,-4.114978013222114,-3.6803825219341575,-1.925471672712967,1.340026883894302,-0.1000383970307691,3.965015974768844,-0.4424138905121658,1.3231790020943524
67.0,200.0,129.88369750976562,-0.0386743878574695,2.682514171969066,-4.114506661615946,-3.679438333994672,-1.9243521442453364,1.339783745789752,-0.0992489063510318,3.963839175972056,-0.4434921678817331,1.3240327725928551
67.0,200.0,129.88369750976562,-0.0378622370720957,2.681968301780857,-4.11483420834631,-3.6800866107675727,-1.924030423868726,1.3402908182460136,-0.0994770964367983,3.9636342318458793,-0.4433138246954711,1.324016149664466
67.0,200.0,129.88369750976562,-0.038409736125438,2.683223324443615,-4.114847609240932,-3.679415568245977,-1.9254956460903945,1.339956890140793,-0.0993767820110977,3.96545346379171,-0.4440833734044859,1.3235641918682983
67.0,200.0,129.88369750976562,-0.0365283721779428,2.6821798842695697,-4.11603441881068,-3.679486054107372,-1.9251379515389608,1.3405617104052885,-0.1002226474128503,3.96390962240616,-0.4420402715724512,1.3236767237550735
67.0,200.0,129.8837127685547,-0.0365358024724783,2.6818681070312835,-4.112865976977184,-3.679602687252389,-1.924349351054988,1.3402820676057443,-0.1018320141376777,3.9651600061539054,-0.4432204102345752,1.3243243450746875
67.0,200.0,129.88369750976562,-0.0383216637770437,2.6825741157856324,-4.114967170153109,-3.6780063208760607,-1.924454085840296,1.3404595116488414,-0.099584917212826,3.9638032536282113,-0.4437830930453497,1.3237113962040006
67.0,200.0,129.88369750976562,-0.0379767604336877,2.680744641094622,-4.114477853527157,-3.6801701846835897,-1.924400799866619,1.3404674448137248,-0.0999418297218291,3.9646977554076215,-0.4444012423801128,1.3236911002911962
67.0,200.0,129.88369750976562,-0.0390478143195861,2.682337844354252,-4.115926773235828,-3.6795526101329856,-1.924688573970111,1.3412594732204302,-0.0998160293303123,3.963891675060848,-0.4428856325751028,1.3240663398786898
67.0,200.0,129.88369750976562,-0.0383148729229902,2.6832796999404445,-4.116294179060572,-3.6793979513078847,-1.9250865185851764,1.340689295518906,-0.0983386555168854,3.963023765613142,-0.4436402091529069,1.323783064095721
67.0,200.0,129.88369750976562,-0.0379627504806742,2.6821752792535305,-4.115112653936806,-3.679108163981376,-1.9271989799946387,1.3404670547282131,-0.0989285936155462,3.963762776092248,-0.4436037889685726,1.3234545198064809
67.0,200.0,129.88369750976562,-0.0392187524807247,2.683054261908589,-4.114922136147859,-3.6795777604845856,-1.925288325593142,1.3412020927009516,-0.0999221139832497,3.9638507441902,-0.4441360716815598,1.3240769948011513
67.0,200.0,129.88369750976562,-0.0383849644671473,2.6829565493324656,-4.1152425670406885,-3.679085536259625,-1.9245625020625792,1.3398362901102925,-0.0989136901687004,3.964908554644228,-0.4445902552466633,1.3237140521602766
67.0,200.0,129.88369750976562,-0.0381150873514049,2.682542042709517,-4.114430642239843,-3.678878579382245,-1.9244999050184943,1.3406975087022637,-0.0999938618507068,3.963198803446204,-0.4438787615061223,1.3237429493033557
67.0,200.0,129.88369750976562,-0.0356061132564945,2.682682236611596,-4.114853691872366,-3.679371797552783,-1.926117401442866,1.3402494852328133,-0.0995158924403936,3.963593572879813,-0.4432809198229624,1.3217267572875264
67.0,200.0,129.88369750976562,-0.0370319986549597,2.682141311654721,-4.11568919640137,-3.679601765843594,-1.9250876999733395,1.3398228311447469,-0.1004837490685165,3.964237534852891,-0.442657322459007,1.323574800022745
67.0,200.0,129.88369750976562,-0.0370807272260081,2.68264859514898,-4.115168223632826,-3.678252415128613,-1.9239598296335736,1.3405486072531194,-0.098422161926668,3.964345449074509,-0.4430919035377933,1.32368118639016
67.0,200.0,129.88369750976562,-0.0371588517049898,2.6805734538012,-4.114829362922763,-3.680286246949066,-1.92656536943232,1.339947151786356,-0.0988547495593402,3.9637048782995135,-0.4439045648392518,1.323849355521426
67.0,200.0,129.88369750976562,-0.0375504977495809,2.682280533818246,-4.115233018272244,-3.679761393898062,-1.925012808213688,1.3408448440508045,-0.0991535257406458,3.963799535448471,-0.4426996479812786,1.32341862225405
67.0,200.0,129.88369750976562,-0.0364782580288229,2.6818429670123987,-4.11474322378592,-3.679358600708835,-1.9243445464444973,1.3403015173573354,-0.09960695951543,3.965946662438152,-0.4428471831983755,1.3238509640840692
67.0,200.0,129.88369750976562,-0.0375050067521598,2.682394795215691,-4.114718372567042,-3.678092981168621,-1.9258440914610253,1.3400083563894525,-0.099182553119151,3.966016159885976,-0.4438312502809411,1.3218137438897066
67.0,200.0,129.88369750976562,-0.0385790505121479,2.6829151465589978,-4.114800802167872,-3.680258446862143,-1.924409893497719,1.340273682270729,-0.0988903953142273,3.964274155720028,-0.443693939368691,1.324358976709781
67.0,200.0,129.88369750976562,-0.0373377203114786,2.682486630971601,-4.114913017838977,-3.6783634873448783,-1.9265970819780125,1.3403155553342478,-0.099168483249192,3.963433477689972,-0.4450287501643289,1.3241048847555466
67.0,200.0,129.88369750976562,-0.0379180192985064,2.682247815866732,-4.11618169808676,-3.678672127199636,-1.9243215382018104,1.341224665253827,-0.0999942253138913,3.964944788080395,-0.4445476548029366,1.3237704141458422
67.0,200.0,129.88369750976562,-0.0379024272348933,2.681548237319513,-4.1147750510204935,-3.679808883893499,-1.9248620463978097,1.3398379650494014,-0.0992112748296654,3.963017815678836,-0.4424179299426491,1.3233375186841294
67.0,200.0,129.88369750976562,-0.0386119900478477,2.682502921158186,-4.115330536104988,-3.67922120648243,-1.924454899099244,1.3398214621333258,-0.0993185791376466,3.963886887649888,-0.4432911272000954,1.323338099550023
67.0,200.0,129.88369750976562,-0.0382477403859779,2.68273101332882,-4.115921932644253,-3.677978964649831,-1.924749009834854,1.3417441945558162,-0.0989616560098664,3.9650317801400976,-0.4436610931860999,1.3237025486479133
67.0,200.0,129.88369750976562,-0.0368336824364338,2.6826832487827823,-4.114591204394081,-3.678575812548972,-1.925641460409574,1.3405690717413157,-0.0993023327242637,3.963040004737601,-0.4453726377459595,1.3228519700821009
67.0,200.0,129.88369750976562,-0.0368682580867013,2.6829220535883818,-4.115330151241876,-3.6800847775118006,-1.924143475813016,1.3403634962947215,-0.0977891263415146,3.964305456688996,-0.4434524361281761,1.323232495747224
67.0,200.0,129.88369750976562,-0.0385555590400413,2.682332051900679,-4.11561887003485,-3.678886500882304,-1.9246899936591084,1.339812599810698,-0.0990985889591814,3.964719517917539,-0.4435134565679196,1.3239478618172835
67.0,200.0,129.88369750976562,-0.0362685215543273,2.6824785535414897,-4.115228802300194,-3.679666890710486,-1.924817154336768,1.3397913112986377,-0.0984104785689082,3.965220519508229,-0.4431274438343454,1.3229101875008091
67.0,200.0,129.88369750976562,-0.0375539125029723,2.683178260371717,-4.114369649219112,-3.679430716965344,-1.9246000535494767,1.3402022966892828,-0.0991060381317665,3.964045450719317,-0.4435850165156397,1.3232991003993002
67.0,200.0,129.88369750976562,-0.0373747018816963,2.6827891322424366,-4.115831560265851,-3.678720605069845,-1.925137080380172,1.3403258327157284,-0.0988966046907536,3.963632318963182,-0.4426579316869733,1.3218509770686553
67.0,200.0,129.88369750976562,-0.0370591034729298,2.6826218239917727,-4.115266560061377,-3.679595996907135,-1.926209819046368,1.3414009745971895,-0.0987779561750726,3.964208636924238,-0.4451036432456676,1.3236569489549574
67.0,200.0,129.88369750976562,-0.0391015901040685,2.6832066369908216,-4.11469770047713,-3.680059309122311,-1.9260168474946973,1.3411719572718803,-0.0990887163406583,3.963894911594921,-0.4433537251091182,1.3222977704533132
67.0,200.0,129.88369750976562,-0.0371238674580442,2.6828863163114574,-4.116450644235016,-3.678852193219088,-1.9245006772364748,1.340853961483298,-0.1003745299408251,3.96483297132265,-0.4438758320633198,1.32253467512871
67.0,200.0,129.88369750976562,-0.0387529514039979,2.682332987600346,-4.114907536737543,-3.6795098013530296,-1.9263257462158496,1.3407473142017434,-0.0999818312495976,3.964815872089346,-0.4437279455012012,1.3221885533632094
67.0,200.0,129.88369750976562,-0.0385026246801999,2.681902136710416,-4.116577281202409,-3.680540846948508,-1.92433206385908,1.3402460540770993,-0.099126385258616,3.9633692913641982,-0.4437405342625667,1.3232985721522927
67.0,201.0,129.88369750976562,-0.0372763731490363,2.6826167704504225,-4.114823442455658,-3.6783468022659607,-1.9261520268860424,1.3403612303406105,-0.0998002543669788,3.963755631935773,-0.4432836224847902,1.323920551784124
67.0,201.0,129.88369750976562,-0.0386144815276365,2.682602177420531,-4.114692785083619,-3.6782825809630206,-1.925857278402108,1.3408475275948784,-0.0997619686173913,3.964034353113425,-0.4420803106852294,1.323383683790692
67.0,201.0,129.88369750976562,-0.0384255196221009,2.6828457518910365,-4.115229419906435,-3.678280070499364,-1.9241863635424368,1.340197132733122,-0.0989346872452995,3.965045366748188,-0.4436973324717846,1.3237061726352286
67.0,201.0,129.88369750976562,-0.0374477628801099,2.682657028303648,-4.114838900894199,-3.678870043592088,-1.9251837276112644,1.3405201841317955,-0.0987901150784344,3.964675583138253,-0.4423633760043502,1.3238448057713843
67.0,201.0,129.88369750976562,-0.0382635524696136,2.682419967614642,-4.114786126384205,-3.679311634560755,-1.925978686292598,1.3411333845684037,-0.0987597980305496,3.9641414728433215,-0.4424791061193618,1.320928414315454
67.0,201.0,129.88369750976562,-0.0384394284723971,2.682975909148543,-4.114785849651962,-3.679239009035948,-1.9244454601702328,1.3399968271028857,-0.0992974966139006,3.9634126109169294,-0.4438348749963561,1.323728487499586
67.0,201.0,129.88369750976562,-0.0375151009923383,2.6815405326175563,-4.11492126820321,-3.678696413336605,-1.9248538354858755,1.3399425126041962,-0.0987835979778907,3.963714046279793,-0.4446811609730565,1.323395357397754
67.0,201.0,129.88369750976562,-0.0377454066103169,2.6825043046280004,-4.114788089707397,-3.679652743106941,-1.9244710726958925,1.340134709603629,-0.1004671214614538,3.9636188560680137,-0.4424447477359667,1.3231665976907154
67.0,201.0,129.8837127685547,-0.0362652747973755,2.6823901769844523,-4.116293217939296,-3.6782962831329993,-1.928995849366236,1.3427363674667676,-0.0986275656262325,3.964030074260883,-0.444997731679174,1.3229369289227255
67.0,201.0,129.88369750976562,-0.0383554438796345,2.6837078456050074,-4.1148397309375175,-3.6796427651577615,-1.925935618093105,1.3413987342605571,-0.0995517511654577,3.963735392106942,-0.4447510661004394,1.3223569690262462
67.0,201.0,129.88369750976562,-0.0374471514184957,2.6830290313127803,-4.114093649499316,-3.679834210451842,-1.924097479454128,1.3403730799535918,-0.0989693227775162,3.9646815998637,-0.4441470635204132,1.3235251103658887
67.0,201.0,129.88369750976562,-0.0382710782515905,2.682893249029939,-4.115279657961465,-3.6792257495786993,-1.924598940320268,1.340114582927606,-0.0982937747407807,3.963413311773425,-0.4438361054294831,1.3238186492275428
67.0,201.0,129.88369750976562,-0.0386767940782647,2.6825724445294745,-4.114978013222114,-3.6803825219341575,-1.925471672712967,1.340026883894302,-0.1000383970307691,3.965015974768844,-0.4424138905121658,1.3231790020943524
67.0,201.0,129.88369750976562,-0.0386743878574695,2.682514171969066,-4.114506661615946,-3.679438333994672,-1.9243521442453364,1.339783745789752,-0.0992489063510318,3.963839175972056,-0.4434921678817331,1.3240327725928551
67.0,201.0,129.88369750976562,-0.0378622370720957,2.681968301780857,-4.11483420834631,-3.6800866107675727,-1.924030423868726,1.3402908182460136,-0.0994770964367983,3.9636342318458793,-0.4433138246954711,1.324016149664466
67.0,201.0,129.88369750976562,-0.038409736125438,2.683223324443615,-4.114847609240932,-3.679415568245977,-1.9254956460903945,1.339956890140793,-0.0993767820110977,3.96545346379171,-0.4440833734044859,1.3235641918682983
67.0,201.0,129.88369750976562,-0.0365283721779428,2.6821798842695697,-4.11603441881068,-3.679486054107372,-1.9251379515389608,1.3405617104052885,-0.1002226474128503,3.96390962240616,-0.4420402715724512,1.3236767237550735
67.0,201.0,129.8837127685547,-0.0365358024724783,2.6818681070312835,-4.112865976977184,-3.679602687252389,-1.924349351054988,1.3402820676057443,-0.1018320141376777,3.9651600061539054,-0.4432204102345752,1.3243243450746875
67.0,201.0,129.88369750976562,-0.0383216637770437,2.6825741157856324,-4.114967170153109,-3.6780063208760607,-1.924454085840296,1.3404595116488414,-0.099584917212826,3.9638032536282113,-0.4437830930453497,1.3237113962040006
67.0,201.0,129.88369750976562,-0.0379767604336877,2.680744641094622,-4.114477853527157,-3.6801701846835897,-1.924400799866619,1.3404674448137248,-0.0999418297218291,3.9646977554076215,-0.4444012423801128,1.3236911002911962
67.0,201.0,129.88369750976562,-0.0390478143195861,2.682337844354252,-4.115926773235828,-3.6795526101329856,-1.924688573970111,1.3412594732204302,-0.0998160293303123,3.963891675060848,-0.4428856325751028,1.3240663398786898
67.0,201.0,129.88369750976562,-0.0383148729229902,2.6832796999404445,-4.116294179060572,-3.6793979513078847,-1.9250865185851764,1.340689295518906,-0.0983386555168854,3.963023765613142,-0.4436402091529069,1.323783064095721
67.0,201.0,129.88369750976562,-0.0379627504806742,2.6821752792535305,-4.115112653936806,-3.679108163981376,-1.9271989799946387,1.3404670547282131,-0.0989285936155462,3.963762776092248,-0.4436037889685726,1.3234545198064809
67.0,201.0,129.88369750976562,-0.0392187524807247,2.683054261908589,-4.114922136147859,-3.6795777604845856,-1.925288325593142,1.3412020927009516,-0.0999221139832497,3.9638507441902,-0.4441360716815598,1.3240769948011513
67.0,201.0,129.88369750976562,-0.0383849644671473,2.6829565493324656,-4.1152425670406885,-3.679085536259625,-1.9245625020625792,1.3398362901102925,-0.0989136901687004,3.964908554644228,-0.4445902552466633,1.3237140521602766
67.0,201.0,129.88369750976562,-0.0381150873514049,2.682542042709517,-4.114430642239843,-3.678878579382245,-1.9244999050184943,1.3406975087022637,-0.0999938618507068,3.963198803446204,-0.4438787615061223,1.3237429493033557
67.0,201.0,129.88369750976562,-0.0356061132564945,2.682682236611596,-4.114853691872366,-3.679371797552783,-1.926117401442866,1.3402494852328133,-0.0995158924403936,3.963593572879813,-0.4432809198229624,1.3217267572875264
67.0,201.0,129.88369750976562,-0.0370319986549597,2.682141311654721,-4.11568919640137,-3.679601765843594,-1.9250876999733395,1.3398228311447469,-0.1004837490685165,3.964237534852891,-0.442657322459007,1.323574800022745
67.0,201.0,129.88369750976562,-0.0370807272260081,2.68264859514898,-4.115168223632826,-3.678252415128613,-1.9239598296335736,1.3405486072531194,-0.098422161926668,3.964345449074509,-0.4430919035377933,1.32368118639016
67.0,201.0,129.88369750976562,-0.0371588517049898,2.6805734538012,-4.114829362922763,-3.680286246949066,-1.92656536943232,1.339947151786356,-0.0988547495593402,3.9637048782995135,-0.4439045648392518,1.323849355521426
67.0,201.0,129.88369750976562,-0.0375504977495809,2.682280533818246,-4.115233018272244,-3.679761393898062,-1.925012808213688,1.3408448440508045,-0.0991535257406458,3.963799535448471,-0.4426996479812786,1.32341862225405
67.0,201.0,129.88369750976562,-0.0364782580288229,2.6818429670123987,-4.11474322378592,-3.679358600708835,-1.9243445464444973,1.3403015173573354,-0.09960695951543,3.965946662438152,-0.4428471831983755,1.3238509640840692
67.0,201.0,129.88369750976562,-0.0375050067521598,2.682394795215691,-4.114718372567042,-3.678092981168621,-1.9258440914610253,1.3400083563894525,-0.099182553119151,3.966016159885976,-0.4438312502809411,1.3218137438897066
67.0,201.0,129.88369750976562,-0.0385790505121479,2.6829151465589978,-4.114800802167872,-3.680258446862143,-1.924409893497719,1.340273682270729,-0.0988903953142273,3.964274155720028,-0.443693939368691,1.324358976709781
67.0,201.0,129.88369750976562,-0.0373377203114786,2.682486630971601,-4.114913017838977,-3.6783634873448783,-1.9265970819780125,1.3403155553342478,-0.099168483249192,3.963433477689972,-0.4450287501643289,1.3241048847555466
67.0,201.0,129.88369750976562,-0.0379180192985064,2.682247815866732,-4.11618169808676,-3.678672127199636,-1.9243215382018104,1.341224665253827,-0.0999942253138913,3.964944788080395,-0.4445476548029366,1.3237704141458422
67.0,201.0,129.88369750976562,-0.0379024272348933,2.681548237319513,-4.1147750510204935,-3.679808883893499,-1.9248620463978097,1.3398379650494014,-0.0992112748296654,3.963017815678836,-0.4424179299426491,1.3233375186841294
67.0,201.0,129.88369750976562,-0.0386119900478477,2.682502921158186,-4.115330536104988,-3.67922120648243,-1.924454899099244,1.3398214621333258,-0.0993185791376466,3.963886887649888,-0.4432911272000954,1.323338099550023
67.0,201.0,129.88369750976562,-0.0382477403859779,2.68273101332882,-4.115921932644253,-3.677978964649831,-1.924749009834854,1.3417441945558162,-0.0989616560098664,3.9650317801400976,-0.4436610931860999,1.3237025486479133
67.0,201.0,129.88369750976562,-0.0368336824364338,2.6826832487827823,-4.114591204394081,-3.678575812548972,-1.925641460409574,1.3405690717413157,-0.0993023327242637,3.963040004737601,-0.4453726377459595,1.3228519700821009
67.0,201.0,129.88369750976562,-0.0368682580867013,2.6829220535883818,-4.115330151241876,-3.6800847775118006,-1.924143475813016,1.3403634962947215,-0.0977891263415146,3.964305456688996,-0.4434524361281761,1.323232495747224
67.0,201.0,129.88369750976562,-0.0385555590400413,2.682332051900679,-4.11561887003485,-3.678886500882304,-1.9246899936591084,1.339812599810698,-0.0990985889591814,3.964719517917539,-0.4435134565679196,1.3239478618172835
67.0,201.0,129.88369750976562,-0.0362685215543273,2.6824785535414897,-4.115228802300194,-3.679666890710486,-1.924817154336768,1.3397913112986377,-0.0984104785689082,3.965220519508229,-0.4431274438343454,1.3229101875008091
67.0,201.0,129.88369750976562,-0.0375539125029723,2.683178260371717,-4.114369649219112,-3.679430716965344,-1.9246000535494767,1.3402022966892828,-0.0991060381317665,3.964045450719317,-0.4435850165156397,1.3232991003993002
67.0,201.0,129.88369750976562,-0.0373747018816963,2.6827891322424366,-4.115831560265851,-3.678720605069845,-1.925137080380172,1.3403258327157284,-0.0988966046907536,3.963632318963182,-0.4426579316869733,1.3218509770686553
67.0,201.0,129.88369750976562,-0.0370591034729298,2.6826218239917727,-4.115266560061377,-3.679595996907135,-1.926209819046368,1.3414009745971895,-0.0987779561750726,3.964208636924238,-0.4451036432456676,1.3236569489549574
67.0,201.0,129.88369750976562,-0.0391015901040685,2.6832066369908216,-4.11469770047713,-3.680059309122311,-1.9260168474946973,1.3411719572718803,-0.0990887163406583,3.963894911594921,-0.4433537251091182,1.3222977704533132
67.0,201.0,129.88369750976562,-0.0371238674580442,2.6828863163114574,-4.116450644235016,-3.678852193219088,-1.9245006772364748,1.340853961483298,-0.1003745299408251,3.96483297132265,-0.4438758320633198,1.32253467512871
67.0,201.0,129.88369750976562,-0.0387529514039979,2.682332987600346,-4.114907536737543,-3.6795098013530296,-1.9263257462158496,1.3407473142017434,-0.0999818312495976,3.964815872089346,-0.4437279455012012,1.3221885533632094
67.0,201.0,129.88369750976562,-0.0385026246801999,2.681902136710416,-4.116577281202409,-3.680540846948508,-1.92433206385908,1.3402460540770993,-0.099126385258616,3.9633692913641982,-0.4437405342625667,1.3232985721522927
67.0,202.0,129.88369750976562,-0.0372763731490363,2.6826167704504225,-4.114823442455658,-3.6783468022659607,-1.9261520268860424,1.3403612303406105,-0.0998002543669788,3.963755631935773,-0.4432836224847902,1.323920551784124
67.0,202.0,129.88369750976562,-0.0386144815276365,2.682602177420531,-4.114692785083619,-3.6782825809630206,-1.925857278402108,1.3408475275948784,-0.0997619686173913,3.964034353113425,-0.4420803106852294,1.323383683790692
67.0,202.0,129.88369750976562,-0.0384255196221009,2.6828457518910365,-4.115229419906435,-3.678280070499364,-1.9241863635424368,1.340197132733122,-0.0989346872452995,3.965045366748188,-0.4436973324717846,1.3237061726352286
67.0,202.0,129.88369750976562,-0.0374477628801099,2.682657028303648,-4.114838900894199,-3.678870043592088,-1.9251837276112644,1.3405201841317955,-0.0987901150784344,3.964675583138253,-0.4423633760043502,1.3238448057713843
67.0,202.0,129.88369750976562,-0.0382635524696136,2.682419967614642,-4.114786126384205,-3.679311634560755,-1.925978686292598,1.3411333845684037,-0.0987597980305496,3.9641414728433215,-0.4424791061193618,1.320928414315454
67.0,202.0,129.88369750976562,-0.0384394284723971,2.682975909148543,-4.114785849651962,-3.679239009035948,-1.9244454601702328,1.3399968271028857,-0.0992974966139006,3.9634126109169294,-0.4438348749963561,1.323728487499586
67.0,202.0,129.88369750976562,-0.0375151009923383,2.6815405326175563,-4.11492126820321,-3.678696413336605,-1.9248538354858755,1.3399425126041962,-0.0987835979778907,3.963714046279793,-0.4446811609730565,1.323395357397754
67.0,202.0,129.88369750976562,-0.0377454066103169,2.6825043046280004,-4.114788089707397,-3.679652743106941,-1.9244710726958925,1.340134709603629,-0.1004671214614538,3.9636188560680137,-0.4424447477359667,1.3231665976907154
67.0,202.0,129.8837127685547,-0.0362652747973755,2.6823901769844523,-4.116293217939296,-3.6782962831329993,-1.928995849366236,1.3427363674667676,-0.0986275656262325,3.964030074260883,-0.444997731679174,1.3229369289227255
67.0,202.0,129.88369750976562,-0.0383554438796345,2.6837078456050074,-4.1148397309375175,-3.6796427651577615,-1.925935618093105,1.3413987342605571,-0.0995517511654577,3.963735392106942,-0.4447510661004394,1.3223569690262462
67.0,202.0,129.88369750976562,-0.0374471514184957,2.6830290313127803,-4.114093649499316,-3.679834210451842,-1.924097479454128,1.3403730799535918,-0.0989693227775162,3.9646815998637,-0.4441470635204132,1.3235251103658887
67.0,202.0,129.88369750976562,-0.0382710782515905,2.682893249029939,-4.115279657961465,-3.6792257495786993,-1.924598940320268,1.340114582927606,-0.0982937747407807,3.963413311773425,-0.4438361054294831,1.3238186492275428
67.0,202.0,129.88369750976562,-0.0386767940782647,2.6825724445294745,-4.114978013222114,-3.6803825219341575,-1.925471672712967,1.340026883894302,-0.1000383970307691,3.965015974768844,-0.4424138905121658,1.3231790020943524
67.0,202.0,129.88369750976562,-0.0386743878574695,2.682514171969066,-4.114506661615946,-3.679438333994672,-1.9243521442453364,1.339783745789752,-0.0992489063510318,3.963839175972056,-0.4434921678817331,1.3240327725928551
67.0,202.0,129.88369750976562,-0.0378622370720957,2.681968301780857,-4.11483420834631,-3.6800866107675727,-1.924030423868726,1.3402908182460136,-0.0994770964367983,3.9636342318458793,-0.4433138246954711,1.324016149664466
67.0,202.0,129.88369750976562,-0.038409736125438,2.683223324443615,-4.114847609240932,-3.679415568245977,-1.9254956460903945,1.339956890140793,-0.0993767820110977,3.96545346379171,-0.4440833734044859,1.3235641918682983
67.0,202.0,129.88369750976562,-0.0365283721779428,2.6821798842695697,-4.11603441881068,-3.679486054107372,-1.9251379515389608,1.3405617104052885,-0.1002226474128503,3.96390962240616,-0.4420402715724512,1.3236767237550735
67.0,202.0,129.8837127685547,-0.0365358024724783,2.6818681070312835,-4.112865976977184,-3.679602687252389,-1.924349351054988,1.3402820676057443,-0.1018320141376777,3.9651600061539054,-0.4432204102345752,1.3243243450746875
67.0,202.0,129.88369750976562,-0.0383216637770437,2.6825741157856324,-4.114967170153109,-3.6780063208760607,-1.924454085840296,1.3404595116488414,-0.099584917212826,3.9638032536282113,-0.4437830930453497,1.3237113962040006
67.0,202.0,129.88369750976562,-0.0379767604336877,2.680744641094622,-4.114477853527157,-3.6801701846835897,-1.924400799866619,1.3404674448137248,-0.0999418297218291,3.9646977554076215,-0.4444012423801128,1.3236911002911962
67.0,202.0,129.88369750976562,-0.0390478143195861,2.682337844354252,-4.115926773235828,-3.6795526101329856,-1.924688573970111,1.3412594732204302,-0.0998160293303123,3.963891675060848,-0.4428856325751028,1.3240663398786898
67.0,202.0,129.88369750976562,-0.0383148729229902,2.6832796999404445,-4.116294179060572,-3.6793979513078847,-1.9250865185851764,1.340689295518906,-0.0983386555168854,3.963023765613142,-0.4436402091529069,1.323783064095721
67.0,202.0,129.88369750976562,-0.0379627504806742,2.6821752792535305,-4.115112653936806,-3.679108163981376,-1.9271989799946387,1.3404670547282131,-0.0989285936155462,3.963762776092248,-0.4436037889685726,1.3234545198064809
67.0,202.0,129.88369750976562,-0.0392187524807247,2.683054261908589,-4.114922136147859,-3.6795777604845856,-1.925288325593142,1.3412020927009516,-0.0999221139832497,3.9638507441902,-0.4441360716815598,1.3240769948011513
67.0,202.0,129.88369750976562,-0.0383849644671473,2.6829565493324656,-4.1152425670406885,-3.679085536259625,-1.9245625020625792,1.3398362901102925,-0.0989136901687004,3.964908554644228,-0.4445902552466633,1.3237140521602766
67.0,202.0,129.88369750976562,-0.0381150873514049,2.682542042709517,-4.114430642239843,-3.678878579382245,-1.9244999050184943,1.3406975087022637,-0.0999938618507068,3.963198803446204,-0.4438787615061223,1.3237429493033557
67.0,202.0,129.88369750976562,-0.0356061132564945,2.682682236611596,-4.114853691872366,-3.679371797552783,-1.926117401442866,1.3402494852328133,-0.0995158924403936,3.963593572879813,-0.4432809198229624,1.3217267572875264
67.0,202.0,129.88369750976562,-0.0370319986549597,2.682141311654721,-4.11568919640137,-3.679601765843594,-1.9250876999733395,1.3398228311447469,-0.1004837490685165,3.964237534852891,-0.442657322459007,1.323574800022745
67.0,202.0,129.88369750976562,-0.0370807272260081,2.68264859514898,-4.115168223632826,-3.678252415128613,-1.9239598296335736,1.3405486072531194,-0.098422161926668,3.964345449074509,-0.4430919035377933,1.32368118639016
67.0,202.0,129.88369750976562,-0.0371588517049898,2.6805734538012,-4.114829362922763,-3.680286246949066,-1.92656536943232,1.339947151786356,-0.0988547495593402,3.9637048782995135,-0.4439045648392518,1.323849355521426
67.0,202.0,129.88369750976562,-0.0375504977495809,2.682280533818246,-4.115233018272244,-3.679761393898062,-1.925012808213688,1.3408448440508045,-0.0991535257406458,3.963799535448471,-0.4426996479812786,1.32341862225405
67.0,202.0,129.88369750976562,-0.0364782580288229,2.6818429670123987,-4.11474322378592,-3.679358600708835,-1.9243445464444973,1.3403015173573354,-0.09960695951543,3.965946662438152,-0.4428471831983755,1.3238509640840692
67.0,202.0,129.88369750976562,-0.0375050067521598,2.682394795215691,-4.114718372567042,-3.678092981168621,-1.9258440914610253,1.3400083563894525,-0.099182553119151,3.966016159885976,-0.4438312502809411,1.3218137438897066
67.0,202.0,129.88369750976562,-0.0385790505121479,2.6829151465589978,-4.114800802167872,-3.680258446862143,-1.924409893497719,1.340273682270729,-0.0988903953142273,3.964274155720028,-0.443693939368691,1.324358976709781
67.0,202.0,129.88369750976562,-0.0373377203114786,2.682486630971601,-4.114913017838977,-3.6783634873448783,-1.9265970819780125,1.3403155553342478,-0.099168483249192,3.963433477689972,-0.4450287501643289,1.3241048847555466
67.0,202.0,129.88369750976562,-0.0379180192985064,2.682247815866732,-4.11618169808676,-3.678672127199636,-1.9243215382018104,1.341224665253827,-0.0999942253138913,3.964944788080395,-0.4445476548029366,1.3237704141458422
67.0,202.0,129.88369750976562,-0.0379024272348933,2.681548237319513,-4.1147750510204935,-3.679808883893499,-1.9248620463978097,1.3398379650494014,-0.0992112748296654,3.963017815678836,-0.4424179299426491,1.3233375186841294
67.0,202.0,129.88369750976562,-0.0386119900478477,2.682502921158186,-4.115330536104988,-3.67922120648243,-1.924454899099244,1.3398214621333258,-0.0993185791376466,3.963886887649888,-0.4432911272000954,1.323338099550023
67.0,202.0,129.88369750976562,-0.0382477403859779,2.68273101332882,-4.115921932644253,-3.677978964649831,-1.924749009834854,1.3417441945558162,-0.0989616560098664,3.9650317801400976,-0.4436610931860999,1.3237025486479133
67.0,202.0,129.88369750976562,-0.0368336824364338,2.6826832487827823,-4.114591204394081,-3.678575812548972,-1.925641460409574,1.3405690717413157,-0.0993023327242637,3.963040004737601,-0.4453726377459595,1.3228519700821009
67.0,202.0,129.88369750976562,-0.0368682580867013,2.6829220535883818,-4.115330151241876,-3.6800847775118006,-1.924143475813016,1.3403634962947215,-0.0977891263415146,3.964305456688996,-0.4434524361281761,1.323232495747224
67.0,202.0,129.88369750976562,-0.0385555590400413,2.682332051900679,-4.11561887003485,-3.678886500882304,-1.9246899936591084,1.339812599810698,-0.0990985889591814,3.964719517917539,-0.4435134565679196,1.3239478618172835
67.0,202.0,129.88369750976562,-0.0362685215543273,2.6824785535414897,-4.115228802300194,-3.679666890710486,-1.924817154336768,1.3397913112986377,-0.0984104785689082,3.965220519508229,-0.4431274438343454,1.3229101875008091
67.0,202.0,129.88369750976562,-0.0375539125029723,2.683178260371717,-4.114369649219112,-3.679430716965344,-1.9246000535494767,1.3402022966892828,-0.0991060381317665,3.964045450719317,-0.4435850165156397,1.3232991003993002
67.0,202.0,129.88369750976562,-0.0373747018816963,2.6827891322424366,-4.115831560265851,-3.678720605069845,-1.925137080380172,1.3403258327157284,-0.0988966046907536,3.963632318963182,-0.4426579316869733,1.3218509770686553
67.0,202.0,129.88369750976562,-0.0370591034729298,2.6826218239917727,-4.115266560061377,-3.679595996907135,-1.926209819046368,1.3414009745971895,-0.0987779561750726,3.964208636924238,-0.4451036432456676,1.3236569489549574
67.0,202.0,129.88369750976562,-0.0391015901040685,2.6832066369908216,-4.11469770047713,-3.680059309122311,-1.9260168474946973,1.3411719572718803,-0.0990887163406583,3.963894911594921,-0.4433537251091182,1.3222977704533132
67.0,202.0,129.88369750976562,-0.0371238674580442,2.6828863163114574,-4.116450644235016,-3.678852193219088,-1.9245006772364748,1.340853961483298,-0.1003745299408251,3.96483297132265,-0.4438758320633198,1.32253467512871
67.0,202.0,129.88369750976562,-0.0387529514039979,2.682332987600346,-4.114907536737543,-3.6795098013530296,-1.9263257462158496,1.3407473142017434,-0.0999818312495976,3.964815872089346,-0.4437279455012012,1.3221885533632094
67.0,202.0,129.88369750976562,-0.0385026246801999,2.681902136710416,-4.116577281202409,-3.680540846948508,-1.92433206385908,1.3402460540770993,-0.099126385258616,3.9633692913641982,-0.4437405342625667,1.3232985721522927
67.0,203.0,129.88369750976562,-0.0372763731490363,2.6826167704504225,-4.114823442455658,-3.6783468022659607,-1.9261520268860424,1.3403612303406105,-0.0998002543669788,3.963755631935773,-0.4432836224847902,1.323920551784124
67.0,203.0,129.88369750976562,-0.0386144815276365,2.682602177420531,-4.114692785083619,-3.6782825809630206,-1.925857278402108,1.3408475275948784,-0.0997619686173913,3.964034353113425,-0.4420803106852294,1.323383683790692
67.0,203.0,129.88369750976562,-0.0384255196221009,2.6828457518910365,-4.115229419906435,-3.678280070499364,-1.9241863635424368,1.340197132733122,-0.0989346872452995,3.965045366748188,-0.4436973324717846,1.3237061726352286
67.0,203.0,129.88369750976562,-0.0374477628801099,2.682657028303648,-4.114838900894199,-3.678870043592088,-1.9251837276112644,1.3405201841317955,-0.0987901150784344,3.964675583138253,-0.4423633760043502,1.3238448057713843
67.0,203.0,129.88369750976562,-0.0382635524696136,2.682419967614642,-4.114786126384205,-3.679311634560755,-1.925978686292598,1.3411333845684037,-0.0987597980305496,3.9641414728433215,-0.4424791061193618,1.320928414315454
67.0,203.0,129.88369750976562,-0.0384394284723971,2.682975909148543,-4.114785849651962,-3.679239009035948,-1.9244454601702328,1.3399968271028857,-0.0992974966139006,3.9634126109169294,-0.4438348749963561,1.323728487499586
67.0,203.0,129.88369750976562,-0.0375151009923383,2.6815405326175563,-4.11492126820321,-3.678696413336605,-1.9248538354858755,1.3399425126041962,-0.0987835979778907,3.963714046279793,-0.4446811609730565,1.323395357397754
67.0,203.0,129.88369750976562,-0.0377454066103169,2.6825043046280004,-4.114788089707397,-3.679652743106941,-1.9244710726958925,1.340134709603629,-0.1004671214614538,3.9636188560680137,-0.4424447477359667,1.3231665976907154
67.0,203.0,129.8837127685547,-0.0362652747973755,2.6823901769844523,-4.116293217939296,-3.6782962831329993,-1.928995849366236,1.3427363674667676,-0.0986275656262325,3.964030074260883,-0.444997731679174,1.3229369289227255
67.0,203.0,129.88369750976562,-0.0383554438796345,2.6837078456050074,-4.1148397309375175,-3.6796427651577615,-1.925935618093105,1.3413987342605571,-0.0995517511654577,3.963735392106942,-0.4447510661004394,1.3223569690262462
67.0,203.0,129.88369750976562,-0.0374471514184957,2.6830290313127803,-4.114093649499316,-3.679834210451842,-1.924097479454128,1.3403730799535918,-0.0989693227775162,3.9646815998637,-0.4441470635204132,1.3235251103658887
67.0,203.0,129.88369750976562,-0.0382710782515905,2.682893249029939,-4.115279657961465,-3.6792257495786993,-1.924598940320268,1.340114582927606,-0.0982937747407807,3.963413311773425,-0.4438361054294831,1.3238186492275428
67.0,203.0,129.88369750976562,-0.0386767940782647,2.6825724445294745,-4.114978013222114,-3.6803825219341575,-1.925471672712967,1.340026883894302,-0.1000383970307691,3.965015974768844,-0.4424138905121658,1.3231790020943524
67.0,203.0,129.88369750976562,-0.0386743878574695,2.682514171969066,-4.114506661615946,-3.679438333994672,-1.9243521442453364,1.339783745789752,-0.0992489063510318,3.963839175972056,-0.4434921678817331,1.3240327725928551
67.0,203.0,129.88369750976562,-0.0378622370720957,2.681968301780857,-4.11483420834631,-3.6800866107675727,-1.924030423868726,1.3402908182460136,-0.0994770964367983,3.9636342318458793,-0.4433138246954711,1.324016149664466
67.0,203.0,129.88369750976562,-0.038409736125438,2.683223324443615,-4.114847609240932,-3.679415568245977,-1.9254956460903945,1.339956890140793,-0.0993767820110977,3.96545346379171,-0.4440833734044859,1.3235641918682983
67.0,203.0,129.88369750976562,-0.0365283721779428,2.6821798842695697,-4.11603441881068,-3.679486054107372,-1.9251379515389608,1.3405617104052885,-0.1002226474128503,3.96390962240616,-0.4420402715724512,1.3236767237550735
67.0,203.0,129.8837127685547,-0.0365358024724783,2.6818681070312835,-4.112865976977184,-3.679602687252389,-1.924349351054988,1.3402820676057443,-0.1018320141376777,3.9651600061539054,-0.4432204102345752,1.3243243450746875
67.0,203.0,129.88369750976562,-0.0383216637770437,2.6825741157856324,-4.114967170153109,-3.6780063208760607,-1.924454085840296,1.3404595116488414,-0.099584917212826,3.9638032536282113,-0.4437830930453497,1.3237113962040006
67.0,203.0,129.88369750976562,-0.0379767604336877,2.680744641094622,-4.114477853527157,-3.6801701846835897,-1.924400799866619,1.3404674448137248,-0.0999418297218291,3.9646977554076215,-0.4444012423801128,1.3236911002911962
67.0,203.0,129.88369750976562,-0.0390478143195861,2.682337844354252,-4.115926773235828,-3.6795526101329856,-1.924688573970111,1.3412594732204302,-0.0998160293303123,3.963891675060848,-0.4428856325751028,1.3240663398786898
67.0,203.0,129.88369750976562,-0.0383148729229902,2.6832796999404445,-4.116294179060572,-3.6793979513078847,-1.9250865185851764,1.340689295518906,-0.0983386555168854,3.963023765613142,-0.4436402091529069,1.323783064095721
67.0,203.0,129.88369750976562,-0.0379627504806742,2.6821752792535305,-4.115112653936806,-3.679108163981376,-1.9271989799946387,1.3404670547282131,-0.0989285936155462,3.963762776092248,-0.4436037889685726,1.3234545198064809
67.0,203.0,129.88369750976562,-0.0392187524807247,2.683054261908589,-4.114922136147859,-3.6795777604845856,-1.925288325593142,1.3412020927009516,-0.0999221139832497,3.9638507441902,-0.4441360716815598,1.3240769948011513
67.0,203.0,129.88369750976562,-0.0383849644671473,2.6829565493324656,-4.1152425670406885,-3.679085536259625,-1.9245625020625792,1.3398362901102925,-0.0989136901687004,3.964908554644228,-0.4445902552466633,1.3237140521602766
67.0,203.0,129.88369750976562,-0.0381150873514049,2.682542042709517,-4.114430642239843,-3.678878579382245,-1.9244999050184943,1.3406975087022637,-0.0999938618507068,3.963198803446204,-0.4438787615061223,1.3237429493033557
67.0,203.0,129.88369750976562,-0.0356061132564945,2.682682236611596,-4.114853691872366,-3.679371797552783,-1.926117401442866,1.3402494852328133,-0.0995158924403936,3.963593572879813,-0.4432809198229624,1.3217267572875264
67.0,203.0,129.88369750976562,-0.0370319986549597,2.682141311654721,-4.11568919640137,-3.679601765843594,-1.9250876999733395,1.3398228311447469,-0.1004837490685165,3.964237534852891,-0.442657322459007,1.323574800022745
67.0,203.0,129.88369750976562,-0.0370807272260081,2.68264859514898,-4.115168223632826,-3.678252415128613,-1.9239598296335736,1.3405486072531194,-0.098422161926668,3.964345449074509,-0.4430919035377933,1.32368118639016
67.0,203.0,129.88369750976562,-0.0371588517049898,2.6805734538012,-4.114829362922763,-3.680286246949066,-1.92656536943232,1.339947151786356,-0.0988547495593402,3.9637048782995135,-0.4439045648392518,1.323849355521426
67.0,203.0,129.88369750976562,-0.0375504977495809,2.682280533818246,-4.115233018272244,-3.679761393898062,-1.925012808213688,1.3408448440508045,-0.0991535257406458,3.963799535448471,-0.4426996479812786,1.32341862225405
67.0,203.0,129.88369750976562,-0.0364782580288229,2.6818429670123987,-4.11474322378592,-3.679358600708835,-1.9243445464444973,1.3403015173573354,-0.09960695951543,3.965946662438152,-0.4428471831983755,1.3238509640840692
67.0,203.0,129.88369750976562,-0.0375050067521598,2.682394795215691,-4.114718372567042,-3.678092981168621,-1.9258440914610253,1.3400083563894525,-0.099182553119151,3.966016159885976,-0.4438312502809411,1.3218137438897066
67.0,203.0,129.88369750976562,-0.0385790505121479,2.6829151465589978,-4.114800802167872,-3.680258446862143,-1.924409893497719,1.340273682270729,-0.0988903953142273,3.964274155720028,-0.443693939368691,1.324358976709781
67.0,203.0,129.88369750976562,-0.0373377203114786,2.682486630971601,-4.114913017838977,-3.6783634873448783,-1.9265970819780125,1.3403155553342478,-0.099168483249192,3.963433477689972,-0.4450287501643289,1.3241048847555466
67.0,203.0,129.88369750976562,-0.0379180192985064,2.682247815866732,-4.11618169808676,-3.678672127199636,-1.9243215382018104,1.341224665253827,-0.0999942253138913,3.964944788080395,-0.4445476548029366,1.3237704141458422
67.0,203.0,129.88369750976562,-0.0379024272348933,2.681548237319513,-4.1147750510204935,-3.679808883893499,-1.9248620463978097,1.3398379650494014,-0.0992112748296654,3.963017815678836,-0.4424179299426491,1.3233375186841294
67.0,203.0,129.88369750976562,-0.0386119900478477,2.682502921158186,-4.115330536104988,-3.67922120648243,-1.924454899099244,1.3398214621333258,-0.0993185791376466,3.963886887649888,-0.4432911272000954,1.323338099550023
67.0,203.0,129.88369750976562,-0.0382477403859779,2.68273101332882,-4.115921932644253,-3.677978964649831,-1.924749009834854,1.3417441945558162,-0.0989616560098664,3.9650317801400976,-0.4436610931860999,1.3237025486479133
67.0,203.0,129.88369750976562,-0.0368336824364338,2.6826832487827823,-4.114591204394081,-3.678575812548972,-1.925641460409574,1.3405690717413157,-0.0993023327242637,3.963040004737601,-0.4453726377459595,1.3228519700821009
67.0,203.0,129.88369750976562,-0.0368682580867013,2.6829220535883818,-4.115330151241876,-3.6800847775118006,-1.924143475813016,1.3403634962947215,-0.0977891263415146,3.964305456688996,-0.4434524361281761,1.323232495747224
67.0,203.0,129.88369750976562,-0.0385555590400413,2.682332051900679,-4.11561887003485,-3.678886500882304,-1.9246899936591084,1.339812599810698,-0.0990985889591814,3.964719517917539,-0.4435134565679196,1.3239478618172835
67.0,203.0,129.88369750976562,-0.0362685215543273,2.6824785535414897,-4.115228802300194,-3.679666890710486,-1.924817154336768,1.3397913112986377,-0.0984104785689082,3.965220519508229,-0.4431274438343454,1.3229101875008091
67.0,203.0,129.88369750976562,-0.0375539125029723,2.683178260371717,-4.114369649219112,-3.679430716965344,-1.9246000535494767,1.3402022966892828,-0.0991060381317665,3.964045450719317,-0.4435850165156397,1.3232991003993002
67.0,203.0,129.88369750976562,-0.0373747018816963,2.6827891322424366,-4.115831560265851,-3.678720605069845,-1.925137080380172,1.3403258327157284,-0.0988966046907536,3.963632318963182,-0.4426579316869733,1.3218509770686553
67.0,203.0,129.88369750976562,-0.0370591034729298,2.6826218239917727,-4.115266560061377,-3.679595996907135,-1.926209819046368,1.3414009745971895,-0.0987779561750726,3.964208636924238,-0.4451036432456676,1.3236569489549574
67.0,203.0,129.88369750976562,-0.0391015901040685,2.6832066369908216,-4.11469770047713,-3.680059309122311,-1.9260168474946973,1.3411719572718803,-0.0990887163406583,3.963894911594921,-0.4433537251091182,1.3222977704533132
67.0,203.0,129.88369750976562,-0.0371238674580442,2.6828863163114574,-4.116450644235016,-3.678852193219088,-1.9245006772364748,1.340853961483298,-0.1003745299408251,3.96483297132265,-0.4438758320633198,1.32253467512871
67.0,203.0,129.88369750976562,-0.0387529514039979,2.682332987600346,-4.114907536737543,-3.6795098013530296,-1.9263257462158496,1.3407473142017434,-0.0999818312495976,3.964815872089346,-0.4437279455012012,1.3221885533632094
67.0,203.0,129.88369750976562,-0.0385026246801999,2.681902136710416,-4.116577281202409,-3.680540846948508,-1.92433206385908,1.3402460540770993,-0.099126385258616,3.9633692913641982,-0.4437405342625667,1.3232985721522927
67.0,204.0,129.88369750976562,-0.0372763731490363,2.6826167704504225,-4.114823442455658,-3.6783468022659607,-1.9261520268860424,1.3403612303406105,-0.0998002543669788,3.963755631935773,-0.4432836224847902,1.323920551784124
67.0,204.0,129.88369750976562,-0.0386144815276365,2.682602177420531,-4.114692785083619,-3.6782825809630206,-1.925857278402108,1.3408475275948784,-0.0997619686173913,3.964034353113425,-0.4420803106852294,1.323383683790692
67.0,204.0,129.88369750976562,-0.0384255196221009,2.6828457518910365,-4.115229419906435,-3.678280070499364,-1.9241863635424368,1.340197132733122,-0.0989346872452995,3.965045366748188,-0.4436973324717846,1.3237061726352286
67.0,204.0,129.88369750976562,-0.0374477628801099,2.682657028303648,-4.114838900894199,-3.678870043592088,-1.9251837276112644,1.3405201841317955,-0.0987901150784344,3.964675583138253,-0.4423633760043502,1.3238448057713843
67.0,204.0,129.88369750976562,-0.0382635524696136,2.682419967614642,-4.114786126384205,-3.679311634560755,-1.925978686292598,1.3411333845684037,-0.0987597980305496,3.9641414728433215,-0.4424791061193618,1.320928414315454
67.0,204.0,129.88369750976562,-0.0384394284723971,2.682975909148543,-4.114785849651962,-3.679239009035948,-1.9244454601702328,1.3399968271028857,-0.0992974966139006,3.9634126109169294,-0.4438348749963561,1.323728487499586
67.0,204.0,129.88369750976562,-0.0375151009923383,2.6815405326175563,-4.11492126820321,-3.678696413336605,-1.9248538354858755,1.3399425126041962,-0.0987835979778907,3.963714046279793,-0.4446811609730565,1.323395357397754
67.0,204.0,129.88369750976562,-0.0377454066103169,2.6825043046280004,-4.114788089707397,-3.679652743106941,-1.9244710726958925,1.340134709603629,-0.1004671214614538,3.9636188560680137,-0.4424447477359667,1.3231665976907154
67.0,204.0,129.8837127685547,-0.0362652747973755,2.6823901769844523,-4.116293217939296,-3.6782962831329993,-1.928995849366236,1.3427363674667676,-0.0986275656262325,3.964030074260883,-0.444997731679174,1.3229369289227255
67.0,204.0,129.88369750976562,-0.0383554438796345,2.6837078456050074,-4.1148397309375175,-3.6796427651577615,-1.925935618093105,1.3413987342605571,-0.0995517511654577,3.963735392106942,-0.4447510661004394,1.3223569690262462
67.0,204.0,129.88369750976562,-0.0374471514184957,2.6830290313127803,-4.114093649499316,-3.679834210451842,-1.924097479454128,1.3403730799535918,-0.0989693227775162,3.9646815998637,-0.4441470635204132,1.3235251103658887
67.0,204.0,129.88369750976562,-0.0382710782515905,2.682893249029939,-4.115279657961465,-3.6792257495786993,-1.924598940320268,1.340114582927606,-0.0982937747407807,3.963413311773425,-0.4438361054294831,1.3238186492275428
67.0,204.0,129.88369750976562,-0.0386767940782647,2.6825724445294745,-4.114978013222114,-3.6803825219341575,-1.925471672712967,1.340026883894302,-0.1000383970307691,3.965015974768844,-0.4424138905121658,1.3231790020943524
67.0,204.0,129.88369750976562,-0.0386743878574695,2.682514171969066,-4.114506661615946,-3.679438333994672,-1.9243521442453364,1.339783745789752,-0.0992489063510318,3.963839175972056,-0.4434921678817331,1.3240327725928551
67.0,204.0,129.88369750976562,-0.0378622370720957,2.681968301780857,-4.11483420834631,-3.6800866107675727,-1.924030423868726,1.3402908182460136,-0.0994770964367983,3.9636342318458793,-0.4433138246954711,1.324016149664466
67.0,204.0,129.88369750976562,-0.038409736125438,2.683223324443615,-4.114847609240932,-3.679415568245977,-1.9254956460903945,1.339956890140793,-0.0993767820110977,3.96545346379171,-0.4440833734044859,1.3235641918682983
67.0,204.0,129.88369750976562,-0.0365283721779428,2.6821798842695697,-4.11603441881068,-3.679486054107372,-1.9251379515389608,1.3405617104052885,-0.1002226474128503,3.96390962240616,-0.4420402715724512,1.3236767237550735
67.0,204.0,129.8837127685547,-0.0365358024724783,2.6818681070312835,-4.112865976977184,-3.679602687252389,-1.924349351054988,1.3402820676057443,-0.1018320141376777,3.9651600061539054,-0.4432204102345752,1.3243243450746875
67.0,204.0,129.88369750976562,-0.0383216637770437,2.6825741157856324,-4.114967170153109,-3.6780063208760607,-1.924454085840296,1.3404595116488414,-0.099584917212826,3.9638032536282113,-0.4437830930453497,1.3237113962040006
67.0,204.0,129.88369750976562,-0.0379767604336877,2.680744641094622,-4.114477853527157,-3.6801701846835897,-1.924400799866619,1.3404674448137248,-0.0999418297218291,3.9646977554076215,-0.4444012423801128,1.3236911002911962
67.0,204.0,129.88369750976562,-0.0390478143195861,2.682337844354252,-4.115926773235828,-3.6795526101329856,-1.924688573970111,1.3412594732204302,-0.0998160293303123,3.963891675060848,-0.4428856325751028,1.3240663398786898
67.0,204.0,129.88369750976562,-0.0383148729229902,2.6832796999404445,-4.116294179060572,-3.6793979513078847,-1.9250865185851764,1.340689295518906,-0.0983386555168854,3.963023765613142,-0.4436402091529069,1.323783064095721
67.0,204.0,129.88369750976562,-0.0379627504806742,2.6821752792535305,-4.115112653936806,-3.679108163981376,-1.9271989799946387,1.3404670547282131,-0.0989285936155462,3.963762776092248,-0.4436037889685726,1.3234545198064809
67.0,204.0,129.88369750976562,-0.0392187524807247,2.683054261908589,-4.114922136147859,-3.6795777604845856,-1.925288325593142,1.3412020927009516,-0.0999221139832497,3.9638507441902,-0.4441360716815598,1.3240769948011513
67.0,204.0,129.88369750976562,-0.0383849644671473,2.6829565493324656,-4.1152425670406885,-3.679085536259625,-1.9245625020625792,1.3398362901102925,-0.0989136901687004,3.964908554644228,-0.4445902552466633,1.3237140521602766
67.0,204.0,129.88369750976562,-0.0381150873514049,2.682542042709517,-4.114430642239843,-3.678878579382245,-1.9244999050184943,1.3406975087022637,-0.0999938618507068,3.963198803446204,-0.4438787615061223,1.3237429493033557
67.0,204.0,129.88369750976562,-0.0356061132564945,2.682682236611596,-4.114853691872366,-3.679371797552783,-1.926117401442866,1.3402494852328133,-0.0995158924403936,3.963593572879813,-0.4432809198229624,1.3217267572875264
67.0,204.0,129.88369750976562,-0.0370319986549597,2.682141311654721,-4.11568919640137,-3.679601765843594,-1.9250876999733395,1.3398228311447469,-0.1004837490685165,3.964237534852891,-0.442657322459007,1.323574800022745
67.0,204.0,129.88369750976562,-0.0370807272260081,2.68264859514898,-4.115168223632826,-3.678252415128613,-1.9239598296335736,1.3405486072531194,-0.098422161926668,3.964345449074509,-0.4430919035377933,1.32368118639016
67.0,204.0,129.88369750976562,-0.0371588517049898,2.6805734538012,-4.114829362922763,-3.680286246949066,-1.92656536943232,1.339947151786356,-0.0988547495593402,3.9637048782995135,-0.4439045648392518,1.323849355521426
67.0,204.0,129.88369750976562,-0.0375504977495809,2.682280533818246,-4.115233018272244,-3.679761393898062,-1.925012808213688,1.3408448440508045,-0.0991535257406458,3.963799535448471,-0.4426996479812786,1.32341862225405
67.0,204.0,129.88369750976562,-0.0364782580288229,2.6818429670123987,-4.11474322378592,-3.679358600708835,-1.9243445464444973,1.3403015173573354,-0.09960695951543,3.965946662438152,-0.4428471831983755,1.3238509640840692
67.0,204.0,129.88369750976562,-0.0375050067521598,2.682394795215691,-4.114718372567042,-3.678092981168621,-1.9258440914610253,1.3400083563894525,-0.099182553119151,3.966016159885976,-0.4438312502809411,1.3218137438897066
67.0,204.0,129.88369750976562,-0.0385790505121479,2.6829151465589978,-4.114800802167872,-3.680258446862143,-1.924409893497719,1.340273682270729,-0.0988903953142273,3.964274155720028,-0.443693939368691,1.324358976709781
67.0,204.0,129.88369750976562,-0.0373377203114786,2.682486630971601,-4.114913017838977,-3.6783634873448783,-1.9265970819780125,1.3403155553342478,-0.099168483249192,3.963433477689972,-0.4450287501643289,1.3241048847555466
67.0,204.0,129.88369750976562,-0.0379180192985064,2.682247815866732,-4.11618169808676,-3.678672127199636,-1.9243215382018104,1.341224665253827,-0.0999942253138913,3.964944788080395,-0.4445476548029366,1.3237704141458422
67.0,204.0,129.88369750976562,-0.0379024272348933,2.681548237319513,-4.1147750510204935,-3.679808883893499,-1.9248620463978097,1.3398379650494014,-0.0992112748296654,3.963017815678836,-0.4424179299426491,1.3233375186841294
67.0,204.0,129.88369750976562,-0.0386119900478477,2.682502921158186,-4.115330536104988,-3.67922120648243,-1.924454899099244,1.3398214621333258,-0.0993185791376466,3.963886887649888,-0.4432911272000954,1.323338099550023
67.0,204.0,129.88369750976562,-0.0382477403859779,2.68273101332882,-4.115921932644253,-3.677978964649831,-1.924749009834854,1.3417441945558162,-0.0989616560098664,3.9650317801400976,-0.4436610931860999,1.3237025486479133
67.0,204.0,129.88369750976562,-0.0368336824364338,2.6826832487827823,-4.114591204394081,-3.678575812548972,-1.925641460409574,1.3405690717413157,-0.0993023327242637,3.963040004737601,-0.4453726377459595,1.3228519700821009
67.0,204.0,129.88369750976562,-0.0368682580867013,2.6829220535883818,-4.115330151241876,-3.6800847775118006,-1.924143475813016,1.3403634962947215,-0.0977891263415146,3.964305456688996,-0.4434524361281761,1.323232495747224
67.0,204.0,129.88369750976562,-0.0385555590400413,2.682332051900679,-4.11561887003485,-3.678886500882304,-1.9246899936591084,1.339812599810698,-0.0990985889591814,3.964719517917539,-0.4435134565679196,1.3239478618172835
67.0,204.0,129.88369750976562,-0.0362685215543273,2.6824785535414897,-4.115228802300194,-3.679666890710486,-1.924817154336768,1.3397913112986377,-0.0984104785689082,3.965220519508229,-0.4431274438343454,1.3229101875008091
67.0,204.0,129.88369750976562,-0.0375539125029723,2.683178260371717,-4.114369649219112,-3.679430716965344,-1.9246000535494767,1.3402022966892828,-0.0991060381317665,3.964045450719317,-0.4435850165156397,1.3232991003993002
67.0,204.0,129.88369750976562,-0.0373747018816963,2.6827891322424366,-4.115831560265851,-3.678720605069845,-1.925137080380172,1.3403258327157284,-0.0988966046907536,3.963632318963182,-0.4426579316869733,1.3218509770686553
67.0,204.0,129.88369750976562,-0.0370591034729298,2.6826218239917727,-4.115266560061377,-3.679595996907135,-1.926209819046368,1.3414009745971895,-0.0987779561750726,3.964208636924238,-0.4451036432456676,1.3236569489549574
67.0,204.0,129.88369750976562,-0.0391015901040685,2.6832066369908216,-4.11469770047713,-3.680059309122311,-1.9260168474946973,1.3411719572718803,-0.0990887163406583,3.963894911594921,-0.4433537251091182,1.3222977704533132
67.0,204.0,129.88369750976562,-0.0371238674580442,2.6828863163114574,-4.116450644235016,-3.678852193219088,-1.9245006772364748,1.340853961483298,-0.1003745299408251,3.96483297132265,-0.4438758320633198,1.32253467512871
67.0,204.0,129.88369750976562,-0.0387529514039979,2.682332987600346,-4.114907536737543,-3.6795098013530296,-1.9263257462158496,1.3407473142017434,-0.0999818312495976,3.964815872089346,-0.4437279455012012,1.3221885533632094
67.0,204.0,129.88369750976562,-0.0385026246801999,2.681902136710416,-4.116577281202409,-3.680540846948508,-1.92433206385908,1.3402460540770993,-0.099126385258616,3.9633692913641982,-0.4437405342625667,1.3232985721522927
67.0,205.0,129.88369750976562,-0.0372763731490363,2.6826167704504225,-4.114823442455658,-3.6783468022659607,-1.9261520268860424,1.3403612303406105,-0.0998002543669788,3.963755631935773,-0.4432836224847902,1.323920551784124
67.0,205.0,129.88369750976562,-0.0386144815276365,2.682602177420531,-4.114692785083619,-3.6782825809630206,-1.925857278402108,1.3408475275948784,-0.0997619686173913,3.964034353113425,-0.4420803106852294,1.323383683790692
67.0,205.0,129.88369750976562,-0.0384255196221009,2.6828457518910365,-4.115229419906435,-3.678280070499364,-1.9241863635424368,1.340197132733122,-0.0989346872452995,3.965045366748188,-0.4436973324717846,1.3237061726352286
67.0,205.0,129.88369750976562,-0.0374477628801099,2.682657028303648,-4.114838900894199,-3.678870043592088,-1.9251837276112644,1.3405201841317955,-0.0987901150784344,3.964675583138253,-0.4423633760043502,1.3238448057713843
67.0,205.0,129.88369750976562,-0.0382635524696136,2.682419967614642,-4.114786126384205,-3.679311634560755,-1.925978686292598,1.3411333845684037,-0.0987597980305496,3.9641414728433215,-0.4424791061193618,1.320928414315454
67.0,205.0,129.88369750976562,-0.0384394284723971,2.682975909148543,-4.114785849651962,-3.679239009035948,-1.9244454601702328,1.3399968271028857,-0.0992974966139006,3.9634126109169294,-0.4438348749963561,1.323728487499586
67.0,205.0,129.88369750976562,-0.0375151009923383,2.6815405326175563,-4.11492126820321,-3.678696413336605,-1.9248538354858755,1.3399425126041962,-0.0987835979778907,3.963714046279793,-0.4446811609730565,1.323395357397754
67.0,205.0,129.88369750976562,-0.0377454066103169,2.6825043046280004,-4.114788089707397,-3.679652743106941,-1.9244710726958925,1.340134709603629,-0.1004671214614538,3.9636188560680137,-0.4424447477359667,1.3231665976907154
67.0,205.0,129.88369750976562,-0.0364954623203145,2.682236998039043,-4.1151194879360045,-3.678349310488348,-1.9266135679514724,1.3402469514634694,-0.0997973225445006,3.96391029317396,-0.4446940722613329,1.3226826898546231
67.0,205.0,129.88369750976562,-0.0383554438796345,2.6837078456050074,-4.1148397309375175,-3.6796427651577615,-1.925935618093105,1.3413987342605571,-0.0995517511654577,3.963735392106942,-0.4447510661004394,1.3223569690262462
67.0,205.0,129.88369750976562,-0.0374471514184957,2.6830290313127803,-4.114093649499316,-3.679834210451842,-1.924097479454128,1.3403730799535918,-0.0989693227775162,3.9646815998637,-0.4441470635204132,1.3235251103658887
67.0,205.0,129.88369750976562,-0.0382710782515905,2.682893249029939,-4.115279657961465,-3.6792257495786993,-1.924598940320268,1.340114582927606,-0.0982937747407807,3.963413311773425,-0.4438361054294831,1.3238186492275428
67.0,205.0,129.88369750976562,-0.0386767940782647,2.6825724445294745,-4.114978013222114,-3.6803825219341575,-1.925471672712967,1.340026883894302,-0.1000383970307691,3.965015974768844,-0.4424138905121658,1.3231790020943524
67.0,205.0,129.88369750976562,-0.0386743878574695,2.682514171969066,-4.114506661615946,-3.679438333994672,-1.9243521442453364,1.339783745789752,-0.0992489063510318,3.963839175972056,-0.4434921678817331,1.3240327725928551
67.0,205.0,129.88369750976562,-0.0378622370720957,2.681968301780857,-4.11483420834631,-3.6800866107675727,-1.924030423868726,1.3402908182460136,-0.0994770964367983,3.9636342318458793,-0.4433138246954711,1.324016149664466
67.0,205.0,129.88369750976562,-0.038409736125438,2.683223324443615,-4.114847609240932,-3.679415568245977,-1.9254956460903945,1.339956890140793,-0.0993767820110977,3.96545346379171,-0.4440833734044859,1.3235641918682983
67.0,205.0,129.88369750976562,-0.0365283721779428,2.6821798842695697,-4.11603441881068,-3.679486054107372,-1.9251379515389608,1.3405617104052885,-0.1002226474128503,3.96390962240616,-0.4420402715724512,1.3236767237550735
67.0,205.0,129.8837127685547,-0.0365358024724783,2.6818681070312835,-4.112865976977184,-3.679602687252389,-1.924349351054988,1.3402820676057443,-0.1018320141376777,3.9651600061539054,-0.4432204102345752,1.3243243450746875
67.0,205.0,129.88369750976562,-0.0383216637770437,2.6825741157856324,-4.114967170153109,-3.6780063208760607,-1.924454085840296,1.3404595116488414,-0.099584917212826,3.9638032536282113,-0.4437830930453497,1.3237113962040006
67.0,205.0,129.88369750976562,-0.0379767604336877,2.680744641094622,-4.114477853527157,-3.6801701846835897,-1.924400799866619,1.3404674448137248,-0.0999418297218291,3.9646977554076215,-0.4444012423801128,1.3236911002911962
67.0,205.0,129.88369750976562,-0.0390478143195861,2.682337844354252,-4.115926773235828,-3.6795526101329856,-1.924688573970111,1.3412594732204302,-0.0998160293303123,3.963891675060848,-0.4428856325751028,1.3240663398786898
67.0,205.0,129.88369750976562,-0.0383148729229902,2.6832796999404445,-4.116294179060572,-3.6793979513078847,-1.9250865185851764,1.340689295518906,-0.0983386555168854,3.963023765613142,-0.4436402091529069,1.323783064095721
67.0,205.0,129.88369750976562,-0.0379627504806742,2.6821752792535305,-4.115112653936806,-3.679108163981376,-1.9271989799946387,1.3404670547282131,-0.0989285936155462,3.963762776092248,-0.4436037889685726,1.3234545198064809
67.0,205.0,129.88369750976562,-0.0392187524807247,2.683054261908589,-4.114922136147859,-3.6795777604845856,-1.925288325593142,1.3412020927009516,-0.0999221139832497,3.9638507441902,-0.4441360716815598,1.3240769948011513
67.0,205.0,129.88369750976562,-0.0383849644671473,2.6829565493324656,-4.1152425670406885,-3.679085536259625,-1.9245625020625792,1.3398362901102925,-0.0989136901687004,3.964908554644228,-0.4445902552466633,1.3237140521602766
67.0,205.0,129.88369750976562,-0.0381150873514049,2.682542042709517,-4.114430642239843,-3.678878579382245,-1.9244999050184943,1.3406975087022637,-0.0999938618507068,3.963198803446204,-0.4438787615061223,1.3237429493033557
67.0,205.0,129.88369750976562,-0.0356061132564945,2.682682236611596,-4.114853691872366,-3.679371797552783,-1.926117401442866,1.3402494852328133,-0.0995158924403936,3.963593572879813,-0.4432809198229624,1.3217267572875264
67.0,205.0,129.88369750976562,-0.0370319986549597,2.682141311654721,-4.11568919640137,-3.679601765843594,-1.9250876999733395,1.3398228311447469,-0.1004837490685165,3.964237534852891,-0.442657322459007,1.323574800022745
67.0,205.0,129.88369750976562,-0.0370807272260081,2.68264859514898,-4.115168223632826,-3.678252415128613,-1.9239598296335736,1.3405486072531194,-0.098422161926668,3.964345449074509,-0.4430919035377933,1.32368118639016
67.0,205.0,129.88369750976562,-0.0371588517049898,2.6805734538012,-4.114829362922763,-3.680286246949066,-1.92656536943232,1.339947151786356,-0.0988547495593402,3.9637048782995135,-0.4439045648392518,1.323849355521426
67.0,205.0,129.88369750976562,-0.0375504977495809,2.682280533818246,-4.115233018272244,-3.679761393898062,-1.925012808213688,1.3408448440508045,-0.0991535257406458,3.963799535448471,-0.4426996479812786,1.32341862225405
67.0,205.0,129.88369750976562,-0.0364782580288229,2.6818429670123987,-4.11474322378592,-3.679358600708835,-1.9243445464444973,1.3403015173573354,-0.09960695951543,3.965946662438152,-0.4428471831983755,1.3238509640840692
67.0,205.0,129.88369750976562,-0.0375050067521598,2.682394795215691,-4.114718372567042,-3.678092981168621,-1.9258440914610253,1.3400083563894525,-0.099182553119151,3.966016159885976,-0.4438312502809411,1.3218137438897066
67.0,205.0,129.88369750976562,-0.0385790505121479,2.6829151465589978,-4.114800802167872,-3.680258446862143,-1.924409893497719,1.340273682270729,-0.0988903953142273,3.964274155720028,-0.443693939368691,1.324358976709781
67.0,205.0,129.88369750976562,-0.0373377203114786,2.682486630971601,-4.114913017838977,-3.6783634873448783,-1.9265970819780125,1.3403155553342478,-0.099168483249192,3.963433477689972,-0.4450287501643289,1.3241048847555466
67.0,205.0,129.88369750976562,-0.0379180192985064,2.682247815866732,-4.11618169808676,-3.678672127199636,-1.9243215382018104,1.341224665253827,-0.0999942253138913,3.964944788080395,-0.4445476548029366,1.3237704141458422
67.0,205.0,129.88369750976562,-0.0379024272348933,2.681548237319513,-4.1147750510204935,-3.679808883893499,-1.9248620463978097,1.3398379650494014,-0.0992112748296654,3.963017815678836,-0.4424179299426491,1.3233375186841294
67.0,205.0,129.88369750976562,-0.0386119900478477,2.682502921158186,-4.115330536104988,-3.67922120648243,-1.924454899099244,1.3398214621333258,-0.0993185791376466,3.963886887649888,-0.4432911272000954,1.323338099550023
67.0,205.0,129.88369750976562,-0.0382477403859779,2.68273101332882,-4.115921932644253,-3.677978964649831,-1.924749009834854,1.3417441945558162,-0.0989616560098664,3.9650317801400976,-0.4436610931860999,1.3237025486479133
67.0,205.0,129.88369750976562,-0.0368336824364338,2.6826832487827823,-4.114591204394081,-3.678575812548972,-1.925641460409574,1.3405690717413157,-0.0993023327242637,3.963040004737601,-0.4453726377459595,1.3228519700821009
67.0,205.0,129.88369750976562,-0.0368682580867013,2.6829220535883818,-4.115330151241876,-3.6800847775118006,-1.924143475813016,1.3403634962947215,-0.0977891263415146,3.964305456688996,-0.4434524361281761,1.323232495747224
67.0,205.0,129.88369750976562,-0.0385555590400413,2.682332051900679,-4.11561887003485,-3.678886500882304,-1.9246899936591084,1.339812599810698,-0.0990985889591814,3.964719517917539,-0.4435134565679196,1.3239478618172835
67.0,205.0,129.88369750976562,-0.0362685215543273,2.6824785535414897,-4.115228802300194,-3.679666890710486,-1.924817154336768,1.3397913112986377,-0.0984104785689082,3.965220519508229,-0.4431274438343454,1.3229101875008091
67.0,205.0,129.88369750976562,-0.0375539125029723,2.683178260371717,-4.114369649219112,-3.679430716965344,-1.9246000535494767,1.3402022966892828,-0.0991060381317665,3.964045450719317,-0.4435850165156397,1.3232991003993002
67.0,205.0,129.88369750976562,-0.0373747018816963,2.6827891322424366,-4.115831560265851,-3.678720605069845,-1.925137080380172,1.3403258327157284,-0.0988966046907536,3.963632318963182,-0.4426579316869733,1.3218509770686553
67.0,205.0,129.88369750976562,-0.0370591034729298,2.6826218239917727,-4.115266560061377,-3.679595996907135,-1.926209819046368,1.3414009745971895,-0.0987779561750726,3.964208636924238,-0.4451036432456676,1.3236569489549574
67.0,205.0,129.88369750976562,-0.0391015901040685,2.6832066369908216,-4.11469770047713,-3.680059309122311,-1.9260168474946973,1.3411719572718803,-0.0990887163406583,3.963894911594921,-0.4433537251091182,1.3222977704533132
67.0,205.0,129.88369750976562,-0.0371238674580442,2.6828863163114574,-4.116450644235016,-3.678852193219088,-1.9245006772364748,1.340853961483298,-0.1003745299408251,3.96483297132265,-0.4438758320633198,1.32253467512871
67.0,205.0,129.88369750976562,-0.0387529514039979,2.682332987600346,-4.114907536737543,-3.6795098013530296,-1.9263257462158496,1.3407473142017434,-0.0999818312495976,3.964815872089346,-0.4437279455012012,1.3221885533632094
67.0,205.0,129.88369750976562,-0.0385026246801999,2.681902136710416,-4.116577281202409,-3.680540846948508,-1.92433206385908,1.3402460540770993,-0.099126385258616,3.9633692913641982,-0.4437405342625667,1.3232985721522927
67.0,206.0,129.88369750976562,-0.0372763731490363,2.6826167704504225,-4.114823442455658,-3.6783468022659607,-1.9261520268860424,1.3403612303406105,-0.0998002543669788,3.963755631935773,-0.4432836224847902,1.323920551784124
67.0,206.0,129.88369750976562,-0.0386144815276365,2.682602177420531,-4.114692785083619,-3.6782825809630206,-1.925857278402108,1.3408475275948784,-0.0997619686173913,3.964034353113425,-0.4420803106852294,1.323383683790692
67.0,206.0,129.88369750976562,-0.0384255196221009,2.6828457518910365,-4.115229419906435,-3.678280070499364,-1.9241863635424368,1.340197132733122,-0.0989346872452995,3.965045366748188,-0.4436973324717846,1.3237061726352286
67.0,206.0,129.88369750976562,-0.0374477628801099,2.682657028303648,-4.114838900894199,-3.678870043592088,-1.9251837276112644,1.3405201841317955,-0.0987901150784344,3.964675583138253,-0.4423633760043502,1.3238448057713843
67.0,206.0,129.88369750976562,-0.0382635524696136,2.682419967614642,-4.114786126384205,-3.679311634560755,-1.925978686292598,1.3411333845684037,-0.0987597980305496,3.9641414728433215,-0.4424791061193618,1.320928414315454
67.0,206.0,129.88369750976562,-0.0384394284723971,2.682975909148543,-4.114785849651962,-3.679239009035948,-1.9244454601702328,1.3399968271028857,-0.0992974966139006,3.9634126109169294,-0.4438348749963561,1.323728487499586
67.0,206.0,129.88369750976562,-0.0375151009923383,2.6815405326175563,-4.11492126820321,-3.678696413336605,-1.9248538354858755,1.3399425126041962,-0.0987835979778907,3.963714046279793,-0.4446811609730565,1.323395357397754
67.0,206.0,129.88369750976562,-0.0377454066103169,2.6825043046280004,-4.114788089707397,-3.679652743106941,-1.9244710726958925,1.340134709603629,-0.1004671214614538,3.9636188560680137,-0.4424447477359667,1.3231665976907154
67.0,206.0,129.88369750976562,-0.0364954623203145,2.682236998039043,-4.1151194879360045,-3.678349310488348,-1.9266135679514724,1.3402469514634694,-0.0997973225445006,3.96391029317396,-0.4446940722613329,1.3226826898546231
67.0,206.0,129.88369750976562,-0.0383554438796345,2.6837078456050074,-4.1148397309375175,-3.6796427651577615,-1.925935618093105,1.3413987342605571,-0.0995517511654577,3.963735392106942,-0.4447510661004394,1.3223569690262462
67.0,206.0,129.88369750976562,-0.0374471514184957,2.6830290313127803,-4.114093649499316,-3.679834210451842,-1.924097479454128,1.3403730799535918,-0.0989693227775162,3.9646815998637,-0.4441470635204132,1.3235251103658887
67.0,206.0,129.88369750976562,-0.0382710782515905,2.682893249029939,-4.115279657961465,-3.6792257495786993,-1.924598940320268,1.340114582927606,-0.0982937747407807,3.963413311773425,-0.4438361054294831,1.3238186492275428
67.0,206.0,129.88369750976562,-0.0386767940782647,2.6825724445294745,-4.114978013222114,-3.6803825219341575,-1.925471672712967,1.340026883894302,-0.1000383970307691,3.965015974768844,-0.4424138905121658,1.3231790020943524
67.0,206.0,129.88369750976562,-0.0386743878574695,2.682514171969066,-4.114506661615946,-3.679438333994672,-1.9243521442453364,1.339783745789752,-0.0992489063510318,3.963839175972056,-0.4434921678817331,1.3240327725928551
67.0,206.0,129.88369750976562,-0.0378622370720957,2.681968301780857,-4.11483420834631,-3.6800866107675727,-1.924030423868726,1.3402908182460136,-0.0994770964367983,3.9636342318458793,-0.4433138246954711,1.324016149664466
67.0,206.0,129.88369750976562,-0.038409736125438,2.683223324443615,-4.114847609240932,-3.679415568245977,-1.9254956460903945,1.339956890140793,-0.0993767820110977,3.96545346379171,-0.4440833734044859,1.3235641918682983
67.0,206.0,129.88369750976562,-0.0365283721779428,2.6821798842695697,-4.11603441881068,-3.679486054107372,-1.9251379515389608,1.3405617104052885,-0.1002226474128503,3.96390962240616,-0.4420402715724512,1.3236767237550735
67.0,206.0,129.88369750976562,-0.0364397398083592,2.6825071178585005,-4.115088219917484,-3.67970139592296,-1.9261702671341336,1.340268587447146,-0.1007867068112726,3.963668351548983,-0.4431968561648036,1.323600593218882
67.0,206.0,129.88369750976562,-0.0383216637770437,2.6825741157856324,-4.114967170153109,-3.6780063208760607,-1.924454085840296,1.3404595116488414,-0.099584917212826,3.9638032536282113,-0.4437830930453497,1.3237113962040006
67.0,206.0,129.88369750976562,-0.0379767604336877,2.680744641094622,-4.114477853527157,-3.6801701846835897,-1.924400799866619,1.3404674448137248,-0.0999418297218291,3.9646977554076215,-0.4444012423801128,1.3236911002911962
67.0,206.0,129.88369750976562,-0.0390478143195861,2.682337844354252,-4.115926773235828,-3.6795526101329856,-1.924688573970111,1.3412594732204302,-0.0998160293303123,3.963891675060848,-0.4428856325751028,1.3240663398786898
67.0,206.0,129.88369750976562,-0.0383148729229902,2.6832796999404445,-4.116294179060572,-3.6793979513078847,-1.9250865185851764,1.340689295518906,-0.0983386555168854,3.963023765613142,-0.4436402091529069,1.323783064095721
67.0,206.0,129.88369750976562,-0.0379627504806742,2.6821752792535305,-4.115112653936806,-3.679108163981376,-1.9271989799946387,1.3404670547282131,-0.0989285936155462,3.963762776092248,-0.4436037889685726,1.3234545198064809
67.0,206.0,129.88369750976562,-0.0392187524807247,2.683054261908589,-4.114922136147859,-3.6795777604845856,-1.925288325593142,1.3412020927009516,-0.0999221139832497,3.9638507441902,-0.4441360716815598,1.3240769948011513
67.0,206.0,129.88369750976562,-0.0383849644671473,2.6829565493324656,-4.1152425670406885,-3.679085536259625,-1.9245625020625792,1.3398362901102925,-0.0989136901687004,3.964908554644228,-0.4445902552466633,1.3237140521602766
67.0,206.0,129.88369750976562,-0.0381150873514049,2.682542042709517,-4.114430642239843,-3.678878579382245,-1.9244999050184943,1.3406975087022637,-0.0999938618507068,3.963198803446204,-0.4438787615061223,1.3237429493033557
67.0,206.0,129.88369750976562,-0.0356061132564945,2.682682236611596,-4.114853691872366,-3.679371797552783,-1.926117401442866,1.3402494852328133,-0.0995158924403936,3.963593572879813,-0.4432809198229624,1.3217267572875264
67.0,206.0,129.88369750976562,-0.0370319986549597,2.682141311654721,-4.11568919640137,-3.679601765843594,-1.9250876999733395,1.3398228311447469,-0.1004837490685165,3.964237534852891,-0.442657322459007,1.323574800022745
67.0,206.0,129.88369750976562,-0.0370807272260081,2.68264859514898,-4.115168223632826,-3.678252415128613,-1.9239598296335736,1.3405486072531194,-0.098422161926668,3.964345449074509,-0.4430919035377933,1.32368118639016
67.0,206.0,129.88369750976562,-0.0371588517049898,2.6805734538012,-4.114829362922763,-3.680286246949066,-1.92656536943232,1.339947151786356,-0.0988547495593402,3.9637048782995135,-0.4439045648392518,1.323849355521426
67.0,206.0,129.88369750976562,-0.0375504977495809,2.682280533818246,-4.115233018272244,-3.679761393898062,-1.925012808213688,1.3408448440508045,-0.0991535257406458,3.963799535448471,-0.4426996479812786,1.32341862225405
67.0,206.0,129.88369750976562,-0.0364782580288229,2.6818429670123987,-4.11474322378592,-3.679358600708835,-1.9243445464444973,1.3403015173573354,-0.09960695951543,3.965946662438152,-0.4428471831983755,1.3238509640840692
67.0,206.0,129.88369750976562,-0.0375050067521598,2.682394795215691,-4.114718372567042,-3.678092981168621,-1.9258440914610253,1.3400083563894525,-0.099182553119151,3.966016159885976,-0.4438312502809411,1.3218137438897066
67.0,206.0,129.88369750976562,-0.0385790505121479,2.6829151465589978,-4.114800802167872,-3.680258446862143,-1.924409893497719,1.340273682270729,-0.0988903953142273,3.964274155720028,-0.443693939368691,1.324358976709781
67.0,206.0,129.88369750976562,-0.0373377203114786,2.682486630971601,-4.114913017838977,-3.6783634873448783,-1.9265970819780125,1.3403155553342478,-0.099168483249192,3.963433477689972,-0.4450287501643289,1.3241048847555466
67.0,206.0,129.88369750976562,-0.0379180192985064,2.682247815866732,-4.11618169808676,-3.678672127199636,-1.9243215382018104,1.341224665253827,-0.0999942253138913,3.964944788080395,-0.4445476548029366,1.3237704141458422
67.0,206.0,129.88369750976562,-0.0379024272348933,2.681548237319513,-4.1147750510204935,-3.679808883893499,-1.9248620463978097,1.3398379650494014,-0.0992112748296654,3.963017815678836,-0.4424179299426491,1.3233375186841294
67.0,206.0,129.88369750976562,-0.0386119900478477,2.682502921158186,-4.115330536104988,-3.67922120648243,-1.924454899099244,1.3398214621333258,-0.0993185791376466,3.963886887649888,-0.4432911272000954,1.323338099550023
67.0,206.0,129.88369750976562,-0.0382477403859779,2.68273101332882,-4.115921932644253,-3.677978964649831,-1.924749009834854,1.3417441945558162,-0.0989616560098664,3.9650317801400976,-0.4436610931860999,1.3237025486479133
67.0,206.0,129.88369750976562,-0.0368336824364338,2.6826832487827823,-4.114591204394081,-3.678575812548972,-1.925641460409574,1.3405690717413157,-0.0993023327242637,3.963040004737601,-0.4453726377459595,1.3228519700821009
67.0,206.0,129.88369750976562,-0.0368682580867013,2.6829220535883818,-4.115330151241876,-3.6800847775118006,-1.924143475813016,1.3403634962947215,-0.0977891263415146,3.964305456688996,-0.4434524361281761,1.323232495747224
67.0,206.0,129.88369750976562,-0.0385555590400413,2.682332051900679,-4.11561887003485,-3.678886500882304,-1.9246899936591084,1.339812599810698,-0.0990985889591814,3.964719517917539,-0.4435134565679196,1.3239478618172835
67.0,206.0,129.88369750976562,-0.0362685215543273,2.6824785535414897,-4.115228802300194,-3.679666890710486,-1.924817154336768,1.3397913112986377,-0.0984104785689082,3.965220519508229,-0.4431274438343454,1.3229101875008091
67.0,206.0,129.88369750976562,-0.0375539125029723,2.683178260371717,-4.114369649219112,-3.679430716965344,-1.9246000535494767,1.3402022966892828,-0.0991060381317665,3.964045450719317,-0.4435850165156397,1.3232991003993002
67.0,206.0,129.88369750976562,-0.0373747018816963,2.6827891322424366,-4.115831560265851,-3.678720605069845,-1.925137080380172,1.3403258327157284,-0.0988966046907536,3.963632318963182,-0.4426579316869733,1.3218509770686553
67.0,206.0,129.88369750976562,-0.0370591034729298,2.6826218239917727,-4.115266560061377,-3.679595996907135,-1.926209819046368,1.3414009745971895,-0.0987779561750726,3.964208636924238,-0.4451036432456676,1.3236569489549574
67.0,206.0,129.88369750976562,-0.0391015901040685,2.6832066369908216,-4.11469770047713,-3.680059309122311,-1.9260168474946973,1.3411719572718803,-0.0990887163406583,3.963894911594921,-0.4433537251091182,1.3222977704533132
67.0,206.0,129.88369750976562,-0.0371238674580442,2.6828863163114574,-4.116450644235016,-3.678852193219088,-1.9245006772364748,1.340853961483298,-0.1003745299408251,3.96483297132265,-0.4438758320633198,1.32253467512871
67.0,206.0,129.88369750976562,-0.0387529514039979,2.682332987600346,-4.114907536737543,-3.6795098013530296,-1.9263257462158496,1.3407473142017434,-0.0999818312495976,3.964815872089346,-0.4437279455012012,1.3221885533632094
67.0,206.0,129.88369750976562,-0.0385026246801999,2.681902136710416,-4.116577281202409,-3.680540846948508,-1.92433206385908,1.3402460540770993,-0.099126385258616,3.9633692913641982,-0.4437405342625667,1.3232985721522927
67.0,207.0,129.88369750976562,-0.0372763731490363,2.6826167704504225,-4.114823442455658,-3.6783468022659607,-1.9261520268860424,1.3403612303406105,-0.0998002543669788,3.963755631935773,-0.4432836224847902,1.323920551784124
67.0,207.0,129.88369750976562,-0.0386144815276365,2.682602177420531,-4.114692785083619,-3.6782825809630206,-1.925857278402108,1.3408475275948784,-0.0997619686173913,3.964034353113425,-0.4420803106852294,1.323383683790692
67.0,207.0,129.88369750976562,-0.0384255196221009,2.6828457518910365,-4.115229419906435,-3.678280070499364,-1.9241863635424368,1.340197132733122,-0.0989346872452995,3.965045366748188,-0.4436973324717846,1.3237061726352286
67.0,207.0,129.88369750976562,-0.0374477628801099,2.682657028303648,-4.114838900894199,-3.678870043592088,-1.9251837276112644,1.3405201841317955,-0.0987901150784344,3.964675583138253,-0.4423633760043502,1.3238448057713843
67.0,207.0,129.88369750976562,-0.0382635524696136,2.682419967614642,-4.114786126384205,-3.679311634560755,-1.925978686292598,1.3411333845684037,-0.0987597980305496,3.9641414728433215,-0.4424791061193618,1.320928414315454
67.0,207.0,129.88369750976562,-0.0384394284723971,2.682975909148543,-4.114785849651962,-3.679239009035948,-1.9244454601702328,1.3399968271028857,-0.0992974966139006,3.9634126109169294,-0.4438348749963561,1.323728487499586
67.0,207.0,129.88369750976562,-0.0375151009923383,2.6815405326175563,-4.11492126820321,-3.678696413336605,-1.9248538354858755,1.3399425126041962,-0.0987835979778907,3.963714046279793,-0.4446811609730565,1.323395357397754
67.0,207.0,129.88369750976562,-0.0377454066103169,2.6825043046280004,-4.114788089707397,-3.679652743106941,-1.9244710726958925,1.340134709603629,-0.1004671214614538,3.9636188560680137,-0.4424447477359667,1.3231665976907154
67.0,207.0,129.88369750976562,-0.0364954623203145,2.682236998039043,-4.1151194879360045,-3.678349310488348,-1.9266135679514724,1.3402469514634694,-0.0997973225445006,3.96391029317396,-0.4446940722613329,1.3226826898546231
67.0,207.0,129.88369750976562,-0.0383554438796345,2.6837078456050074,-4.1148397309375175,-3.6796427651577615,-1.925935618093105,1.3413987342605571,-0.0995517511654577,3.963735392106942,-0.4447510661004394,1.3223569690262462
67.0,207.0,129.88369750976562,-0.0374471514184957,2.6830290313127803,-4.114093649499316,-3.679834210451842,-1.924097479454128,1.3403730799535918,-0.0989693227775162,3.9646815998637,-0.4441470635204132,1.3235251103658887
67.0,207.0,129.88369750976562,-0.0382710782515905,2.682893249029939,-4.115279657961465,-3.6792257495786993,-1.924598940320268,1.340114582927606,-0.0982937747407807,3.963413311773425,-0.4438361054294831,1.3238186492275428
67.0,207.0,129.88369750976562,-0.0386767940782647,2.6825724445294745,-4.114978013222114,-3.6803825219341575,-1.925471672712967,1.340026883894302,-0.1000383970307691,3.965015974768844,-0.4424138905121658,1.3231790020943524
67.0,207.0,129.88369750976562,-0.0386743878574695,2.682514171969066,-4.114506661615946,-3.679438333994672,-1.9243521442453364,1.339783745789752,-0.0992489063510318,3.963839175972056,-0.4434921678817331,1.3240327725928551
67.0,207.0,129.88369750976562,-0.0378622370720957,2.681968301780857,-4.11483420834631,-3.6800866107675727,-1.924030423868726,1.3402908182460136,-0.0994770964367983,3.9636342318458793,-0.4433138246954711,1.324016149664466
67.0,207.0,129.88369750976562,-0.038409736125438,2.683223324443615,-4.114847609240932,-3.679415568245977,-1.9254956460903945,1.339956890140793,-0.0993767820110977,3.96545346379171,-0.4440833734044859,1.3235641918682983
67.0,207.0,129.88369750976562,-0.0365283721779428,2.6821798842695697,-4.11603441881068,-3.679486054107372,-1.9251379515389608,1.3405617104052885,-0.1002226474128503,3.96390962240616,-0.4420402715724512,1.3236767237550735
67.0,207.0,129.88369750976562,-0.0364397398083592,2.6825071178585005,-4.115088219917484,-3.67970139592296,-1.9261702671341336,1.340268587447146,-0.1007867068112726,3.963668351548983,-0.4431968561648036,1.323600593218882
67.0,207.0,129.88369750976562,-0.0383216637770437,2.6825741157856324,-4.114967170153109,-3.6780063208760607,-1.924454085840296,1.3404595116488414,-0.099584917212826,3.9638032536282113,-0.4437830930453497,1.3237113962040006
67.0,207.0,129.88369750976562,-0.0379767604336877,2.680744641094622,-4.114477853527157,-3.6801701846835897,-1.924400799866619,1.3404674448137248,-0.0999418297218291,3.9646977554076215,-0.4444012423801128,1.3236911002911962
67.0,207.0,129.88369750976562,-0.0390478143195861,2.682337844354252,-4.115926773235828,-3.6795526101329856,-1.924688573970111,1.3412594732204302,-0.0998160293303123,3.963891675060848,-0.4428856325751028,1.3240663398786898
67.0,207.0,129.88369750976562,-0.0383148729229902,2.6832796999404445,-4.116294179060572,-3.6793979513078847,-1.9250865185851764,1.340689295518906,-0.0983386555168854,3.963023765613142,-0.4436402091529069,1.323783064095721
67.0,207.0,129.88369750976562,-0.0379627504806742,2.6821752792535305,-4.115112653936806,-3.679108163981376,-1.9271989799946387,1.3404670547282131,-0.0989285936155462,3.963762776092248,-0.4436037889685726,1.3234545198064809
67.0,207.0,129.88369750976562,-0.0392187524807247,2.683054261908589,-4.114922136147859,-3.6795777604845856,-1.925288325593142,1.3412020927009516,-0.0999221139832497,3.9638507441902,-0.4441360716815598,1.3240769948011513
67.0,207.0,129.88369750976562,-0.0383849644671473,2.6829565493324656,-4.1152425670406885,-3.679085536259625,-1.9245625020625792,1.3398362901102925,-0.0989136901687004,3.964908554644228,-0.4445902552466633,1.3237140521602766
67.0,207.0,129.88369750976562,-0.0381150873514049,2.682542042709517,-4.114430642239843,-3.678878579382245,-1.9244999050184943,1.3406975087022637,-0.0999938618507068,3.963198803446204,-0.4438787615061223,1.3237429493033557
67.0,207.0,129.88369750976562,-0.0356061132564945,2.682682236611596,-4.114853691872366,-3.679371797552783,-1.926117401442866,1.3402494852328133,-0.0995158924403936,3.963593572879813,-0.4432809198229624,1.3217267572875264
67.0,207.0,129.88369750976562,-0.0370319986549597,2.682141311654721,-4.11568919640137,-3.679601765843594,-1.9250876999733395,1.3398228311447469,-0.1004837490685165,3.964237534852891,-0.442657322459007,1.323574800022745
67.0,207.0,129.88369750976562,-0.0370807272260081,2.68264859514898,-4.115168223632826,-3.678252415128613,-1.9239598296335736,1.3405486072531194,-0.098422161926668,3.964345449074509,-0.4430919035377933,1.32368118639016
67.0,207.0,129.88369750976562,-0.0371588517049898,2.6805734538012,-4.114829362922763,-3.680286246949066,-1.92656536943232,1.339947151786356,-0.0988547495593402,3.9637048782995135,-0.4439045648392518,1.323849355521426
67.0,207.0,129.88369750976562,-0.0375504977495809,2.682280533818246,-4.115233018272244,-3.679761393898062,-1.925012808213688,1.3408448440508045,-0.0991535257406458,3.963799535448471,-0.4426996479812786,1.32341862225405
67.0,207.0,129.88369750976562,-0.0364782580288229,2.6818429670123987,-4.11474322378592,-3.679358600708835,-1.9243445464444973,1.3403015173573354,-0.09960695951543,3.965946662438152,-0.4428471831983755,1.3238509640840692
67.0,207.0,129.88369750976562,-0.0375050067521598,2.682394795215691,-4.114718372567042,-3.678092981168621,-1.9258440914610253,1.3400083563894525,-0.099182553119151,3.966016159885976,-0.4438312502809411,1.3218137438897066
67.0,207.0,129.88369750976562,-0.0385790505121479,2.6829151465589978,-4.114800802167872,-3.680258446862143,-1.924409893497719,1.340273682270729,-0.0988903953142273,3.964274155720028,-0.443693939368691,1.324358976709781
67.0,207.0,129.88369750976562,-0.0373377203114786,2.682486630971601,-4.114913017838977,-3.6783634873448783,-1.9265970819780125,1.3403155553342478,-0.099168483249192,3.963433477689972,-0.4450287501643289,1.3241048847555466
67.0,207.0,129.88369750976562,-0.0379180192985064,2.682247815866732,-4.11618169808676,-3.678672127199636,-1.9243215382018104,1.341224665253827,-0.0999942253138913,3.964944788080395,-0.4445476548029366,1.3237704141458422
67.0,207.0,129.88369750976562,-0.0379024272348933,2.681548237319513,-4.1147750510204935,-3.679808883893499,-1.9248620463978097,1.3398379650494014,-0.0992112748296654,3.963017815678836,-0.4424179299426491,1.3233375186841294
67.0,207.0,129.88369750976562,-0.0386119900478477,2.682502921158186,-4.115330536104988,-3.67922120648243,-1.924454899099244,1.3398214621333258,-0.0993185791376466,3.963886887649888,-0.4432911272000954,1.323338099550023
67.0,207.0,129.88369750976562,-0.0382477403859779,2.68273101332882,-4.115921932644253,-3.677978964649831,-1.924749009834854,1.3417441945558162,-0.0989616560098664,3.9650317801400976,-0.4436610931860999,1.3237025486479133
67.0,207.0,129.88369750976562,-0.0368336824364338,2.6826832487827823,-4.114591204394081,-3.678575812548972,-1.925641460409574,1.3405690717413157,-0.0993023327242637,3.963040004737601,-0.4453726377459595,1.3228519700821009
67.0,207.0,129.88369750976562,-0.0368682580867013,2.6829220535883818,-4.115330151241876,-3.6800847775118006,-1.924143475813016,1.3403634962947215,-0.0977891263415146,3.964305456688996,-0.4434524361281761,1.323232495747224
67.0,207.0,129.88369750976562,-0.0385555590400413,2.682332051900679,-4.11561887003485,-3.678886500882304,-1.9246899936591084,1.339812599810698,-0.0990985889591814,3.964719517917539,-0.4435134565679196,1.3239478618172835
67.0,207.0,129.88369750976562,-0.0362685215543273,2.6824785535414897,-4.115228802300194,-3.679666890710486,-1.924817154336768,1.3397913112986377,-0.0984104785689082,3.965220519508229,-0.4431274438343454,1.3229101875008091
67.0,207.0,129.88369750976562,-0.0375539125029723,2.683178260371717,-4.114369649219112,-3.679430716965344,-1.9246000535494767,1.3402022966892828,-0.0991060381317665,3.964045450719317,-0.4435850165156397,1.3232991003993002
67.0,207.0,129.88369750976562,-0.0373747018816963,2.6827891322424366,-4.115831560265851,-3.678720605069845,-1.925137080380172,1.3403258327157284,-0.0988966046907536,3.963632318963182,-0.4426579316869733,1.3218509770686553
67.0,207.0,129.88369750976562,-0.0370591034729298,2.6826218239917727,-4.115266560061377,-3.679595996907135,-1.926209819046368,1.3414009745971895,-0.0987779561750726,3.964208636924238,-0.4451036432456676,1.3236569489549574
67.0,207.0,129.88369750976562,-0.0391015901040685,2.6832066369908216,-4.11469770047713,-3.680059309122311,-1.9260168474946973,1.3411719572718803,-0.0990887163406583,3.963894911594921,-0.4433537251091182,1.3222977704533132
67.0,207.0,129.88369750976562,-0.0371238674580442,2.6828863163114574,-4.116450644235016,-3.678852193219088,-1.9245006772364748,1.340853961483298,-0.1003745299408251,3.96483297132265,-0.4438758320633198,1.32253467512871
67.0,207.0,129.88369750976562,-0.0387529514039979,2.682332987600346,-4.114907536737543,-3.6795098013530296,-1.9263257462158496,1.3407473142017434,-0.0999818312495976,3.964815872089346,-0.4437279455012012,1.3221885533632094
67.0,207.0,129.88369750976562,-0.0385026246801999,2.681902136710416,-4.116577281202409,-3.680540846948508,-1.92433206385908,1.3402460540770993,-0.099126385258616,3.9633692913641982,-0.4437405342625667,1.3232985721522927
67.0,208.0,129.88369750976562,-0.0372763731490363,2.6826167704504225,-4.114823442455658,-3.6783468022659607,-1.9261520268860424,1.3403612303406105,-0.0998002543669788,3.963755631935773,-0.4432836224847902,1.323920551784124
67.0,208.0,129.88369750976562,-0.0386144815276365,2.682602177420531,-4.114692785083619,-3.6782825809630206,-1.925857278402108,1.3408475275948784,-0.0997619686173913,3.964034353113425,-0.4420803106852294,1.323383683790692
67.0,208.0,129.88369750976562,-0.0384255196221009,2.6828457518910365,-4.115229419906435,-3.678280070499364,-1.9241863635424368,1.340197132733122,-0.0989346872452995,3.965045366748188,-0.4436973324717846,1.3237061726352286
67.0,208.0,129.88369750976562,-0.0374477628801099,2.682657028303648,-4.114838900894199,-3.678870043592088,-1.9251837276112644,1.3405201841317955,-0.0987901150784344,3.964675583138253,-0.4423633760043502,1.3238448057713843
67.0,208.0,129.88369750976562,-0.0382635524696136,2.682419967614642,-4.114786126384205,-3.679311634560755,-1.925978686292598,1.3411333845684037,-0.0987597980305496,3.9641414728433215,-0.4424791061193618,1.320928414315454
67.0,208.0,129.88369750976562,-0.0384394284723971,2.682975909148543,-4.114785849651962,-3.679239009035948,-1.9244454601702328,1.3399968271028857,-0.0992974966139006,3.9634126109169294,-0.4438348749963561,1.323728487499586
67.0,208.0,129.88369750976562,-0.0375151009923383,2.6815405326175563,-4.11492126820321,-3.678696413336605,-1.9248538354858755,1.3399425126041962,-0.0987835979778907,3.963714046279793,-0.4446811609730565,1.323395357397754
67.0,208.0,129.88369750976562,-0.0377454066103169,2.6825043046280004,-4.114788089707397,-3.679652743106941,-1.9244710726958925,1.340134709603629,-0.1004671214614538,3.9636188560680137,-0.4424447477359667,1.3231665976907154
67.0,208.0,129.88369750976562,-0.0364954623203145,2.682236998039043,-4.1151194879360045,-3.678349310488348,-1.9266135679514724,1.3402469514634694,-0.0997973225445006,3.96391029317396,-0.4446940722613329,1.3226826898546231
67.0,208.0,129.88369750976562,-0.0383554438796345,2.6837078456050074,-4.1148397309375175,-3.6796427651577615,-1.925935618093105,1.3413987342605571,-0.0995517511654577,3.963735392106942,-0.4447510661004394,1.3223569690262462
67.0,208.0,129.88369750976562,-0.0374471514184957,2.6830290313127803,-4.114093649499316,-3.679834210451842,-1.924097479454128,1.3403730799535918,-0.0989693227775162,3.9646815998637,-0.4441470635204132,1.3235251103658887
67.0,208.0,129.88369750976562,-0.0382710782515905,2.682893249029939,-4.115279657961465,-3.6792257495786993,-1.924598940320268,1.340114582927606,-0.0982937747407807,3.963413311773425,-0.4438361054294831,1.3238186492275428
67.0,208.0,129.88369750976562,-0.0386767940782647,2.6825724445294745,-4.114978013222114,-3.6803825219341575,-1.925471672712967,1.340026883894302,-0.1000383970307691,3.965015974768844,-0.4424138905121658,1.3231790020943524
67.0,208.0,129.88369750976562,-0.0386743878574695,2.682514171969066,-4.114506661615946,-3.679438333994672,-1.9243521442453364,1.339783745789752,-0.0992489063510318,3.963839175972056,-0.4434921678817331,1.3240327725928551
67.0,208.0,129.88369750976562,-0.0378622370720957,2.681968301780857,-4.11483420834631,-3.6800866107675727,-1.924030423868726,1.3402908182460136,-0.0994770964367983,3.9636342318458793,-0.4433138246954711,1.324016149664466
67.0,208.0,129.88369750976562,-0.038409736125438,2.683223324443615,-4.114847609240932,-3.679415568245977,-1.9254956460903945,1.339956890140793,-0.0993767820110977,3.96545346379171,-0.4440833734044859,1.3235641918682983
67.0,208.0,129.88369750976562,-0.0365283721779428,2.6821798842695697,-4.11603441881068,-3.679486054107372,-1.9251379515389608,1.3405617104052885,-0.1002226474128503,3.96390962240616,-0.4420402715724512,1.3236767237550735
67.0,208.0,129.88369750976562,-0.0364397398083592,2.6825071178585005,-4.115088219917484,-3.67970139592296,-1.9261702671341336,1.340268587447146,-0.1007867068112726,3.963668351548983,-0.4431968561648036,1.323600593218882
67.0,208.0,129.88369750976562,-0.0383216637770437,2.6825741157856324,-4.114967170153109,-3.6780063208760607,-1.924454085840296,1.3404595116488414,-0.099584917212826,3.9638032536282113,-0.4437830930453497,1.3237113962040006
67.0,208.0,129.88369750976562,-0.0379767604336877,2.680744641094622,-4.114477853527157,-3.6801701846835897,-1.924400799866619,1.3404674448137248,-0.0999418297218291,3.9646977554076215,-0.4444012423801128,1.3236911002911962
67.0,208.0,129.88369750976562,-0.0390478143195861,2.682337844354252,-4.115926773235828,-3.6795526101329856,-1.924688573970111,1.3412594732204302,-0.0998160293303123,3.963891675060848,-0.4428856325751028,1.3240663398786898
67.0,208.0,129.88369750976562,-0.0383148729229902,2.6832796999404445,-4.116294179060572,-3.6793979513078847,-1.9250865185851764,1.340689295518906,-0.0983386555168854,3.963023765613142,-0.4436402091529069,1.323783064095721
67.0,208.0,129.88369750976562,-0.0379627504806742,2.6821752792535305,-4.115112653936806,-3.679108163981376,-1.9271989799946387,1.3404670547282131,-0.0989285936155462,3.963762776092248,-0.4436037889685726,1.3234545198064809
67.0,208.0,129.88369750976562,-0.0392187524807247,2.683054261908589,-4.114922136147859,-3.6795777604845856,-1.925288325593142,1.3412020927009516,-0.0999221139832497,3.9638507441902,-0.4441360716815598,1.3240769948011513
67.0,208.0,129.88369750976562,-0.0383849644671473,2.6829565493324656,-4.1152425670406885,-3.679085536259625,-1.9245625020625792,1.3398362901102925,-0.0989136901687004,3.964908554644228,-0.4445902552466633,1.3237140521602766
67.0,208.0,129.88369750976562,-0.0381150873514049,2.682542042709517,-4.114430642239843,-3.678878579382245,-1.9244999050184943,1.3406975087022637,-0.0999938618507068,3.963198803446204,-0.4438787615061223,1.3237429493033557
67.0,208.0,129.88369750976562,-0.0356061132564945,2.682682236611596,-4.114853691872366,-3.679371797552783,-1.926117401442866,1.3402494852328133,-0.0995158924403936,3.963593572879813,-0.4432809198229624,1.3217267572875264
67.0,208.0,129.88369750976562,-0.0370319986549597,2.682141311654721,-4.11568919640137,-3.679601765843594,-1.9250876999733395,1.3398228311447469,-0.1004837490685165,3.964237534852891,-0.442657322459007,1.323574800022745
67.0,208.0,129.88369750976562,-0.0370807272260081,2.68264859514898,-4.115168223632826,-3.678252415128613,-1.9239598296335736,1.3405486072531194,-0.098422161926668,3.964345449074509,-0.4430919035377933,1.32368118639016
67.0,208.0,129.88369750976562,-0.0371588517049898,2.6805734538012,-4.114829362922763,-3.680286246949066,-1.92656536943232,1.339947151786356,-0.0988547495593402,3.9637048782995135,-0.4439045648392518,1.323849355521426
67.0,208.0,129.88369750976562,-0.0375504977495809,2.682280533818246,-4.115233018272244,-3.679761393898062,-1.925012808213688,1.3408448440508045,-0.0991535257406458,3.963799535448471,-0.4426996479812786,1.32341862225405
67.0,208.0,129.88369750976562,-0.0364782580288229,2.6818429670123987,-4.11474322378592,-3.679358600708835,-1.9243445464444973,1.3403015173573354,-0.09960695951543,3.965946662438152,-0.4428471831983755,1.3238509640840692
67.0,208.0,129.88369750976562,-0.0375050067521598,2.682394795215691,-4.114718372567042,-3.678092981168621,-1.9258440914610253,1.3400083563894525,-0.099182553119151,3.966016159885976,-0.4438312502809411,1.3218137438897066
67.0,208.0,129.88369750976562,-0.0385790505121479,2.6829151465589978,-4.114800802167872,-3.680258446862143,-1.924409893497719,1.340273682270729,-0.0988903953142273,3.964274155720028,-0.443693939368691,1.324358976709781
67.0,208.0,129.88369750976562,-0.0373377203114786,2.682486630971601,-4.114913017838977,-3.6783634873448783,-1.9265970819780125,1.3403155553342478,-0.099168483249192,3.963433477689972,-0.4450287501643289,1.3241048847555466
67.0,208.0,129.88369750976562,-0.0379180192985064,2.682247815866732,-4.11618169808676,-3.678672127199636,-1.9243215382018104,1.341224665253827,-0.0999942253138913,3.964944788080395,-0.4445476548029366,1.3237704141458422
67.0,208.0,129.88369750976562,-0.0379024272348933,2.681548237319513,-4.1147750510204935,-3.679808883893499,-1.9248620463978097,1.3398379650494014,-0.0992112748296654,3.963017815678836,-0.4424179299426491,1.3233375186841294
67.0,208.0,129.88369750976562,-0.0386119900478477,2.682502921158186,-4.115330536104988,-3.67922120648243,-1.924454899099244,1.3398214621333258,-0.0993185791376466,3.963886887649888,-0.4432911272000954,1.323338099550023
67.0,208.0,129.88369750976562,-0.0382477403859779,2.68273101332882,-4.115921932644253,-3.677978964649831,-1.924749009834854,1.3417441945558162,-0.0989616560098664,3.9650317801400976,-0.4436610931860999,1.3237025486479133
67.0,208.0,129.88369750976562,-0.0368336824364338,2.6826832487827823,-4.114591204394081,-3.678575812548972,-1.925641460409574,1.3405690717413157,-0.0993023327242637,3.963040004737601,-0.4453726377459595,1.3228519700821009
67.0,208.0,129.88369750976562,-0.0368682580867013,2.6829220535883818,-4.115330151241876,-3.6800847775118006,-1.924143475813016,1.3403634962947215,-0.0977891263415146,3.964305456688996,-0.4434524361281761,1.323232495747224
67.0,208.0,129.88369750976562,-0.0385555590400413,2.682332051900679,-4.11561887003485,-3.678886500882304,-1.9246899936591084,1.339812599810698,-0.0990985889591814,3.964719517917539,-0.4435134565679196,1.3239478618172835
67.0,208.0,129.88369750976562,-0.0362685215543273,2.6824785535414897,-4.115228802300194,-3.679666890710486,-1.924817154336768,1.3397913112986377,-0.0984104785689082,3.965220519508229,-0.4431274438343454,1.3229101875008091
67.0,208.0,129.88369750976562,-0.0375539125029723,2.683178260371717,-4.114369649219112,-3.679430716965344,-1.9246000535494767,1.3402022966892828,-0.0991060381317665,3.964045450719317,-0.4435850165156397,1.3232991003993002
67.0,208.0,129.88369750976562,-0.0373747018816963,2.6827891322424366,-4.115831560265851,-3.678720605069845,-1.925137080380172,1.3403258327157284,-0.0988966046907536,3.963632318963182,-0.4426579316869733,1.3218509770686553
67.0,208.0,129.88369750976562,-0.0370591034729298,2.6826218239917727,-4.115266560061377,-3.679595996907135,-1.926209819046368,1.3414009745971895,-0.0987779561750726,3.964208636924238,-0.4451036432456676,1.3236569489549574
67.0,208.0,129.88369750976562,-0.0391015901040685,2.6832066369908216,-4.11469770047713,-3.680059309122311,-1.9260168474946973,1.3411719572718803,-0.0990887163406583,3.963894911594921,-0.4433537251091182,1.3222977704533132
67.0,208.0,129.88369750976562,-0.0371238674580442,2.6828863163114574,-4.116450644235016,-3.678852193219088,-1.9245006772364748,1.340853961483298,-0.1003745299408251,3.96483297132265,-0.4438758320633198,1.32253467512871
67.0,208.0,129.88369750976562,-0.0387529514039979,2.682332987600346,-4.114907536737543,-3.6795098013530296,-1.9263257462158496,1.3407473142017434,-0.0999818312495976,3.964815872089346,-0.4437279455012012,1.3221885533632094
67.0,208.0,129.88369750976562,-0.0385026246801999,2.681902136710416,-4.116577281202409,-3.680540846948508,-1.92433206385908,1.3402460540770993,-0.099126385258616,3.9633692913641982,-0.4437405342625667,1.3232985721522927
67.0,209.0,129.88369750976562,-0.0372763731490363,2.6826167704504225,-4.114823442455658,-3.6783468022659607,-1.9261520268860424,1.3403612303406105,-0.0998002543669788,3.963755631935773,-0.4432836224847902,1.323920551784124
67.0,209.0,129.88369750976562,-0.0386144815276365,2.682602177420531,-4.114692785083619,-3.6782825809630206,-1.925857278402108,1.3408475275948784,-0.0997619686173913,3.964034353113425,-0.4420803106852294,1.323383683790692
67.0,209.0,129.88369750976562,-0.0384255196221009,2.6828457518910365,-4.115229419906435,-3.678280070499364,-1.9241863635424368,1.340197132733122,-0.0989346872452995,3.965045366748188,-0.4436973324717846,1.3237061726352286
67.0,209.0,129.88369750976562,-0.0374477628801099,2.682657028303648,-4.114838900894199,-3.678870043592088,-1.9251837276112644,1.3405201841317955,-0.0987901150784344,3.964675583138253,-0.4423633760043502,1.3238448057713843
67.0,209.0,129.88369750976562,-0.0382635524696136,2.682419967614642,-4.114786126384205,-3.679311634560755,-1.925978686292598,1.3411333845684037,-0.0987597980305496,3.9641414728433215,-0.4424791061193618,1.320928414315454
67.0,209.0,129.88369750976562,-0.0384394284723971,2.682975909148543,-4.114785849651962,-3.679239009035948,-1.9244454601702328,1.3399968271028857,-0.0992974966139006,3.9634126109169294,-0.4438348749963561,1.323728487499586
67.0,209.0,129.88369750976562,-0.0375151009923383,2.6815405326175563,-4.11492126820321,-3.678696413336605,-1.9248538354858755,1.3399425126041962,-0.0987835979778907,3.963714046279793,-0.4446811609730565,1.323395357397754
67.0,209.0,129.88369750976562,-0.0377454066103169,2.6825043046280004,-4.114788089707397,-3.679652743106941,-1.9244710726958925,1.340134709603629,-0.1004671214614538,3.9636188560680137,-0.4424447477359667,1.3231665976907154
67.0,209.0,129.88369750976562,-0.0364954623203145,2.682236998039043,-4.1151194879360045,-3.678349310488348,-1.9266135679514724,1.3402469514634694,-0.0997973225445006,3.96391029317396,-0.4446940722613329,1.3226826898546231
67.0,209.0,129.88369750976562,-0.0383554438796345,2.6837078456050074,-4.1148397309375175,-3.6796427651577615,-1.925935618093105,1.3413987342605571,-0.0995517511654577,3.963735392106942,-0.4447510661004394,1.3223569690262462
67.0,209.0,129.88369750976562,-0.0374471514184957,2.6830290313127803,-4.114093649499316,-3.679834210451842,-1.924097479454128,1.3403730799535918,-0.0989693227775162,3.9646815998637,-0.4441470635204132,1.3235251103658887
67.0,209.0,129.88369750976562,-0.0382710782515905,2.682893249029939,-4.115279657961465,-3.6792257495786993,-1.924598940320268,1.340114582927606,-0.0982937747407807,3.963413311773425,-0.4438361054294831,1.3238186492275428
67.0,209.0,129.88369750976562,-0.0386767940782647,2.6825724445294745,-4.114978013222114,-3.6803825219341575,-1.925471672712967,1.340026883894302,-0.1000383970307691,3.965015974768844,-0.4424138905121658,1.3231790020943524
67.0,209.0,129.88369750976562,-0.0386743878574695,2.682514171969066,-4.114506661615946,-3.679438333994672,-1.9243521442453364,1.339783745789752,-0.0992489063510318,3.963839175972056,-0.4434921678817331,1.3240327725928551
67.0,209.0,129.88369750976562,-0.0378622370720957,2.681968301780857,-4.11483420834631,-3.6800866107675727,-1.924030423868726,1.3402908182460136,-0.0994770964367983,3.9636342318458793,-0.4433138246954711,1.324016149664466
67.0,209.0,129.88369750976562,-0.038409736125438,2.683223324443615,-4.114847609240932,-3.679415568245977,-1.9254956460903945,1.339956890140793,-0.0993767820110977,3.96545346379171,-0.4440833734044859,1.3235641918682983
67.0,209.0,129.88369750976562,-0.0365283721779428,2.6821798842695697,-4.11603441881068,-3.679486054107372,-1.9251379515389608,1.3405617104052885,-0.1002226474128503,3.96390962240616,-0.4420402715724512,1.3236767237550735
67.0,209.0,129.88369750976562,-0.0364397398083592,2.6825071178585005,-4.115088219917484,-3.67970139592296,-1.9261702671341336,1.340268587447146,-0.1007867068112726,3.963668351548983,-0.4431968561648036,1.323600593218882
67.0,209.0,129.88369750976562,-0.0383216637770437,2.6825741157856324,-4.114967170153109,-3.6780063208760607,-1.924454085840296,1.3404595116488414,-0.099584917212826,3.9638032536282113,-0.4437830930453497,1.3237113962040006
67.0,209.0,129.88369750976562,-0.0379767604336877,2.680744641094622,-4.114477853527157,-3.6801701846835897,-1.924400799866619,1.3404674448137248,-0.0999418297218291,3.9646977554076215,-0.4444012423801128,1.3236911002911962
67.0,209.0,129.88369750976562,-0.0390478143195861,2.682337844354252,-4.115926773235828,-3.6795526101329856,-1.924688573970111,1.3412594732204302,-0.0998160293303123,3.963891675060848,-0.4428856325751028,1.3240663398786898
67.0,209.0,129.88369750976562,-0.0383148729229902,2.6832796999404445,-4.116294179060572,-3.6793979513078847,-1.9250865185851764,1.340689295518906,-0.0983386555168854,3.963023765613142,-0.4436402091529069,1.323783064095721
67.0,209.0,129.88369750976562,-0.0379627504806742,2.6821752792535305,-4.115112653936806,-3.679108163981376,-1.9271989799946387,1.3404670547282131,-0.0989285936155462,3.963762776092248,-0.4436037889685726,1.3234545198064809
67.0,209.0,129.88369750976562,-0.0392187524807247,2.683054261908589,-4.114922136147859,-3.6795777604845856,-1.925288325593142,1.3412020927009516,-0.0999221139832497,3.9638507441902,-0.4441360716815598,1.3240769948011513
67.0,209.0,129.88369750976562,-0.0383849644671473,2.6829565493324656,-4.1152425670406885,-3.679085536259625,-1.9245625020625792,1.3398362901102925,-0.0989136901687004,3.964908554644228,-0.4445902552466633,1.3237140521602766
67.0,209.0,129.88369750976562,-0.0381150873514049,2.682542042709517,-4.114430642239843,-3.678878579382245,-1.9244999050184943,1.3406975087022637,-0.0999938618507068,3.963198803446204,-0.4438787615061223,1.3237429493033557
67.0,209.0,129.88369750976562,-0.0356061132564945,2.682682236611596,-4.114853691872366,-3.679371797552783,-1.926117401442866,1.3402494852328133,-0.0995158924403936,3.963593572879813,-0.4432809198229624,1.3217267572875264
67.0,209.0,129.88369750976562,-0.0370319986549597,2.682141311654721,-4.11568919640137,-3.679601765843594,-1.9250876999733395,1.3398228311447469,-0.1004837490685165,3.964237534852891,-0.442657322459007,1.323574800022745
67.0,209.0,129.88369750976562,-0.0370807272260081,2.68264859514898,-4.115168223632826,-3.678252415128613,-1.9239598296335736,1.3405486072531194,-0.098422161926668,3.964345449074509,-0.4430919035377933,1.32368118639016
67.0,209.0,129.88369750976562,-0.0371588517049898,2.6805734538012,-4.114829362922763,-3.680286246949066,-1.92656536943232,1.339947151786356,-0.0988547495593402,3.9637048782995135,-0.4439045648392518,1.323849355521426
67.0,209.0,129.88369750976562,-0.0375504977495809,2.682280533818246,-4.115233018272244,-3.679761393898062,-1.925012808213688,1.3408448440508045,-0.0991535257406458,3.963799535448471,-0.4426996479812786,1.32341862225405
67.0,209.0,129.88369750976562,-0.0364782580288229,2.6818429670123987,-4.11474322378592,-3.679358600708835,-1.9243445464444973,1.3403015173573354,-0.09960695951543,3.965946662438152,-0.4428471831983755,1.3238509640840692
67.0,209.0,129.88369750976562,-0.0375050067521598,2.682394795215691,-4.114718372567042,-3.678092981168621,-1.9258440914610253,1.3400083563894525,-0.099182553119151,3.966016159885976,-0.4438312502809411,1.3218137438897066
67.0,209.0,129.88369750976562,-0.0385790505121479,2.6829151465589978,-4.114800802167872,-3.680258446862143,-1.924409893497719,1.340273682270729,-0.0988903953142273,3.964274155720028,-0.443693939368691,1.324358976709781
67.0,209.0,129.88369750976562,-0.0373377203114786,2.682486630971601,-4.114913017838977,-3.6783634873448783,-1.9265970819780125,1.3403155553342478,-0.099168483249192,3.963433477689972,-0.4450287501643289,1.3241048847555466
67.0,209.0,129.88369750976562,-0.0379180192985064,2.682247815866732,-4.11618169808676,-3.678672127199636,-1.9243215382018104,1.341224665253827,-0.0999942253138913,3.964944788080395,-0.4445476548029366,1.3237704141458422
67.0,209.0,129.88369750976562,-0.0379024272348933,2.681548237319513,-4.1147750510204935,-3.679808883893499,-1.9248620463978097,1.3398379650494014,-0.0992112748296654,3.963017815678836,-0.4424179299426491,1.3233375186841294
67.0,209.0,129.88369750976562,-0.0386119900478477,2.682502921158186,-4.115330536104988,-3.67922120648243,-1.924454899099244,1.3398214621333258,-0.0993185791376466,3.963886887649888,-0.4432911272000954,1.323338099550023
67.0,209.0,129.88369750976562,-0.0382477403859779,2.68273101332882,-4.115921932644253,-3.677978964649831,-1.924749009834854,1.3417441945558162,-0.0989616560098664,3.9650317801400976,-0.4436610931860999,1.3237025486479133
67.0,209.0,129.88369750976562,-0.0368336824364338,2.6826832487827823,-4.114591204394081,-3.678575812548972,-1.925641460409574,1.3405690717413157,-0.0993023327242637,3.963040004737601,-0.4453726377459595,1.3228519700821009
67.0,209.0,129.88369750976562,-0.0368682580867013,2.6829220535883818,-4.115330151241876,-3.6800847775118006,-1.924143475813016,1.3403634962947215,-0.0977891263415146,3.964305456688996,-0.4434524361281761,1.323232495747224
67.0,209.0,129.88369750976562,-0.0385555590400413,2.682332051900679,-4.11561887003485,-3.678886500882304,-1.9246899936591084,1.339812599810698,-0.0990985889591814,3.964719517917539,-0.4435134565679196,1.3239478618172835
67.0,209.0,129.88369750976562,-0.0362685215543273,2.6824785535414897,-4.115228802300194,-3.679666890710486,-1.924817154336768,1.3397913112986377,-0.0984104785689082,3.965220519508229,-0.4431274438343454,1.3229101875008091
67.0,209.0,129.88369750976562,-0.0375539125029723,2.683178260371717,-4.114369649219112,-3.679430716965344,-1.9246000535494767,1.3402022966892828,-0.0991060381317665,3.964045450719317,-0.4435850165156397,1.3232991003993002
67.0,209.0,129.88369750976562,-0.0373747018816963,2.6827891322424366,-4.115831560265851,-3.678720605069845,-1.925137080380172,1.3403258327157284,-0.0988966046907536,3.963632318963182,-0.4426579316869733,1.3218509770686553
67.0,209.0,129.88369750976562,-0.0370591034729298,2.6826218239917727,-4.115266560061377,-3.679595996907135,-1.926209819046368,1.3414009745971895,-0.0987779561750726,3.964208636924238,-0.4451036432456676,1.3236569489549574
67.0,209.0,129.88369750976562,-0.0391015901040685,2.6832066369908216,-4.11469770047713,-3.680059309122311,-1.9260168474946973,1.3411719572718803,-0.0990887163406583,3.963894911594921,-0.4433537251091182,1.3222977704533132
67.0,209.0,129.88369750976562,-0.0371238674580442,2.6828863163114574,-4.116450644235016,-3.678852193219088,-1.9245006772364748,1.340853961483298,-0.1003745299408251,3.96483297132265,-0.4438758320633198,1.32253467512871
67.0,209.0,129.88369750976562,-0.0387529514039979,2.682332987600346,-4.114907536737543,-3.6795098013530296,-1.9263257462158496,1.3407473142017434,-0.0999818312495976,3.964815872089346,-0.4437279455012012,1.3221885533632094
67.0,209.0,129.88369750976562,-0.0385026246801999,2.681902136710416,-4.116577281202409,-3.680540846948508,-1.92433206385908,1.3402460540770993,-0.099126385258616,3.9633692913641982,-0.4437405342625667,1.3232985721522927
67.0,210.0,129.88369750976562,-0.0372763731490363,2.6826167704504225,-4.114823442455658,-3.6783468022659607,-1.9261520268860424,1.3403612303406105,-0.0998002543669788,3.963755631935773,-0.4432836224847902,1.323920551784124
67.0,210.0,129.88369750976562,-0.0386144815276365,2.682602177420531,-4.114692785083619,-3.6782825809630206,-1.925857278402108,1.3408475275948784,-0.0997619686173913,3.964034353113425,-0.4420803106852294,1.323383683790692
67.0,210.0,129.88369750976562,-0.0384255196221009,2.6828457518910365,-4.115229419906435,-3.678280070499364,-1.9241863635424368,1.340197132733122,-0.0989346872452995,3.965045366748188,-0.4436973324717846,1.3237061726352286
67.0,210.0,129.88369750976562,-0.0374477628801099,2.682657028303648,-4.114838900894199,-3.678870043592088,-1.9251837276112644,1.3405201841317955,-0.0987901150784344,3.964675583138253,-0.4423633760043502,1.3238448057713843
67.0,210.0,129.88369750976562,-0.0382635524696136,2.682419967614642,-4.114786126384205,-3.679311634560755,-1.925978686292598,1.3411333845684037,-0.0987597980305496,3.9641414728433215,-0.4424791061193618,1.320928414315454
67.0,210.0,129.88369750976562,-0.0384394284723971,2.682975909148543,-4.114785849651962,-3.679239009035948,-1.9244454601702328,1.3399968271028857,-0.0992974966139006,3.9634126109169294,-0.4438348749963561,1.323728487499586
67.0,210.0,129.88369750976562,-0.0375151009923383,2.6815405326175563,-4.11492126820321,-3.678696413336605,-1.9248538354858755,1.3399425126041962,-0.0987835979778907,3.963714046279793,-0.4446811609730565,1.323395357397754
67.0,210.0,129.88369750976562,-0.0377454066103169,2.6825043046280004,-4.114788089707397,-3.679652743106941,-1.9244710726958925,1.340134709603629,-0.1004671214614538,3.9636188560680137,-0.4424447477359667,1.3231665976907154
67.0,210.0,129.88369750976562,-0.0364954623203145,2.682236998039043,-4.1151194879360045,-3.678349310488348,-1.9266135679514724,1.3402469514634694,-0.0997973225445006,3.96391029317396,-0.4446940722613329,1.3226826898546231
67.0,210.0,129.88369750976562,-0.0383554438796345,2.6837078456050074,-4.1148397309375175,-3.6796427651577615,-1.925935618093105,1.3413987342605571,-0.0995517511654577,3.963735392106942,-0.4447510661004394,1.3223569690262462
67.0,210.0,129.88369750976562,-0.0374471514184957,2.6830290313127803,-4.114093649499316,-3.679834210451842,-1.924097479454128,1.3403730799535918,-0.0989693227775162,3.9646815998637,-0.4441470635204132,1.3235251103658887
67.0,210.0,129.88369750976562,-0.0382710782515905,2.682893249029939,-4.115279657961465,-3.6792257495786993,-1.924598940320268,1.340114582927606,-0.0982937747407807,3.963413311773425,-0.4438361054294831,1.3238186492275428
67.0,210.0,129.88369750976562,-0.0386767940782647,2.6825724445294745,-4.114978013222114,-3.6803825219341575,-1.925471672712967,1.340026883894302,-0.1000383970307691,3.965015974768844,-0.4424138905121658,1.3231790020943524
67.0,210.0,129.88369750976562,-0.0386743878574695,2.682514171969066,-4.114506661615946,-3.679438333994672,-1.9243521442453364,1.339783745789752,-0.0992489063510318,3.963839175972056,-0.4434921678817331,1.3240327725928551
67.0,210.0,129.88369750976562,-0.0378622370720957,2.681968301780857,-4.11483420834631,-3.6800866107675727,-1.924030423868726,1.3402908182460136,-0.0994770964367983,3.9636342318458793,-0.4433138246954711,1.324016149664466
67.0,210.0,129.88369750976562,-0.038409736125438,2.683223324443615,-4.114847609240932,-3.679415568245977,-1.9254956460903945,1.339956890140793,-0.0993767820110977,3.96545346379171,-0.4440833734044859,1.3235641918682983
67.0,210.0,129.88369750976562,-0.0365283721779428,2.6821798842695697,-4.11603441881068,-3.679486054107372,-1.9251379515389608,1.3405617104052885,-0.1002226474128503,3.96390962240616,-0.4420402715724512,1.3236767237550735
67.0,210.0,129.88369750976562,-0.0364397398083592,2.6825071178585005,-4.115088219917484,-3.67970139592296,-1.9261702671341336,1.340268587447146,-0.1007867068112726,3.963668351548983,-0.4431968561648036,1.323600593218882
67.0,210.0,129.88369750976562,-0.0383216637770437,2.6825741157856324,-4.114967170153109,-3.6780063208760607,-1.924454085840296,1.3404595116488414,-0.099584917212826,3.9638032536282113,-0.4437830930453497,1.3237113962040006
67.0,210.0,129.88369750976562,-0.0379767604336877,2.680744641094622,-4.114477853527157,-3.6801701846835897,-1.924400799866619,1.3404674448137248,-0.0999418297218291,3.9646977554076215,-0.4444012423801128,1.3236911002911962
67.0,210.0,129.88369750976562,-0.0390478143195861,2.682337844354252,-4.115926773235828,-3.6795526101329856,-1.924688573970111,1.3412594732204302,-0.0998160293303123,3.963891675060848,-0.4428856325751028,1.3240663398786898
67.0,210.0,129.88369750976562,-0.0383148729229902,2.6832796999404445,-4.116294179060572,-3.6793979513078847,-1.9250865185851764,1.340689295518906,-0.0983386555168854,3.963023765613142,-0.4436402091529069,1.323783064095721
67.0,210.0,129.88369750976562,-0.0379627504806742,2.6821752792535305,-4.115112653936806,-3.679108163981376,-1.9271989799946387,1.3404670547282131,-0.0989285936155462,3.963762776092248,-0.4436037889685726,1.3234545198064809
67.0,210.0,129.88369750976562,-0.0392187524807247,2.683054261908589,-4.114922136147859,-3.6795777604845856,-1.925288325593142,1.3412020927009516,-0.0999221139832497,3.9638507441902,-0.4441360716815598,1.3240769948011513
67.0,210.0,129.88369750976562,-0.0383849644671473,2.6829565493324656,-4.1152425670406885,-3.679085536259625,-1.9245625020625792,1.3398362901102925,-0.0989136901687004,3.964908554644228,-0.4445902552466633,1.3237140521602766
67.0,210.0,129.88369750976562,-0.0381150873514049,2.682542042709517,-4.114430642239843,-3.678878579382245,-1.9244999050184943,1.3406975087022637,-0.0999938618507068,3.963198803446204,-0.4438787615061223,1.3237429493033557
67.0,210.0,129.88369750976562,-0.0356061132564945,2.682682236611596,-4.114853691872366,-3.679371797552783,-1.926117401442866,1.3402494852328133,-0.0995158924403936,3.963593572879813,-0.4432809198229624,1.3217267572875264
67.0,210.0,129.88369750976562,-0.0370319986549597,2.682141311654721,-4.11568919640137,-3.679601765843594,-1.9250876999733395,1.3398228311447469,-0.1004837490685165,3.964237534852891,-0.442657322459007,1.323574800022745
67.0,210.0,129.88369750976562,-0.0370807272260081,2.68264859514898,-4.115168223632826,-3.678252415128613,-1.9239598296335736,1.3405486072531194,-0.098422161926668,3.964345449074509,-0.4430919035377933,1.32368118639016
67.0,210.0,129.88369750976562,-0.0371588517049898,2.6805734538012,-4.114829362922763,-3.680286246949066,-1.92656536943232,1.339947151786356,-0.0988547495593402,3.9637048782995135,-0.4439045648392518,1.323849355521426
67.0,210.0,129.88369750976562,-0.0375504977495809,2.682280533818246,-4.115233018272244,-3.679761393898062,-1.925012808213688,1.3408448440508045,-0.0991535257406458,3.963799535448471,-0.4426996479812786,1.32341862225405
67.0,210.0,129.88369750976562,-0.0364782580288229,2.6818429670123987,-4.11474322378592,-3.679358600708835,-1.9243445464444973,1.3403015173573354,-0.09960695951543,3.965946662438152,-0.4428471831983755,1.3238509640840692
67.0,210.0,129.88369750976562,-0.0375050067521598,2.682394795215691,-4.114718372567042,-3.678092981168621,-1.9258440914610253,1.3400083563894525,-0.099182553119151,3.966016159885976,-0.4438312502809411,1.3218137438897066
67.0,210.0,129.88369750976562,-0.0385790505121479,2.6829151465589978,-4.114800802167872,-3.680258446862143,-1.924409893497719,1.340273682270729,-0.0988903953142273,3.964274155720028,-0.443693939368691,1.324358976709781
67.0,210.0,129.88369750976562,-0.0373377203114786,2.682486630971601,-4.114913017838977,-3.6783634873448783,-1.9265970819780125,1.3403155553342478,-0.099168483249192,3.963433477689972,-0.4450287501643289,1.3241048847555466
67.0,210.0,129.88369750976562,-0.0379180192985064,2.682247815866732,-4.11618169808676,-3.678672127199636,-1.9243215382018104,1.341224665253827,-0.0999942253138913,3.964944788080395,-0.4445476548029366,1.3237704141458422
67.0,210.0,129.88369750976562,-0.0379024272348933,2.681548237319513,-4.1147750510204935,-3.679808883893499,-1.9248620463978097,1.3398379650494014,-0.0992112748296654,3.963017815678836,-0.4424179299426491,1.3233375186841294
67.0,210.0,129.88369750976562,-0.0386119900478477,2.682502921158186,-4.115330536104988,-3.67922120648243,-1.924454899099244,1.3398214621333258,-0.0993185791376466,3.963886887649888,-0.4432911272000954,1.323338099550023
67.0,210.0,129.88369750976562,-0.0382477403859779,2.68273101332882,-4.115921932644253,-3.677978964649831,-1.924749009834854,1.3417441945558162,-0.0989616560098664,3.9650317801400976,-0.4436610931860999,1.3237025486479133
67.0,210.0,129.88369750976562,-0.0368336824364338,2.6826832487827823,-4.114591204394081,-3.678575812548972,-1.925641460409574,1.3405690717413157,-0.0993023327242637,3.963040004737601,-0.4453726377459595,1.3228519700821009
67.0,210.0,129.88369750976562,-0.0368682580867013,2.6829220535883818,-4.115330151241876,-3.6800847775118006,-1.924143475813016,1.3403634962947215,-0.0977891263415146,3.964305456688996,-0.4434524361281761,1.323232495747224
67.0,210.0,129.88369750976562,-0.0385555590400413,2.682332051900679,-4.11561887003485,-3.678886500882304,-1.9246899936591084,1.339812599810698,-0.0990985889591814,3.964719517917539,-0.4435134565679196,1.3239478618172835
67.0,210.0,129.88369750976562,-0.0362685215543273,2.6824785535414897,-4.115228802300194,-3.679666890710486,-1.924817154336768,1.3397913112986377,-0.0984104785689082,3.965220519508229,-0.4431274438343454,1.3229101875008091
67.0,210.0,129.88369750976562,-0.0375539125029723,2.683178260371717,-4.114369649219112,-3.679430716965344,-1.9246000535494767,1.3402022966892828,-0.0991060381317665,3.964045450719317,-0.4435850165156397,1.3232991003993002
67.0,210.0,129.88369750976562,-0.0373747018816963,2.6827891322424366,-4.115831560265851,-3.678720605069845,-1.925137080380172,1.3403258327157284,-0.0988966046907536,3.963632318963182,-0.4426579316869733,1.3218509770686553
67.0,210.0,129.88369750976562,-0.0370591034729298,2.6826218239917727,-4.115266560061377,-3.679595996907135,-1.926209819046368,1.3414009745971895,-0.0987779561750726,3.964208636924238,-0.4451036432456676,1.3236569489549574
67.0,210.0,129.88369750976562,-0.0391015901040685,2.6832066369908216,-4.11469770047713,-3.680059309122311,-1.9260168474946973,1.3411719572718803,-0.0990887163406583,3.963894911594921,-0.4433537251091182,1.3222977704533132
67.0,210.0,129.88369750976562,-0.0371238674580442,2.6828863163114574,-4.116450644235016,-3.678852193219088,-1.9245006772364748,1.340853961483298,-0.1003745299408251,3.96483297132265,-0.4438758320633198,1.32253467512871
67.0,210.0,129.88369750976562,-0.0387529514039979,2.682332987600346,-4.114907536737543,-3.6795098013530296,-1.9263257462158496,1.3407473142017434,-0.0999818312495976,3.964815872089346,-0.4437279455012012,1.3221885533632094
67.0,210.0,129.88369750976562,-0.0385026246801999,2.681902136710416,-4.116577281202409,-3.680540846948508,-1.92433206385908,1.3402460540770993,-0.099126385258616,3.9633692913641982,-0.4437405342625667,1.3232985721522927
67.0,211.0,129.88369750976562,-0.0372763731490363,2.6826167704504225,-4.114823442455658,-3.6783468022659607,-1.9261520268860424,1.3403612303406105,-0.0998002543669788,3.963755631935773,-0.4432836224847902,1.323920551784124
67.0,211.0,129.88369750976562,-0.0386144815276365,2.682602177420531,-4.114692785083619,-3.6782825809630206,-1.925857278402108,1.3408475275948784,-0.0997619686173913,3.964034353113425,-0.4420803106852294,1.323383683790692
67.0,211.0,129.88369750976562,-0.0384255196221009,2.6828457518910365,-4.115229419906435,-3.678280070499364,-1.9241863635424368,1.340197132733122,-0.0989346872452995,3.965045366748188,-0.4436973324717846,1.3237061726352286
67.0,211.0,129.88369750976562,-0.0374477628801099,2.682657028303648,-4.114838900894199,-3.678870043592088,-1.9251837276112644,1.3405201841317955,-0.0987901150784344,3.964675583138253,-0.4423633760043502,1.3238448057713843
67.0,211.0,129.88369750976562,-0.0382635524696136,2.682419967614642,-4.114786126384205,-3.679311634560755,-1.925978686292598,1.3411333845684037,-0.0987597980305496,3.9641414728433215,-0.4424791061193618,1.320928414315454
67.0,211.0,129.88369750976562,-0.0384394284723971,2.682975909148543,-4.114785849651962,-3.679239009035948,-1.9244454601702328,1.3399968271028857,-0.0992974966139006,3.9634126109169294,-0.4438348749963561,1.323728487499586
67.0,211.0,129.88369750976562,-0.0375151009923383,2.6815405326175563,-4.11492126820321,-3.678696413336605,-1.9248538354858755,1.3399425126041962,-0.0987835979778907,3.963714046279793,-0.4446811609730565,1.323395357397754
67.0,211.0,129.88369750976562,-0.0377454066103169,2.6825043046280004,-4.114788089707397,-3.679652743106941,-1.9244710726958925,1.340134709603629,-0.1004671214614538,3.9636188560680137,-0.4424447477359667,1.3231665976907154
67.0,211.0,129.88369750976562,-0.0364954623203145,2.682236998039043,-4.1151194879360045,-3.678349310488348,-1.9266135679514724,1.3402469514634694,-0.0997973225445006,3.96391029317396,-0.4446940722613329,1.3226826898546231
67.0,211.0,129.88369750976562,-0.0383554438796345,2.6837078456050074,-4.1148397309375175,-3.6796427651577615,-1.925935618093105,1.3413987342605571,-0.0995517511654577,3.963735392106942,-0.4447510661004394,1.3223569690262462
67.0,211.0,129.88369750976562,-0.0374471514184957,2.6830290313127803,-4.114093649499316,-3.679834210451842,-1.924097479454128,1.3403730799535918,-0.0989693227775162,3.9646815998637,-0.4441470635204132,1.3235251103658887
67.0,211.0,129.88369750976562,-0.0382710782515905,2.682893249029939,-4.115279657961465,-3.6792257495786993,-1.924598940320268,1.340114582927606,-0.0982937747407807,3.963413311773425,-0.4438361054294831,1.3238186492275428
67.0,211.0,129.88369750976562,-0.0386767940782647,2.6825724445294745,-4.114978013222114,-3.6803825219341575,-1.925471672712967,1.340026883894302,-0.1000383970307691,3.965015974768844,-0.4424138905121658,1.3231790020943524
67.0,211.0,129.88369750976562,-0.0386743878574695,2.682514171969066,-4.114506661615946,-3.679438333994672,-1.9243521442453364,1.339783745789752,-0.0992489063510318,3.963839175972056,-0.4434921678817331,1.3240327725928551
67.0,211.0,129.88369750976562,-0.0378622370720957,2.681968301780857,-4.11483420834631,-3.6800866107675727,-1.924030423868726,1.3402908182460136,-0.0994770964367983,3.9636342318458793,-0.4433138246954711,1.324016149664466
67.0,211.0,129.88369750976562,-0.038409736125438,2.683223324443615,-4.114847609240932,-3.679415568245977,-1.9254956460903945,1.339956890140793,-0.0993767820110977,3.96545346379171,-0.4440833734044859,1.3235641918682983
67.0,211.0,129.88369750976562,-0.0365283721779428,2.6821798842695697,-4.11603441881068,-3.679486054107372,-1.9251379515389608,1.3405617104052885,-0.1002226474128503,3.96390962240616,-0.4420402715724512,1.3236767237550735
67.0,211.0,129.88369750976562,-0.0364397398083592,2.6825071178585005,-4.115088219917484,-3.67970139592296,-1.9261702671341336,1.340268587447146,-0.1007867068112726,3.963668351548983,-0.4431968561648036,1.323600593218882
67.0,211.0,129.88369750976562,-0.0383216637770437,2.6825741157856324,-4.114967170153109,-3.6780063208760607,-1.924454085840296,1.3404595116488414,-0.099584917212826,3.9638032536282113,-0.4437830930453497,1.3237113962040006
67.0,211.0,129.88369750976562,-0.0379767604336877,2.680744641094622,-4.114477853527157,-3.6801701846835897,-1.924400799866619,1.3404674448137248,-0.0999418297218291,3.9646977554076215,-0.4444012423801128,1.3236911002911962
67.0,211.0,129.88369750976562,-0.0390478143195861,2.682337844354252,-4.115926773235828,-3.6795526101329856,-1.924688573970111,1.3412594732204302,-0.0998160293303123,3.963891675060848,-0.4428856325751028,1.3240663398786898
67.0,211.0,129.88369750976562,-0.0383148729229902,2.6832796999404445,-4.116294179060572,-3.6793979513078847,-1.9250865185851764,1.340689295518906,-0.0983386555168854,3.963023765613142,-0.4436402091529069,1.323783064095721
67.0,211.0,129.88369750976562,-0.0379627504806742,2.6821752792535305,-4.115112653936806,-3.679108163981376,-1.9271989799946387,1.3404670547282131,-0.0989285936155462,3.963762776092248,-0.4436037889685726,1.3234545198064809
67.0,211.0,129.88369750976562,-0.0392187524807247,2.683054261908589,-4.114922136147859,-3.6795777604845856,-1.925288325593142,1.3412020927009516,-0.0999221139832497,3.9638507441902,-0.4441360716815598,1.3240769948011513
67.0,211.0,129.88369750976562,-0.0383849644671473,2.6829565493324656,-4.1152425670406885,-3.679085536259625,-1.9245625020625792,1.3398362901102925,-0.0989136901687004,3.964908554644228,-0.4445902552466633,1.3237140521602766
67.0,211.0,129.88369750976562,-0.0381150873514049,2.682542042709517,-4.114430642239843,-3.678878579382245,-1.9244999050184943,1.3406975087022637,-0.0999938618507068,3.963198803446204,-0.4438787615061223,1.3237429493033557
67.0,211.0,129.88369750976562,-0.0356061132564945,2.682682236611596,-4.114853691872366,-3.679371797552783,-1.926117401442866,1.3402494852328133,-0.0995158924403936,3.963593572879813,-0.4432809198229624,1.3217267572875264
67.0,211.0,129.88369750976562,-0.0370319986549597,2.682141311654721,-4.11568919640137,-3.679601765843594,-1.9250876999733395,1.3398228311447469,-0.1004837490685165,3.964237534852891,-0.442657322459007,1.323574800022745
67.0,211.0,129.88369750976562,-0.0370807272260081,2.68264859514898,-4.115168223632826,-3.678252415128613,-1.9239598296335736,1.3405486072531194,-0.098422161926668,3.964345449074509,-0.4430919035377933,1.32368118639016
67.0,211.0,129.88369750976562,-0.0371588517049898,2.6805734538012,-4.114829362922763,-3.680286246949066,-1.92656536943232,1.339947151786356,-0.0988547495593402,3.9637048782995135,-0.4439045648392518,1.323849355521426
67.0,211.0,129.88369750976562,-0.0375504977495809,2.682280533818246,-4.115233018272244,-3.679761393898062,-1.925012808213688,1.3408448440508045,-0.0991535257406458,3.963799535448471,-0.4426996479812786,1.32341862225405
67.0,211.0,129.88369750976562,-0.0364782580288229,2.6818429670123987,-4.11474322378592,-3.679358600708835,-1.9243445464444973,1.3403015173573354,-0.09960695951543,3.965946662438152,-0.4428471831983755,1.3238509640840692
67.0,211.0,129.88369750976562,-0.0375050067521598,2.682394795215691,-4.114718372567042,-3.678092981168621,-1.9258440914610253,1.3400083563894525,-0.099182553119151,3.966016159885976,-0.4438312502809411,1.3218137438897066
67.0,211.0,129.88369750976562,-0.0385790505121479,2.6829151465589978,-4.114800802167872,-3.680258446862143,-1.924409893497719,1.340273682270729,-0.0988903953142273,3.964274155720028,-0.443693939368691,1.324358976709781
67.0,211.0,129.88369750976562,-0.0373377203114786,2.682486630971601,-4.114913017838977,-3.6783634873448783,-1.9265970819780125,1.3403155553342478,-0.099168483249192,3.963433477689972,-0.4450287501643289,1.3241048847555466
67.0,211.0,129.88369750976562,-0.0379180192985064,2.682247815866732,-4.11618169808676,-3.678672127199636,-1.9243215382018104,1.341224665253827,-0.0999942253138913,3.964944788080395,-0.4445476548029366,1.3237704141458422
67.0,211.0,129.88369750976562,-0.0379024272348933,2.681548237319513,-4.1147750510204935,-3.679808883893499,-1.9248620463978097,1.3398379650494014,-0.0992112748296654,3.963017815678836,-0.4424179299426491,1.3233375186841294
67.0,211.0,129.88369750976562,-0.0386119900478477,2.682502921158186,-4.115330536104988,-3.67922120648243,-1.924454899099244,1.3398214621333258,-0.0993185791376466,3.963886887649888,-0.4432911272000954,1.323338099550023
67.0,211.0,129.88369750976562,-0.0382477403859779,2.68273101332882,-4.115921932644253,-3.677978964649831,-1.924749009834854,1.3417441945558162,-0.0989616560098664,3.9650317801400976,-0.4436610931860999,1.3237025486479133
67.0,211.0,129.88369750976562,-0.0368336824364338,2.6826832487827823,-4.114591204394081,-3.678575812548972,-1.925641460409574,1.3405690717413157,-0.0993023327242637,3.963040004737601,-0.4453726377459595,1.3228519700821009
67.0,211.0,129.88369750976562,-0.0368682580867013,2.6829220535883818,-4.115330151241876,-3.6800847775118006,-1.924143475813016,1.3403634962947215,-0.0977891263415146,3.964305456688996,-0.4434524361281761,1.323232495747224
67.0,211.0,129.88369750976562,-0.0385555590400413,2.682332051900679,-4.11561887003485,-3.678886500882304,-1.9246899936591084,1.339812599810698,-0.0990985889591814,3.964719517917539,-0.4435134565679196,1.3239478618172835
67.0,211.0,129.88369750976562,-0.0362685215543273,2.6824785535414897,-4.115228802300194,-3.679666890710486,-1.924817154336768,1.3397913112986377,-0.0984104785689082,3.965220519508229,-0.4431274438343454,1.3229101875008091
67.0,211.0,129.88369750976562,-0.0375539125029723,2.683178260371717,-4.114369649219112,-3.679430716965344,-1.9246000535494767,1.3402022966892828,-0.0991060381317665,3.964045450719317,-0.4435850165156397,1.3232991003993002
67.0,211.0,129.88369750976562,-0.0373747018816963,2.6827891322424366,-4.115831560265851,-3.678720605069845,-1.925137080380172,1.3403258327157284,-0.0988966046907536,3.963632318963182,-0.4426579316869733,1.3218509770686553
67.0,211.0,129.88369750976562,-0.0370591034729298,2.6826218239917727,-4.115266560061377,-3.679595996907135,-1.926209819046368,1.3414009745971895,-0.0987779561750726,3.964208636924238,-0.4451036432456676,1.3236569489549574
67.0,211.0,129.88369750976562,-0.0391015901040685,2.6832066369908216,-4.11469770047713,-3.680059309122311,-1.9260168474946973,1.3411719572718803,-0.0990887163406583,3.963894911594921,-0.4433537251091182,1.3222977704533132
67.0,211.0,129.88369750976562,-0.0371238674580442,2.6828863163114574,-4.116450644235016,-3.678852193219088,-1.9245006772364748,1.340853961483298,-0.1003745299408251,3.96483297132265,-0.4438758320633198,1.32253467512871
67.0,211.0,129.88369750976562,-0.0387529514039979,2.682332987600346,-4.114907536737543,-3.6795098013530296,-1.9263257462158496,1.3407473142017434,-0.0999818312495976,3.964815872089346,-0.4437279455012012,1.3221885533632094
67.0,211.0,129.88369750976562,-0.0385026246801999,2.681902136710416,-4.116577281202409,-3.680540846948508,-1.92433206385908,1.3402460540770993,-0.099126385258616,3.9633692913641982,-0.4437405342625667,1.3232985721522927
67.0,212.0,129.88369750976562,-0.0372763731490363,2.6826167704504225,-4.114823442455658,-3.6783468022659607,-1.9261520268860424,1.3403612303406105,-0.0998002543669788,3.963755631935773,-0.4432836224847902,1.323920551784124
67.0,212.0,129.88369750976562,-0.0386144815276365,2.682602177420531,-4.114692785083619,-3.6782825809630206,-1.925857278402108,1.3408475275948784,-0.0997619686173913,3.964034353113425,-0.4420803106852294,1.323383683790692
67.0,212.0,129.88369750976562,-0.0384255196221009,2.6828457518910365,-4.115229419906435,-3.678280070499364,-1.9241863635424368,1.340197132733122,-0.0989346872452995,3.965045366748188,-0.4436973324717846,1.3237061726352286
67.0,212.0,129.88369750976562,-0.0374477628801099,2.682657028303648,-4.114838900894199,-3.678870043592088,-1.9251837276112644,1.3405201841317955,-0.0987901150784344,3.964675583138253,-0.4423633760043502,1.3238448057713843
67.0,212.0,129.88369750976562,-0.0382635524696136,2.682419967614642,-4.114786126384205,-3.679311634560755,-1.925978686292598,1.3411333845684037,-0.0987597980305496,3.9641414728433215,-0.4424791061193618,1.320928414315454
67.0,212.0,129.88369750976562,-0.0384394284723971,2.682975909148543,-4.114785849651962,-3.679239009035948,-1.9244454601702328,1.3399968271028857,-0.0992974966139006,3.9634126109169294,-0.4438348749963561,1.323728487499586
67.0,212.0,129.88369750976562,-0.0375151009923383,2.6815405326175563,-4.11492126820321,-3.678696413336605,-1.9248538354858755,1.3399425126041962,-0.0987835979778907,3.963714046279793,-0.4446811609730565,1.323395357397754
67.0,212.0,129.88369750976562,-0.0377454066103169,2.6825043046280004,-4.114788089707397,-3.679652743106941,-1.9244710726958925,1.340134709603629,-0.1004671214614538,3.9636188560680137,-0.4424447477359667,1.3231665976907154
67.0,212.0,129.88369750976562,-0.0364954623203145,2.682236998039043,-4.1151194879360045,-3.678349310488348,-1.9266135679514724,1.3402469514634694,-0.0997973225445006,3.96391029317396,-0.4446940722613329,1.3226826898546231
67.0,212.0,129.88369750976562,-0.0383554438796345,2.6837078456050074,-4.1148397309375175,-3.6796427651577615,-1.925935618093105,1.3413987342605571,-0.0995517511654577,3.963735392106942,-0.4447510661004394,1.3223569690262462
67.0,212.0,129.88369750976562,-0.0374471514184957,2.6830290313127803,-4.114093649499316,-3.679834210451842,-1.924097479454128,1.3403730799535918,-0.0989693227775162,3.9646815998637,-0.4441470635204132,1.3235251103658887
67.0,212.0,129.88369750976562,-0.0382710782515905,2.682893249029939,-4.115279657961465,-3.6792257495786993,-1.924598940320268,1.340114582927606,-0.0982937747407807,3.963413311773425,-0.4438361054294831,1.3238186492275428
67.0,212.0,129.88369750976562,-0.0386767940782647,2.6825724445294745,-4.114978013222114,-3.6803825219341575,-1.925471672712967,1.340026883894302,-0.1000383970307691,3.965015974768844,-0.4424138905121658,1.3231790020943524
67.0,212.0,129.88369750976562,-0.0386743878574695,2.682514171969066,-4.114506661615946,-3.679438333994672,-1.9243521442453364,1.339783745789752,-0.0992489063510318,3.963839175972056,-0.4434921678817331,1.3240327725928551
67.0,212.0,129.88369750976562,-0.0378622370720957,2.681968301780857,-4.11483420834631,-3.6800866107675727,-1.924030423868726,1.3402908182460136,-0.0994770964367983,3.9636342318458793,-0.4433138246954711,1.324016149664466
67.0,212.0,129.88369750976562,-0.038409736125438,2.683223324443615,-4.114847609240932,-3.679415568245977,-1.9254956460903945,1.339956890140793,-0.0993767820110977,3.96545346379171,-0.4440833734044859,1.3235641918682983
67.0,212.0,129.88369750976562,-0.0365283721779428,2.6821798842695697,-4.11603441881068,-3.679486054107372,-1.9251379515389608,1.3405617104052885,-0.1002226474128503,3.96390962240616,-0.4420402715724512,1.3236767237550735
67.0,212.0,129.88369750976562,-0.0364397398083592,2.6825071178585005,-4.115088219917484,-3.67970139592296,-1.9261702671341336,1.340268587447146,-0.1007867068112726,3.963668351548983,-0.4431968561648036,1.323600593218882
67.0,212.0,129.88369750976562,-0.0383216637770437,2.6825741157856324,-4.114967170153109,-3.6780063208760607,-1.924454085840296,1.3404595116488414,-0.099584917212826,3.9638032536282113,-0.4437830930453497,1.3237113962040006
67.0,212.0,129.88369750976562,-0.0379767604336877,2.680744641094622,-4.114477853527157,-3.6801701846835897,-1.924400799866619,1.3404674448137248,-0.0999418297218291,3.9646977554076215,-0.4444012423801128,1.3236911002911962
67.0,212.0,129.88369750976562,-0.0390478143195861,2.682337844354252,-4.115926773235828,-3.6795526101329856,-1.924688573970111,1.3412594732204302,-0.0998160293303123,3.963891675060848,-0.4428856325751028,1.3240663398786898
67.0,212.0,129.88369750976562,-0.0383148729229902,2.6832796999404445,-4.116294179060572,-3.6793979513078847,-1.9250865185851764,1.340689295518906,-0.0983386555168854,3.963023765613142,-0.4436402091529069,1.323783064095721
67.0,212.0,129.88369750976562,-0.0379627504806742,2.6821752792535305,-4.115112653936806,-3.679108163981376,-1.9271989799946387,1.3404670547282131,-0.0989285936155462,3.963762776092248,-0.4436037889685726,1.3234545198064809
67.0,212.0,129.88369750976562,-0.0392187524807247,2.683054261908589,-4.114922136147859,-3.6795777604845856,-1.925288325593142,1.3412020927009516,-0.0999221139832497,3.9638507441902,-0.4441360716815598,1.3240769948011513
67.0,212.0,129.88369750976562,-0.0383849644671473,2.6829565493324656,-4.1152425670406885,-3.679085536259625,-1.9245625020625792,1.3398362901102925,-0.0989136901687004,3.964908554644228,-0.4445902552466633,1.3237140521602766
67.0,212.0,129.88369750976562,-0.0381150873514049,2.682542042709517,-4.114430642239843,-3.678878579382245,-1.9244999050184943,1.3406975087022637,-0.0999938618507068,3.963198803446204,-0.4438787615061223,1.3237429493033557
67.0,212.0,129.88369750976562,-0.0356061132564945,2.682682236611596,-4.114853691872366,-3.679371797552783,-1.926117401442866,1.3402494852328133,-0.0995158924403936,3.963593572879813,-0.4432809198229624,1.3217267572875264
67.0,212.0,129.88369750976562,-0.0370319986549597,2.682141311654721,-4.11568919640137,-3.679601765843594,-1.9250876999733395,1.3398228311447469,-0.1004837490685165,3.964237534852891,-0.442657322459007,1.323574800022745
67.0,212.0,129.88369750976562,-0.0370807272260081,2.68264859514898,-4.115168223632826,-3.678252415128613,-1.9239598296335736,1.3405486072531194,-0.098422161926668,3.964345449074509,-0.4430919035377933,1.32368118639016
67.0,212.0,129.88369750976562,-0.0371588517049898,2.6805734538012,-4.114829362922763,-3.680286246949066,-1.92656536943232,1.339947151786356,-0.0988547495593402,3.9637048782995135,-0.4439045648392518,1.323849355521426
67.0,212.0,129.88369750976562,-0.0375504977495809,2.682280533818246,-4.115233018272244,-3.679761393898062,-1.925012808213688,1.3408448440508045,-0.0991535257406458,3.963799535448471,-0.4426996479812786,1.32341862225405
67.0,212.0,129.88369750976562,-0.0364782580288229,2.6818429670123987,-4.11474322378592,-3.679358600708835,-1.9243445464444973,1.3403015173573354,-0.09960695951543,3.965946662438152,-0.4428471831983755,1.3238509640840692
67.0,212.0,129.88369750976562,-0.0375050067521598,2.682394795215691,-4.114718372567042,-3.678092981168621,-1.9258440914610253,1.3400083563894525,-0.099182553119151,3.966016159885976,-0.4438312502809411,1.3218137438897066
67.0,212.0,129.88369750976562,-0.0385790505121479,2.6829151465589978,-4.114800802167872,-3.680258446862143,-1.924409893497719,1.340273682270729,-0.0988903953142273,3.964274155720028,-0.443693939368691,1.324358976709781
67.0,212.0,129.88369750976562,-0.0373377203114786,2.682486630971601,-4.114913017838977,-3.6783634873448783,-1.9265970819780125,1.3403155553342478,-0.099168483249192,3.963433477689972,-0.4450287501643289,1.3241048847555466
67.0,212.0,129.88369750976562,-0.0379180192985064,2.682247815866732,-4.11618169808676,-3.678672127199636,-1.9243215382018104,1.341224665253827,-0.0999942253138913,3.964944788080395,-0.4445476548029366,1.3237704141458422
67.0,212.0,129.88369750976562,-0.0379024272348933,2.681548237319513,-4.1147750510204935,-3.679808883893499,-1.9248620463978097,1.3398379650494014,-0.0992112748296654,3.963017815678836,-0.4424179299426491,1.3233375186841294
67.0,212.0,129.88369750976562,-0.0386119900478477,2.682502921158186,-4.115330536104988,-3.67922120648243,-1.924454899099244,1.3398214621333258,-0.0993185791376466,3.963886887649888,-0.4432911272000954,1.323338099550023
67.0,212.0,129.88369750976562,-0.0382477403859779,2.68273101332882,-4.115921932644253,-3.677978964649831,-1.924749009834854,1.3417441945558162,-0.0989616560098664,3.9650317801400976,-0.4436610931860999,1.3237025486479133
67.0,212.0,129.88369750976562,-0.0368336824364338,2.6826832487827823,-4.114591204394081,-3.678575812548972,-1.925641460409574,1.3405690717413157,-0.0993023327242637,3.963040004737601,-0.4453726377459595,1.3228519700821009
67.0,212.0,129.88369750976562,-0.0368682580867013,2.6829220535883818,-4.115330151241876,-3.6800847775118006,-1.924143475813016,1.3403634962947215,-0.0977891263415146,3.964305456688996,-0.4434524361281761,1.323232495747224
67.0,212.0,129.88369750976562,-0.0385555590400413,2.682332051900679,-4.11561887003485,-3.678886500882304,-1.9246899936591084,1.339812599810698,-0.0990985889591814,3.964719517917539,-0.4435134565679196,1.3239478618172835
67.0,212.0,129.88369750976562,-0.0362685215543273,2.6824785535414897,-4.115228802300194,-3.679666890710486,-1.924817154336768,1.3397913112986377,-0.0984104785689082,3.965220519508229,-0.4431274438343454,1.3229101875008091
67.0,212.0,129.88369750976562,-0.0375539125029723,2.683178260371717,-4.114369649219112,-3.679430716965344,-1.9246000535494767,1.3402022966892828,-0.0991060381317665,3.964045450719317,-0.4435850165156397,1.3232991003993002
67.0,212.0,129.88369750976562,-0.0373747018816963,2.6827891322424366,-4.115831560265851,-3.678720605069845,-1.925137080380172,1.3403258327157284,-0.0988966046907536,3.963632318963182,-0.4426579316869733,1.3218509770686553
67.0,212.0,129.88369750976562,-0.0370591034729298,2.6826218239917727,-4.115266560061377,-3.679595996907135,-1.926209819046368,1.3414009745971895,-0.0987779561750726,3.964208636924238,-0.4451036432456676,1.3236569489549574
67.0,212.0,129.88369750976562,-0.0391015901040685,2.6832066369908216,-4.11469770047713,-3.680059309122311,-1.9260168474946973,1.3411719572718803,-0.0990887163406583,3.963894911594921,-0.4433537251091182,1.3222977704533132
67.0,212.0,129.88369750976562,-0.0371238674580442,2.6828863163114574,-4.116450644235016,-3.678852193219088,-1.9245006772364748,1.340853961483298,-0.1003745299408251,3.96483297132265,-0.4438758320633198,1.32253467512871
67.0,212.0,129.88369750976562,-0.0387529514039979,2.682332987600346,-4.114907536737543,-3.6795098013530296,-1.9263257462158496,1.3407473142017434,-0.0999818312495976,3.964815872089346,-0.4437279455012012,1.3221885533632094
67.0,212.0,129.88369750976562,-0.0385026246801999,2.681902136710416,-4.116577281202409,-3.680540846948508,-1.92433206385908,1.3402460540770993,-0.099126385258616,3.9633692913641982,-0.4437405342625667,1.3232985721522927
67.0,213.0,129.88369750976562,-0.0372763731490363,2.6826167704504225,-4.114823442455658,-3.6783468022659607,-1.9261520268860424,1.3403612303406105,-0.0998002543669788,3.963755631935773,-0.4432836224847902,1.323920551784124
67.0,213.0,129.88369750976562,-0.0386144815276365,2.682602177420531,-4.114692785083619,-3.6782825809630206,-1.925857278402108,1.3408475275948784,-0.0997619686173913,3.964034353113425,-0.4420803106852294,1.323383683790692
67.0,213.0,129.88369750976562,-0.0384255196221009,2.6828457518910365,-4.115229419906435,-3.678280070499364,-1.9241863635424368,1.340197132733122,-0.0989346872452995,3.965045366748188,-0.4436973324717846,1.3237061726352286
67.0,213.0,129.88369750976562,-0.0374477628801099,2.682657028303648,-4.114838900894199,-3.678870043592088,-1.9251837276112644,1.3405201841317955,-0.0987901150784344,3.964675583138253,-0.4423633760043502,1.3238448057713843
67.0,213.0,129.88369750976562,-0.0382635524696136,2.682419967614642,-4.114786126384205,-3.679311634560755,-1.925978686292598,1.3411333845684037,-0.0987597980305496,3.9641414728433215,-0.4424791061193618,1.320928414315454
67.0,213.0,129.88369750976562,-0.0384394284723971,2.682975909148543,-4.114785849651962,-3.679239009035948,-1.9244454601702328,1.3399968271028857,-0.0992974966139006,3.9634126109169294,-0.4438348749963561,1.323728487499586
67.0,213.0,129.88369750976562,-0.0375151009923383,2.6815405326175563,-4.11492126820321,-3.678696413336605,-1.9248538354858755,1.3399425126041962,-0.0987835979778907,3.963714046279793,-0.4446811609730565,1.323395357397754
67.0,213.0,129.88369750976562,-0.0377454066103169,2.6825043046280004,-4.114788089707397,-3.679652743106941,-1.9244710726958925,1.340134709603629,-0.1004671214614538,3.9636188560680137,-0.4424447477359667,1.3231665976907154
67.0,213.0,129.88369750976562,-0.0364954623203145,2.682236998039043,-4.1151194879360045,-3.678349310488348,-1.9266135679514724,1.3402469514634694,-0.0997973225445006,3.96391029317396,-0.4446940722613329,1.3226826898546231
67.0,213.0,129.88369750976562,-0.0383554438796345,2.6837078456050074,-4.1148397309375175,-3.6796427651577615,-1.925935618093105,1.3413987342605571,-0.0995517511654577,3.963735392106942,-0.4447510661004394,1.3223569690262462
67.0,213.0,129.88369750976562,-0.0374471514184957,2.6830290313127803,-4.114093649499316,-3.679834210451842,-1.924097479454128,1.3403730799535918,-0.0989693227775162,3.9646815998637,-0.4441470635204132,1.3235251103658887
67.0,213.0,129.88369750976562,-0.0382710782515905,2.682893249029939,-4.115279657961465,-3.6792257495786993,-1.924598940320268,1.340114582927606,-0.0982937747407807,3.963413311773425,-0.4438361054294831,1.3238186492275428
67.0,213.0,129.88369750976562,-0.0386767940782647,2.6825724445294745,-4.114978013222114,-3.6803825219341575,-1.925471672712967,1.340026883894302,-0.1000383970307691,3.965015974768844,-0.4424138905121658,1.3231790020943524
67.0,213.0,129.88369750976562,-0.0386743878574695,2.682514171969066,-4.114506661615946,-3.679438333994672,-1.9243521442453364,1.339783745789752,-0.0992489063510318,3.963839175972056,-0.4434921678817331,1.3240327725928551
67.0,213.0,129.88369750976562,-0.0378622370720957,2.681968301780857,-4.11483420834631,-3.6800866107675727,-1.924030423868726,1.3402908182460136,-0.0994770964367983,3.9636342318458793,-0.4433138246954711,1.324016149664466
67.0,213.0,129.88369750976562,-0.038409736125438,2.683223324443615,-4.114847609240932,-3.679415568245977,-1.9254956460903945,1.339956890140793,-0.0993767820110977,3.96545346379171,-0.4440833734044859,1.3235641918682983
67.0,213.0,129.88369750976562,-0.0365283721779428,2.6821798842695697,-4.11603441881068,-3.679486054107372,-1.9251379515389608,1.3405617104052885,-0.1002226474128503,3.96390962240616,-0.4420402715724512,1.3236767237550735
67.0,213.0,129.88369750976562,-0.0364397398083592,2.6825071178585005,-4.115088219917484,-3.67970139592296,-1.9261702671341336,1.340268587447146,-0.1007867068112726,3.963668351548983,-0.4431968561648036,1.323600593218882
67.0,213.0,129.88369750976562,-0.0383216637770437,2.6825741157856324,-4.114967170153109,-3.6780063208760607,-1.924454085840296,1.3404595116488414,-0.099584917212826,3.9638032536282113,-0.4437830930453497,1.3237113962040006
67.0,213.0,129.88369750976562,-0.0379767604336877,2.680744641094622,-4.114477853527157,-3.6801701846835897,-1.924400799866619,1.3404674448137248,-0.0999418297218291,3.9646977554076215,-0.4444012423801128,1.3236911002911962
67.0,213.0,129.88369750976562,-0.0390478143195861,2.682337844354252,-4.115926773235828,-3.6795526101329856,-1.924688573970111,1.3412594732204302,-0.0998160293303123,3.963891675060848,-0.4428856325751028,1.3240663398786898
67.0,213.0,129.88369750976562,-0.0383148729229902,2.6832796999404445,-4.116294179060572,-3.6793979513078847,-1.9250865185851764,1.340689295518906,-0.0983386555168854,3.963023765613142,-0.4436402091529069,1.323783064095721
67.0,213.0,129.88369750976562,-0.0379627504806742,2.6821752792535305,-4.115112653936806,-3.679108163981376,-1.9271989799946387,1.3404670547282131,-0.0989285936155462,3.963762776092248,-0.4436037889685726,1.3234545198064809
67.0,213.0,129.88369750976562,-0.0392187524807247,2.683054261908589,-4.114922136147859,-3.6795777604845856,-1.925288325593142,1.3412020927009516,-0.0999221139832497,3.9638507441902,-0.4441360716815598,1.3240769948011513
67.0,213.0,129.88369750976562,-0.0383849644671473,2.6829565493324656,-4.1152425670406885,-3.679085536259625,-1.9245625020625792,1.3398362901102925,-0.0989136901687004,3.964908554644228,-0.4445902552466633,1.3237140521602766
67.0,213.0,129.88369750976562,-0.0381150873514049,2.682542042709517,-4.114430642239843,-3.678878579382245,-1.9244999050184943,1.3406975087022637,-0.0999938618507068,3.963198803446204,-0.4438787615061223,1.3237429493033557
67.0,213.0,129.88369750976562,-0.0356061132564945,2.682682236611596,-4.114853691872366,-3.679371797552783,-1.926117401442866,1.3402494852328133,-0.0995158924403936,3.963593572879813,-0.4432809198229624,1.3217267572875264
67.0,213.0,129.88369750976562,-0.0370319986549597,2.682141311654721,-4.11568919640137,-3.679601765843594,-1.9250876999733395,1.3398228311447469,-0.1004837490685165,3.964237534852891,-0.442657322459007,1.323574800022745
67.0,213.0,129.88369750976562,-0.0370807272260081,2.68264859514898,-4.115168223632826,-3.678252415128613,-1.9239598296335736,1.3405486072531194,-0.098422161926668,3.964345449074509,-0.4430919035377933,1.32368118639016
67.0,213.0,129.88369750976562,-0.0371588517049898,2.6805734538012,-4.114829362922763,-3.680286246949066,-1.92656536943232,1.339947151786356,-0.0988547495593402,3.9637048782995135,-0.4439045648392518,1.323849355521426
67.0,213.0,129.88369750976562,-0.0375504977495809,2.682280533818246,-4.115233018272244,-3.679761393898062,-1.925012808213688,1.3408448440508045,-0.0991535257406458,3.963799535448471,-0.4426996479812786,1.32341862225405
67.0,213.0,129.88369750976562,-0.0364782580288229,2.6818429670123987,-4.11474322378592,-3.679358600708835,-1.9243445464444973,1.3403015173573354,-0.09960695951543,3.965946662438152,-0.4428471831983755,1.3238509640840692
67.0,213.0,129.88369750976562,-0.0375050067521598,2.682394795215691,-4.114718372567042,-3.678092981168621,-1.9258440914610253,1.3400083563894525,-0.099182553119151,3.966016159885976,-0.4438312502809411,1.3218137438897066
67.0,213.0,129.88369750976562,-0.0385790505121479,2.6829151465589978,-4.114800802167872,-3.680258446862143,-1.924409893497719,1.340273682270729,-0.0988903953142273,3.964274155720028,-0.443693939368691,1.324358976709781
67.0,213.0,129.88369750976562,-0.0373377203114786,2.682486630971601,-4.114913017838977,-3.6783634873448783,-1.9265970819780125,1.3403155553342478,-0.099168483249192,3.963433477689972,-0.4450287501643289,1.3241048847555466
67.0,213.0,129.88369750976562,-0.0379180192985064,2.682247815866732,-4.11618169808676,-3.678672127199636,-1.9243215382018104,1.341224665253827,-0.0999942253138913,3.964944788080395,-0.4445476548029366,1.3237704141458422
67.0,213.0,129.88369750976562,-0.0379024272348933,2.681548237319513,-4.1147750510204935,-3.679808883893499,-1.9248620463978097,1.3398379650494014,-0.0992112748296654,3.963017815678836,-0.4424179299426491,1.3233375186841294
67.0,213.0,129.88369750976562,-0.0386119900478477,2.682502921158186,-4.115330536104988,-3.67922120648243,-1.924454899099244,1.3398214621333258,-0.0993185791376466,3.963886887649888,-0.4432911272000954,1.323338099550023
67.0,213.0,129.88369750976562,-0.0382477403859779,2.68273101332882,-4.115921932644253,-3.677978964649831,-1.924749009834854,1.3417441945558162,-0.0989616560098664,3.9650317801400976,-0.4436610931860999,1.3237025486479133
67.0,213.0,129.88369750976562,-0.0368336824364338,2.6826832487827823,-4.114591204394081,-3.678575812548972,-1.925641460409574,1.3405690717413157,-0.0993023327242637,3.963040004737601,-0.4453726377459595,1.3228519700821009
67.0,213.0,129.88369750976562,-0.0368682580867013,2.6829220535883818,-4.115330151241876,-3.6800847775118006,-1.924143475813016,1.3403634962947215,-0.0977891263415146,3.964305456688996,-0.4434524361281761,1.323232495747224
67.0,213.0,129.88369750976562,-0.0385555590400413,2.682332051900679,-4.11561887003485,-3.678886500882304,-1.9246899936591084,1.339812599810698,-0.0990985889591814,3.964719517917539,-0.4435134565679196,1.3239478618172835
67.0,213.0,129.88369750976562,-0.0362685215543273,2.6824785535414897,-4.115228802300194,-3.679666890710486,-1.924817154336768,1.3397913112986377,-0.0984104785689082,3.965220519508229,-0.4431274438343454,1.3229101875008091
67.0,213.0,129.88369750976562,-0.0375539125029723,2.683178260371717,-4.114369649219112,-3.679430716965344,-1.9246000535494767,1.3402022966892828,-0.0991060381317665,3.964045450719317,-0.4435850165156397,1.3232991003993002
67.0,213.0,129.88369750976562,-0.0373747018816963,2.6827891322424366,-4.115831560265851,-3.678720605069845,-1.925137080380172,1.3403258327157284,-0.0988966046907536,3.963632318963182,-0.4426579316869733,1.3218509770686553
67.0,213.0,129.88369750976562,-0.0370591034729298,2.6826218239917727,-4.115266560061377,-3.679595996907135,-1.926209819046368,1.3414009745971895,-0.0987779561750726,3.964208636924238,-0.4451036432456676,1.3236569489549574
67.0,213.0,129.88369750976562,-0.0391015901040685,2.6832066369908216,-4.11469770047713,-3.680059309122311,-1.9260168474946973,1.3411719572718803,-0.0990887163406583,3.963894911594921,-0.4433537251091182,1.3222977704533132
67.0,213.0,129.88369750976562,-0.0371238674580442,2.6828863163114574,-4.116450644235016,-3.678852193219088,-1.9245006772364748,1.340853961483298,-0.1003745299408251,3.96483297132265,-0.4438758320633198,1.32253467512871
67.0,213.0,129.88369750976562,-0.0387529514039979,2.682332987600346,-4.114907536737543,-3.6795098013530296,-1.9263257462158496,1.3407473142017434,-0.0999818312495976,3.964815872089346,-0.4437279455012012,1.3221885533632094
67.0,213.0,129.88369750976562,-0.0385026246801999,2.681902136710416,-4.116577281202409,-3.680540846948508,-1.92433206385908,1.3402460540770993,-0.099126385258616,3.9633692913641982,-0.4437405342625667,1.3232985721522927
67.0,214.0,129.88369750976562,-0.0372763731490363,2.6826167704504225,-4.114823442455658,-3.6783468022659607,-1.9261520268860424,1.3403612303406105,-0.0998002543669788,3.963755631935773,-0.4432836224847902,1.323920551784124
67.0,214.0,129.88369750976562,-0.0386144815276365,2.682602177420531,-4.114692785083619,-3.6782825809630206,-1.925857278402108,1.3408475275948784,-0.0997619686173913,3.964034353113425,-0.4420803106852294,1.323383683790692
67.0,214.0,129.88369750976562,-0.0384255196221009,2.6828457518910365,-4.115229419906435,-3.678280070499364,-1.9241863635424368,1.340197132733122,-0.0989346872452995,3.965045366748188,-0.4436973324717846,1.3237061726352286
67.0,214.0,129.88369750976562,-0.0374477628801099,2.682657028303648,-4.114838900894199,-3.678870043592088,-1.9251837276112644,1.3405201841317955,-0.0987901150784344,3.964675583138253,-0.4423633760043502,1.3238448057713843
67.0,214.0,129.88369750976562,-0.0382635524696136,2.682419967614642,-4.114786126384205,-3.679311634560755,-1.925978686292598,1.3411333845684037,-0.0987597980305496,3.9641414728433215,-0.4424791061193618,1.320928414315454
67.0,214.0,129.88369750976562,-0.0384394284723971,2.682975909148543,-4.114785849651962,-3.679239009035948,-1.9244454601702328,1.3399968271028857,-0.0992974966139006,3.9634126109169294,-0.4438348749963561,1.323728487499586
67.0,214.0,129.88369750976562,-0.0375151009923383,2.6815405326175563,-4.11492126820321,-3.678696413336605,-1.9248538354858755,1.3399425126041962,-0.0987835979778907,3.963714046279793,-0.4446811609730565,1.323395357397754
67.0,214.0,129.88369750976562,-0.0377454066103169,2.6825043046280004,-4.114788089707397,-3.679652743106941,-1.9244710726958925,1.340134709603629,-0.1004671214614538,3.9636188560680137,-0.4424447477359667,1.3231665976907154
67.0,214.0,129.88369750976562,-0.0364954623203145,2.682236998039043,-4.1151194879360045,-3.678349310488348,-1.9266135679514724,1.3402469514634694,-0.0997973225445006,3.96391029317396,-0.4446940722613329,1.3226826898546231
67.0,214.0,129.88369750976562,-0.0383554438796345,2.6837078456050074,-4.1148397309375175,-3.6796427651577615,-1.925935618093105,1.3413987342605571,-0.0995517511654577,3.963735392106942,-0.4447510661004394,1.3223569690262462
67.0,214.0,129.88369750976562,-0.0374471514184957,2.6830290313127803,-4.114093649499316,-3.679834210451842,-1.924097479454128,1.3403730799535918,-0.0989693227775162,3.9646815998637,-0.4441470635204132,1.3235251103658887
67.0,214.0,129.88369750976562,-0.0382710782515905,2.682893249029939,-4.115279657961465,-3.6792257495786993,-1.924598940320268,1.340114582927606,-0.0982937747407807,3.963413311773425,-0.4438361054294831,1.3238186492275428
67.0,214.0,129.88369750976562,-0.0386767940782647,2.6825724445294745,-4.114978013222114,-3.6803825219341575,-1.925471672712967,1.340026883894302,-0.1000383970307691,3.965015974768844,-0.4424138905121658,1.3231790020943524
67.0,214.0,129.88369750976562,-0.0386743878574695,2.682514171969066,-4.114506661615946,-3.679438333994672,-1.9243521442453364,1.339783745789752,-0.0992489063510318,3.963839175972056,-0.4434921678817331,1.3240327725928551
67.0,214.0,129.88369750976562,-0.0378622370720957,2.681968301780857,-4.11483420834631,-3.6800866107675727,-1.924030423868726,1.3402908182460136,-0.0994770964367983,3.9636342318458793,-0.4433138246954711,1.324016149664466
67.0,214.0,129.88369750976562,-0.038409736125438,2.683223324443615,-4.114847609240932,-3.679415568245977,-1.9254956460903945,1.339956890140793,-0.0993767820110977,3.96545346379171,-0.4440833734044859,1.3235641918682983
67.0,214.0,129.88369750976562,-0.0365283721779428,2.6821798842695697,-4.11603441881068,-3.679486054107372,-1.9251379515389608,1.3405617104052885,-0.1002226474128503,3.96390962240616,-0.4420402715724512,1.3236767237550735
67.0,214.0,129.88369750976562,-0.0364397398083592,2.6825071178585005,-4.115088219917484,-3.67970139592296,-1.9261702671341336,1.340268587447146,-0.1007867068112726,3.963668351548983,-0.4431968561648036,1.323600593218882
67.0,214.0,129.88369750976562,-0.0383216637770437,2.6825741157856324,-4.114967170153109,-3.6780063208760607,-1.924454085840296,1.3404595116488414,-0.099584917212826,3.9638032536282113,-0.4437830930453497,1.3237113962040006
67.0,214.0,129.88369750976562,-0.0379767604336877,2.680744641094622,-4.114477853527157,-3.6801701846835897,-1.924400799866619,1.3404674448137248,-0.0999418297218291,3.9646977554076215,-0.4444012423801128,1.3236911002911962
67.0,214.0,129.88369750976562,-0.0390478143195861,2.682337844354252,-4.115926773235828,-3.6795526101329856,-1.924688573970111,1.3412594732204302,-0.0998160293303123,3.963891675060848,-0.4428856325751028,1.3240663398786898
67.0,214.0,129.88369750976562,-0.0383148729229902,2.6832796999404445,-4.116294179060572,-3.6793979513078847,-1.9250865185851764,1.340689295518906,-0.0983386555168854,3.963023765613142,-0.4436402091529069,1.323783064095721
67.0,214.0,129.88369750976562,-0.0379627504806742,2.6821752792535305,-4.115112653936806,-3.679108163981376,-1.9271989799946387,1.3404670547282131,-0.0989285936155462,3.963762776092248,-0.4436037889685726,1.3234545198064809
67.0,214.0,129.88369750976562,-0.0392187524807247,2.683054261908589,-4.114922136147859,-3.6795777604845856,-1.925288325593142,1.3412020927009516,-0.0999221139832497,3.9638507441902,-0.4441360716815598,1.3240769948011513
67.0,214.0,129.88369750976562,-0.0383849644671473,2.6829565493324656,-4.1152425670406885,-3.679085536259625,-1.9245625020625792,1.3398362901102925,-0.0989136901687004,3.964908554644228,-0.4445902552466633,1.3237140521602766
67.0,214.0,129.88369750976562,-0.0381150873514049,2.682542042709517,-4.114430642239843,-3.678878579382245,-1.9244999050184943,1.3406975087022637,-0.0999938618507068,3.963198803446204,-0.4438787615061223,1.3237429493033557
67.0,214.0,129.88369750976562,-0.0356061132564945,2.682682236611596,-4.114853691872366,-3.679371797552783,-1.926117401442866,1.3402494852328133,-0.0995158924403936,3.963593572879813,-0.4432809198229624,1.3217267572875264
67.0,214.0,129.88369750976562,-0.0370319986549597,2.682141311654721,-4.11568919640137,-3.679601765843594,-1.9250876999733395,1.3398228311447469,-0.1004837490685165,3.964237534852891,-0.442657322459007,1.323574800022745
67.0,214.0,129.88369750976562,-0.0370807272260081,2.68264859514898,-4.115168223632826,-3.678252415128613,-1.9239598296335736,1.3405486072531194,-0.098422161926668,3.964345449074509,-0.4430919035377933,1.32368118639016
67.0,214.0,129.88369750976562,-0.0371588517049898,2.6805734538012,-4.114829362922763,-3.680286246949066,-1.92656536943232,1.339947151786356,-0.0988547495593402,3.9637048782995135,-0.4439045648392518,1.323849355521426
67.0,214.0,129.88369750976562,-0.0375504977495809,2.682280533818246,-4.115233018272244,-3.679761393898062,-1.925012808213688,1.3408448440508045,-0.0991535257406458,3.963799535448471,-0.4426996479812786,1.32341862225405
67.0,214.0,129.88369750976562,-0.0364782580288229,2.6818429670123987,-4.11474322378592,-3.679358600708835,-1.9243445464444973,1.3403015173573354,-0.09960695951543,3.965946662438152,-0.4428471831983755,1.3238509640840692
67.0,214.0,129.88369750976562,-0.0375050067521598,2.682394795215691,-4.114718372567042,-3.678092981168621,-1.9258440914610253,1.3400083563894525,-0.099182553119151,3.966016159885976,-0.4438312502809411,1.3218137438897066
67.0,214.0,129.88369750976562,-0.0385790505121479,2.6829151465589978,-4.114800802167872,-3.680258446862143,-1.924409893497719,1.340273682270729,-0.0988903953142273,3.964274155720028,-0.443693939368691,1.324358976709781
67.0,214.0,129.88369750976562,-0.0373377203114786,2.682486630971601,-4.114913017838977,-3.6783634873448783,-1.9265970819780125,1.3403155553342478,-0.099168483249192,3.963433477689972,-0.4450287501643289,1.3241048847555466
67.0,214.0,129.88369750976562,-0.0379180192985064,2.682247815866732,-4.11618169808676,-3.678672127199636,-1.9243215382018104,1.341224665253827,-0.0999942253138913,3.964944788080395,-0.4445476548029366,1.3237704141458422
67.0,214.0,129.88369750976562,-0.0379024272348933,2.681548237319513,-4.1147750510204935,-3.679808883893499,-1.9248620463978097,1.3398379650494014,-0.0992112748296654,3.963017815678836,-0.4424179299426491,1.3233375186841294
67.0,214.0,129.88369750976562,-0.0386119900478477,2.682502921158186,-4.115330536104988,-3.67922120648243,-1.924454899099244,1.3398214621333258,-0.0993185791376466,3.963886887649888,-0.4432911272000954,1.323338099550023
67.0,214.0,129.88369750976562,-0.0382477403859779,2.68273101332882,-4.115921932644253,-3.677978964649831,-1.924749009834854,1.3417441945558162,-0.0989616560098664,3.9650317801400976,-0.4436610931860999,1.3237025486479133
67.0,214.0,129.88369750976562,-0.0368336824364338,2.6826832487827823,-4.114591204394081,-3.678575812548972,-1.925641460409574,1.3405690717413157,-0.0993023327242637,3.963040004737601,-0.4453726377459595,1.3228519700821009
67.0,214.0,129.88369750976562,-0.0368682580867013,2.6829220535883818,-4.115330151241876,-3.6800847775118006,-1.924143475813016,1.3403634962947215,-0.0977891263415146,3.964305456688996,-0.4434524361281761,1.323232495747224
67.0,214.0,129.88369750976562,-0.0385555590400413,2.682332051900679,-4.11561887003485,-3.678886500882304,-1.9246899936591084,1.339812599810698,-0.0990985889591814,3.964719517917539,-0.4435134565679196,1.3239478618172835
67.0,214.0,129.88369750976562,-0.0362685215543273,2.6824785535414897,-4.115228802300194,-3.679666890710486,-1.924817154336768,1.3397913112986377,-0.0984104785689082,3.965220519508229,-0.4431274438343454,1.3229101875008091
67.0,214.0,129.88369750976562,-0.0375539125029723,2.683178260371717,-4.114369649219112,-3.679430716965344,-1.9246000535494767,1.3402022966892828,-0.0991060381317665,3.964045450719317,-0.4435850165156397,1.3232991003993002
67.0,214.0,129.88369750976562,-0.0373747018816963,2.6827891322424366,-4.115831560265851,-3.678720605069845,-1.925137080380172,1.3403258327157284,-0.0988966046907536,3.963632318963182,-0.4426579316869733,1.3218509770686553
67.0,214.0,129.88369750976562,-0.0370591034729298,2.6826218239917727,-4.115266560061377,-3.679595996907135,-1.926209819046368,1.3414009745971895,-0.0987779561750726,3.964208636924238,-0.4451036432456676,1.3236569489549574
67.0,214.0,129.88369750976562,-0.0391015901040685,2.6832066369908216,-4.11469770047713,-3.680059309122311,-1.9260168474946973,1.3411719572718803,-0.0990887163406583,3.963894911594921,-0.4433537251091182,1.3222977704533132
67.0,214.0,129.88369750976562,-0.0371238674580442,2.6828863163114574,-4.116450644235016,-3.678852193219088,-1.9245006772364748,1.340853961483298,-0.1003745299408251,3.96483297132265,-0.4438758320633198,1.32253467512871
67.0,214.0,129.88369750976562,-0.0387529514039979,2.682332987600346,-4.114907536737543,-3.6795098013530296,-1.9263257462158496,1.3407473142017434,-0.0999818312495976,3.964815872089346,-0.4437279455012012,1.3221885533632094
67.0,214.0,129.88369750976562,-0.0385026246801999,2.681902136710416,-4.116577281202409,-3.680540846948508,-1.92433206385908,1.3402460540770993,-0.099126385258616,3.9633692913641982,-0.4437405342625667,1.3232985721522927
67.0,215.0,129.88369750976562,-0.0372763731490363,2.6826167704504225,-4.114823442455658,-3.6783468022659607,-1.9261520268860424,1.3403612303406105,-0.0998002543669788,3.963755631935773,-0.4432836224847902,1.323920551784124
67.0,215.0,129.88369750976562,-0.0386144815276365,2.682602177420531,-4.114692785083619,-3.6782825809630206,-1.925857278402108,1.3408475275948784,-0.0997619686173913,3.964034353113425,-0.4420803106852294,1.323383683790692
67.0,215.0,129.88369750976562,-0.0384255196221009,2.6828457518910365,-4.115229419906435,-3.678280070499364,-1.9241863635424368,1.340197132733122,-0.0989346872452995,3.965045366748188,-0.4436973324717846,1.3237061726352286
67.0,215.0,129.88369750976562,-0.0374477628801099,2.682657028303648,-4.114838900894199,-3.678870043592088,-1.9251837276112644,1.3405201841317955,-0.0987901150784344,3.964675583138253,-0.4423633760043502,1.3238448057713843
67.0,215.0,129.88369750976562,-0.0382635524696136,2.682419967614642,-4.114786126384205,-3.679311634560755,-1.925978686292598,1.3411333845684037,-0.0987597980305496,3.9641414728433215,-0.4424791061193618,1.320928414315454
67.0,215.0,129.88369750976562,-0.0384394284723971,2.682975909148543,-4.114785849651962,-3.679239009035948,-1.9244454601702328,1.3399968271028857,-0.0992974966139006,3.9634126109169294,-0.4438348749963561,1.323728487499586
67.0,215.0,129.88369750976562,-0.0375151009923383,2.6815405326175563,-4.11492126820321,-3.678696413336605,-1.9248538354858755,1.3399425126041962,-0.0987835979778907,3.963714046279793,-0.4446811609730565,1.323395357397754
67.0,215.0,129.88369750976562,-0.0377454066103169,2.6825043046280004,-4.114788089707397,-3.679652743106941,-1.9244710726958925,1.340134709603629,-0.1004671214614538,3.9636188560680137,-0.4424447477359667,1.3231665976907154
67.0,215.0,129.88369750976562,-0.0364954623203145,2.682236998039043,-4.1151194879360045,-3.678349310488348,-1.9266135679514724,1.3402469514634694,-0.0997973225445006,3.96391029317396,-0.4446940722613329,1.3226826898546231
67.0,215.0,129.88369750976562,-0.0383554438796345,2.6837078456050074,-4.1148397309375175,-3.6796427651577615,-1.925935618093105,1.3413987342605571,-0.0995517511654577,3.963735392106942,-0.4447510661004394,1.3223569690262462
67.0,215.0,129.88369750976562,-0.0374471514184957,2.6830290313127803,-4.114093649499316,-3.679834210451842,-1.924097479454128,1.3403730799535918,-0.0989693227775162,3.9646815998637,-0.4441470635204132,1.3235251103658887
67.0,215.0,129.88369750976562,-0.0382710782515905,2.682893249029939,-4.115279657961465,-3.6792257495786993,-1.924598940320268,1.340114582927606,-0.0982937747407807,3.963413311773425,-0.4438361054294831,1.3238186492275428
67.0,215.0,129.88369750976562,-0.0386767940782647,2.6825724445294745,-4.114978013222114,-3.6803825219341575,-1.925471672712967,1.340026883894302,-0.1000383970307691,3.965015974768844,-0.4424138905121658,1.3231790020943524
67.0,215.0,129.88369750976562,-0.0386743878574695,2.682514171969066,-4.114506661615946,-3.679438333994672,-1.9243521442453364,1.339783745789752,-0.0992489063510318,3.963839175972056,-0.4434921678817331,1.3240327725928551
67.0,215.0,129.88369750976562,-0.0378622370720957,2.681968301780857,-4.11483420834631,-3.6800866107675727,-1.924030423868726,1.3402908182460136,-0.0994770964367983,3.9636342318458793,-0.4433138246954711,1.324016149664466
67.0,215.0,129.88369750976562,-0.038409736125438,2.683223324443615,-4.114847609240932,-3.679415568245977,-1.9254956460903945,1.339956890140793,-0.0993767820110977,3.96545346379171,-0.4440833734044859,1.3235641918682983
67.0,215.0,129.88369750976562,-0.0365283721779428,2.6821798842695697,-4.11603441881068,-3.679486054107372,-1.9251379515389608,1.3405617104052885,-0.1002226474128503,3.96390962240616,-0.4420402715724512,1.3236767237550735
67.0,215.0,129.88369750976562,-0.0364397398083592,2.6825071178585005,-4.115088219917484,-3.67970139592296,-1.9261702671341336,1.340268587447146,-0.1007867068112726,3.963668351548983,-0.4431968561648036,1.323600593218882
67.0,215.0,129.88369750976562,-0.0383216637770437,2.6825741157856324,-4.114967170153109,-3.6780063208760607,-1.924454085840296,1.3404595116488414,-0.099584917212826,3.9638032536282113,-0.4437830930453497,1.3237113962040006
67.0,215.0,129.88369750976562,-0.0379767604336877,2.680744641094622,-4.114477853527157,-3.6801701846835897,-1.924400799866619,1.3404674448137248,-0.0999418297218291,3.9646977554076215,-0.4444012423801128,1.3236911002911962
67.0,215.0,129.88369750976562,-0.0390478143195861,2.682337844354252,-4.115926773235828,-3.6795526101329856,-1.924688573970111,1.3412594732204302,-0.0998160293303123,3.963891675060848,-0.4428856325751028,1.3240663398786898
67.0,215.0,129.88369750976562,-0.0383148729229902,2.6832796999404445,-4.116294179060572,-3.6793979513078847,-1.9250865185851764,1.340689295518906,-0.0983386555168854,3.963023765613142,-0.4436402091529069,1.323783064095721
67.0,215.0,129.88369750976562,-0.0379627504806742,2.6821752792535305,-4.115112653936806,-3.679108163981376,-1.9271989799946387,1.3404670547282131,-0.0989285936155462,3.963762776092248,-0.4436037889685726,1.3234545198064809
67.0,215.0,129.88369750976562,-0.0392187524807247,2.683054261908589,-4.114922136147859,-3.6795777604845856,-1.925288325593142,1.3412020927009516,-0.0999221139832497,3.9638507441902,-0.4441360716815598,1.3240769948011513
67.0,215.0,129.88369750976562,-0.0383849644671473,2.6829565493324656,-4.1152425670406885,-3.679085536259625,-1.9245625020625792,1.3398362901102925,-0.0989136901687004,3.964908554644228,-0.4445902552466633,1.3237140521602766
67.0,215.0,129.88369750976562,-0.0381150873514049,2.682542042709517,-4.114430642239843,-3.678878579382245,-1.9244999050184943,1.3406975087022637,-0.0999938618507068,3.963198803446204,-0.4438787615061223,1.3237429493033557
67.0,215.0,129.88369750976562,-0.0356061132564945,2.682682236611596,-4.114853691872366,-3.679371797552783,-1.926117401442866,1.3402494852328133,-0.0995158924403936,3.963593572879813,-0.4432809198229624,1.3217267572875264
67.0,215.0,129.88369750976562,-0.0370319986549597,2.682141311654721,-4.11568919640137,-3.679601765843594,-1.9250876999733395,1.3398228311447469,-0.1004837490685165,3.964237534852891,-0.442657322459007,1.323574800022745
67.0,215.0,129.88369750976562,-0.0370807272260081,2.68264859514898,-4.115168223632826,-3.678252415128613,-1.9239598296335736,1.3405486072531194,-0.098422161926668,3.964345449074509,-0.4430919035377933,1.32368118639016
67.0,215.0,129.88369750976562,-0.0371588517049898,2.6805734538012,-4.114829362922763,-3.680286246949066,-1.92656536943232,1.339947151786356,-0.0988547495593402,3.9637048782995135,-0.4439045648392518,1.323849355521426
67.0,215.0,129.88369750976562,-0.0375504977495809,2.682280533818246,-4.115233018272244,-3.679761393898062,-1.925012808213688,1.3408448440508045,-0.0991535257406458,3.963799535448471,-0.4426996479812786,1.32341862225405
67.0,215.0,129.88369750976562,-0.0364782580288229,2.6818429670123987,-4.11474322378592,-3.679358600708835,-1.9243445464444973,1.3403015173573354,-0.09960695951543,3.965946662438152,-0.4428471831983755,1.3238509640840692
67.0,215.0,129.88369750976562,-0.0375050067521598,2.682394795215691,-4.114718372567042,-3.678092981168621,-1.9258440914610253,1.3400083563894525,-0.099182553119151,3.966016159885976,-0.4438312502809411,1.3218137438897066
67.0,215.0,129.88369750976562,-0.0385790505121479,2.6829151465589978,-4.114800802167872,-3.680258446862143,-1.924409893497719,1.340273682270729,-0.0988903953142273,3.964274155720028,-0.443693939368691,1.324358976709781
67.0,215.0,129.88369750976562,-0.0373377203114786,2.682486630971601,-4.114913017838977,-3.6783634873448783,-1.9265970819780125,1.3403155553342478,-0.099168483249192,3.963433477689972,-0.4450287501643289,1.3241048847555466
67.0,215.0,129.88369750976562,-0.0379180192985064,2.682247815866732,-4.11618169808676,-3.678672127199636,-1.9243215382018104,1.341224665253827,-0.0999942253138913,3.964944788080395,-0.4445476548029366,1.3237704141458422
67.0,215.0,129.88369750976562,-0.0379024272348933,2.681548237319513,-4.1147750510204935,-3.679808883893499,-1.9248620463978097,1.3398379650494014,-0.0992112748296654,3.963017815678836,-0.4424179299426491,1.3233375186841294
67.0,215.0,129.88369750976562,-0.0386119900478477,2.682502921158186,-4.115330536104988,-3.67922120648243,-1.924454899099244,1.3398214621333258,-0.0993185791376466,3.963886887649888,-0.4432911272000954,1.323338099550023
67.0,215.0,129.88369750976562,-0.0382477403859779,2.68273101332882,-4.115921932644253,-3.677978964649831,-1.924749009834854,1.3417441945558162,-0.0989616560098664,3.9650317801400976,-0.4436610931860999,1.3237025486479133
67.0,215.0,129.88369750976562,-0.0368336824364338,2.6826832487827823,-4.114591204394081,-3.678575812548972,-1.925641460409574,1.3405690717413157,-0.0993023327242637,3.963040004737601,-0.4453726377459595,1.3228519700821009
67.0,215.0,129.88369750976562,-0.0368682580867013,2.6829220535883818,-4.115330151241876,-3.6800847775118006,-1.924143475813016,1.3403634962947215,-0.0977891263415146,3.964305456688996,-0.4434524361281761,1.323232495747224
67.0,215.0,129.88369750976562,-0.0385555590400413,2.682332051900679,-4.11561887003485,-3.678886500882304,-1.9246899936591084,1.339812599810698,-0.0990985889591814,3.964719517917539,-0.4435134565679196,1.3239478618172835
67.0,215.0,129.88369750976562,-0.0362685215543273,2.6824785535414897,-4.115228802300194,-3.679666890710486,-1.924817154336768,1.3397913112986377,-0.0984104785689082,3.965220519508229,-0.4431274438343454,1.3229101875008091
67.0,215.0,129.88369750976562,-0.0375539125029723,2.683178260371717,-4.114369649219112,-3.679430716965344,-1.9246000535494767,1.3402022966892828,-0.0991060381317665,3.964045450719317,-0.4435850165156397,1.3232991003993002
67.0,215.0,129.88369750976562,-0.0373747018816963,2.6827891322424366,-4.115831560265851,-3.678720605069845,-1.925137080380172,1.3403258327157284,-0.0988966046907536,3.963632318963182,-0.4426579316869733,1.3218509770686553
67.0,215.0,129.88369750976562,-0.0370591034729298,2.6826218239917727,-4.115266560061377,-3.679595996907135,-1.926209819046368,1.3414009745971895,-0.0987779561750726,3.964208636924238,-0.4451036432456676,1.3236569489549574
67.0,215.0,129.88369750976562,-0.0391015901040685,2.6832066369908216,-4.11469770047713,-3.680059309122311,-1.9260168474946973,1.3411719572718803,-0.0990887163406583,3.963894911594921,-0.4433537251091182,1.3222977704533132
67.0,215.0,129.88369750976562,-0.0371238674580442,2.6828863163114574,-4.116450644235016,-3.678852193219088,-1.9245006772364748,1.340853961483298,-0.1003745299408251,3.96483297132265,-0.4438758320633198,1.32253467512871
67.0,215.0,129.88369750976562,-0.0387529514039979,2.682332987600346,-4.114907536737543,-3.6795098013530296,-1.9263257462158496,1.3407473142017434,-0.0999818312495976,3.964815872089346,-0.4437279455012012,1.3221885533632094
67.0,215.0,129.88369750976562,-0.0385026246801999,2.681902136710416,-4.116577281202409,-3.680540846948508,-1.92433206385908,1.3402460540770993,-0.099126385258616,3.9633692913641982,-0.4437405342625667,1.3232985721522927
67.0,216.0,129.88369750976562,-0.0372763731490363,2.6826167704504225,-4.114823442455658,-3.6783468022659607,-1.9261520268860424,1.3403612303406105,-0.0998002543669788,3.963755631935773,-0.4432836224847902,1.323920551784124
67.0,216.0,129.88369750976562,-0.0386144815276365,2.682602177420531,-4.114692785083619,-3.6782825809630206,-1.925857278402108,1.3408475275948784,-0.0997619686173913,3.964034353113425,-0.4420803106852294,1.323383683790692
67.0,216.0,129.88369750976562,-0.0384255196221009,2.6828457518910365,-4.115229419906435,-3.678280070499364,-1.9241863635424368,1.340197132733122,-0.0989346872452995,3.965045366748188,-0.4436973324717846,1.3237061726352286
67.0,216.0,129.88369750976562,-0.0374477628801099,2.682657028303648,-4.114838900894199,-3.678870043592088,-1.9251837276112644,1.3405201841317955,-0.0987901150784344,3.964675583138253,-0.4423633760043502,1.3238448057713843
67.0,216.0,129.88369750976562,-0.0382635524696136,2.682419967614642,-4.114786126384205,-3.679311634560755,-1.925978686292598,1.3411333845684037,-0.0987597980305496,3.9641414728433215,-0.4424791061193618,1.320928414315454
67.0,216.0,129.88369750976562,-0.0384394284723971,2.682975909148543,-4.114785849651962,-3.679239009035948,-1.9244454601702328,1.3399968271028857,-0.0992974966139006,3.9634126109169294,-0.4438348749963561,1.323728487499586
67.0,216.0,129.88369750976562,-0.0375151009923383,2.6815405326175563,-4.11492126820321,-3.678696413336605,-1.9248538354858755,1.3399425126041962,-0.0987835979778907,3.963714046279793,-0.4446811609730565,1.323395357397754
67.0,216.0,129.88369750976562,-0.0377454066103169,2.6825043046280004,-4.114788089707397,-3.679652743106941,-1.9244710726958925,1.340134709603629,-0.1004671214614538,3.9636188560680137,-0.4424447477359667,1.3231665976907154
67.0,216.0,129.88369750976562,-0.0364954623203145,2.682236998039043,-4.1151194879360045,-3.678349310488348,-1.9266135679514724,1.3402469514634694,-0.0997973225445006,3.96391029317396,-0.4446940722613329,1.3226826898546231
67.0,216.0,129.88369750976562,-0.0383554438796345,2.6837078456050074,-4.1148397309375175,-3.6796427651577615,-1.925935618093105,1.3413987342605571,-0.0995517511654577,3.963735392106942,-0.4447510661004394,1.3223569690262462
67.0,216.0,129.88369750976562,-0.0374471514184957,2.6830290313127803,-4.114093649499316,-3.679834210451842,-1.924097479454128,1.3403730799535918,-0.0989693227775162,3.9646815998637,-0.4441470635204132,1.3235251103658887
67.0,216.0,129.88369750976562,-0.0382710782515905,2.682893249029939,-4.115279657961465,-3.6792257495786993,-1.924598940320268,1.340114582927606,-0.0982937747407807,3.963413311773425,-0.4438361054294831,1.3238186492275428
67.0,216.0,129.88369750976562,-0.0386767940782647,2.6825724445294745,-4.114978013222114,-3.6803825219341575,-1.925471672712967,1.340026883894302,-0.1000383970307691,3.965015974768844,-0.4424138905121658,1.3231790020943524
67.0,216.0,129.88369750976562,-0.0386743878574695,2.682514171969066,-4.114506661615946,-3.679438333994672,-1.9243521442453364,1.339783745789752,-0.0992489063510318,3.963839175972056,-0.4434921678817331,1.3240327725928551
67.0,216.0,129.88369750976562,-0.0378622370720957,2.681968301780857,-4.11483420834631,-3.6800866107675727,-1.924030423868726,1.3402908182460136,-0.0994770964367983,3.9636342318458793,-0.4433138246954711,1.324016149664466
67.0,216.0,129.88369750976562,-0.038409736125438,2.683223324443615,-4.114847609240932,-3.679415568245977,-1.9254956460903945,1.339956890140793,-0.0993767820110977,3.96545346379171,-0.4440833734044859,1.3235641918682983
67.0,216.0,129.88369750976562,-0.0365283721779428,2.6821798842695697,-4.11603441881068,-3.679486054107372,-1.9251379515389608,1.3405617104052885,-0.1002226474128503,3.96390962240616,-0.4420402715724512,1.3236767237550735
67.0,216.0,129.88369750976562,-0.0364397398083592,2.6825071178585005,-4.115088219917484,-3.67970139592296,-1.9261702671341336,1.340268587447146,-0.1007867068112726,3.963668351548983,-0.4431968561648036,1.323600593218882
67.0,216.0,129.88369750976562,-0.0383216637770437,2.6825741157856324,-4.114967170153109,-3.6780063208760607,-1.924454085840296,1.3404595116488414,-0.099584917212826,3.9638032536282113,-0.4437830930453497,1.3237113962040006
67.0,216.0,129.88369750976562,-0.0379767604336877,2.680744641094622,-4.114477853527157,-3.6801701846835897,-1.924400799866619,1.3404674448137248,-0.0999418297218291,3.9646977554076215,-0.4444012423801128,1.3236911002911962
67.0,216.0,129.88369750976562,-0.0390478143195861,2.682337844354252,-4.115926773235828,-3.6795526101329856,-1.924688573970111,1.3412594732204302,-0.0998160293303123,3.963891675060848,-0.4428856325751028,1.3240663398786898
67.0,216.0,129.88369750976562,-0.0383148729229902,2.6832796999404445,-4.116294179060572,-3.6793979513078847,-1.9250865185851764,1.340689295518906,-0.0983386555168854,3.963023765613142,-0.4436402091529069,1.323783064095721
67.0,216.0,129.88369750976562,-0.0379627504806742,2.6821752792535305,-4.115112653936806,-3.679108163981376,-1.9271989799946387,1.3404670547282131,-0.0989285936155462,3.963762776092248,-0.4436037889685726,1.3234545198064809
67.0,216.0,129.88369750976562,-0.0392187524807247,2.683054261908589,-4.114922136147859,-3.6795777604845856,-1.925288325593142,1.3412020927009516,-0.0999221139832497,3.9638507441902,-0.4441360716815598,1.3240769948011513
67.0,216.0,129.88369750976562,-0.0383849644671473,2.6829565493324656,-4.1152425670406885,-3.679085536259625,-1.9245625020625792,1.3398362901102925,-0.0989136901687004,3.964908554644228,-0.4445902552466633,1.3237140521602766
67.0,216.0,129.88369750976562,-0.0381150873514049,2.682542042709517,-4.114430642239843,-3.678878579382245,-1.9244999050184943,1.3406975087022637,-0.0999938618507068,3.963198803446204,-0.4438787615061223,1.3237429493033557
67.0,216.0,129.88369750976562,-0.0356061132564945,2.682682236611596,-4.114853691872366,-3.679371797552783,-1.926117401442866,1.3402494852328133,-0.0995158924403936,3.963593572879813,-0.4432809198229624,1.3217267572875264
67.0,216.0,129.88369750976562,-0.0370319986549597,2.682141311654721,-4.11568919640137,-3.679601765843594,-1.9250876999733395,1.3398228311447469,-0.1004837490685165,3.964237534852891,-0.442657322459007,1.323574800022745
67.0,216.0,129.88369750976562,-0.0370807272260081,2.68264859514898,-4.115168223632826,-3.678252415128613,-1.9239598296335736,1.3405486072531194,-0.098422161926668,3.964345449074509,-0.4430919035377933,1.32368118639016
67.0,216.0,129.88369750976562,-0.0371588517049898,2.6805734538012,-4.114829362922763,-3.680286246949066,-1.92656536943232,1.339947151786356,-0.0988547495593402,3.9637048782995135,-0.4439045648392518,1.323849355521426
67.0,216.0,129.88369750976562,-0.0375504977495809,2.682280533818246,-4.115233018272244,-3.679761393898062,-1.925012808213688,1.3408448440508045,-0.0991535257406458,3.963799535448471,-0.4426996479812786,1.32341862225405
67.0,216.0,129.88369750976562,-0.0364782580288229,2.6818429670123987,-4.11474322378592,-3.679358600708835,-1.9243445464444973,1.3403015173573354,-0.09960695951543,3.965946662438152,-0.4428471831983755,1.3238509640840692
67.0,216.0,129.88369750976562,-0.0375050067521598,2.682394795215691,-4.114718372567042,-3.678092981168621,-1.9258440914610253,1.3400083563894525,-0.099182553119151,3.966016159885976,-0.4438312502809411,1.3218137438897066
67.0,216.0,129.88369750976562,-0.0385790505121479,2.6829151465589978,-4.114800802167872,-3.680258446862143,-1.924409893497719,1.340273682270729,-0.0988903953142273,3.964274155720028,-0.443693939368691,1.324358976709781
67.0,216.0,129.88369750976562,-0.0373377203114786,2.682486630971601,-4.114913017838977,-3.6783634873448783,-1.9265970819780125,1.3403155553342478,-0.099168483249192,3.963433477689972,-0.4450287501643289,1.3241048847555466
67.0,216.0,129.88369750976562,-0.0379180192985064,2.682247815866732,-4.11618169808676,-3.678672127199636,-1.9243215382018104,1.341224665253827,-0.0999942253138913,3.964944788080395,-0.4445476548029366,1.3237704141458422
67.0,216.0,129.88369750976562,-0.0379024272348933,2.681548237319513,-4.1147750510204935,-3.679808883893499,-1.9248620463978097,1.3398379650494014,-0.0992112748296654,3.963017815678836,-0.4424179299426491,1.3233375186841294
67.0,216.0,129.88369750976562,-0.0386119900478477,2.682502921158186,-4.115330536104988,-3.67922120648243,-1.924454899099244,1.3398214621333258,-0.0993185791376466,3.963886887649888,-0.4432911272000954,1.323338099550023
67.0,216.0,129.88369750976562,-0.0382477403859779,2.68273101332882,-4.115921932644253,-3.677978964649831,-1.924749009834854,1.3417441945558162,-0.0989616560098664,3.9650317801400976,-0.4436610931860999,1.3237025486479133
67.0,216.0,129.88369750976562,-0.0368336824364338,2.6826832487827823,-4.114591204394081,-3.678575812548972,-1.925641460409574,1.3405690717413157,-0.0993023327242637,3.963040004737601,-0.4453726377459595,1.3228519700821009
67.0,216.0,129.88369750976562,-0.0368682580867013,2.6829220535883818,-4.115330151241876,-3.6800847775118006,-1.924143475813016,1.3403634962947215,-0.0977891263415146,3.964305456688996,-0.4434524361281761,1.323232495747224
67.0,216.0,129.88369750976562,-0.0385555590400413,2.682332051900679,-4.11561887003485,-3.678886500882304,-1.9246899936591084,1.339812599810698,-0.0990985889591814,3.964719517917539,-0.4435134565679196,1.3239478618172835
67.0,216.0,129.88369750976562,-0.0362685215543273,2.6824785535414897,-4.115228802300194,-3.679666890710486,-1.924817154336768,1.3397913112986377,-0.0984104785689082,3.965220519508229,-0.4431274438343454,1.3229101875008091
67.0,216.0,129.88369750976562,-0.0375539125029723,2.683178260371717,-4.114369649219112,-3.679430716965344,-1.9246000535494767,1.3402022966892828,-0.0991060381317665,3.964045450719317,-0.4435850165156397,1.3232991003993002
67.0,216.0,129.88369750976562,-0.0373747018816963,2.6827891322424366,-4.115831560265851,-3.678720605069845,-1.925137080380172,1.3403258327157284,-0.0988966046907536,3.963632318963182,-0.4426579316869733,1.3218509770686553
67.0,216.0,129.88369750976562,-0.0370591034729298,2.6826218239917727,-4.115266560061377,-3.679595996907135,-1.926209819046368,1.3414009745971895,-0.0987779561750726,3.964208636924238,-0.4451036432456676,1.3236569489549574
67.0,216.0,129.88369750976562,-0.0391015901040685,2.6832066369908216,-4.11469770047713,-3.680059309122311,-1.9260168474946973,1.3411719572718803,-0.0990887163406583,3.963894911594921,-0.4433537251091182,1.3222977704533132
67.0,216.0,129.88369750976562,-0.0371238674580442,2.6828863163114574,-4.116450644235016,-3.678852193219088,-1.9245006772364748,1.340853961483298,-0.1003745299408251,3.96483297132265,-0.4438758320633198,1.32253467512871
67.0,216.0,129.88369750976562,-0.0387529514039979,2.682332987600346,-4.114907536737543,-3.6795098013530296,-1.9263257462158496,1.3407473142017434,-0.0999818312495976,3.964815872089346,-0.4437279455012012,1.3221885533632094
67.0,216.0,129.88369750976562,-0.0385026246801999,2.681902136710416,-4.116577281202409,-3.680540846948508,-1.92433206385908,1.3402460540770993,-0.099126385258616,3.9633692913641982,-0.4437405342625667,1.3232985721522927
67.0,217.0,129.88369750976562,-0.0372763731490363,2.6826167704504225,-4.114823442455658,-3.6783468022659607,-1.9261520268860424,1.3403612303406105,-0.0998002543669788,3.963755631935773,-0.4432836224847902,1.323920551784124
67.0,217.0,129.88369750976562,-0.0386144815276365,2.682602177420531,-4.114692785083619,-3.6782825809630206,-1.925857278402108,1.3408475275948784,-0.0997619686173913,3.964034353113425,-0.4420803106852294,1.323383683790692
67.0,217.0,129.88369750976562,-0.0384255196221009,2.6828457518910365,-4.115229419906435,-3.678280070499364,-1.9241863635424368,1.340197132733122,-0.0989346872452995,3.965045366748188,-0.4436973324717846,1.3237061726352286
67.0,217.0,129.88369750976562,-0.0374477628801099,2.682657028303648,-4.114838900894199,-3.678870043592088,-1.9251837276112644,1.3405201841317955,-0.0987901150784344,3.964675583138253,-0.4423633760043502,1.3238448057713843
67.0,217.0,129.88369750976562,-0.0382635524696136,2.682419967614642,-4.114786126384205,-3.679311634560755,-1.925978686292598,1.3411333845684037,-0.0987597980305496,3.9641414728433215,-0.4424791061193618,1.320928414315454
67.0,217.0,129.88369750976562,-0.0384394284723971,2.682975909148543,-4.114785849651962,-3.679239009035948,-1.9244454601702328,1.3399968271028857,-0.0992974966139006,3.9634126109169294,-0.4438348749963561,1.323728487499586
67.0,217.0,129.88369750976562,-0.0375151009923383,2.6815405326175563,-4.11492126820321,-3.678696413336605,-1.9248538354858755,1.3399425126041962,-0.0987835979778907,3.963714046279793,-0.4446811609730565,1.323395357397754
67.0,217.0,129.88369750976562,-0.0377454066103169,2.6825043046280004,-4.114788089707397,-3.679652743106941,-1.9244710726958925,1.340134709603629,-0.1004671214614538,3.9636188560680137,-0.4424447477359667,1.3231665976907154
67.0,217.0,129.88369750976562,-0.0364954623203145,2.682236998039043,-4.1151194879360045,-3.678349310488348,-1.9266135679514724,1.3402469514634694,-0.0997973225445006,3.96391029317396,-0.4446940722613329,1.3226826898546231
67.0,217.0,129.88369750976562,-0.0383554438796345,2.6837078456050074,-4.1148397309375175,-3.6796427651577615,-1.925935618093105,1.3413987342605571,-0.0995517511654577,3.963735392106942,-0.4447510661004394,1.3223569690262462
67.0,217.0,129.88369750976562,-0.0374471514184957,2.6830290313127803,-4.114093649499316,-3.679834210451842,-1.924097479454128,1.3403730799535918,-0.0989693227775162,3.9646815998637,-0.4441470635204132,1.3235251103658887
67.0,217.0,129.88369750976562,-0.0382710782515905,2.682893249029939,-4.115279657961465,-3.6792257495786993,-1.924598940320268,1.340114582927606,-0.0982937747407807,3.963413311773425,-0.4438361054294831,1.3238186492275428
67.0,217.0,129.88369750976562,-0.0386767940782647,2.6825724445294745,-4.114978013222114,-3.6803825219341575,-1.925471672712967,1.340026883894302,-0.1000383970307691,3.965015974768844,-0.4424138905121658,1.3231790020943524
67.0,217.0,129.88369750976562,-0.0386743878574695,2.682514171969066,-4.114506661615946,-3.679438333994672,-1.9243521442453364,1.339783745789752,-0.0992489063510318,3.963839175972056,-0.4434921678817331,1.3240327725928551
67.0,217.0,129.88369750976562,-0.0378622370720957,2.681968301780857,-4.11483420834631,-3.6800866107675727,-1.924030423868726,1.3402908182460136,-0.0994770964367983,3.9636342318458793,-0.4433138246954711,1.324016149664466
67.0,217.0,129.88369750976562,-0.038409736125438,2.683223324443615,-4.114847609240932,-3.679415568245977,-1.9254956460903945,1.339956890140793,-0.0993767820110977,3.96545346379171,-0.4440833734044859,1.3235641918682983
67.0,217.0,129.88369750976562,-0.0365283721779428,2.6821798842695697,-4.11603441881068,-3.679486054107372,-1.9251379515389608,1.3405617104052885,-0.1002226474128503,3.96390962240616,-0.4420402715724512,1.3236767237550735
67.0,217.0,129.88369750976562,-0.0364397398083592,2.6825071178585005,-4.115088219917484,-3.67970139592296,-1.9261702671341336,1.340268587447146,-0.1007867068112726,3.963668351548983,-0.4431968561648036,1.323600593218882
67.0,217.0,129.88369750976562,-0.0383216637770437,2.6825741157856324,-4.114967170153109,-3.6780063208760607,-1.924454085840296,1.3404595116488414,-0.099584917212826,3.9638032536282113,-0.4437830930453497,1.3237113962040006
67.0,217.0,129.88369750976562,-0.0379767604336877,2.680744641094622,-4.114477853527157,-3.6801701846835897,-1.924400799866619,1.3404674448137248,-0.0999418297218291,3.9646977554076215,-0.4444012423801128,1.3236911002911962
67.0,217.0,129.88369750976562,-0.0390478143195861,2.682337844354252,-4.115926773235828,-3.6795526101329856,-1.924688573970111,1.3412594732204302,-0.0998160293303123,3.963891675060848,-0.4428856325751028,1.3240663398786898
67.0,217.0,129.88369750976562,-0.0383148729229902,2.6832796999404445,-4.116294179060572,-3.6793979513078847,-1.9250865185851764,1.340689295518906,-0.0983386555168854,3.963023765613142,-0.4436402091529069,1.323783064095721
67.0,217.0,129.88369750976562,-0.0379627504806742,2.6821752792535305,-4.115112653936806,-3.679108163981376,-1.9271989799946387,1.3404670547282131,-0.0989285936155462,3.963762776092248,-0.4436037889685726,1.3234545198064809
67.0,217.0,129.88369750976562,-0.0392187524807247,2.683054261908589,-4.114922136147859,-3.6795777604845856,-1.925288325593142,1.3412020927009516,-0.0999221139832497,3.9638507441902,-0.4441360716815598,1.3240769948011513
67.0,217.0,129.88369750976562,-0.0383849644671473,2.6829565493324656,-4.1152425670406885,-3.679085536259625,-1.9245625020625792,1.3398362901102925,-0.0989136901687004,3.964908554644228,-0.4445902552466633,1.3237140521602766
67.0,217.0,129.88369750976562,-0.0381150873514049,2.682542042709517,-4.114430642239843,-3.678878579382245,-1.9244999050184943,1.3406975087022637,-0.0999938618507068,3.963198803446204,-0.4438787615061223,1.3237429493033557
67.0,217.0,129.88369750976562,-0.0356061132564945,2.682682236611596,-4.114853691872366,-3.679371797552783,-1.926117401442866,1.3402494852328133,-0.0995158924403936,3.963593572879813,-0.4432809198229624,1.3217267572875264
67.0,217.0,129.88369750976562,-0.0370319986549597,2.682141311654721,-4.11568919640137,-3.679601765843594,-1.9250876999733395,1.3398228311447469,-0.1004837490685165,3.964237534852891,-0.442657322459007,1.323574800022745
67.0,217.0,129.88369750976562,-0.0370807272260081,2.68264859514898,-4.115168223632826,-3.678252415128613,-1.9239598296335736,1.3405486072531194,-0.098422161926668,3.964345449074509,-0.4430919035377933,1.32368118639016
67.0,217.0,129.88369750976562,-0.0371588517049898,2.6805734538012,-4.114829362922763,-3.680286246949066,-1.92656536943232,1.339947151786356,-0.0988547495593402,3.9637048782995135,-0.4439045648392518,1.323849355521426
67.0,217.0,129.88369750976562,-0.0375504977495809,2.682280533818246,-4.115233018272244,-3.679761393898062,-1.925012808213688,1.3408448440508045,-0.0991535257406458,3.963799535448471,-0.4426996479812786,1.32341862225405
67.0,217.0,129.88369750976562,-0.0364782580288229,2.6818429670123987,-4.11474322378592,-3.679358600708835,-1.9243445464444973,1.3403015173573354,-0.09960695951543,3.965946662438152,-0.4428471831983755,1.3238509640840692
67.0,217.0,129.88369750976562,-0.0375050067521598,2.682394795215691,-4.114718372567042,-3.678092981168621,-1.9258440914610253,1.3400083563894525,-0.099182553119151,3.966016159885976,-0.4438312502809411,1.3218137438897066
67.0,217.0,129.88369750976562,-0.0385790505121479,2.6829151465589978,-4.114800802167872,-3.680258446862143,-1.924409893497719,1.340273682270729,-0.0988903953142273,3.964274155720028,-0.443693939368691,1.324358976709781
67.0,217.0,129.88369750976562,-0.0373377203114786,2.682486630971601,-4.114913017838977,-3.6783634873448783,-1.9265970819780125,1.3403155553342478,-0.099168483249192,3.963433477689972,-0.4450287501643289,1.3241048847555466
67.0,217.0,129.88369750976562,-0.0379180192985064,2.682247815866732,-4.11618169808676,-3.678672127199636,-1.9243215382018104,1.341224665253827,-0.0999942253138913,3.964944788080395,-0.4445476548029366,1.3237704141458422
67.0,217.0,129.88369750976562,-0.0379024272348933,2.681548237319513,-4.1147750510204935,-3.679808883893499,-1.9248620463978097,1.3398379650494014,-0.0992112748296654,3.963017815678836,-0.4424179299426491,1.3233375186841294
67.0,217.0,129.88369750976562,-0.0386119900478477,2.682502921158186,-4.115330536104988,-3.67922120648243,-1.924454899099244,1.3398214621333258,-0.0993185791376466,3.963886887649888,-0.4432911272000954,1.323338099550023
67.0,217.0,129.88369750976562,-0.0382477403859779,2.68273101332882,-4.115921932644253,-3.677978964649831,-1.924749009834854,1.3417441945558162,-0.0989616560098664,3.9650317801400976,-0.4436610931860999,1.3237025486479133
67.0,217.0,129.88369750976562,-0.0368336824364338,2.6826832487827823,-4.114591204394081,-3.678575812548972,-1.925641460409574,1.3405690717413157,-0.0993023327242637,3.963040004737601,-0.4453726377459595,1.3228519700821009
67.0,217.0,129.88369750976562,-0.0368682580867013,2.6829220535883818,-4.115330151241876,-3.6800847775118006,-1.924143475813016,1.3403634962947215,-0.0977891263415146,3.964305456688996,-0.4434524361281761,1.323232495747224
67.0,217.0,129.88369750976562,-0.0385555590400413,2.682332051900679,-4.11561887003485,-3.678886500882304,-1.9246899936591084,1.339812599810698,-0.0990985889591814,3.964719517917539,-0.4435134565679196,1.3239478618172835
67.0,217.0,129.88369750976562,-0.0362685215543273,2.6824785535414897,-4.115228802300194,-3.679666890710486,-1.924817154336768,1.3397913112986377,-0.0984104785689082,3.965220519508229,-0.4431274438343454,1.3229101875008091
67.0,217.0,129.88369750976562,-0.0375539125029723,2.683178260371717,-4.114369649219112,-3.679430716965344,-1.9246000535494767,1.3402022966892828,-0.0991060381317665,3.964045450719317,-0.4435850165156397,1.3232991003993002
67.0,217.0,129.88369750976562,-0.0373747018816963,2.6827891322424366,-4.115831560265851,-3.678720605069845,-1.925137080380172,1.3403258327157284,-0.0988966046907536,3.963632318963182,-0.4426579316869733,1.3218509770686553
67.0,217.0,129.88369750976562,-0.0370591034729298,2.6826218239917727,-4.115266560061377,-3.679595996907135,-1.926209819046368,1.3414009745971895,-0.0987779561750726,3.964208636924238,-0.4451036432456676,1.3236569489549574
67.0,217.0,129.88369750976562,-0.0391015901040685,2.6832066369908216,-4.11469770047713,-3.680059309122311,-1.9260168474946973,1.3411719572718803,-0.0990887163406583,3.963894911594921,-0.4433537251091182,1.3222977704533132
67.0,217.0,129.88369750976562,-0.0371238674580442,2.6828863163114574,-4.116450644235016,-3.678852193219088,-1.9245006772364748,1.340853961483298,-0.1003745299408251,3.96483297132265,-0.4438758320633198,1.32253467512871
67.0,217.0,129.88369750976562,-0.0387529514039979,2.682332987600346,-4.114907536737543,-3.6795098013530296,-1.9263257462158496,1.3407473142017434,-0.0999818312495976,3.964815872089346,-0.4437279455012012,1.3221885533632094
67.0,217.0,129.88369750976562,-0.0385026246801999,2.681902136710416,-4.116577281202409,-3.680540846948508,-1.92433206385908,1.3402460540770993,-0.099126385258616,3.9633692913641982,-0.4437405342625667,1.3232985721522927
67.0,218.0,129.88369750976562,-0.0372763731490363,2.6826167704504225,-4.114823442455658,-3.6783468022659607,-1.9261520268860424,1.3403612303406105,-0.0998002543669788,3.963755631935773,-0.4432836224847902,1.323920551784124
67.0,218.0,129.88369750976562,-0.0386144815276365,2.682602177420531,-4.114692785083619,-3.6782825809630206,-1.925857278402108,1.3408475275948784,-0.0997619686173913,3.964034353113425,-0.4420803106852294,1.323383683790692
67.0,218.0,129.88369750976562,-0.0384255196221009,2.6828457518910365,-4.115229419906435,-3.678280070499364,-1.9241863635424368,1.340197132733122,-0.0989346872452995,3.965045366748188,-0.4436973324717846,1.3237061726352286
67.0,218.0,129.88369750976562,-0.0374477628801099,2.682657028303648,-4.114838900894199,-3.678870043592088,-1.9251837276112644,1.3405201841317955,-0.0987901150784344,3.964675583138253,-0.4423633760043502,1.3238448057713843
67.0,218.0,129.88369750976562,-0.0382635524696136,2.682419967614642,-4.114786126384205,-3.679311634560755,-1.925978686292598,1.3411333845684037,-0.0987597980305496,3.9641414728433215,-0.4424791061193618,1.320928414315454
67.0,218.0,129.88369750976562,-0.0384394284723971,2.682975909148543,-4.114785849651962,-3.679239009035948,-1.9244454601702328,1.3399968271028857,-0.0992974966139006,3.9634126109169294,-0.4438348749963561,1.323728487499586
67.0,218.0,129.88369750976562,-0.0375151009923383,2.6815405326175563,-4.11492126820321,-3.678696413336605,-1.9248538354858755,1.3399425126041962,-0.0987835979778907,3.963714046279793,-0.4446811609730565,1.323395357397754
67.0,218.0,129.88369750976562,-0.0377454066103169,2.6825043046280004,-4.114788089707397,-3.679652743106941,-1.9244710726958925,1.340134709603629,-0.1004671214614538,3.9636188560680137,-0.4424447477359667,1.3231665976907154
67.0,218.0,129.88369750976562,-0.0364954623203145,2.682236998039043,-4.1151194879360045,-3.678349310488348,-1.9266135679514724,1.3402469514634694,-0.0997973225445006,3.96391029317396,-0.4446940722613329,1.3226826898546231
67.0,218.0,129.88369750976562,-0.0383554438796345,2.6837078456050074,-4.1148397309375175,-3.6796427651577615,-1.925935618093105,1.3413987342605571,-0.0995517511654577,3.963735392106942,-0.4447510661004394,1.3223569690262462
67.0,218.0,129.88369750976562,-0.0374471514184957,2.6830290313127803,-4.114093649499316,-3.679834210451842,-1.924097479454128,1.3403730799535918,-0.0989693227775162,3.9646815998637,-0.4441470635204132,1.3235251103658887
67.0,218.0,129.88369750976562,-0.0382710782515905,2.682893249029939,-4.115279657961465,-3.6792257495786993,-1.924598940320268,1.340114582927606,-0.0982937747407807,3.963413311773425,-0.4438361054294831,1.3238186492275428
67.0,218.0,129.88369750976562,-0.0386767940782647,2.6825724445294745,-4.114978013222114,-3.6803825219341575,-1.925471672712967,1.340026883894302,-0.1000383970307691,3.965015974768844,-0.4424138905121658,1.3231790020943524
67.0,218.0,129.88369750976562,-0.0386743878574695,2.682514171969066,-4.114506661615946,-3.679438333994672,-1.9243521442453364,1.339783745789752,-0.0992489063510318,3.963839175972056,-0.4434921678817331,1.3240327725928551
67.0,218.0,129.88369750976562,-0.0378622370720957,2.681968301780857,-4.11483420834631,-3.6800866107675727,-1.924030423868726,1.3402908182460136,-0.0994770964367983,3.9636342318458793,-0.4433138246954711,1.324016149664466
67.0,218.0,129.88369750976562,-0.038409736125438,2.683223324443615,-4.114847609240932,-3.679415568245977,-1.9254956460903945,1.339956890140793,-0.0993767820110977,3.96545346379171,-0.4440833734044859,1.3235641918682983
67.0,218.0,129.88369750976562,-0.0365283721779428,2.6821798842695697,-4.11603441881068,-3.679486054107372,-1.9251379515389608,1.3405617104052885,-0.1002226474128503,3.96390962240616,-0.4420402715724512,1.3236767237550735
67.0,218.0,129.88369750976562,-0.0364397398083592,2.6825071178585005,-4.115088219917484,-3.67970139592296,-1.9261702671341336,1.340268587447146,-0.1007867068112726,3.963668351548983,-0.4431968561648036,1.323600593218882
67.0,218.0,129.88369750976562,-0.0383216637770437,2.6825741157856324,-4.114967170153109,-3.6780063208760607,-1.924454085840296,1.3404595116488414,-0.099584917212826,3.9638032536282113,-0.4437830930453497,1.3237113962040006
67.0,218.0,129.88369750976562,-0.0379767604336877,2.680744641094622,-4.114477853527157,-3.6801701846835897,-1.924400799866619,1.3404674448137248,-0.0999418297218291,3.9646977554076215,-0.4444012423801128,1.3236911002911962
67.0,218.0,129.88369750976562,-0.0390478143195861,2.682337844354252,-4.115926773235828,-3.6795526101329856,-1.924688573970111,1.3412594732204302,-0.0998160293303123,3.963891675060848,-0.4428856325751028,1.3240663398786898
67.0,218.0,129.88369750976562,-0.0383148729229902,2.6832796999404445,-4.116294179060572,-3.6793979513078847,-1.9250865185851764,1.340689295518906,-0.0983386555168854,3.963023765613142,-0.4436402091529069,1.323783064095721
67.0,218.0,129.88369750976562,-0.0379627504806742,2.6821752792535305,-4.115112653936806,-3.679108163981376,-1.9271989799946387,1.3404670547282131,-0.0989285936155462,3.963762776092248,-0.4436037889685726,1.3234545198064809
67.0,218.0,129.88369750976562,-0.0392187524807247,2.683054261908589,-4.114922136147859,-3.6795777604845856,-1.925288325593142,1.3412020927009516,-0.0999221139832497,3.9638507441902,-0.4441360716815598,1.3240769948011513
67.0,218.0,129.88369750976562,-0.0383849644671473,2.6829565493324656,-4.1152425670406885,-3.679085536259625,-1.9245625020625792,1.3398362901102925,-0.0989136901687004,3.964908554644228,-0.4445902552466633,1.3237140521602766
67.0,218.0,129.88369750976562,-0.0381150873514049,2.682542042709517,-4.114430642239843,-3.678878579382245,-1.9244999050184943,1.3406975087022637,-0.0999938618507068,3.963198803446204,-0.4438787615061223,1.3237429493033557
67.0,218.0,129.88369750976562,-0.0356061132564945,2.682682236611596,-4.114853691872366,-3.679371797552783,-1.926117401442866,1.3402494852328133,-0.0995158924403936,3.963593572879813,-0.4432809198229624,1.3217267572875264
67.0,218.0,129.88369750976562,-0.0370319986549597,2.682141311654721,-4.11568919640137,-3.679601765843594,-1.9250876999733395,1.3398228311447469,-0.1004837490685165,3.964237534852891,-0.442657322459007,1.323574800022745
67.0,218.0,129.88369750976562,-0.0370807272260081,2.68264859514898,-4.115168223632826,-3.678252415128613,-1.9239598296335736,1.3405486072531194,-0.098422161926668,3.964345449074509,-0.4430919035377933,1.32368118639016
67.0,218.0,129.88369750976562,-0.0371588517049898,2.6805734538012,-4.114829362922763,-3.680286246949066,-1.92656536943232,1.339947151786356,-0.0988547495593402,3.9637048782995135,-0.4439045648392518,1.323849355521426
67.0,218.0,129.88369750976562,-0.0375504977495809,2.682280533818246,-4.115233018272244,-3.679761393898062,-1.925012808213688,1.3408448440508045,-0.0991535257406458,3.963799535448471,-0.4426996479812786,1.32341862225405
67.0,218.0,129.88369750976562,-0.0364782580288229,2.6818429670123987,-4.11474322378592,-3.679358600708835,-1.9243445464444973,1.3403015173573354,-0.09960695951543,3.965946662438152,-0.4428471831983755,1.3238509640840692
67.0,218.0,129.88369750976562,-0.0375050067521598,2.682394795215691,-4.114718372567042,-3.678092981168621,-1.9258440914610253,1.3400083563894525,-0.099182553119151,3.966016159885976,-0.4438312502809411,1.3218137438897066
67.0,218.0,129.88369750976562,-0.0385790505121479,2.6829151465589978,-4.114800802167872,-3.680258446862143,-1.924409893497719,1.340273682270729,-0.0988903953142273,3.964274155720028,-0.443693939368691,1.324358976709781
67.0,218.0,129.88369750976562,-0.0373377203114786,2.682486630971601,-4.114913017838977,-3.6783634873448783,-1.9265970819780125,1.3403155553342478,-0.099168483249192,3.963433477689972,-0.4450287501643289,1.3241048847555466
67.0,218.0,129.88369750976562,-0.0379180192985064,2.682247815866732,-4.11618169808676,-3.678672127199636,-1.9243215382018104,1.341224665253827,-0.0999942253138913,3.964944788080395,-0.4445476548029366,1.3237704141458422
67.0,218.0,129.88369750976562,-0.0379024272348933,2.681548237319513,-4.1147750510204935,-3.679808883893499,-1.9248620463978097,1.3398379650494014,-0.0992112748296654,3.963017815678836,-0.4424179299426491,1.3233375186841294
67.0,218.0,129.88369750976562,-0.0386119900478477,2.682502921158186,-4.115330536104988,-3.67922120648243,-1.924454899099244,1.3398214621333258,-0.0993185791376466,3.963886887649888,-0.4432911272000954,1.323338099550023
67.0,218.0,129.88369750976562,-0.0382477403859779,2.68273101332882,-4.115921932644253,-3.677978964649831,-1.924749009834854,1.3417441945558162,-0.0989616560098664,3.9650317801400976,-0.4436610931860999,1.3237025486479133
67.0,218.0,129.88369750976562,-0.0368336824364338,2.6826832487827823,-4.114591204394081,-3.678575812548972,-1.925641460409574,1.3405690717413157,-0.0993023327242637,3.963040004737601,-0.4453726377459595,1.3228519700821009
67.0,218.0,129.88369750976562,-0.0368682580867013,2.6829220535883818,-4.115330151241876,-3.6800847775118006,-1.924143475813016,1.3403634962947215,-0.0977891263415146,3.964305456688996,-0.4434524361281761,1.323232495747224
67.0,218.0,129.88369750976562,-0.0385555590400413,2.682332051900679,-4.11561887003485,-3.678886500882304,-1.9246899936591084,1.339812599810698,-0.0990985889591814,3.964719517917539,-0.4435134565679196,1.3239478618172835
67.0,218.0,129.88369750976562,-0.0362685215543273,2.6824785535414897,-4.115228802300194,-3.679666890710486,-1.924817154336768,1.3397913112986377,-0.0984104785689082,3.965220519508229,-0.4431274438343454,1.3229101875008091
67.0,218.0,129.88369750976562,-0.0375539125029723,2.683178260371717,-4.114369649219112,-3.679430716965344,-1.9246000535494767,1.3402022966892828,-0.0991060381317665,3.964045450719317,-0.4435850165156397,1.3232991003993002
67.0,218.0,129.88369750976562,-0.0373747018816963,2.6827891322424366,-4.115831560265851,-3.678720605069845,-1.925137080380172,1.3403258327157284,-0.0988966046907536,3.963632318963182,-0.4426579316869733,1.3218509770686553
67.0,218.0,129.88369750976562,-0.0370591034729298,2.6826218239917727,-4.115266560061377,-3.679595996907135,-1.926209819046368,1.3414009745971895,-0.0987779561750726,3.964208636924238,-0.4451036432456676,1.3236569489549574
67.0,218.0,129.88369750976562,-0.0391015901040685,2.6832066369908216,-4.11469770047713,-3.680059309122311,-1.9260168474946973,1.3411719572718803,-0.0990887163406583,3.963894911594921,-0.4433537251091182,1.3222977704533132
67.0,218.0,129.88369750976562,-0.0371238674580442,2.6828863163114574,-4.116450644235016,-3.678852193219088,-1.9245006772364748,1.340853961483298,-0.1003745299408251,3.96483297132265,-0.4438758320633198,1.32253467512871
67.0,218.0,129.88369750976562,-0.0387529514039979,2.682332987600346,-4.114907536737543,-3.6795098013530296,-1.9263257462158496,1.3407473142017434,-0.0999818312495976,3.964815872089346,-0.4437279455012012,1.3221885533632094
67.0,218.0,129.88369750976562,-0.0385026246801999,2.681902136710416,-4.116577281202409,-3.680540846948508,-1.92433206385908,1.3402460540770993,-0.099126385258616,3.9633692913641982,-0.4437405342625667,1.3232985721522927
67.0,219.0,129.88369750976562,-0.0372763731490363,2.6826167704504225,-4.114823442455658,-3.6783468022659607,-1.9261520268860424,1.3403612303406105,-0.0998002543669788,3.963755631935773,-0.4432836224847902,1.323920551784124
67.0,219.0,129.88369750976562,-0.0386144815276365,2.682602177420531,-4.114692785083619,-3.6782825809630206,-1.925857278402108,1.3408475275948784,-0.0997619686173913,3.964034353113425,-0.4420803106852294,1.323383683790692
67.0,219.0,129.88369750976562,-0.0384255196221009,2.6828457518910365,-4.115229419906435,-3.678280070499364,-1.9241863635424368,1.340197132733122,-0.0989346872452995,3.965045366748188,-0.4436973324717846,1.3237061726352286
67.0,219.0,129.88369750976562,-0.0374477628801099,2.682657028303648,-4.114838900894199,-3.678870043592088,-1.9251837276112644,1.3405201841317955,-0.0987901150784344,3.964675583138253,-0.4423633760043502,1.3238448057713843
67.0,219.0,129.88369750976562,-0.0382635524696136,2.682419967614642,-4.114786126384205,-3.679311634560755,-1.925978686292598,1.3411333845684037,-0.0987597980305496,3.9641414728433215,-0.4424791061193618,1.320928414315454
67.0,219.0,129.88369750976562,-0.0384394284723971,2.682975909148543,-4.114785849651962,-3.679239009035948,-1.9244454601702328,1.3399968271028857,-0.0992974966139006,3.9634126109169294,-0.4438348749963561,1.323728487499586
67.0,219.0,129.88369750976562,-0.0375151009923383,2.6815405326175563,-4.11492126820321,-3.678696413336605,-1.9248538354858755,1.3399425126041962,-0.0987835979778907,3.963714046279793,-0.4446811609730565,1.323395357397754
67.0,219.0,129.88369750976562,-0.0377454066103169,2.6825043046280004,-4.114788089707397,-3.679652743106941,-1.9244710726958925,1.340134709603629,-0.1004671214614538,3.9636188560680137,-0.4424447477359667,1.3231665976907154
67.0,219.0,129.88369750976562,-0.0364954623203145,2.682236998039043,-4.1151194879360045,-3.678349310488348,-1.9266135679514724,1.3402469514634694,-0.0997973225445006,3.96391029317396,-0.4446940722613329,1.3226826898546231
67.0,219.0,129.88369750976562,-0.0383554438796345,2.6837078456050074,-4.1148397309375175,-3.6796427651577615,-1.925935618093105,1.3413987342605571,-0.0995517511654577,3.963735392106942,-0.4447510661004394,1.3223569690262462
67.0,219.0,129.88369750976562,-0.0374471514184957,2.6830290313127803,-4.114093649499316,-3.679834210451842,-1.924097479454128,1.3403730799535918,-0.0989693227775162,3.9646815998637,-0.4441470635204132,1.3235251103658887
67.0,219.0,129.88369750976562,-0.0382710782515905,2.682893249029939,-4.115279657961465,-3.6792257495786993,-1.924598940320268,1.340114582927606,-0.0982937747407807,3.963413311773425,-0.4438361054294831,1.3238186492275428
67.0,219.0,129.88369750976562,-0.0386767940782647,2.6825724445294745,-4.114978013222114,-3.6803825219341575,-1.925471672712967,1.340026883894302,-0.1000383970307691,3.965015974768844,-0.4424138905121658,1.3231790020943524
67.0,219.0,129.88369750976562,-0.0386743878574695,2.682514171969066,-4.114506661615946,-3.679438333994672,-1.9243521442453364,1.339783745789752,-0.0992489063510318,3.963839175972056,-0.4434921678817331,1.3240327725928551
67.0,219.0,129.88369750976562,-0.0378622370720957,2.681968301780857,-4.11483420834631,-3.6800866107675727,-1.924030423868726,1.3402908182460136,-0.0994770964367983,3.9636342318458793,-0.4433138246954711,1.324016149664466
67.0,219.0,129.88369750976562,-0.038409736125438,2.683223324443615,-4.114847609240932,-3.679415568245977,-1.9254956460903945,1.339956890140793,-0.0993767820110977,3.96545346379171,-0.4440833734044859,1.3235641918682983
67.0,219.0,129.88369750976562,-0.0365283721779428,2.6821798842695697,-4.11603441881068,-3.679486054107372,-1.9251379515389608,1.3405617104052885,-0.1002226474128503,3.96390962240616,-0.4420402715724512,1.3236767237550735
67.0,219.0,129.88369750976562,-0.0364397398083592,2.6825071178585005,-4.115088219917484,-3.67970139592296,-1.9261702671341336,1.340268587447146,-0.1007867068112726,3.963668351548983,-0.4431968561648036,1.323600593218882
67.0,219.0,129.88369750976562,-0.0383216637770437,2.6825741157856324,-4.114967170153109,-3.6780063208760607,-1.924454085840296,1.3404595116488414,-0.099584917212826,3.9638032536282113,-0.4437830930453497,1.3237113962040006
67.0,219.0,129.88369750976562,-0.0379767604336877,2.680744641094622,-4.114477853527157,-3.6801701846835897,-1.924400799866619,1.3404674448137248,-0.0999418297218291,3.9646977554076215,-0.4444012423801128,1.3236911002911962
67.0,219.0,129.88369750976562,-0.0390478143195861,2.682337844354252,-4.115926773235828,-3.6795526101329856,-1.924688573970111,1.3412594732204302,-0.0998160293303123,3.963891675060848,-0.4428856325751028,1.3240663398786898
67.0,219.0,129.88369750976562,-0.0383148729229902,2.6832796999404445,-4.116294179060572,-3.6793979513078847,-1.9250865185851764,1.340689295518906,-0.0983386555168854,3.963023765613142,-0.4436402091529069,1.323783064095721
67.0,219.0,129.88369750976562,-0.0379627504806742,2.6821752792535305,-4.115112653936806,-3.679108163981376,-1.9271989799946387,1.3404670547282131,-0.0989285936155462,3.963762776092248,-0.4436037889685726,1.3234545198064809
67.0,219.0,129.88369750976562,-0.0392187524807247,2.683054261908589,-4.114922136147859,-3.6795777604845856,-1.925288325593142,1.3412020927009516,-0.0999221139832497,3.9638507441902,-0.4441360716815598,1.3240769948011513
67.0,219.0,129.88369750976562,-0.0383849644671473,2.6829565493324656,-4.1152425670406885,-3.679085536259625,-1.9245625020625792,1.3398362901102925,-0.0989136901687004,3.964908554644228,-0.4445902552466633,1.3237140521602766
67.0,219.0,129.88369750976562,-0.0381150873514049,2.682542042709517,-4.114430642239843,-3.678878579382245,-1.9244999050184943,1.3406975087022637,-0.0999938618507068,3.963198803446204,-0.4438787615061223,1.3237429493033557
67.0,219.0,129.88369750976562,-0.0356061132564945,2.682682236611596,-4.114853691872366,-3.679371797552783,-1.926117401442866,1.3402494852328133,-0.0995158924403936,3.963593572879813,-0.4432809198229624,1.3217267572875264
67.0,219.0,129.88369750976562,-0.0370319986549597,2.682141311654721,-4.11568919640137,-3.679601765843594,-1.9250876999733395,1.3398228311447469,-0.1004837490685165,3.964237534852891,-0.442657322459007,1.323574800022745
67.0,219.0,129.88369750976562,-0.0370807272260081,2.68264859514898,-4.115168223632826,-3.678252415128613,-1.9239598296335736,1.3405486072531194,-0.098422161926668,3.964345449074509,-0.4430919035377933,1.32368118639016
67.0,219.0,129.88369750976562,-0.0371588517049898,2.6805734538012,-4.114829362922763,-3.680286246949066,-1.92656536943232,1.339947151786356,-0.0988547495593402,3.9637048782995135,-0.4439045648392518,1.323849355521426
67.0,219.0,129.88369750976562,-0.0375504977495809,2.682280533818246,-4.115233018272244,-3.679761393898062,-1.925012808213688,1.3408448440508045,-0.0991535257406458,3.963799535448471,-0.4426996479812786,1.32341862225405
67.0,219.0,129.88369750976562,-0.0364782580288229,2.6818429670123987,-4.11474322378592,-3.679358600708835,-1.9243445464444973,1.3403015173573354,-0.09960695951543,3.965946662438152,-0.4428471831983755,1.3238509640840692
67.0,219.0,129.88369750976562,-0.0375050067521598,2.682394795215691,-4.114718372567042,-3.678092981168621,-1.9258440914610253,1.3400083563894525,-0.099182553119151,3.966016159885976,-0.4438312502809411,1.3218137438897066
67.0,219.0,129.88369750976562,-0.0385790505121479,2.6829151465589978,-4.114800802167872,-3.680258446862143,-1.924409893497719,1.340273682270729,-0.0988903953142273,3.964274155720028,-0.443693939368691,1.324358976709781
67.0,219.0,129.88369750976562,-0.0373377203114786,2.682486630971601,-4.114913017838977,-3.6783634873448783,-1.9265970819780125,1.3403155553342478,-0.099168483249192,3.963433477689972,-0.4450287501643289,1.3241048847555466
67.0,219.0,129.88369750976562,-0.0379180192985064,2.682247815866732,-4.11618169808676,-3.678672127199636,-1.9243215382018104,1.341224665253827,-0.0999942253138913,3.964944788080395,-0.4445476548029366,1.3237704141458422
67.0,219.0,129.88369750976562,-0.0379024272348933,2.681548237319513,-4.1147750510204935,-3.679808883893499,-1.9248620463978097,1.3398379650494014,-0.0992112748296654,3.963017815678836,-0.4424179299426491,1.3233375186841294
67.0,219.0,129.88369750976562,-0.0386119900478477,2.682502921158186,-4.115330536104988,-3.67922120648243,-1.924454899099244,1.3398214621333258,-0.0993185791376466,3.963886887649888,-0.4432911272000954,1.323338099550023
67.0,219.0,129.88369750976562,-0.0382477403859779,2.68273101332882,-4.115921932644253,-3.677978964649831,-1.924749009834854,1.3417441945558162,-0.0989616560098664,3.9650317801400976,-0.4436610931860999,1.3237025486479133
67.0,219.0,129.88369750976562,-0.0368336824364338,2.6826832487827823,-4.114591204394081,-3.678575812548972,-1.925641460409574,1.3405690717413157,-0.0993023327242637,3.963040004737601,-0.4453726377459595,1.3228519700821009
67.0,219.0,129.88369750976562,-0.0368682580867013,2.6829220535883818,-4.115330151241876,-3.6800847775118006,-1.924143475813016,1.3403634962947215,-0.0977891263415146,3.964305456688996,-0.4434524361281761,1.323232495747224
67.0,219.0,129.88369750976562,-0.0385555590400413,2.682332051900679,-4.11561887003485,-3.678886500882304,-1.9246899936591084,1.339812599810698,-0.0990985889591814,3.964719517917539,-0.4435134565679196,1.3239478618172835
67.0,219.0,129.88369750976562,-0.0362685215543273,2.6824785535414897,-4.115228802300194,-3.679666890710486,-1.924817154336768,1.3397913112986377,-0.0984104785689082,3.965220519508229,-0.4431274438343454,1.3229101875008091
67.0,219.0,129.88369750976562,-0.0375539125029723,2.683178260371717,-4.114369649219112,-3.679430716965344,-1.9246000535494767,1.3402022966892828,-0.0991060381317665,3.964045450719317,-0.4435850165156397,1.3232991003993002
67.0,219.0,129.88369750976562,-0.0373747018816963,2.6827891322424366,-4.115831560265851,-3.678720605069845,-1.925137080380172,1.3403258327157284,-0.0988966046907536,3.963632318963182,-0.4426579316869733,1.3218509770686553
67.0,219.0,129.88369750976562,-0.0370591034729298,2.6826218239917727,-4.115266560061377,-3.679595996907135,-1.926209819046368,1.3414009745971895,-0.0987779561750726,3.964208636924238,-0.4451036432456676,1.3236569489549574
67.0,219.0,129.88369750976562,-0.0391015901040685,2.6832066369908216,-4.11469770047713,-3.680059309122311,-1.9260168474946973,1.3411719572718803,-0.0990887163406583,3.963894911594921,-0.4433537251091182,1.3222977704533132
67.0,219.0,129.88369750976562,-0.0371238674580442,2.6828863163114574,-4.116450644235016,-3.678852193219088,-1.9245006772364748,1.340853961483298,-0.1003745299408251,3.96483297132265,-0.4438758320633198,1.32253467512871
67.0,219.0,129.88369750976562,-0.0387529514039979,2.682332987600346,-4.114907536737543,-3.6795098013530296,-1.9263257462158496,1.3407473142017434,-0.0999818312495976,3.964815872089346,-0.4437279455012012,1.3221885533632094
67.0,219.0,129.88369750976562,-0.0385026246801999,2.681902136710416,-4.116577281202409,-3.680540846948508,-1.92433206385908,1.3402460540770993,-0.099126385258616,3.9633692913641982,-0.4437405342625667,1.3232985721522927
67.0,220.0,129.88369750976562,-0.0372763731490363,2.6826167704504225,-4.114823442455658,-3.6783468022659607,-1.9261520268860424,1.3403612303406105,-0.0998002543669788,3.963755631935773,-0.4432836224847902,1.323920551784124
67.0,220.0,129.88369750976562,-0.0386144815276365,2.682602177420531,-4.114692785083619,-3.6782825809630206,-1.925857278402108,1.3408475275948784,-0.0997619686173913,3.964034353113425,-0.4420803106852294,1.323383683790692
67.0,220.0,129.88369750976562,-0.0384255196221009,2.6828457518910365,-4.115229419906435,-3.678280070499364,-1.9241863635424368,1.340197132733122,-0.0989346872452995,3.965045366748188,-0.4436973324717846,1.3237061726352286
67.0,220.0,129.88369750976562,-0.0374477628801099,2.682657028303648,-4.114838900894199,-3.678870043592088,-1.9251837276112644,1.3405201841317955,-0.0987901150784344,3.964675583138253,-0.4423633760043502,1.3238448057713843
67.0,220.0,129.88369750976562,-0.0382635524696136,2.682419967614642,-4.114786126384205,-3.679311634560755,-1.925978686292598,1.3411333845684037,-0.0987597980305496,3.9641414728433215,-0.4424791061193618,1.320928414315454
67.0,220.0,129.88369750976562,-0.0384394284723971,2.682975909148543,-4.114785849651962,-3.679239009035948,-1.9244454601702328,1.3399968271028857,-0.0992974966139006,3.9634126109169294,-0.4438348749963561,1.323728487499586
67.0,220.0,129.88369750976562,-0.0375151009923383,2.6815405326175563,-4.11492126820321,-3.678696413336605,-1.9248538354858755,1.3399425126041962,-0.0987835979778907,3.963714046279793,-0.4446811609730565,1.323395357397754
67.0,220.0,129.88369750976562,-0.0377454066103169,2.6825043046280004,-4.114788089707397,-3.679652743106941,-1.9244710726958925,1.340134709603629,-0.1004671214614538,3.9636188560680137,-0.4424447477359667,1.3231665976907154
67.0,220.0,129.88369750976562,-0.0364954623203145,2.682236998039043,-4.1151194879360045,-3.678349310488348,-1.9266135679514724,1.3402469514634694,-0.0997973225445006,3.96391029317396,-0.4446940722613329,1.3226826898546231
67.0,220.0,129.88369750976562,-0.0383554438796345,2.6837078456050074,-4.1148397309375175,-3.6796427651577615,-1.925935618093105,1.3413987342605571,-0.0995517511654577,3.963735392106942,-0.4447510661004394,1.3223569690262462
67.0,220.0,129.88369750976562,-0.0374471514184957,2.6830290313127803,-4.114093649499316,-3.679834210451842,-1.924097479454128,1.3403730799535918,-0.0989693227775162,3.9646815998637,-0.4441470635204132,1.3235251103658887
67.0,220.0,129.88369750976562,-0.0382710782515905,2.682893249029939,-4.115279657961465,-3.6792257495786993,-1.924598940320268,1.340114582927606,-0.0982937747407807,3.963413311773425,-0.4438361054294831,1.3238186492275428
67.0,220.0,129.88369750976562,-0.0386767940782647,2.6825724445294745,-4.114978013222114,-3.6803825219341575,-1.925471672712967,1.340026883894302,-0.1000383970307691,3.965015974768844,-0.4424138905121658,1.3231790020943524
67.0,220.0,129.88369750976562,-0.0386743878574695,2.682514171969066,-4.114506661615946,-3.679438333994672,-1.9243521442453364,1.339783745789752,-0.0992489063510318,3.963839175972056,-0.4434921678817331,1.3240327725928551
67.0,220.0,129.88369750976562,-0.0378622370720957,2.681968301780857,-4.11483420834631,-3.6800866107675727,-1.924030423868726,1.3402908182460136,-0.0994770964367983,3.9636342318458793,-0.4433138246954711,1.324016149664466
67.0,220.0,129.88369750976562,-0.038409736125438,2.683223324443615,-4.114847609240932,-3.679415568245977,-1.9254956460903945,1.339956890140793,-0.0993767820110977,3.96545346379171,-0.4440833734044859,1.3235641918682983
67.0,220.0,129.88369750976562,-0.0365283721779428,2.6821798842695697,-4.11603441881068,-3.679486054107372,-1.9251379515389608,1.3405617104052885,-0.1002226474128503,3.96390962240616,-0.4420402715724512,1.3236767237550735
67.0,220.0,129.88369750976562,-0.0364397398083592,2.6825071178585005,-4.115088219917484,-3.67970139592296,-1.9261702671341336,1.340268587447146,-0.1007867068112726,3.963668351548983,-0.4431968561648036,1.323600593218882
67.0,220.0,129.88369750976562,-0.0383216637770437,2.6825741157856324,-4.114967170153109,-3.6780063208760607,-1.924454085840296,1.3404595116488414,-0.099584917212826,3.9638032536282113,-0.4437830930453497,1.3237113962040006
67.0,220.0,129.88369750976562,-0.0379767604336877,2.680744641094622,-4.114477853527157,-3.6801701846835897,-1.924400799866619,1.3404674448137248,-0.0999418297218291,3.9646977554076215,-0.4444012423801128,1.3236911002911962
67.0,220.0,129.88369750976562,-0.0390478143195861,2.682337844354252,-4.115926773235828,-3.6795526101329856,-1.924688573970111,1.3412594732204302,-0.0998160293303123,3.963891675060848,-0.4428856325751028,1.3240663398786898
67.0,220.0,129.88369750976562,-0.0383148729229902,2.6832796999404445,-4.116294179060572,-3.6793979513078847,-1.9250865185851764,1.340689295518906,-0.0983386555168854,3.963023765613142,-0.4436402091529069,1.323783064095721
67.0,220.0,129.88369750976562,-0.0379627504806742,2.6821752792535305,-4.115112653936806,-3.679108163981376,-1.9271989799946387,1.3404670547282131,-0.0989285936155462,3.963762776092248,-0.4436037889685726,1.3234545198064809
67.0,220.0,129.88369750976562,-0.0392187524807247,2.683054261908589,-4.114922136147859,-3.6795777604845856,-1.925288325593142,1.3412020927009516,-0.0999221139832497,3.9638507441902,-0.4441360716815598,1.3240769948011513
67.0,220.0,129.88369750976562,-0.0383849644671473,2.6829565493324656,-4.1152425670406885,-3.679085536259625,-1.9245625020625792,1.3398362901102925,-0.0989136901687004,3.964908554644228,-0.4445902552466633,1.3237140521602766
67.0,220.0,129.88369750976562,-0.0381150873514049,2.682542042709517,-4.114430642239843,-3.678878579382245,-1.9244999050184943,1.3406975087022637,-0.0999938618507068,3.963198803446204,-0.4438787615061223,1.3237429493033557
67.0,220.0,129.88369750976562,-0.0356061132564945,2.682682236611596,-4.114853691872366,-3.679371797552783,-1.926117401442866,1.3402494852328133,-0.0995158924403936,3.963593572879813,-0.4432809198229624,1.3217267572875264
67.0,220.0,129.88369750976562,-0.0370319986549597,2.682141311654721,-4.11568919640137,-3.679601765843594,-1.9250876999733395,1.3398228311447469,-0.1004837490685165,3.964237534852891,-0.442657322459007,1.323574800022745
67.0,220.0,129.88369750976562,-0.0370807272260081,2.68264859514898,-4.115168223632826,-3.678252415128613,-1.9239598296335736,1.3405486072531194,-0.098422161926668,3.964345449074509,-0.4430919035377933,1.32368118639016
67.0,220.0,129.88369750976562,-0.0371588517049898,2.6805734538012,-4.114829362922763,-3.680286246949066,-1.92656536943232,1.339947151786356,-0.0988547495593402,3.9637048782995135,-0.4439045648392518,1.323849355521426
67.0,220.0,129.88369750976562,-0.0375504977495809,2.682280533818246,-4.115233018272244,-3.679761393898062,-1.925012808213688,1.3408448440508045,-0.0991535257406458,3.963799535448471,-0.4426996479812786,1.32341862225405
67.0,220.0,129.88369750976562,-0.0364782580288229,2.6818429670123987,-4.11474322378592,-3.679358600708835,-1.9243445464444973,1.3403015173573354,-0.09960695951543,3.965946662438152,-0.4428471831983755,1.3238509640840692
67.0,220.0,129.88369750976562,-0.0375050067521598,2.682394795215691,-4.114718372567042,-3.678092981168621,-1.9258440914610253,1.3400083563894525,-0.099182553119151,3.966016159885976,-0.4438312502809411,1.3218137438897066
67.0,220.0,129.88369750976562,-0.0385790505121479,2.6829151465589978,-4.114800802167872,-3.680258446862143,-1.924409893497719,1.340273682270729,-0.0988903953142273,3.964274155720028,-0.443693939368691,1.324358976709781
67.0,220.0,129.88369750976562,-0.0373377203114786,2.682486630971601,-4.114913017838977,-3.6783634873448783,-1.9265970819780125,1.3403155553342478,-0.099168483249192,3.963433477689972,-0.4450287501643289,1.3241048847555466
67.0,220.0,129.88369750976562,-0.0379180192985064,2.682247815866732,-4.11618169808676,-3.678672127199636,-1.9243215382018104,1.341224665253827,-0.0999942253138913,3.964944788080395,-0.4445476548029366,1.3237704141458422
67.0,220.0,129.88369750976562,-0.0379024272348933,2.681548237319513,-4.1147750510204935,-3.679808883893499,-1.9248620463978097,1.3398379650494014,-0.0992112748296654,3.963017815678836,-0.4424179299426491,1.3233375186841294
67.0,220.0,129.88369750976562,-0.0386119900478477,2.682502921158186,-4.115330536104988,-3.67922120648243,-1.924454899099244,1.3398214621333258,-0.0993185791376466,3.963886887649888,-0.4432911272000954,1.323338099550023
67.0,220.0,129.88369750976562,-0.0382477403859779,2.68273101332882,-4.115921932644253,-3.677978964649831,-1.924749009834854,1.3417441945558162,-0.0989616560098664,3.9650317801400976,-0.4436610931860999,1.3237025486479133
67.0,220.0,129.88369750976562,-0.0368336824364338,2.6826832487827823,-4.114591204394081,-3.678575812548972,-1.925641460409574,1.3405690717413157,-0.0993023327242637,3.963040004737601,-0.4453726377459595,1.3228519700821009
67.0,220.0,129.88369750976562,-0.0368682580867013,2.6829220535883818,-4.115330151241876,-3.6800847775118006,-1.924143475813016,1.3403634962947215,-0.0977891263415146,3.964305456688996,-0.4434524361281761,1.323232495747224
67.0,220.0,129.88369750976562,-0.0385555590400413,2.682332051900679,-4.11561887003485,-3.678886500882304,-1.9246899936591084,1.339812599810698,-0.0990985889591814,3.964719517917539,-0.4435134565679196,1.3239478618172835
67.0,220.0,129.88369750976562,-0.0362685215543273,2.6824785535414897,-4.115228802300194,-3.679666890710486,-1.924817154336768,1.3397913112986377,-0.0984104785689082,3.965220519508229,-0.4431274438343454,1.3229101875008091
67.0,220.0,129.88369750976562,-0.0375539125029723,2.683178260371717,-4.114369649219112,-3.679430716965344,-1.9246000535494767,1.3402022966892828,-0.0991060381317665,3.964045450719317,-0.4435850165156397,1.3232991003993002
67.0,220.0,129.88369750976562,-0.0373747018816963,2.6827891322424366,-4.115831560265851,-3.678720605069845,-1.925137080380172,1.3403258327157284,-0.0988966046907536,3.963632318963182,-0.4426579316869733,1.3218509770686553
67.0,220.0,129.88369750976562,-0.0370591034729298,2.6826218239917727,-4.115266560061377,-3.679595996907135,-1.926209819046368,1.3414009745971895,-0.0987779561750726,3.964208636924238,-0.4451036432456676,1.3236569489549574
67.0,220.0,129.88369750976562,-0.0391015901040685,2.6832066369908216,-4.11469770047713,-3.680059309122311,-1.9260168474946973,1.3411719572718803,-0.0990887163406583,3.963894911594921,-0.4433537251091182,1.3222977704533132
67.0,220.0,129.88369750976562,-0.0371238674580442,2.6828863163114574,-4.116450644235016,-3.678852193219088,-1.9245006772364748,1.340853961483298,-0.1003745299408251,3.96483297132265,-0.4438758320633198,1.32253467512871
67.0,220.0,129.88369750976562,-0.0387529514039979,2.682332987600346,-4.114907536737543,-3.6795098013530296,-1.9263257462158496,1.3407473142017434,-0.0999818312495976,3.964815872089346,-0.4437279455012012,1.3221885533632094
67.0,220.0,129.88369750976562,-0.0385026246801999,2.681902136710416,-4.116577281202409,-3.680540846948508,-1.92433206385908,1.3402460540770993,-0.099126385258616,3.9633692913641982,-0.4437405342625667,1.3232985721522927
67.0,221.0,129.88369750976562,-0.0372763731490363,2.6826167704504225,-4.114823442455658,-3.6783468022659607,-1.9261520268860424,1.3403612303406105,-0.0998002543669788,3.963755631935773,-0.4432836224847902,1.323920551784124
67.0,221.0,129.88369750976562,-0.0386144815276365,2.682602177420531,-4.114692785083619,-3.6782825809630206,-1.925857278402108,1.3408475275948784,-0.0997619686173913,3.964034353113425,-0.4420803106852294,1.323383683790692
67.0,221.0,129.88369750976562,-0.0384255196221009,2.6828457518910365,-4.115229419906435,-3.678280070499364,-1.9241863635424368,1.340197132733122,-0.0989346872452995,3.965045366748188,-0.4436973324717846,1.3237061726352286
67.0,221.0,129.88369750976562,-0.0374477628801099,2.682657028303648,-4.114838900894199,-3.678870043592088,-1.9251837276112644,1.3405201841317955,-0.0987901150784344,3.964675583138253,-0.4423633760043502,1.3238448057713843
67.0,221.0,129.88369750976562,-0.0382635524696136,2.682419967614642,-4.114786126384205,-3.679311634560755,-1.925978686292598,1.3411333845684037,-0.0987597980305496,3.9641414728433215,-0.4424791061193618,1.320928414315454
67.0,221.0,129.88369750976562,-0.0384394284723971,2.682975909148543,-4.114785849651962,-3.679239009035948,-1.9244454601702328,1.3399968271028857,-0.0992974966139006,3.9634126109169294,-0.4438348749963561,1.323728487499586
67.0,221.0,129.88369750976562,-0.0375151009923383,2.6815405326175563,-4.11492126820321,-3.678696413336605,-1.9248538354858755,1.3399425126041962,-0.0987835979778907,3.963714046279793,-0.4446811609730565,1.323395357397754
67.0,221.0,129.88369750976562,-0.0377454066103169,2.6825043046280004,-4.114788089707397,-3.679652743106941,-1.9244710726958925,1.340134709603629,-0.1004671214614538,3.9636188560680137,-0.4424447477359667,1.3231665976907154
67.0,221.0,129.88369750976562,-0.0364954623203145,2.682236998039043,-4.1151194879360045,-3.678349310488348,-1.9266135679514724,1.3402469514634694,-0.0997973225445006,3.96391029317396,-0.4446940722613329,1.3226826898546231
67.0,221.0,129.88369750976562,-0.0383554438796345,2.6837078456050074,-4.1148397309375175,-3.6796427651577615,-1.925935618093105,1.3413987342605571,-0.0995517511654577,3.963735392106942,-0.4447510661004394,1.3223569690262462
67.0,221.0,129.88369750976562,-0.0374471514184957,2.6830290313127803,-4.114093649499316,-3.679834210451842,-1.924097479454128,1.3403730799535918,-0.0989693227775162,3.9646815998637,-0.4441470635204132,1.3235251103658887
67.0,221.0,129.88369750976562,-0.0382710782515905,2.682893249029939,-4.115279657961465,-3.6792257495786993,-1.924598940320268,1.340114582927606,-0.0982937747407807,3.963413311773425,-0.4438361054294831,1.3238186492275428
67.0,221.0,129.88369750976562,-0.0386767940782647,2.6825724445294745,-4.114978013222114,-3.6803825219341575,-1.925471672712967,1.340026883894302,-0.1000383970307691,3.965015974768844,-0.4424138905121658,1.3231790020943524
67.0,221.0,129.88369750976562,-0.0386743878574695,2.682514171969066,-4.114506661615946,-3.679438333994672,-1.9243521442453364,1.339783745789752,-0.0992489063510318,3.963839175972056,-0.4434921678817331,1.3240327725928551
67.0,221.0,129.88369750976562,-0.0378622370720957,2.681968301780857,-4.11483420834631,-3.6800866107675727,-1.924030423868726,1.3402908182460136,-0.0994770964367983,3.9636342318458793,-0.4433138246954711,1.324016149664466
67.0,221.0,129.88369750976562,-0.038409736125438,2.683223324443615,-4.114847609240932,-3.679415568245977,-1.9254956460903945,1.339956890140793,-0.0993767820110977,3.96545346379171,-0.4440833734044859,1.3235641918682983
67.0,221.0,129.88369750976562,-0.0365283721779428,2.6821798842695697,-4.11603441881068,-3.679486054107372,-1.9251379515389608,1.3405617104052885,-0.1002226474128503,3.96390962240616,-0.4420402715724512,1.3236767237550735
67.0,221.0,129.88369750976562,-0.0364397398083592,2.6825071178585005,-4.115088219917484,-3.67970139592296,-1.9261702671341336,1.340268587447146,-0.1007867068112726,3.963668351548983,-0.4431968561648036,1.323600593218882
67.0,221.0,129.88369750976562,-0.0383216637770437,2.6825741157856324,-4.114967170153109,-3.6780063208760607,-1.924454085840296,1.3404595116488414,-0.099584917212826,3.9638032536282113,-0.4437830930453497,1.3237113962040006
67.0,221.0,129.88369750976562,-0.0379767604336877,2.680744641094622,-4.114477853527157,-3.6801701846835897,-1.924400799866619,1.3404674448137248,-0.0999418297218291,3.9646977554076215,-0.4444012423801128,1.3236911002911962
67.0,221.0,129.88369750976562,-0.0390478143195861,2.682337844354252,-4.115926773235828,-3.6795526101329856,-1.924688573970111,1.3412594732204302,-0.0998160293303123,3.963891675060848,-0.4428856325751028,1.3240663398786898
67.0,221.0,129.88369750976562,-0.0383148729229902,2.6832796999404445,-4.116294179060572,-3.6793979513078847,-1.9250865185851764,1.340689295518906,-0.0983386555168854,3.963023765613142,-0.4436402091529069,1.323783064095721
67.0,221.0,129.88369750976562,-0.0379627504806742,2.6821752792535305,-4.115112653936806,-3.679108163981376,-1.9271989799946387,1.3404670547282131,-0.0989285936155462,3.963762776092248,-0.4436037889685726,1.3234545198064809
67.0,221.0,129.88369750976562,-0.0392187524807247,2.683054261908589,-4.114922136147859,-3.6795777604845856,-1.925288325593142,1.3412020927009516,-0.0999221139832497,3.9638507441902,-0.4441360716815598,1.3240769948011513
67.0,221.0,129.88369750976562,-0.0383849644671473,2.6829565493324656,-4.1152425670406885,-3.679085536259625,-1.9245625020625792,1.3398362901102925,-0.0989136901687004,3.964908554644228,-0.4445902552466633,1.3237140521602766
67.0,221.0,129.88369750976562,-0.0381150873514049,2.682542042709517,-4.114430642239843,-3.678878579382245,-1.9244999050184943,1.3406975087022637,-0.0999938618507068,3.963198803446204,-0.4438787615061223,1.3237429493033557
67.0,221.0,129.88369750976562,-0.0356061132564945,2.682682236611596,-4.114853691872366,-3.679371797552783,-1.926117401442866,1.3402494852328133,-0.0995158924403936,3.963593572879813,-0.4432809198229624,1.3217267572875264
67.0,221.0,129.88369750976562,-0.0370319986549597,2.682141311654721,-4.11568919640137,-3.679601765843594,-1.9250876999733395,1.3398228311447469,-0.1004837490685165,3.964237534852891,-0.442657322459007,1.323574800022745
67.0,221.0,129.88369750976562,-0.0370807272260081,2.68264859514898,-4.115168223632826,-3.678252415128613,-1.9239598296335736,1.3405486072531194,-0.098422161926668,3.964345449074509,-0.4430919035377933,1.32368118639016
67.0,221.0,129.88369750976562,-0.0371588517049898,2.6805734538012,-4.114829362922763,-3.680286246949066,-1.92656536943232,1.339947151786356,-0.0988547495593402,3.9637048782995135,-0.4439045648392518,1.323849355521426
67.0,221.0,129.88369750976562,-0.0375504977495809,2.682280533818246,-4.115233018272244,-3.679761393898062,-1.925012808213688,1.3408448440508045,-0.0991535257406458,3.963799535448471,-0.4426996479812786,1.32341862225405
67.0,221.0,129.88369750976562,-0.0364782580288229,2.6818429670123987,-4.11474322378592,-3.679358600708835,-1.9243445464444973,1.3403015173573354,-0.09960695951543,3.965946662438152,-0.4428471831983755,1.3238509640840692
67.0,221.0,129.88369750976562,-0.0375050067521598,2.682394795215691,-4.114718372567042,-3.678092981168621,-1.9258440914610253,1.3400083563894525,-0.099182553119151,3.966016159885976,-0.4438312502809411,1.3218137438897066
67.0,221.0,129.88369750976562,-0.0385790505121479,2.6829151465589978,-4.114800802167872,-3.680258446862143,-1.924409893497719,1.340273682270729,-0.0988903953142273,3.964274155720028,-0.443693939368691,1.324358976709781
67.0,221.0,129.88369750976562,-0.0373377203114786,2.682486630971601,-4.114913017838977,-3.6783634873448783,-1.9265970819780125,1.3403155553342478,-0.099168483249192,3.963433477689972,-0.4450287501643289,1.3241048847555466
67.0,221.0,129.88369750976562,-0.0379180192985064,2.682247815866732,-4.11618169808676,-3.678672127199636,-1.9243215382018104,1.341224665253827,-0.0999942253138913,3.964944788080395,-0.4445476548029366,1.3237704141458422
67.0,221.0,129.88369750976562,-0.0379024272348933,2.681548237319513,-4.1147750510204935,-3.679808883893499,-1.9248620463978097,1.3398379650494014,-0.0992112748296654,3.963017815678836,-0.4424179299426491,1.3233375186841294
67.0,221.0,129.88369750976562,-0.0386119900478477,2.682502921158186,-4.115330536104988,-3.67922120648243,-1.924454899099244,1.3398214621333258,-0.0993185791376466,3.963886887649888,-0.4432911272000954,1.323338099550023
67.0,221.0,129.88369750976562,-0.0382477403859779,2.68273101332882,-4.115921932644253,-3.677978964649831,-1.924749009834854,1.3417441945558162,-0.0989616560098664,3.9650317801400976,-0.4436610931860999,1.3237025486479133
67.0,221.0,129.88369750976562,-0.0368336824364338,2.6826832487827823,-4.114591204394081,-3.678575812548972,-1.925641460409574,1.3405690717413157,-0.0993023327242637,3.963040004737601,-0.4453726377459595,1.3228519700821009
67.0,221.0,129.88369750976562,-0.0368682580867013,2.6829220535883818,-4.115330151241876,-3.6800847775118006,-1.924143475813016,1.3403634962947215,-0.0977891263415146,3.964305456688996,-0.4434524361281761,1.323232495747224
67.0,221.0,129.88369750976562,-0.0385555590400413,2.682332051900679,-4.11561887003485,-3.678886500882304,-1.9246899936591084,1.339812599810698,-0.0990985889591814,3.964719517917539,-0.4435134565679196,1.3239478618172835
67.0,221.0,129.88369750976562,-0.0362685215543273,2.6824785535414897,-4.115228802300194,-3.679666890710486,-1.924817154336768,1.3397913112986377,-0.0984104785689082,3.965220519508229,-0.4431274438343454,1.3229101875008091
67.0,221.0,129.88369750976562,-0.0375539125029723,2.683178260371717,-4.114369649219112,-3.679430716965344,-1.9246000535494767,1.3402022966892828,-0.0991060381317665,3.964045450719317,-0.4435850165156397,1.3232991003993002
67.0,221.0,129.88369750976562,-0.0373747018816963,2.6827891322424366,-4.115831560265851,-3.678720605069845,-1.925137080380172,1.3403258327157284,-0.0988966046907536,3.963632318963182,-0.4426579316869733,1.3218509770686553
67.0,221.0,129.88369750976562,-0.0370591034729298,2.6826218239917727,-4.115266560061377,-3.679595996907135,-1.926209819046368,1.3414009745971895,-0.0987779561750726,3.964208636924238,-0.4451036432456676,1.3236569489549574
67.0,221.0,129.88369750976562,-0.0391015901040685,2.6832066369908216,-4.11469770047713,-3.680059309122311,-1.9260168474946973,1.3411719572718803,-0.0990887163406583,3.963894911594921,-0.4433537251091182,1.3222977704533132
67.0,221.0,129.88369750976562,-0.0371238674580442,2.6828863163114574,-4.116450644235016,-3.678852193219088,-1.9245006772364748,1.340853961483298,-0.1003745299408251,3.96483297132265,-0.4438758320633198,1.32253467512871
67.0,221.0,129.88369750976562,-0.0387529514039979,2.682332987600346,-4.114907536737543,-3.6795098013530296,-1.9263257462158496,1.3407473142017434,-0.0999818312495976,3.964815872089346,-0.4437279455012012,1.3221885533632094
67.0,221.0,129.88369750976562,-0.0385026246801999,2.681902136710416,-4.116577281202409,-3.680540846948508,-1.92433206385908,1.3402460540770993,-0.099126385258616,3.9633692913641982,-0.4437405342625667,1.3232985721522927
67.0,222.0,129.88369750976562,-0.0372763731490363,2.6826167704504225,-4.114823442455658,-3.6783468022659607,-1.9261520268860424,1.3403612303406105,-0.0998002543669788,3.963755631935773,-0.4432836224847902,1.323920551784124
67.0,222.0,129.88369750976562,-0.0386144815276365,2.682602177420531,-4.114692785083619,-3.6782825809630206,-1.925857278402108,1.3408475275948784,-0.0997619686173913,3.964034353113425,-0.4420803106852294,1.323383683790692
67.0,222.0,129.88369750976562,-0.0384255196221009,2.6828457518910365,-4.115229419906435,-3.678280070499364,-1.9241863635424368,1.340197132733122,-0.0989346872452995,3.965045366748188,-0.4436973324717846,1.3237061726352286
67.0,222.0,129.88369750976562,-0.0374477628801099,2.682657028303648,-4.114838900894199,-3.678870043592088,-1.9251837276112644,1.3405201841317955,-0.0987901150784344,3.964675583138253,-0.4423633760043502,1.3238448057713843
67.0,222.0,129.88369750976562,-0.0382635524696136,2.682419967614642,-4.114786126384205,-3.679311634560755,-1.925978686292598,1.3411333845684037,-0.0987597980305496,3.9641414728433215,-0.4424791061193618,1.320928414315454
67.0,222.0,129.88369750976562,-0.0384394284723971,2.682975909148543,-4.114785849651962,-3.679239009035948,-1.9244454601702328,1.3399968271028857,-0.0992974966139006,3.9634126109169294,-0.4438348749963561,1.323728487499586
67.0,222.0,129.88369750976562,-0.0375151009923383,2.6815405326175563,-4.11492126820321,-3.678696413336605,-1.9248538354858755,1.3399425126041962,-0.0987835979778907,3.963714046279793,-0.4446811609730565,1.323395357397754
67.0,222.0,129.88369750976562,-0.0377454066103169,2.6825043046280004,-4.114788089707397,-3.679652743106941,-1.9244710726958925,1.340134709603629,-0.1004671214614538,3.9636188560680137,-0.4424447477359667,1.3231665976907154
67.0,222.0,129.88369750976562,-0.0364954623203145,2.682236998039043,-4.1151194879360045,-3.678349310488348,-1.9266135679514724,1.3402469514634694,-0.0997973225445006,3.96391029317396,-0.4446940722613329,1.3226826898546231
67.0,222.0,129.88369750976562,-0.0383554438796345,2.6837078456050074,-4.1148397309375175,-3.6796427651577615,-1.925935618093105,1.3413987342605571,-0.0995517511654577,3.963735392106942,-0.4447510661004394,1.3223569690262462
67.0,222.0,129.88369750976562,-0.0374471514184957,2.6830290313127803,-4.114093649499316,-3.679834210451842,-1.924097479454128,1.3403730799535918,-0.0989693227775162,3.9646815998637,-0.4441470635204132,1.3235251103658887
67.0,222.0,129.88369750976562,-0.0382710782515905,2.682893249029939,-4.115279657961465,-3.6792257495786993,-1.924598940320268,1.340114582927606,-0.0982937747407807,3.963413311773425,-0.4438361054294831,1.3238186492275428
67.0,222.0,129.88369750976562,-0.0386767940782647,2.6825724445294745,-4.114978013222114,-3.6803825219341575,-1.925471672712967,1.340026883894302,-0.1000383970307691,3.965015974768844,-0.4424138905121658,1.3231790020943524
67.0,222.0,129.88369750976562,-0.0386743878574695,2.682514171969066,-4.114506661615946,-3.679438333994672,-1.9243521442453364,1.339783745789752,-0.0992489063510318,3.963839175972056,-0.4434921678817331,1.3240327725928551
67.0,222.0,129.88369750976562,-0.0378622370720957,2.681968301780857,-4.11483420834631,-3.6800866107675727,-1.924030423868726,1.3402908182460136,-0.0994770964367983,3.9636342318458793,-0.4433138246954711,1.324016149664466
67.0,222.0,129.88369750976562,-0.038409736125438,2.683223324443615,-4.114847609240932,-3.679415568245977,-1.9254956460903945,1.339956890140793,-0.0993767820110977,3.96545346379171,-0.4440833734044859,1.3235641918682983
67.0,222.0,129.88369750976562,-0.0365283721779428,2.6821798842695697,-4.11603441881068,-3.679486054107372,-1.9251379515389608,1.3405617104052885,-0.1002226474128503,3.96390962240616,-0.4420402715724512,1.3236767237550735
67.0,222.0,129.88369750976562,-0.0364397398083592,2.6825071178585005,-4.115088219917484,-3.67970139592296,-1.9261702671341336,1.340268587447146,-0.1007867068112726,3.963668351548983,-0.4431968561648036,1.323600593218882
67.0,222.0,129.88369750976562,-0.0383216637770437,2.6825741157856324,-4.114967170153109,-3.6780063208760607,-1.924454085840296,1.3404595116488414,-0.099584917212826,3.9638032536282113,-0.4437830930453497,1.3237113962040006
67.0,222.0,129.88369750976562,-0.0379767604336877,2.680744641094622,-4.114477853527157,-3.6801701846835897,-1.924400799866619,1.3404674448137248,-0.0999418297218291,3.9646977554076215,-0.4444012423801128,1.3236911002911962
67.0,222.0,129.88369750976562,-0.0390478143195861,2.682337844354252,-4.115926773235828,-3.6795526101329856,-1.924688573970111,1.3412594732204302,-0.0998160293303123,3.963891675060848,-0.4428856325751028,1.3240663398786898
67.0,222.0,129.88369750976562,-0.0383148729229902,2.6832796999404445,-4.116294179060572,-3.6793979513078847,-1.9250865185851764,1.340689295518906,-0.0983386555168854,3.963023765613142,-0.4436402091529069,1.323783064095721
67.0,222.0,129.88369750976562,-0.0379627504806742,2.6821752792535305,-4.115112653936806,-3.679108163981376,-1.9271989799946387,1.3404670547282131,-0.0989285936155462,3.963762776092248,-0.4436037889685726,1.3234545198064809
67.0,222.0,129.88369750976562,-0.0392187524807247,2.683054261908589,-4.114922136147859,-3.6795777604845856,-1.925288325593142,1.3412020927009516,-0.0999221139832497,3.9638507441902,-0.4441360716815598,1.3240769948011513
67.0,222.0,129.88369750976562,-0.0383849644671473,2.6829565493324656,-4.1152425670406885,-3.679085536259625,-1.9245625020625792,1.3398362901102925,-0.0989136901687004,3.964908554644228,-0.4445902552466633,1.3237140521602766
67.0,222.0,129.88369750976562,-0.0381150873514049,2.682542042709517,-4.114430642239843,-3.678878579382245,-1.9244999050184943,1.3406975087022637,-0.0999938618507068,3.963198803446204,-0.4438787615061223,1.3237429493033557
67.0,222.0,129.88369750976562,-0.0356061132564945,2.682682236611596,-4.114853691872366,-3.679371797552783,-1.926117401442866,1.3402494852328133,-0.0995158924403936,3.963593572879813,-0.4432809198229624,1.3217267572875264
67.0,222.0,129.88369750976562,-0.0370319986549597,2.682141311654721,-4.11568919640137,-3.679601765843594,-1.9250876999733395,1.3398228311447469,-0.1004837490685165,3.964237534852891,-0.442657322459007,1.323574800022745
67.0,222.0,129.88369750976562,-0.0370807272260081,2.68264859514898,-4.115168223632826,-3.678252415128613,-1.9239598296335736,1.3405486072531194,-0.098422161926668,3.964345449074509,-0.4430919035377933,1.32368118639016
67.0,222.0,129.88369750976562,-0.0371588517049898,2.6805734538012,-4.114829362922763,-3.680286246949066,-1.92656536943232,1.339947151786356,-0.0988547495593402,3.9637048782995135,-0.4439045648392518,1.323849355521426
67.0,222.0,129.88369750976562,-0.0375504977495809,2.682280533818246,-4.115233018272244,-3.679761393898062,-1.925012808213688,1.3408448440508045,-0.0991535257406458,3.963799535448471,-0.4426996479812786,1.32341862225405
67.0,222.0,129.88369750976562,-0.0364782580288229,2.6818429670123987,-4.11474322378592,-3.679358600708835,-1.9243445464444973,1.3403015173573354,-0.09960695951543,3.965946662438152,-0.4428471831983755,1.3238509640840692
67.0,222.0,129.88369750976562,-0.0375050067521598,2.682394795215691,-4.114718372567042,-3.678092981168621,-1.9258440914610253,1.3400083563894525,-0.099182553119151,3.966016159885976,-0.4438312502809411,1.3218137438897066
67.0,222.0,129.88369750976562,-0.0385790505121479,2.6829151465589978,-4.114800802167872,-3.680258446862143,-1.924409893497719,1.340273682270729,-0.0988903953142273,3.964274155720028,-0.443693939368691,1.324358976709781
67.0,222.0,129.88369750976562,-0.0373377203114786,2.682486630971601,-4.114913017838977,-3.6783634873448783,-1.9265970819780125,1.3403155553342478,-0.099168483249192,3.963433477689972,-0.4450287501643289,1.3241048847555466
67.0,222.0,129.88369750976562,-0.0379180192985064,2.682247815866732,-4.11618169808676,-3.678672127199636,-1.9243215382018104,1.341224665253827,-0.0999942253138913,3.964944788080395,-0.4445476548029366,1.3237704141458422
67.0,222.0,129.88369750976562,-0.0379024272348933,2.681548237319513,-4.1147750510204935,-3.679808883893499,-1.9248620463978097,1.3398379650494014,-0.0992112748296654,3.963017815678836,-0.4424179299426491,1.3233375186841294
67.0,222.0,129.88369750976562,-0.0386119900478477,2.682502921158186,-4.115330536104988,-3.67922120648243,-1.924454899099244,1.3398214621333258,-0.0993185791376466,3.963886887649888,-0.4432911272000954,1.323338099550023
67.0,222.0,129.88369750976562,-0.0382477403859779,2.68273101332882,-4.115921932644253,-3.677978964649831,-1.924749009834854,1.3417441945558162,-0.0989616560098664,3.9650317801400976,-0.4436610931860999,1.3237025486479133
67.0,222.0,129.88369750976562,-0.0368336824364338,2.6826832487827823,-4.114591204394081,-3.678575812548972,-1.925641460409574,1.3405690717413157,-0.0993023327242637,3.963040004737601,-0.4453726377459595,1.3228519700821009
67.0,222.0,129.88369750976562,-0.0368682580867013,2.6829220535883818,-4.115330151241876,-3.6800847775118006,-1.924143475813016,1.3403634962947215,-0.0977891263415146,3.964305456688996,-0.4434524361281761,1.323232495747224
67.0,222.0,129.88369750976562,-0.0385555590400413,2.682332051900679,-4.11561887003485,-3.678886500882304,-1.9246899936591084,1.339812599810698,-0.0990985889591814,3.964719517917539,-0.4435134565679196,1.3239478618172835
67.0,222.0,129.88369750976562,-0.0362685215543273,2.6824785535414897,-4.115228802300194,-3.679666890710486,-1.924817154336768,1.3397913112986377,-0.0984104785689082,3.965220519508229,-0.4431274438343454,1.3229101875008091
67.0,222.0,129.88369750976562,-0.0375539125029723,2.683178260371717,-4.114369649219112,-3.679430716965344,-1.9246000535494767,1.3402022966892828,-0.0991060381317665,3.964045450719317,-0.4435850165156397,1.3232991003993002
67.0,222.0,129.88369750976562,-0.0373747018816963,2.6827891322424366,-4.115831560265851,-3.678720605069845,-1.925137080380172,1.3403258327157284,-0.0988966046907536,3.963632318963182,-0.4426579316869733,1.3218509770686553
67.0,222.0,129.88369750976562,-0.0370591034729298,2.6826218239917727,-4.115266560061377,-3.679595996907135,-1.926209819046368,1.3414009745971895,-0.0987779561750726,3.964208636924238,-0.4451036432456676,1.3236569489549574
67.0,222.0,129.88369750976562,-0.0391015901040685,2.6832066369908216,-4.11469770047713,-3.680059309122311,-1.9260168474946973,1.3411719572718803,-0.0990887163406583,3.963894911594921,-0.4433537251091182,1.3222977704533132
67.0,222.0,129.88369750976562,-0.0371238674580442,2.6828863163114574,-4.116450644235016,-3.678852193219088,-1.9245006772364748,1.340853961483298,-0.1003745299408251,3.96483297132265,-0.4438758320633198,1.32253467512871
67.0,222.0,129.88369750976562,-0.0387529514039979,2.682332987600346,-4.114907536737543,-3.6795098013530296,-1.9263257462158496,1.3407473142017434,-0.0999818312495976,3.964815872089346,-0.4437279455012012,1.3221885533632094
67.0,222.0,129.88369750976562,-0.0385026246801999,2.681902136710416,-4.116577281202409,-3.680540846948508,-1.92433206385908,1.3402460540770993,-0.099126385258616,3.9633692913641982,-0.4437405342625667,1.3232985721522927
67.0,223.0,129.88369750976562,-0.0372763731490363,2.6826167704504225,-4.114823442455658,-3.6783468022659607,-1.9261520268860424,1.3403612303406105,-0.0998002543669788,3.963755631935773,-0.4432836224847902,1.323920551784124
67.0,223.0,129.88369750976562,-0.0386144815276365,2.682602177420531,-4.114692785083619,-3.6782825809630206,-1.925857278402108,1.3408475275948784,-0.0997619686173913,3.964034353113425,-0.4420803106852294,1.323383683790692
67.0,223.0,129.88369750976562,-0.0384255196221009,2.6828457518910365,-4.115229419906435,-3.678280070499364,-1.9241863635424368,1.340197132733122,-0.0989346872452995,3.965045366748188,-0.4436973324717846,1.3237061726352286
67.0,223.0,129.88369750976562,-0.0374477628801099,2.682657028303648,-4.114838900894199,-3.678870043592088,-1.9251837276112644,1.3405201841317955,-0.0987901150784344,3.964675583138253,-0.4423633760043502,1.3238448057713843
67.0,223.0,129.88369750976562,-0.0382635524696136,2.682419967614642,-4.114786126384205,-3.679311634560755,-1.925978686292598,1.3411333845684037,-0.0987597980305496,3.9641414728433215,-0.4424791061193618,1.320928414315454
67.0,223.0,129.88369750976562,-0.0384394284723971,2.682975909148543,-4.114785849651962,-3.679239009035948,-1.9244454601702328,1.3399968271028857,-0.0992974966139006,3.9634126109169294,-0.4438348749963561,1.323728487499586
67.0,223.0,129.88369750976562,-0.0375151009923383,2.6815405326175563,-4.11492126820321,-3.678696413336605,-1.9248538354858755,1.3399425126041962,-0.0987835979778907,3.963714046279793,-0.4446811609730565,1.323395357397754
67.0,223.0,129.88369750976562,-0.0377454066103169,2.6825043046280004,-4.114788089707397,-3.679652743106941,-1.9244710726958925,1.340134709603629,-0.1004671214614538,3.9636188560680137,-0.4424447477359667,1.3231665976907154
67.0,223.0,129.88369750976562,-0.0364954623203145,2.682236998039043,-4.1151194879360045,-3.678349310488348,-1.9266135679514724,1.3402469514634694,-0.0997973225445006,3.96391029317396,-0.4446940722613329,1.3226826898546231
67.0,223.0,129.88369750976562,-0.0383554438796345,2.6837078456050074,-4.1148397309375175,-3.6796427651577615,-1.925935618093105,1.3413987342605571,-0.0995517511654577,3.963735392106942,-0.4447510661004394,1.3223569690262462
67.0,223.0,129.88369750976562,-0.0374471514184957,2.6830290313127803,-4.114093649499316,-3.679834210451842,-1.924097479454128,1.3403730799535918,-0.0989693227775162,3.9646815998637,-0.4441470635204132,1.3235251103658887
67.0,223.0,129.88369750976562,-0.0382710782515905,2.682893249029939,-4.115279657961465,-3.6792257495786993,-1.924598940320268,1.340114582927606,-0.0982937747407807,3.963413311773425,-0.4438361054294831,1.3238186492275428
67.0,223.0,129.88369750976562,-0.0386767940782647,2.6825724445294745,-4.114978013222114,-3.6803825219341575,-1.925471672712967,1.340026883894302,-0.1000383970307691,3.965015974768844,-0.4424138905121658,1.3231790020943524
67.0,223.0,129.88369750976562,-0.0386743878574695,2.682514171969066,-4.114506661615946,-3.679438333994672,-1.9243521442453364,1.339783745789752,-0.0992489063510318,3.963839175972056,-0.4434921678817331,1.3240327725928551
67.0,223.0,129.88369750976562,-0.0378622370720957,2.681968301780857,-4.11483420834631,-3.6800866107675727,-1.924030423868726,1.3402908182460136,-0.0994770964367983,3.9636342318458793,-0.4433138246954711,1.324016149664466
67.0,223.0,129.88369750976562,-0.038409736125438,2.683223324443615,-4.114847609240932,-3.679415568245977,-1.9254956460903945,1.339956890140793,-0.0993767820110977,3.96545346379171,-0.4440833734044859,1.3235641918682983
67.0,223.0,129.88369750976562,-0.0365283721779428,2.6821798842695697,-4.11603441881068,-3.679486054107372,-1.9251379515389608,1.3405617104052885,-0.1002226474128503,3.96390962240616,-0.4420402715724512,1.3236767237550735
67.0,223.0,129.88369750976562,-0.0364397398083592,2.6825071178585005,-4.115088219917484,-3.67970139592296,-1.9261702671341336,1.340268587447146,-0.1007867068112726,3.963668351548983,-0.4431968561648036,1.323600593218882
67.0,223.0,129.88369750976562,-0.0383216637770437,2.6825741157856324,-4.114967170153109,-3.6780063208760607,-1.924454085840296,1.3404595116488414,-0.099584917212826,3.9638032536282113,-0.4437830930453497,1.3237113962040006
67.0,223.0,129.88369750976562,-0.0379767604336877,2.680744641094622,-4.114477853527157,-3.6801701846835897,-1.924400799866619,1.3404674448137248,-0.0999418297218291,3.9646977554076215,-0.4444012423801128,1.3236911002911962
67.0,223.0,129.88369750976562,-0.0390478143195861,2.682337844354252,-4.115926773235828,-3.6795526101329856,-1.924688573970111,1.3412594732204302,-0.0998160293303123,3.963891675060848,-0.4428856325751028,1.3240663398786898
67.0,223.0,129.88369750976562,-0.0383148729229902,2.6832796999404445,-4.116294179060572,-3.6793979513078847,-1.9250865185851764,1.340689295518906,-0.0983386555168854,3.963023765613142,-0.4436402091529069,1.323783064095721
67.0,223.0,129.88369750976562,-0.0379627504806742,2.6821752792535305,-4.115112653936806,-3.679108163981376,-1.9271989799946387,1.3404670547282131,-0.0989285936155462,3.963762776092248,-0.4436037889685726,1.3234545198064809
67.0,223.0,129.88369750976562,-0.0392187524807247,2.683054261908589,-4.114922136147859,-3.6795777604845856,-1.925288325593142,1.3412020927009516,-0.0999221139832497,3.9638507441902,-0.4441360716815598,1.3240769948011513
67.0,223.0,129.88369750976562,-0.0383849644671473,2.6829565493324656,-4.1152425670406885,-3.679085536259625,-1.9245625020625792,1.3398362901102925,-0.0989136901687004,3.964908554644228,-0.4445902552466633,1.3237140521602766
67.0,223.0,129.88369750976562,-0.0381150873514049,2.682542042709517,-4.114430642239843,-3.678878579382245,-1.9244999050184943,1.3406975087022637,-0.0999938618507068,3.963198803446204,-0.4438787615061223,1.3237429493033557
67.0,223.0,129.88369750976562,-0.0356061132564945,2.682682236611596,-4.114853691872366,-3.679371797552783,-1.926117401442866,1.3402494852328133,-0.0995158924403936,3.963593572879813,-0.4432809198229624,1.3217267572875264
67.0,223.0,129.88369750976562,-0.0370319986549597,2.682141311654721,-4.11568919640137,-3.679601765843594,-1.9250876999733395,1.3398228311447469,-0.1004837490685165,3.964237534852891,-0.442657322459007,1.323574800022745
67.0,223.0,129.88369750976562,-0.0370807272260081,2.68264859514898,-4.115168223632826,-3.678252415128613,-1.9239598296335736,1.3405486072531194,-0.098422161926668,3.964345449074509,-0.4430919035377933,1.32368118639016
67.0,223.0,129.88369750976562,-0.0371588517049898,2.6805734538012,-4.114829362922763,-3.680286246949066,-1.92656536943232,1.339947151786356,-0.0988547495593402,3.9637048782995135,-0.4439045648392518,1.323849355521426
67.0,223.0,129.88369750976562,-0.0375504977495809,2.682280533818246,-4.115233018272244,-3.679761393898062,-1.925012808213688,1.3408448440508045,-0.0991535257406458,3.963799535448471,-0.4426996479812786,1.32341862225405
67.0,223.0,129.88369750976562,-0.0364782580288229,2.6818429670123987,-4.11474322378592,-3.679358600708835,-1.9243445464444973,1.3403015173573354,-0.09960695951543,3.965946662438152,-0.4428471831983755,1.3238509640840692
67.0,223.0,129.88369750976562,-0.0375050067521598,2.682394795215691,-4.114718372567042,-3.678092981168621,-1.9258440914610253,1.3400083563894525,-0.099182553119151,3.966016159885976,-0.4438312502809411,1.3218137438897066
67.0,223.0,129.88369750976562,-0.0385790505121479,2.6829151465589978,-4.114800802167872,-3.680258446862143,-1.924409893497719,1.340273682270729,-0.0988903953142273,3.964274155720028,-0.443693939368691,1.324358976709781
67.0,223.0,129.88369750976562,-0.0373377203114786,2.682486630971601,-4.114913017838977,-3.6783634873448783,-1.9265970819780125,1.3403155553342478,-0.099168483249192,3.963433477689972,-0.4450287501643289,1.3241048847555466
67.0,223.0,129.88369750976562,-0.0379180192985064,2.682247815866732,-4.11618169808676,-3.678672127199636,-1.9243215382018104,1.341224665253827,-0.0999942253138913,3.964944788080395,-0.4445476548029366,1.3237704141458422
67.0,223.0,129.88369750976562,-0.0379024272348933,2.681548237319513,-4.1147750510204935,-3.679808883893499,-1.9248620463978097,1.3398379650494014,-0.0992112748296654,3.963017815678836,-0.4424179299426491,1.3233375186841294
67.0,223.0,129.88369750976562,-0.0386119900478477,2.682502921158186,-4.115330536104988,-3.67922120648243,-1.924454899099244,1.3398214621333258,-0.0993185791376466,3.963886887649888,-0.4432911272000954,1.323338099550023
67.0,223.0,129.88369750976562,-0.0382477403859779,2.68273101332882,-4.115921932644253,-3.677978964649831,-1.924749009834854,1.3417441945558162,-0.0989616560098664,3.9650317801400976,-0.4436610931860999,1.3237025486479133
67.0,223.0,129.88369750976562,-0.0368336824364338,2.6826832487827823,-4.114591204394081,-3.678575812548972,-1.925641460409574,1.3405690717413157,-0.0993023327242637,3.963040004737601,-0.4453726377459595,1.3228519700821009
67.0,223.0,129.88369750976562,-0.0368682580867013,2.6829220535883818,-4.115330151241876,-3.6800847775118006,-1.924143475813016,1.3403634962947215,-0.0977891263415146,3.964305456688996,-0.4434524361281761,1.323232495747224
67.0,223.0,129.88369750976562,-0.0385555590400413,2.682332051900679,-4.11561887003485,-3.678886500882304,-1.9246899936591084,1.339812599810698,-0.0990985889591814,3.964719517917539,-0.4435134565679196,1.3239478618172835
67.0,223.0,129.88369750976562,-0.0362685215543273,2.6824785535414897,-4.115228802300194,-3.679666890710486,-1.924817154336768,1.3397913112986377,-0.0984104785689082,3.965220519508229,-0.4431274438343454,1.3229101875008091
67.0,223.0,129.88369750976562,-0.0375539125029723,2.683178260371717,-4.114369649219112,-3.679430716965344,-1.9246000535494767,1.3402022966892828,-0.0991060381317665,3.964045450719317,-0.4435850165156397,1.3232991003993002
67.0,223.0,129.88369750976562,-0.0373747018816963,2.6827891322424366,-4.115831560265851,-3.678720605069845,-1.925137080380172,1.3403258327157284,-0.0988966046907536,3.963632318963182,-0.4426579316869733,1.3218509770686553
67.0,223.0,129.88369750976562,-0.0370591034729298,2.6826218239917727,-4.115266560061377,-3.679595996907135,-1.926209819046368,1.3414009745971895,-0.0987779561750726,3.964208636924238,-0.4451036432456676,1.3236569489549574
67.0,223.0,129.88369750976562,-0.0391015901040685,2.6832066369908216,-4.11469770047713,-3.680059309122311,-1.9260168474946973,1.3411719572718803,-0.0990887163406583,3.963894911594921,-0.4433537251091182,1.3222977704533132
67.0,223.0,129.88369750976562,-0.0371238674580442,2.6828863163114574,-4.116450644235016,-3.678852193219088,-1.9245006772364748,1.340853961483298,-0.1003745299408251,3.96483297132265,-0.4438758320633198,1.32253467512871
67.0,223.0,129.88369750976562,-0.0387529514039979,2.682332987600346,-4.114907536737543,-3.6795098013530296,-1.9263257462158496,1.3407473142017434,-0.0999818312495976,3.964815872089346,-0.4437279455012012,1.3221885533632094
67.0,223.0,129.88369750976562,-0.0385026246801999,2.681902136710416,-4.116577281202409,-3.680540846948508,-1.92433206385908,1.3402460540770993,-0.099126385258616,3.9633692913641982,-0.4437405342625667,1.3232985721522927
67.0,224.0,129.88369750976562,-0.0372763731490363,2.6826167704504225,-4.114823442455658,-3.6783468022659607,-1.9261520268860424,1.3403612303406105,-0.0998002543669788,3.963755631935773,-0.4432836224847902,1.323920551784124
67.0,224.0,129.88369750976562,-0.0386144815276365,2.682602177420531,-4.114692785083619,-3.6782825809630206,-1.925857278402108,1.3408475275948784,-0.0997619686173913,3.964034353113425,-0.4420803106852294,1.323383683790692
67.0,224.0,129.88369750976562,-0.0384255196221009,2.6828457518910365,-4.115229419906435,-3.678280070499364,-1.9241863635424368,1.340197132733122,-0.0989346872452995,3.965045366748188,-0.4436973324717846,1.3237061726352286
67.0,224.0,129.88369750976562,-0.0374477628801099,2.682657028303648,-4.114838900894199,-3.678870043592088,-1.9251837276112644,1.3405201841317955,-0.0987901150784344,3.964675583138253,-0.4423633760043502,1.3238448057713843
67.0,224.0,129.88369750976562,-0.0382635524696136,2.682419967614642,-4.114786126384205,-3.679311634560755,-1.925978686292598,1.3411333845684037,-0.0987597980305496,3.9641414728433215,-0.4424791061193618,1.320928414315454
67.0,224.0,129.88369750976562,-0.0384394284723971,2.682975909148543,-4.114785849651962,-3.679239009035948,-1.9244454601702328,1.3399968271028857,-0.0992974966139006,3.9634126109169294,-0.4438348749963561,1.323728487499586
67.0,224.0,129.88369750976562,-0.0375151009923383,2.6815405326175563,-4.11492126820321,-3.678696413336605,-1.9248538354858755,1.3399425126041962,-0.0987835979778907,3.963714046279793,-0.4446811609730565,1.323395357397754
67.0,224.0,129.88369750976562,-0.0377454066103169,2.6825043046280004,-4.114788089707397,-3.679652743106941,-1.9244710726958925,1.340134709603629,-0.1004671214614538,3.9636188560680137,-0.4424447477359667,1.3231665976907154
67.0,224.0,129.88369750976562,-0.0364954623203145,2.682236998039043,-4.1151194879360045,-3.678349310488348,-1.9266135679514724,1.3402469514634694,-0.0997973225445006,3.96391029317396,-0.4446940722613329,1.3226826898546231
67.0,224.0,129.88369750976562,-0.0383554438796345,2.6837078456050074,-4.1148397309375175,-3.6796427651577615,-1.925935618093105,1.3413987342605571,-0.0995517511654577,3.963735392106942,-0.4447510661004394,1.3223569690262462
67.0,224.0,129.88369750976562,-0.0374471514184957,2.6830290313127803,-4.114093649499316,-3.679834210451842,-1.924097479454128,1.3403730799535918,-0.0989693227775162,3.9646815998637,-0.4441470635204132,1.3235251103658887
67.0,224.0,129.88369750976562,-0.0382710782515905,2.682893249029939,-4.115279657961465,-3.6792257495786993,-1.924598940320268,1.340114582927606,-0.0982937747407807,3.963413311773425,-0.4438361054294831,1.3238186492275428
67.0,224.0,129.88369750976562,-0.0386767940782647,2.6825724445294745,-4.114978013222114,-3.6803825219341575,-1.925471672712967,1.340026883894302,-0.1000383970307691,3.965015974768844,-0.4424138905121658,1.3231790020943524
67.0,224.0,129.88369750976562,-0.0386743878574695,2.682514171969066,-4.114506661615946,-3.679438333994672,-1.9243521442453364,1.339783745789752,-0.0992489063510318,3.963839175972056,-0.4434921678817331,1.3240327725928551
67.0,224.0,129.88369750976562,-0.0378622370720957,2.681968301780857,-4.11483420834631,-3.6800866107675727,-1.924030423868726,1.3402908182460136,-0.0994770964367983,3.9636342318458793,-0.4433138246954711,1.324016149664466
67.0,224.0,129.88369750976562,-0.038409736125438,2.683223324443615,-4.114847609240932,-3.679415568245977,-1.9254956460903945,1.339956890140793,-0.0993767820110977,3.96545346379171,-0.4440833734044859,1.3235641918682983
67.0,224.0,129.88369750976562,-0.0365283721779428,2.6821798842695697,-4.11603441881068,-3.679486054107372,-1.9251379515389608,1.3405617104052885,-0.1002226474128503,3.96390962240616,-0.4420402715724512,1.3236767237550735
67.0,224.0,129.88369750976562,-0.0364397398083592,2.6825071178585005,-4.115088219917484,-3.67970139592296,-1.9261702671341336,1.340268587447146,-0.1007867068112726,3.963668351548983,-0.4431968561648036,1.323600593218882
67.0,224.0,129.88369750976562,-0.0383216637770437,2.6825741157856324,-4.114967170153109,-3.6780063208760607,-1.924454085840296,1.3404595116488414,-0.099584917212826,3.9638032536282113,-0.4437830930453497,1.3237113962040006
67.0,224.0,129.88369750976562,-0.0379767604336877,2.680744641094622,-4.114477853527157,-3.6801701846835897,-1.924400799866619,1.3404674448137248,-0.0999418297218291,3.9646977554076215,-0.4444012423801128,1.3236911002911962
67.0,224.0,129.88369750976562,-0.0390478143195861,2.682337844354252,-4.115926773235828,-3.6795526101329856,-1.924688573970111,1.3412594732204302,-0.0998160293303123,3.963891675060848,-0.4428856325751028,1.3240663398786898
67.0,224.0,129.88369750976562,-0.0383148729229902,2.6832796999404445,-4.116294179060572,-3.6793979513078847,-1.9250865185851764,1.340689295518906,-0.0983386555168854,3.963023765613142,-0.4436402091529069,1.323783064095721
67.0,224.0,129.88369750976562,-0.0379627504806742,2.6821752792535305,-4.115112653936806,-3.679108163981376,-1.9271989799946387,1.3404670547282131,-0.0989285936155462,3.963762776092248,-0.4436037889685726,1.3234545198064809
67.0,224.0,129.88369750976562,-0.0392187524807247,2.683054261908589,-4.114922136147859,-3.6795777604845856,-1.925288325593142,1.3412020927009516,-0.0999221139832497,3.9638507441902,-0.4441360716815598,1.3240769948011513
67.0,224.0,129.88369750976562,-0.0383849644671473,2.6829565493324656,-4.1152425670406885,-3.679085536259625,-1.9245625020625792,1.3398362901102925,-0.0989136901687004,3.964908554644228,-0.4445902552466633,1.3237140521602766
67.0,224.0,129.88369750976562,-0.0381150873514049,2.682542042709517,-4.114430642239843,-3.678878579382245,-1.9244999050184943,1.3406975087022637,-0.0999938618507068,3.963198803446204,-0.4438787615061223,1.3237429493033557
67.0,224.0,129.88369750976562,-0.0356061132564945,2.682682236611596,-4.114853691872366,-3.679371797552783,-1.926117401442866,1.3402494852328133,-0.0995158924403936,3.963593572879813,-0.4432809198229624,1.3217267572875264
67.0,224.0,129.88369750976562,-0.0370319986549597,2.682141311654721,-4.11568919640137,-3.679601765843594,-1.9250876999733395,1.3398228311447469,-0.1004837490685165,3.964237534852891,-0.442657322459007,1.323574800022745
67.0,224.0,129.88369750976562,-0.0370807272260081,2.68264859514898,-4.115168223632826,-3.678252415128613,-1.9239598296335736,1.3405486072531194,-0.098422161926668,3.964345449074509,-0.4430919035377933,1.32368118639016
67.0,224.0,129.88369750976562,-0.0371588517049898,2.6805734538012,-4.114829362922763,-3.680286246949066,-1.92656536943232,1.339947151786356,-0.0988547495593402,3.9637048782995135,-0.4439045648392518,1.323849355521426
67.0,224.0,129.88369750976562,-0.0375504977495809,2.682280533818246,-4.115233018272244,-3.679761393898062,-1.925012808213688,1.3408448440508045,-0.0991535257406458,3.963799535448471,-0.4426996479812786,1.32341862225405
67.0,224.0,129.88369750976562,-0.0364782580288229,2.6818429670123987,-4.11474322378592,-3.679358600708835,-1.9243445464444973,1.3403015173573354,-0.09960695951543,3.965946662438152,-0.4428471831983755,1.3238509640840692
67.0,224.0,129.88369750976562,-0.0375050067521598,2.682394795215691,-4.114718372567042,-3.678092981168621,-1.9258440914610253,1.3400083563894525,-0.099182553119151,3.966016159885976,-0.4438312502809411,1.3218137438897066
67.0,224.0,129.88369750976562,-0.0385790505121479,2.6829151465589978,-4.114800802167872,-3.680258446862143,-1.924409893497719,1.340273682270729,-0.0988903953142273,3.964274155720028,-0.443693939368691,1.324358976709781
67.0,224.0,129.88369750976562,-0.0373377203114786,2.682486630971601,-4.114913017838977,-3.6783634873448783,-1.9265970819780125,1.3403155553342478,-0.099168483249192,3.963433477689972,-0.4450287501643289,1.3241048847555466
67.0,224.0,129.88369750976562,-0.0379180192985064,2.682247815866732,-4.11618169808676,-3.678672127199636,-1.9243215382018104,1.341224665253827,-0.0999942253138913,3.964944788080395,-0.4445476548029366,1.3237704141458422
67.0,224.0,129.88369750976562,-0.0379024272348933,2.681548237319513,-4.1147750510204935,-3.679808883893499,-1.9248620463978097,1.3398379650494014,-0.0992112748296654,3.963017815678836,-0.4424179299426491,1.3233375186841294
67.0,224.0,129.88369750976562,-0.0386119900478477,2.682502921158186,-4.115330536104988,-3.67922120648243,-1.924454899099244,1.3398214621333258,-0.0993185791376466,3.963886887649888,-0.4432911272000954,1.323338099550023
67.0,224.0,129.88369750976562,-0.0382477403859779,2.68273101332882,-4.115921932644253,-3.677978964649831,-1.924749009834854,1.3417441945558162,-0.0989616560098664,3.9650317801400976,-0.4436610931860999,1.3237025486479133
67.0,224.0,129.88369750976562,-0.0368336824364338,2.6826832487827823,-4.114591204394081,-3.678575812548972,-1.925641460409574,1.3405690717413157,-0.0993023327242637,3.963040004737601,-0.4453726377459595,1.3228519700821009
67.0,224.0,129.88369750976562,-0.0368682580867013,2.6829220535883818,-4.115330151241876,-3.6800847775118006,-1.924143475813016,1.3403634962947215,-0.0977891263415146,3.964305456688996,-0.4434524361281761,1.323232495747224
67.0,224.0,129.88369750976562,-0.0385555590400413,2.682332051900679,-4.11561887003485,-3.678886500882304,-1.9246899936591084,1.339812599810698,-0.0990985889591814,3.964719517917539,-0.4435134565679196,1.3239478618172835
67.0,224.0,129.88369750976562,-0.0362685215543273,2.6824785535414897,-4.115228802300194,-3.679666890710486,-1.924817154336768,1.3397913112986377,-0.0984104785689082,3.965220519508229,-0.4431274438343454,1.3229101875008091
67.0,224.0,129.88369750976562,-0.0375539125029723,2.683178260371717,-4.114369649219112,-3.679430716965344,-1.9246000535494767,1.3402022966892828,-0.0991060381317665,3.964045450719317,-0.4435850165156397,1.3232991003993002
67.0,224.0,129.88369750976562,-0.0373747018816963,2.6827891322424366,-4.115831560265851,-3.678720605069845,-1.925137080380172,1.3403258327157284,-0.0988966046907536,3.963632318963182,-0.4426579316869733,1.3218509770686553
67.0,224.0,129.88369750976562,-0.0370591034729298,2.6826218239917727,-4.115266560061377,-3.679595996907135,-1.926209819046368,1.3414009745971895,-0.0987779561750726,3.964208636924238,-0.4451036432456676,1.3236569489549574
67.0,224.0,129.88369750976562,-0.0391015901040685,2.6832066369908216,-4.11469770047713,-3.680059309122311,-1.9260168474946973,1.3411719572718803,-0.0990887163406583,3.963894911594921,-0.4433537251091182,1.3222977704533132
67.0,224.0,129.88369750976562,-0.0371238674580442,2.6828863163114574,-4.116450644235016,-3.678852193219088,-1.9245006772364748,1.340853961483298,-0.1003745299408251,3.96483297132265,-0.4438758320633198,1.32253467512871
67.0,224.0,129.88369750976562,-0.0387529514039979,2.682332987600346,-4.114907536737543,-3.6795098013530296,-1.9263257462158496,1.3407473142017434,-0.0999818312495976,3.964815872089346,-0.4437279455012012,1.3221885533632094
67.0,224.0,129.88369750976562,-0.0385026246801999,2.681902136710416,-4.116577281202409,-3.680540846948508,-1.92433206385908,1.3402460540770993,-0.099126385258616,3.9633692913641982,-0.4437405342625667,1.3232985721522927
67.0,225.0,129.88369750976562,-0.0372763731490363,2.6826167704504225,-4.114823442455658,-3.6783468022659607,-1.9261520268860424,1.3403612303406105,-0.0998002543669788,3.963755631935773,-0.4432836224847902,1.323920551784124
67.0,225.0,129.88369750976562,-0.0386144815276365,2.682602177420531,-4.114692785083619,-3.6782825809630206,-1.925857278402108,1.3408475275948784,-0.0997619686173913,3.964034353113425,-0.4420803106852294,1.323383683790692
67.0,225.0,129.88369750976562,-0.0384255196221009,2.6828457518910365,-4.115229419906435,-3.678280070499364,-1.9241863635424368,1.340197132733122,-0.0989346872452995,3.965045366748188,-0.4436973324717846,1.3237061726352286
67.0,225.0,129.88369750976562,-0.0374477628801099,2.682657028303648,-4.114838900894199,-3.678870043592088,-1.9251837276112644,1.3405201841317955,-0.0987901150784344,3.964675583138253,-0.4423633760043502,1.3238448057713843
67.0,225.0,129.88369750976562,-0.0382635524696136,2.682419967614642,-4.114786126384205,-3.679311634560755,-1.925978686292598,1.3411333845684037,-0.0987597980305496,3.9641414728433215,-0.4424791061193618,1.320928414315454
67.0,225.0,129.88369750976562,-0.0384394284723971,2.682975909148543,-4.114785849651962,-3.679239009035948,-1.9244454601702328,1.3399968271028857,-0.0992974966139006,3.9634126109169294,-0.4438348749963561,1.323728487499586
67.0,225.0,129.88369750976562,-0.0375151009923383,2.6815405326175563,-4.11492126820321,-3.678696413336605,-1.9248538354858755,1.3399425126041962,-0.0987835979778907,3.963714046279793,-0.4446811609730565,1.323395357397754
67.0,225.0,129.88369750976562,-0.0377454066103169,2.6825043046280004,-4.114788089707397,-3.679652743106941,-1.9244710726958925,1.340134709603629,-0.1004671214614538,3.9636188560680137,-0.4424447477359667,1.3231665976907154
67.0,225.0,129.88369750976562,-0.0364954623203145,2.682236998039043,-4.1151194879360045,-3.678349310488348,-1.9266135679514724,1.3402469514634694,-0.0997973225445006,3.96391029317396,-0.4446940722613329,1.3226826898546231
67.0,225.0,129.88369750976562,-0.0383554438796345,2.6837078456050074,-4.1148397309375175,-3.6796427651577615,-1.925935618093105,1.3413987342605571,-0.0995517511654577,3.963735392106942,-0.4447510661004394,1.3223569690262462
67.0,225.0,129.88369750976562,-0.0374471514184957,2.6830290313127803,-4.114093649499316,-3.679834210451842,-1.924097479454128,1.3403730799535918,-0.0989693227775162,3.9646815998637,-0.4441470635204132,1.3235251103658887
67.0,225.0,129.88369750976562,-0.0382710782515905,2.682893249029939,-4.115279657961465,-3.6792257495786993,-1.924598940320268,1.340114582927606,-0.0982937747407807,3.963413311773425,-0.4438361054294831,1.3238186492275428
67.0,225.0,129.88369750976562,-0.0386767940782647,2.6825724445294745,-4.114978013222114,-3.6803825219341575,-1.925471672712967,1.340026883894302,-0.1000383970307691,3.965015974768844,-0.4424138905121658,1.3231790020943524
67.0,225.0,129.88369750976562,-0.0386743878574695,2.682514171969066,-4.114506661615946,-3.679438333994672,-1.9243521442453364,1.339783745789752,-0.0992489063510318,3.963839175972056,-0.4434921678817331,1.3240327725928551
67.0,225.0,129.88369750976562,-0.0378622370720957,2.681968301780857,-4.11483420834631,-3.6800866107675727,-1.924030423868726,1.3402908182460136,-0.0994770964367983,3.9636342318458793,-0.4433138246954711,1.324016149664466
67.0,225.0,129.88369750976562,-0.038409736125438,2.683223324443615,-4.114847609240932,-3.679415568245977,-1.9254956460903945,1.339956890140793,-0.0993767820110977,3.96545346379171,-0.4440833734044859,1.3235641918682983
67.0,225.0,129.88369750976562,-0.0365283721779428,2.6821798842695697,-4.11603441881068,-3.679486054107372,-1.9251379515389608,1.3405617104052885,-0.1002226474128503,3.96390962240616,-0.4420402715724512,1.3236767237550735
67.0,225.0,129.88369750976562,-0.0364397398083592,2.6825071178585005,-4.115088219917484,-3.67970139592296,-1.9261702671341336,1.340268587447146,-0.1007867068112726,3.963668351548983,-0.4431968561648036,1.323600593218882
67.0,225.0,129.88369750976562,-0.0383216637770437,2.6825741157856324,-4.114967170153109,-3.6780063208760607,-1.924454085840296,1.3404595116488414,-0.099584917212826,3.9638032536282113,-0.4437830930453497,1.3237113962040006
67.0,225.0,129.88369750976562,-0.0379767604336877,2.680744641094622,-4.114477853527157,-3.6801701846835897,-1.924400799866619,1.3404674448137248,-0.0999418297218291,3.9646977554076215,-0.4444012423801128,1.3236911002911962
67.0,225.0,129.88369750976562,-0.0390478143195861,2.682337844354252,-4.115926773235828,-3.6795526101329856,-1.924688573970111,1.3412594732204302,-0.0998160293303123,3.963891675060848,-0.4428856325751028,1.3240663398786898
67.0,225.0,129.88369750976562,-0.0383148729229902,2.6832796999404445,-4.116294179060572,-3.6793979513078847,-1.9250865185851764,1.340689295518906,-0.0983386555168854,3.963023765613142,-0.4436402091529069,1.323783064095721
67.0,225.0,129.88369750976562,-0.0379627504806742,2.6821752792535305,-4.115112653936806,-3.679108163981376,-1.9271989799946387,1.3404670547282131,-0.0989285936155462,3.963762776092248,-0.4436037889685726,1.3234545198064809
67.0,225.0,129.88369750976562,-0.0392187524807247,2.683054261908589,-4.114922136147859,-3.6795777604845856,-1.925288325593142,1.3412020927009516,-0.0999221139832497,3.9638507441902,-0.4441360716815598,1.3240769948011513
67.0,225.0,129.88369750976562,-0.0383849644671473,2.6829565493324656,-4.1152425670406885,-3.679085536259625,-1.9245625020625792,1.3398362901102925,-0.0989136901687004,3.964908554644228,-0.4445902552466633,1.3237140521602766
67.0,225.0,129.88369750976562,-0.0381150873514049,2.682542042709517,-4.114430642239843,-3.678878579382245,-1.9244999050184943,1.3406975087022637,-0.0999938618507068,3.963198803446204,-0.4438787615061223,1.3237429493033557
67.0,225.0,129.88369750976562,-0.0356061132564945,2.682682236611596,-4.114853691872366,-3.679371797552783,-1.926117401442866,1.3402494852328133,-0.0995158924403936,3.963593572879813,-0.4432809198229624,1.3217267572875264
67.0,225.0,129.88369750976562,-0.0370319986549597,2.682141311654721,-4.11568919640137,-3.679601765843594,-1.9250876999733395,1.3398228311447469,-0.1004837490685165,3.964237534852891,-0.442657322459007,1.323574800022745
67.0,225.0,129.88369750976562,-0.0370807272260081,2.68264859514898,-4.115168223632826,-3.678252415128613,-1.9239598296335736,1.3405486072531194,-0.098422161926668,3.964345449074509,-0.4430919035377933,1.32368118639016
67.0,225.0,129.88369750976562,-0.0371588517049898,2.6805734538012,-4.114829362922763,-3.680286246949066,-1.92656536943232,1.339947151786356,-0.0988547495593402,3.9637048782995135,-0.4439045648392518,1.323849355521426
67.0,225.0,129.88369750976562,-0.0375504977495809,2.682280533818246,-4.115233018272244,-3.679761393898062,-1.925012808213688,1.3408448440508045,-0.0991535257406458,3.963799535448471,-0.4426996479812786,1.32341862225405
67.0,225.0,129.88369750976562,-0.0364782580288229,2.6818429670123987,-4.11474322378592,-3.679358600708835,-1.9243445464444973,1.3403015173573354,-0.09960695951543,3.965946662438152,-0.4428471831983755,1.3238509640840692
67.0,225.0,129.88369750976562,-0.0375050067521598,2.682394795215691,-4.114718372567042,-3.678092981168621,-1.9258440914610253,1.3400083563894525,-0.099182553119151,3.966016159885976,-0.4438312502809411,1.3218137438897066
67.0,225.0,129.88369750976562,-0.0385790505121479,2.6829151465589978,-4.114800802167872,-3.680258446862143,-1.924409893497719,1.340273682270729,-0.0988903953142273,3.964274155720028,-0.443693939368691,1.324358976709781
67.0,225.0,129.88369750976562,-0.0373377203114786,2.682486630971601,-4.114913017838977,-3.6783634873448783,-1.9265970819780125,1.3403155553342478,-0.099168483249192,3.963433477689972,-0.4450287501643289,1.3241048847555466
67.0,225.0,129.88369750976562,-0.0379180192985064,2.682247815866732,-4.11618169808676,-3.678672127199636,-1.9243215382018104,1.341224665253827,-0.0999942253138913,3.964944788080395,-0.4445476548029366,1.3237704141458422
67.0,225.0,129.88369750976562,-0.0379024272348933,2.681548237319513,-4.1147750510204935,-3.679808883893499,-1.9248620463978097,1.3398379650494014,-0.0992112748296654,3.963017815678836,-0.4424179299426491,1.3233375186841294
67.0,225.0,129.88369750976562,-0.0386119900478477,2.682502921158186,-4.115330536104988,-3.67922120648243,-1.924454899099244,1.3398214621333258,-0.0993185791376466,3.963886887649888,-0.4432911272000954,1.323338099550023
67.0,225.0,129.88369750976562,-0.0382477403859779,2.68273101332882,-4.115921932644253,-3.677978964649831,-1.924749009834854,1.3417441945558162,-0.0989616560098664,3.9650317801400976,-0.4436610931860999,1.3237025486479133
67.0,225.0,129.88369750976562,-0.0368336824364338,2.6826832487827823,-4.114591204394081,-3.678575812548972,-1.925641460409574,1.3405690717413157,-0.0993023327242637,3.963040004737601,-0.4453726377459595,1.3228519700821009
67.0,225.0,129.88369750976562,-0.0368682580867013,2.6829220535883818,-4.115330151241876,-3.6800847775118006,-1.924143475813016,1.3403634962947215,-0.0977891263415146,3.964305456688996,-0.4434524361281761,1.323232495747224
67.0,225.0,129.88369750976562,-0.0385555590400413,2.682332051900679,-4.11561887003485,-3.678886500882304,-1.9246899936591084,1.339812599810698,-0.0990985889591814,3.964719517917539,-0.4435134565679196,1.3239478618172835
67.0,225.0,129.88369750976562,-0.0362685215543273,2.6824785535414897,-4.115228802300194,-3.679666890710486,-1.924817154336768,1.3397913112986377,-0.0984104785689082,3.965220519508229,-0.4431274438343454,1.3229101875008091
67.0,225.0,129.88369750976562,-0.0375539125029723,2.683178260371717,-4.114369649219112,-3.679430716965344,-1.9246000535494767,1.3402022966892828,-0.0991060381317665,3.964045450719317,-0.4435850165156397,1.3232991003993002
67.0,225.0,129.88369750976562,-0.0373747018816963,2.6827891322424366,-4.115831560265851,-3.678720605069845,-1.925137080380172,1.3403258327157284,-0.0988966046907536,3.963632318963182,-0.4426579316869733,1.3218509770686553
67.0,225.0,129.88369750976562,-0.0370591034729298,2.6826218239917727,-4.115266560061377,-3.679595996907135,-1.926209819046368,1.3414009745971895,-0.0987779561750726,3.964208636924238,-0.4451036432456676,1.3236569489549574
67.0,225.0,129.88369750976562,-0.0391015901040685,2.6832066369908216,-4.11469770047713,-3.680059309122311,-1.9260168474946973,1.3411719572718803,-0.0990887163406583,3.963894911594921,-0.4433537251091182,1.3222977704533132
67.0,225.0,129.88369750976562,-0.0371238674580442,2.6828863163114574,-4.116450644235016,-3.678852193219088,-1.9245006772364748,1.340853961483298,-0.1003745299408251,3.96483297132265,-0.4438758320633198,1.32253467512871
67.0,225.0,129.88369750976562,-0.0387529514039979,2.682332987600346,-4.114907536737543,-3.6795098013530296,-1.9263257462158496,1.3407473142017434,-0.0999818312495976,3.964815872089346,-0.4437279455012012,1.3221885533632094
67.0,225.0,129.88369750976562,-0.0385026246801999,2.681902136710416,-4.116577281202409,-3.680540846948508,-1.92433206385908,1.3402460540770993,-0.099126385258616,3.9633692913641982,-0.4437405342625667,1.3232985721522927
67.0,226.0,129.88369750976562,-0.0372763731490363,2.6826167704504225,-4.114823442455658,-3.6783468022659607,-1.9261520268860424,1.3403612303406105,-0.0998002543669788,3.963755631935773,-0.4432836224847902,1.323920551784124
67.0,226.0,129.88369750976562,-0.0386144815276365,2.682602177420531,-4.114692785083619,-3.6782825809630206,-1.925857278402108,1.3408475275948784,-0.0997619686173913,3.964034353113425,-0.4420803106852294,1.323383683790692
67.0,226.0,129.88369750976562,-0.0384255196221009,2.6828457518910365,-4.115229419906435,-3.678280070499364,-1.9241863635424368,1.340197132733122,-0.0989346872452995,3.965045366748188,-0.4436973324717846,1.3237061726352286
67.0,226.0,129.88369750976562,-0.0374477628801099,2.682657028303648,-4.114838900894199,-3.678870043592088,-1.9251837276112644,1.3405201841317955,-0.0987901150784344,3.964675583138253,-0.4423633760043502,1.3238448057713843
67.0,226.0,129.88369750976562,-0.0382635524696136,2.682419967614642,-4.114786126384205,-3.679311634560755,-1.925978686292598,1.3411333845684037,-0.0987597980305496,3.9641414728433215,-0.4424791061193618,1.320928414315454
67.0,226.0,129.88369750976562,-0.0384394284723971,2.682975909148543,-4.114785849651962,-3.679239009035948,-1.9244454601702328,1.3399968271028857,-0.0992974966139006,3.9634126109169294,-0.4438348749963561,1.323728487499586
67.0,226.0,129.88369750976562,-0.0375151009923383,2.6815405326175563,-4.11492126820321,-3.678696413336605,-1.9248538354858755,1.3399425126041962,-0.0987835979778907,3.963714046279793,-0.4446811609730565,1.323395357397754
67.0,226.0,129.88369750976562,-0.0377454066103169,2.6825043046280004,-4.114788089707397,-3.679652743106941,-1.9244710726958925,1.340134709603629,-0.1004671214614538,3.9636188560680137,-0.4424447477359667,1.3231665976907154
67.0,226.0,129.88369750976562,-0.0364954623203145,2.682236998039043,-4.1151194879360045,-3.678349310488348,-1.9266135679514724,1.3402469514634694,-0.0997973225445006,3.96391029317396,-0.4446940722613329,1.3226826898546231
67.0,226.0,129.88369750976562,-0.0383554438796345,2.6837078456050074,-4.1148397309375175,-3.6796427651577615,-1.925935618093105,1.3413987342605571,-0.0995517511654577,3.963735392106942,-0.4447510661004394,1.3223569690262462
67.0,226.0,129.88369750976562,-0.0374471514184957,2.6830290313127803,-4.114093649499316,-3.679834210451842,-1.924097479454128,1.3403730799535918,-0.0989693227775162,3.9646815998637,-0.4441470635204132,1.3235251103658887
67.0,226.0,129.88369750976562,-0.0382710782515905,2.682893249029939,-4.115279657961465,-3.6792257495786993,-1.924598940320268,1.340114582927606,-0.0982937747407807,3.963413311773425,-0.4438361054294831,1.3238186492275428
67.0,226.0,129.88369750976562,-0.0386767940782647,2.6825724445294745,-4.114978013222114,-3.6803825219341575,-1.925471672712967,1.340026883894302,-0.1000383970307691,3.965015974768844,-0.4424138905121658,1.3231790020943524
67.0,226.0,129.88369750976562,-0.0386743878574695,2.682514171969066,-4.114506661615946,-3.679438333994672,-1.9243521442453364,1.339783745789752,-0.0992489063510318,3.963839175972056,-0.4434921678817331,1.3240327725928551
67.0,226.0,129.88369750976562,-0.0378622370720957,2.681968301780857,-4.11483420834631,-3.6800866107675727,-1.924030423868726,1.3402908182460136,-0.0994770964367983,3.9636342318458793,-0.4433138246954711,1.324016149664466
67.0,226.0,129.88369750976562,-0.038409736125438,2.683223324443615,-4.114847609240932,-3.679415568245977,-1.9254956460903945,1.339956890140793,-0.0993767820110977,3.96545346379171,-0.4440833734044859,1.3235641918682983
67.0,226.0,129.88369750976562,-0.0365283721779428,2.6821798842695697,-4.11603441881068,-3.679486054107372,-1.9251379515389608,1.3405617104052885,-0.1002226474128503,3.96390962240616,-0.4420402715724512,1.3236767237550735
67.0,226.0,129.88369750976562,-0.0364397398083592,2.6825071178585005,-4.115088219917484,-3.67970139592296,-1.9261702671341336,1.340268587447146,-0.1007867068112726,3.963668351548983,-0.4431968561648036,1.323600593218882
67.0,226.0,129.88369750976562,-0.0383216637770437,2.6825741157856324,-4.114967170153109,-3.6780063208760607,-1.924454085840296,1.3404595116488414,-0.099584917212826,3.9638032536282113,-0.4437830930453497,1.3237113962040006
67.0,226.0,129.88369750976562,-0.0379767604336877,2.680744641094622,-4.114477853527157,-3.6801701846835897,-1.924400799866619,1.3404674448137248,-0.0999418297218291,3.9646977554076215,-0.4444012423801128,1.3236911002911962
67.0,226.0,129.88369750976562,-0.0390478143195861,2.682337844354252,-4.115926773235828,-3.6795526101329856,-1.924688573970111,1.3412594732204302,-0.0998160293303123,3.963891675060848,-0.4428856325751028,1.3240663398786898
67.0,226.0,129.88369750976562,-0.0383148729229902,2.6832796999404445,-4.116294179060572,-3.6793979513078847,-1.9250865185851764,1.340689295518906,-0.0983386555168854,3.963023765613142,-0.4436402091529069,1.323783064095721
67.0,226.0,129.88369750976562,-0.0379627504806742,2.6821752792535305,-4.115112653936806,-3.679108163981376,-1.9271989799946387,1.3404670547282131,-0.0989285936155462,3.963762776092248,-0.4436037889685726,1.3234545198064809
67.0,226.0,129.88369750976562,-0.0392187524807247,2.683054261908589,-4.114922136147859,-3.6795777604845856,-1.925288325593142,1.3412020927009516,-0.0999221139832497,3.9638507441902,-0.4441360716815598,1.3240769948011513
67.0,226.0,129.88369750976562,-0.0383849644671473,2.6829565493324656,-4.1152425670406885,-3.679085536259625,-1.9245625020625792,1.3398362901102925,-0.0989136901687004,3.964908554644228,-0.4445902552466633,1.3237140521602766
67.0,226.0,129.88369750976562,-0.0381150873514049,2.682542042709517,-4.114430642239843,-3.678878579382245,-1.9244999050184943,1.3406975087022637,-0.0999938618507068,3.963198803446204,-0.4438787615061223,1.3237429493033557
67.0,226.0,129.88369750976562,-0.0356061132564945,2.682682236611596,-4.114853691872366,-3.679371797552783,-1.926117401442866,1.3402494852328133,-0.0995158924403936,3.963593572879813,-0.4432809198229624,1.3217267572875264
67.0,226.0,129.88369750976562,-0.0370319986549597,2.682141311654721,-4.11568919640137,-3.679601765843594,-1.9250876999733395,1.3398228311447469,-0.1004837490685165,3.964237534852891,-0.442657322459007,1.323574800022745
67.0,226.0,129.88369750976562,-0.0370807272260081,2.68264859514898,-4.115168223632826,-3.678252415128613,-1.9239598296335736,1.3405486072531194,-0.098422161926668,3.964345449074509,-0.4430919035377933,1.32368118639016
67.0,226.0,129.88369750976562,-0.0371588517049898,2.6805734538012,-4.114829362922763,-3.680286246949066,-1.92656536943232,1.339947151786356,-0.0988547495593402,3.9637048782995135,-0.4439045648392518,1.323849355521426
67.0,226.0,129.88369750976562,-0.0375504977495809,2.682280533818246,-4.115233018272244,-3.679761393898062,-1.925012808213688,1.3408448440508045,-0.0991535257406458,3.963799535448471,-0.4426996479812786,1.32341862225405
67.0,226.0,129.88369750976562,-0.0364782580288229,2.6818429670123987,-4.11474322378592,-3.679358600708835,-1.9243445464444973,1.3403015173573354,-0.09960695951543,3.965946662438152,-0.4428471831983755,1.3238509640840692
67.0,226.0,129.88369750976562,-0.0375050067521598,2.682394795215691,-4.114718372567042,-3.678092981168621,-1.9258440914610253,1.3400083563894525,-0.099182553119151,3.966016159885976,-0.4438312502809411,1.3218137438897066
67.0,226.0,129.88369750976562,-0.0385790505121479,2.6829151465589978,-4.114800802167872,-3.680258446862143,-1.924409893497719,1.340273682270729,-0.0988903953142273,3.964274155720028,-0.443693939368691,1.324358976709781
67.0,226.0,129.88369750976562,-0.0373377203114786,2.682486630971601,-4.114913017838977,-3.6783634873448783,-1.9265970819780125,1.3403155553342478,-0.099168483249192,3.963433477689972,-0.4450287501643289,1.3241048847555466
67.0,226.0,129.88369750976562,-0.0379180192985064,2.682247815866732,-4.11618169808676,-3.678672127199636,-1.9243215382018104,1.341224665253827,-0.0999942253138913,3.964944788080395,-0.4445476548029366,1.3237704141458422
67.0,226.0,129.88369750976562,-0.0379024272348933,2.681548237319513,-4.1147750510204935,-3.679808883893499,-1.9248620463978097,1.3398379650494014,-0.0992112748296654,3.963017815678836,-0.4424179299426491,1.3233375186841294
67.0,226.0,129.88369750976562,-0.0386119900478477,2.682502921158186,-4.115330536104988,-3.67922120648243,-1.924454899099244,1.3398214621333258,-0.0993185791376466,3.963886887649888,-0.4432911272000954,1.323338099550023
67.0,226.0,129.88369750976562,-0.0382477403859779,2.68273101332882,-4.115921932644253,-3.677978964649831,-1.924749009834854,1.3417441945558162,-0.0989616560098664,3.9650317801400976,-0.4436610931860999,1.3237025486479133
67.0,226.0,129.88369750976562,-0.0368336824364338,2.6826832487827823,-4.114591204394081,-3.678575812548972,-1.925641460409574,1.3405690717413157,-0.0993023327242637,3.963040004737601,-0.4453726377459595,1.3228519700821009
67.0,226.0,129.88369750976562,-0.0368682580867013,2.6829220535883818,-4.115330151241876,-3.6800847775118006,-1.924143475813016,1.3403634962947215,-0.0977891263415146,3.964305456688996,-0.4434524361281761,1.323232495747224
67.0,226.0,129.88369750976562,-0.0385555590400413,2.682332051900679,-4.11561887003485,-3.678886500882304,-1.9246899936591084,1.339812599810698,-0.0990985889591814,3.964719517917539,-0.4435134565679196,1.3239478618172835
67.0,226.0,129.88369750976562,-0.0362685215543273,2.6824785535414897,-4.115228802300194,-3.679666890710486,-1.924817154336768,1.3397913112986377,-0.0984104785689082,3.965220519508229,-0.4431274438343454,1.3229101875008091
67.0,226.0,129.88369750976562,-0.0375539125029723,2.683178260371717,-4.114369649219112,-3.679430716965344,-1.9246000535494767,1.3402022966892828,-0.0991060381317665,3.964045450719317,-0.4435850165156397,1.3232991003993002
67.0,226.0,129.88369750976562,-0.0373747018816963,2.6827891322424366,-4.115831560265851,-3.678720605069845,-1.925137080380172,1.3403258327157284,-0.0988966046907536,3.963632318963182,-0.4426579316869733,1.3218509770686553
67.0,226.0,129.88369750976562,-0.0370591034729298,2.6826218239917727,-4.115266560061377,-3.679595996907135,-1.926209819046368,1.3414009745971895,-0.0987779561750726,3.964208636924238,-0.4451036432456676,1.3236569489549574
67.0,226.0,129.88369750976562,-0.0391015901040685,2.6832066369908216,-4.11469770047713,-3.680059309122311,-1.9260168474946973,1.3411719572718803,-0.0990887163406583,3.963894911594921,-0.4433537251091182,1.3222977704533132
67.0,226.0,129.88369750976562,-0.0371238674580442,2.6828863163114574,-4.116450644235016,-3.678852193219088,-1.9245006772364748,1.340853961483298,-0.1003745299408251,3.96483297132265,-0.4438758320633198,1.32253467512871
67.0,226.0,129.88369750976562,-0.0387529514039979,2.682332987600346,-4.114907536737543,-3.6795098013530296,-1.9263257462158496,1.3407473142017434,-0.0999818312495976,3.964815872089346,-0.4437279455012012,1.3221885533632094
67.0,226.0,129.88369750976562,-0.0385026246801999,2.681902136710416,-4.116577281202409,-3.680540846948508,-1.92433206385908,1.3402460540770993,-0.099126385258616,3.9633692913641982,-0.4437405342625667,1.3232985721522927
67.0,227.0,129.88369750976562,-0.0372763731490363,2.6826167704504225,-4.114823442455658,-3.6783468022659607,-1.9261520268860424,1.3403612303406105,-0.0998002543669788,3.963755631935773,-0.4432836224847902,1.323920551784124
67.0,227.0,129.88369750976562,-0.0386144815276365,2.682602177420531,-4.114692785083619,-3.6782825809630206,-1.925857278402108,1.3408475275948784,-0.0997619686173913,3.964034353113425,-0.4420803106852294,1.323383683790692
67.0,227.0,129.88369750976562,-0.0384255196221009,2.6828457518910365,-4.115229419906435,-3.678280070499364,-1.9241863635424368,1.340197132733122,-0.0989346872452995,3.965045366748188,-0.4436973324717846,1.3237061726352286
67.0,227.0,129.88369750976562,-0.0374477628801099,2.682657028303648,-4.114838900894199,-3.678870043592088,-1.9251837276112644,1.3405201841317955,-0.0987901150784344,3.964675583138253,-0.4423633760043502,1.3238448057713843
67.0,227.0,129.88369750976562,-0.0382635524696136,2.682419967614642,-4.114786126384205,-3.679311634560755,-1.925978686292598,1.3411333845684037,-0.0987597980305496,3.9641414728433215,-0.4424791061193618,1.320928414315454
67.0,227.0,129.88369750976562,-0.0384394284723971,2.682975909148543,-4.114785849651962,-3.679239009035948,-1.9244454601702328,1.3399968271028857,-0.0992974966139006,3.9634126109169294,-0.4438348749963561,1.323728487499586
67.0,227.0,129.88369750976562,-0.0375151009923383,2.6815405326175563,-4.11492126820321,-3.678696413336605,-1.9248538354858755,1.3399425126041962,-0.0987835979778907,3.963714046279793,-0.4446811609730565,1.323395357397754
67.0,227.0,129.88369750976562,-0.0377454066103169,2.6825043046280004,-4.114788089707397,-3.679652743106941,-1.9244710726958925,1.340134709603629,-0.1004671214614538,3.9636188560680137,-0.4424447477359667,1.3231665976907154
67.0,227.0,129.88369750976562,-0.0364954623203145,2.682236998039043,-4.1151194879360045,-3.678349310488348,-1.9266135679514724,1.3402469514634694,-0.0997973225445006,3.96391029317396,-0.4446940722613329,1.3226826898546231
67.0,227.0,129.88369750976562,-0.0383554438796345,2.6837078456050074,-4.1148397309375175,-3.6796427651577615,-1.925935618093105,1.3413987342605571,-0.0995517511654577,3.963735392106942,-0.4447510661004394,1.3223569690262462
67.0,227.0,129.88369750976562,-0.0374471514184957,2.6830290313127803,-4.114093649499316,-3.679834210451842,-1.924097479454128,1.3403730799535918,-0.0989693227775162,3.9646815998637,-0.4441470635204132,1.3235251103658887
67.0,227.0,129.88369750976562,-0.0382710782515905,2.682893249029939,-4.115279657961465,-3.6792257495786993,-1.924598940320268,1.340114582927606,-0.0982937747407807,3.963413311773425,-0.4438361054294831,1.3238186492275428
67.0,227.0,129.88369750976562,-0.0386767940782647,2.6825724445294745,-4.114978013222114,-3.6803825219341575,-1.925471672712967,1.340026883894302,-0.1000383970307691,3.965015974768844,-0.4424138905121658,1.3231790020943524
67.0,227.0,129.88369750976562,-0.0386743878574695,2.682514171969066,-4.114506661615946,-3.679438333994672,-1.9243521442453364,1.339783745789752,-0.0992489063510318,3.963839175972056,-0.4434921678817331,1.3240327725928551
67.0,227.0,129.88369750976562,-0.0378622370720957,2.681968301780857,-4.11483420834631,-3.6800866107675727,-1.924030423868726,1.3402908182460136,-0.0994770964367983,3.9636342318458793,-0.4433138246954711,1.324016149664466
67.0,227.0,129.88369750976562,-0.038409736125438,2.683223324443615,-4.114847609240932,-3.679415568245977,-1.9254956460903945,1.339956890140793,-0.0993767820110977,3.96545346379171,-0.4440833734044859,1.3235641918682983
67.0,227.0,129.88369750976562,-0.0365283721779428,2.6821798842695697,-4.11603441881068,-3.679486054107372,-1.9251379515389608,1.3405617104052885,-0.1002226474128503,3.96390962240616,-0.4420402715724512,1.3236767237550735
67.0,227.0,129.88369750976562,-0.0364397398083592,2.6825071178585005,-4.115088219917484,-3.67970139592296,-1.9261702671341336,1.340268587447146,-0.1007867068112726,3.963668351548983,-0.4431968561648036,1.323600593218882
67.0,227.0,129.88369750976562,-0.0383216637770437,2.6825741157856324,-4.114967170153109,-3.6780063208760607,-1.924454085840296,1.3404595116488414,-0.099584917212826,3.9638032536282113,-0.4437830930453497,1.3237113962040006
67.0,227.0,129.88369750976562,-0.0379767604336877,2.680744641094622,-4.114477853527157,-3.6801701846835897,-1.924400799866619,1.3404674448137248,-0.0999418297218291,3.9646977554076215,-0.4444012423801128,1.3236911002911962
67.0,227.0,129.88369750976562,-0.0390478143195861,2.682337844354252,-4.115926773235828,-3.6795526101329856,-1.924688573970111,1.3412594732204302,-0.0998160293303123,3.963891675060848,-0.4428856325751028,1.3240663398786898
67.0,227.0,129.88369750976562,-0.0383148729229902,2.6832796999404445,-4.116294179060572,-3.6793979513078847,-1.9250865185851764,1.340689295518906,-0.0983386555168854,3.963023765613142,-0.4436402091529069,1.323783064095721
67.0,227.0,129.88369750976562,-0.0379627504806742,2.6821752792535305,-4.115112653936806,-3.679108163981376,-1.9271989799946387,1.3404670547282131,-0.0989285936155462,3.963762776092248,-0.4436037889685726,1.3234545198064809
67.0,227.0,129.88369750976562,-0.0392187524807247,2.683054261908589,-4.114922136147859,-3.6795777604845856,-1.925288325593142,1.3412020927009516,-0.0999221139832497,3.9638507441902,-0.4441360716815598,1.3240769948011513
67.0,227.0,129.88369750976562,-0.0383849644671473,2.6829565493324656,-4.1152425670406885,-3.679085536259625,-1.9245625020625792,1.3398362901102925,-0.0989136901687004,3.964908554644228,-0.4445902552466633,1.3237140521602766
67.0,227.0,129.88369750976562,-0.0381150873514049,2.682542042709517,-4.114430642239843,-3.678878579382245,-1.9244999050184943,1.3406975087022637,-0.0999938618507068,3.963198803446204,-0.4438787615061223,1.3237429493033557
67.0,227.0,129.88369750976562,-0.0356061132564945,2.682682236611596,-4.114853691872366,-3.679371797552783,-1.926117401442866,1.3402494852328133,-0.0995158924403936,3.963593572879813,-0.4432809198229624,1.3217267572875264
67.0,227.0,129.88369750976562,-0.0370319986549597,2.682141311654721,-4.11568919640137,-3.679601765843594,-1.9250876999733395,1.3398228311447469,-0.1004837490685165,3.964237534852891,-0.442657322459007,1.323574800022745
67.0,227.0,129.88369750976562,-0.0370807272260081,2.68264859514898,-4.115168223632826,-3.678252415128613,-1.9239598296335736,1.3405486072531194,-0.098422161926668,3.964345449074509,-0.4430919035377933,1.32368118639016
67.0,227.0,129.88369750976562,-0.0371588517049898,2.6805734538012,-4.114829362922763,-3.680286246949066,-1.92656536943232,1.339947151786356,-0.0988547495593402,3.9637048782995135,-0.4439045648392518,1.323849355521426
67.0,227.0,129.88369750976562,-0.0375504977495809,2.682280533818246,-4.115233018272244,-3.679761393898062,-1.925012808213688,1.3408448440508045,-0.0991535257406458,3.963799535448471,-0.4426996479812786,1.32341862225405
67.0,227.0,129.88369750976562,-0.0364782580288229,2.6818429670123987,-4.11474322378592,-3.679358600708835,-1.9243445464444973,1.3403015173573354,-0.09960695951543,3.965946662438152,-0.4428471831983755,1.3238509640840692
67.0,227.0,129.88369750976562,-0.0375050067521598,2.682394795215691,-4.114718372567042,-3.678092981168621,-1.9258440914610253,1.3400083563894525,-0.099182553119151,3.966016159885976,-0.4438312502809411,1.3218137438897066
67.0,227.0,129.88369750976562,-0.0385790505121479,2.6829151465589978,-4.114800802167872,-3.680258446862143,-1.924409893497719,1.340273682270729,-0.0988903953142273,3.964274155720028,-0.443693939368691,1.324358976709781
67.0,227.0,129.88369750976562,-0.0373377203114786,2.682486630971601,-4.114913017838977,-3.6783634873448783,-1.9265970819780125,1.3403155553342478,-0.099168483249192,3.963433477689972,-0.4450287501643289,1.3241048847555466
67.0,227.0,129.88369750976562,-0.0379180192985064,2.682247815866732,-4.11618169808676,-3.678672127199636,-1.9243215382018104,1.341224665253827,-0.0999942253138913,3.964944788080395,-0.4445476548029366,1.3237704141458422
67.0,227.0,129.88369750976562,-0.0379024272348933,2.681548237319513,-4.1147750510204935,-3.679808883893499,-1.9248620463978097,1.3398379650494014,-0.0992112748296654,3.963017815678836,-0.4424179299426491,1.3233375186841294
67.0,227.0,129.88369750976562,-0.0386119900478477,2.682502921158186,-4.115330536104988,-3.67922120648243,-1.924454899099244,1.3398214621333258,-0.0993185791376466,3.963886887649888,-0.4432911272000954,1.323338099550023
67.0,227.0,129.88369750976562,-0.0382477403859779,2.68273101332882,-4.115921932644253,-3.677978964649831,-1.924749009834854,1.3417441945558162,-0.0989616560098664,3.9650317801400976,-0.4436610931860999,1.3237025486479133
67.0,227.0,129.88369750976562,-0.0368336824364338,2.6826832487827823,-4.114591204394081,-3.678575812548972,-1.925641460409574,1.3405690717413157,-0.0993023327242637,3.963040004737601,-0.4453726377459595,1.3228519700821009
67.0,227.0,129.88369750976562,-0.0368682580867013,2.6829220535883818,-4.115330151241876,-3.6800847775118006,-1.924143475813016,1.3403634962947215,-0.0977891263415146,3.964305456688996,-0.4434524361281761,1.323232495747224
67.0,227.0,129.88369750976562,-0.0385555590400413,2.682332051900679,-4.11561887003485,-3.678886500882304,-1.9246899936591084,1.339812599810698,-0.0990985889591814,3.964719517917539,-0.4435134565679196,1.3239478618172835
67.0,227.0,129.88369750976562,-0.0362685215543273,2.6824785535414897,-4.115228802300194,-3.679666890710486,-1.924817154336768,1.3397913112986377,-0.0984104785689082,3.965220519508229,-0.4431274438343454,1.3229101875008091
67.0,227.0,129.88369750976562,-0.0375539125029723,2.683178260371717,-4.114369649219112,-3.679430716965344,-1.9246000535494767,1.3402022966892828,-0.0991060381317665,3.964045450719317,-0.4435850165156397,1.3232991003993002
67.0,227.0,129.88369750976562,-0.0373747018816963,2.6827891322424366,-4.115831560265851,-3.678720605069845,-1.925137080380172,1.3403258327157284,-0.0988966046907536,3.963632318963182,-0.4426579316869733,1.3218509770686553
67.0,227.0,129.88369750976562,-0.0370591034729298,2.6826218239917727,-4.115266560061377,-3.679595996907135,-1.926209819046368,1.3414009745971895,-0.0987779561750726,3.964208636924238,-0.4451036432456676,1.3236569489549574
67.0,227.0,129.88369750976562,-0.0391015901040685,2.6832066369908216,-4.11469770047713,-3.680059309122311,-1.9260168474946973,1.3411719572718803,-0.0990887163406583,3.963894911594921,-0.4433537251091182,1.3222977704533132
67.0,227.0,129.88369750976562,-0.0371238674580442,2.6828863163114574,-4.116450644235016,-3.678852193219088,-1.9245006772364748,1.340853961483298,-0.1003745299408251,3.96483297132265,-0.4438758320633198,1.32253467512871
67.0,227.0,129.88369750976562,-0.0387529514039979,2.682332987600346,-4.114907536737543,-3.6795098013530296,-1.9263257462158496,1.3407473142017434,-0.0999818312495976,3.964815872089346,-0.4437279455012012,1.3221885533632094
67.0,227.0,129.88369750976562,-0.0385026246801999,2.681902136710416,-4.116577281202409,-3.680540846948508,-1.92433206385908,1.3402460540770993,-0.099126385258616,3.9633692913641982,-0.4437405342625667,1.3232985721522927
67.0,228.0,129.88369750976562,-0.0372763731490363,2.6826167704504225,-4.114823442455658,-3.6783468022659607,-1.9261520268860424,1.3403612303406105,-0.0998002543669788,3.963755631935773,-0.4432836224847902,1.323920551784124
67.0,228.0,129.88369750976562,-0.0386144815276365,2.682602177420531,-4.114692785083619,-3.6782825809630206,-1.925857278402108,1.3408475275948784,-0.0997619686173913,3.964034353113425,-0.4420803106852294,1.323383683790692
67.0,228.0,129.88369750976562,-0.0384255196221009,2.6828457518910365,-4.115229419906435,-3.678280070499364,-1.9241863635424368,1.340197132733122,-0.0989346872452995,3.965045366748188,-0.4436973324717846,1.3237061726352286
67.0,228.0,129.88369750976562,-0.0374477628801099,2.682657028303648,-4.114838900894199,-3.678870043592088,-1.9251837276112644,1.3405201841317955,-0.0987901150784344,3.964675583138253,-0.4423633760043502,1.3238448057713843
67.0,228.0,129.88369750976562,-0.0382635524696136,2.682419967614642,-4.114786126384205,-3.679311634560755,-1.925978686292598,1.3411333845684037,-0.0987597980305496,3.9641414728433215,-0.4424791061193618,1.320928414315454
67.0,228.0,129.88369750976562,-0.0384394284723971,2.682975909148543,-4.114785849651962,-3.679239009035948,-1.9244454601702328,1.3399968271028857,-0.0992974966139006,3.9634126109169294,-0.4438348749963561,1.323728487499586
67.0,228.0,129.88369750976562,-0.0375151009923383,2.6815405326175563,-4.11492126820321,-3.678696413336605,-1.9248538354858755,1.3399425126041962,-0.0987835979778907,3.963714046279793,-0.4446811609730565,1.323395357397754
67.0,228.0,129.88369750976562,-0.0377454066103169,2.6825043046280004,-4.114788089707397,-3.679652743106941,-1.9244710726958925,1.340134709603629,-0.1004671214614538,3.9636188560680137,-0.4424447477359667,1.3231665976907154
67.0,228.0,129.88369750976562,-0.0364954623203145,2.682236998039043,-4.1151194879360045,-3.678349310488348,-1.9266135679514724,1.3402469514634694,-0.0997973225445006,3.96391029317396,-0.4446940722613329,1.3226826898546231
67.0,228.0,129.88369750976562,-0.0383554438796345,2.6837078456050074,-4.1148397309375175,-3.6796427651577615,-1.925935618093105,1.3413987342605571,-0.0995517511654577,3.963735392106942,-0.4447510661004394,1.3223569690262462
67.0,228.0,129.88369750976562,-0.0374471514184957,2.6830290313127803,-4.114093649499316,-3.679834210451842,-1.924097479454128,1.3403730799535918,-0.0989693227775162,3.9646815998637,-0.4441470635204132,1.3235251103658887
67.0,228.0,129.88369750976562,-0.0382710782515905,2.682893249029939,-4.115279657961465,-3.6792257495786993,-1.924598940320268,1.340114582927606,-0.0982937747407807,3.963413311773425,-0.4438361054294831,1.3238186492275428
67.0,228.0,129.88369750976562,-0.0386767940782647,2.6825724445294745,-4.114978013222114,-3.6803825219341575,-1.925471672712967,1.340026883894302,-0.1000383970307691,3.965015974768844,-0.4424138905121658,1.3231790020943524
67.0,228.0,129.88369750976562,-0.0386743878574695,2.682514171969066,-4.114506661615946,-3.679438333994672,-1.9243521442453364,1.339783745789752,-0.0992489063510318,3.963839175972056,-0.4434921678817331,1.3240327725928551
67.0,228.0,129.88369750976562,-0.0378622370720957,2.681968301780857,-4.11483420834631,-3.6800866107675727,-1.924030423868726,1.3402908182460136,-0.0994770964367983,3.9636342318458793,-0.4433138246954711,1.324016149664466
67.0,228.0,129.88369750976562,-0.038409736125438,2.683223324443615,-4.114847609240932,-3.679415568245977,-1.9254956460903945,1.339956890140793,-0.0993767820110977,3.96545346379171,-0.4440833734044859,1.3235641918682983
67.0,228.0,129.88369750976562,-0.0365283721779428,2.6821798842695697,-4.11603441881068,-3.679486054107372,-1.9251379515389608,1.3405617104052885,-0.1002226474128503,3.96390962240616,-0.4420402715724512,1.3236767237550735
67.0,228.0,129.88369750976562,-0.0364397398083592,2.6825071178585005,-4.115088219917484,-3.67970139592296,-1.9261702671341336,1.340268587447146,-0.1007867068112726,3.963668351548983,-0.4431968561648036,1.323600593218882
67.0,228.0,129.88369750976562,-0.0383216637770437,2.6825741157856324,-4.114967170153109,-3.6780063208760607,-1.924454085840296,1.3404595116488414,-0.099584917212826,3.9638032536282113,-0.4437830930453497,1.3237113962040006
67.0,228.0,129.88369750976562,-0.0379767604336877,2.680744641094622,-4.114477853527157,-3.6801701846835897,-1.924400799866619,1.3404674448137248,-0.0999418297218291,3.9646977554076215,-0.4444012423801128,1.3236911002911962
67.0,228.0,129.88369750976562,-0.0390478143195861,2.682337844354252,-4.115926773235828,-3.6795526101329856,-1.924688573970111,1.3412594732204302,-0.0998160293303123,3.963891675060848,-0.4428856325751028,1.3240663398786898
67.0,228.0,129.88369750976562,-0.0383148729229902,2.6832796999404445,-4.116294179060572,-3.6793979513078847,-1.9250865185851764,1.340689295518906,-0.0983386555168854,3.963023765613142,-0.4436402091529069,1.323783064095721
67.0,228.0,129.88369750976562,-0.0379627504806742,2.6821752792535305,-4.115112653936806,-3.679108163981376,-1.9271989799946387,1.3404670547282131,-0.0989285936155462,3.963762776092248,-0.4436037889685726,1.3234545198064809
67.0,228.0,129.88369750976562,-0.0392187524807247,2.683054261908589,-4.114922136147859,-3.6795777604845856,-1.925288325593142,1.3412020927009516,-0.0999221139832497,3.9638507441902,-0.4441360716815598,1.3240769948011513
67.0,228.0,129.88369750976562,-0.0383849644671473,2.6829565493324656,-4.1152425670406885,-3.679085536259625,-1.9245625020625792,1.3398362901102925,-0.0989136901687004,3.964908554644228,-0.4445902552466633,1.3237140521602766
67.0,228.0,129.88369750976562,-0.0381150873514049,2.682542042709517,-4.114430642239843,-3.678878579382245,-1.9244999050184943,1.3406975087022637,-0.0999938618507068,3.963198803446204,-0.4438787615061223,1.3237429493033557
67.0,228.0,129.88369750976562,-0.0356061132564945,2.682682236611596,-4.114853691872366,-3.679371797552783,-1.926117401442866,1.3402494852328133,-0.0995158924403936,3.963593572879813,-0.4432809198229624,1.3217267572875264
67.0,228.0,129.88369750976562,-0.0370319986549597,2.682141311654721,-4.11568919640137,-3.679601765843594,-1.9250876999733395,1.3398228311447469,-0.1004837490685165,3.964237534852891,-0.442657322459007,1.323574800022745
67.0,228.0,129.88369750976562,-0.0370807272260081,2.68264859514898,-4.115168223632826,-3.678252415128613,-1.9239598296335736,1.3405486072531194,-0.098422161926668,3.964345449074509,-0.4430919035377933,1.32368118639016
67.0,228.0,129.88369750976562,-0.0371588517049898,2.6805734538012,-4.114829362922763,-3.680286246949066,-1.92656536943232,1.339947151786356,-0.0988547495593402,3.9637048782995135,-0.4439045648392518,1.323849355521426
67.0,228.0,129.88369750976562,-0.0375504977495809,2.682280533818246,-4.115233018272244,-3.679761393898062,-1.925012808213688,1.3408448440508045,-0.0991535257406458,3.963799535448471,-0.4426996479812786,1.32341862225405
67.0,228.0,129.88369750976562,-0.0364782580288229,2.6818429670123987,-4.11474322378592,-3.679358600708835,-1.9243445464444973,1.3403015173573354,-0.09960695951543,3.965946662438152,-0.4428471831983755,1.3238509640840692
67.0,228.0,129.88369750976562,-0.0375050067521598,2.682394795215691,-4.114718372567042,-3.678092981168621,-1.9258440914610253,1.3400083563894525,-0.099182553119151,3.966016159885976,-0.4438312502809411,1.3218137438897066
67.0,228.0,129.88369750976562,-0.0385790505121479,2.6829151465589978,-4.114800802167872,-3.680258446862143,-1.924409893497719,1.340273682270729,-0.0988903953142273,3.964274155720028,-0.443693939368691,1.324358976709781
67.0,228.0,129.88369750976562,-0.0373377203114786,2.682486630971601,-4.114913017838977,-3.6783634873448783,-1.9265970819780125,1.3403155553342478,-0.099168483249192,3.963433477689972,-0.4450287501643289,1.3241048847555466
67.0,228.0,129.88369750976562,-0.0379180192985064,2.682247815866732,-4.11618169808676,-3.678672127199636,-1.9243215382018104,1.341224665253827,-0.0999942253138913,3.964944788080395,-0.4445476548029366,1.3237704141458422
67.0,228.0,129.88369750976562,-0.0379024272348933,2.681548237319513,-4.1147750510204935,-3.679808883893499,-1.9248620463978097,1.3398379650494014,-0.0992112748296654,3.963017815678836,-0.4424179299426491,1.3233375186841294
67.0,228.0,129.88369750976562,-0.0386119900478477,2.682502921158186,-4.115330536104988,-3.67922120648243,-1.924454899099244,1.3398214621333258,-0.0993185791376466,3.963886887649888,-0.4432911272000954,1.323338099550023
67.0,228.0,129.88369750976562,-0.0382477403859779,2.68273101332882,-4.115921932644253,-3.677978964649831,-1.924749009834854,1.3417441945558162,-0.0989616560098664,3.9650317801400976,-0.4436610931860999,1.3237025486479133
67.0,228.0,129.88369750976562,-0.0368336824364338,2.6826832487827823,-4.114591204394081,-3.678575812548972,-1.925641460409574,1.3405690717413157,-0.0993023327242637,3.963040004737601,-0.4453726377459595,1.3228519700821009
67.0,228.0,129.88369750976562,-0.0368682580867013,2.6829220535883818,-4.115330151241876,-3.6800847775118006,-1.924143475813016,1.3403634962947215,-0.0977891263415146,3.964305456688996,-0.4434524361281761,1.323232495747224
67.0,228.0,129.88369750976562,-0.0385555590400413,2.682332051900679,-4.11561887003485,-3.678886500882304,-1.9246899936591084,1.339812599810698,-0.0990985889591814,3.964719517917539,-0.4435134565679196,1.3239478618172835
67.0,228.0,129.88369750976562,-0.0362685215543273,2.6824785535414897,-4.115228802300194,-3.679666890710486,-1.924817154336768,1.3397913112986377,-0.0984104785689082,3.965220519508229,-0.4431274438343454,1.3229101875008091
67.0,228.0,129.88369750976562,-0.0375539125029723,2.683178260371717,-4.114369649219112,-3.679430716965344,-1.9246000535494767,1.3402022966892828,-0.0991060381317665,3.964045450719317,-0.4435850165156397,1.3232991003993002
67.0,228.0,129.88369750976562,-0.0373747018816963,2.6827891322424366,-4.115831560265851,-3.678720605069845,-1.925137080380172,1.3403258327157284,-0.0988966046907536,3.963632318963182,-0.4426579316869733,1.3218509770686553
67.0,228.0,129.88369750976562,-0.0370591034729298,2.6826218239917727,-4.115266560061377,-3.679595996907135,-1.926209819046368,1.3414009745971895,-0.0987779561750726,3.964208636924238,-0.4451036432456676,1.3236569489549574
67.0,228.0,129.88369750976562,-0.0391015901040685,2.6832066369908216,-4.11469770047713,-3.680059309122311,-1.9260168474946973,1.3411719572718803,-0.0990887163406583,3.963894911594921,-0.4433537251091182,1.3222977704533132
67.0,228.0,129.88369750976562,-0.0371238674580442,2.6828863163114574,-4.116450644235016,-3.678852193219088,-1.9245006772364748,1.340853961483298,-0.1003745299408251,3.96483297132265,-0.4438758320633198,1.32253467512871
67.0,228.0,129.88369750976562,-0.0387529514039979,2.682332987600346,-4.114907536737543,-3.6795098013530296,-1.9263257462158496,1.3407473142017434,-0.0999818312495976,3.964815872089346,-0.4437279455012012,1.3221885533632094
67.0,228.0,129.88369750976562,-0.0385026246801999,2.681902136710416,-4.116577281202409,-3.680540846948508,-1.92433206385908,1.3402460540770993,-0.099126385258616,3.9633692913641982,-0.4437405342625667,1.3232985721522927
67.0,229.0,129.88369750976562,-0.0372763731490363,2.6826167704504225,-4.114823442455658,-3.6783468022659607,-1.9261520268860424,1.3403612303406105,-0.0998002543669788,3.963755631935773,-0.4432836224847902,1.323920551784124
67.0,229.0,129.88369750976562,-0.0386144815276365,2.682602177420531,-4.114692785083619,-3.6782825809630206,-1.925857278402108,1.3408475275948784,-0.0997619686173913,3.964034353113425,-0.4420803106852294,1.323383683790692
67.0,229.0,129.88369750976562,-0.0384255196221009,2.6828457518910365,-4.115229419906435,-3.678280070499364,-1.9241863635424368,1.340197132733122,-0.0989346872452995,3.965045366748188,-0.4436973324717846,1.3237061726352286
67.0,229.0,129.88369750976562,-0.0374477628801099,2.682657028303648,-4.114838900894199,-3.678870043592088,-1.9251837276112644,1.3405201841317955,-0.0987901150784344,3.964675583138253,-0.4423633760043502,1.3238448057713843
67.0,229.0,129.88369750976562,-0.0382635524696136,2.682419967614642,-4.114786126384205,-3.679311634560755,-1.925978686292598,1.3411333845684037,-0.0987597980305496,3.9641414728433215,-0.4424791061193618,1.320928414315454
67.0,229.0,129.88369750976562,-0.0384394284723971,2.682975909148543,-4.114785849651962,-3.679239009035948,-1.9244454601702328,1.3399968271028857,-0.0992974966139006,3.9634126109169294,-0.4438348749963561,1.323728487499586
67.0,229.0,129.88369750976562,-0.0375151009923383,2.6815405326175563,-4.11492126820321,-3.678696413336605,-1.9248538354858755,1.3399425126041962,-0.0987835979778907,3.963714046279793,-0.4446811609730565,1.323395357397754
67.0,229.0,129.88369750976562,-0.0377454066103169,2.6825043046280004,-4.114788089707397,-3.679652743106941,-1.9244710726958925,1.340134709603629,-0.1004671214614538,3.9636188560680137,-0.4424447477359667,1.3231665976907154
67.0,229.0,129.88369750976562,-0.0364954623203145,2.682236998039043,-4.1151194879360045,-3.678349310488348,-1.9266135679514724,1.3402469514634694,-0.0997973225445006,3.96391029317396,-0.4446940722613329,1.3226826898546231
67.0,229.0,129.88369750976562,-0.0383554438796345,2.6837078456050074,-4.1148397309375175,-3.6796427651577615,-1.925935618093105,1.3413987342605571,-0.0995517511654577,3.963735392106942,-0.4447510661004394,1.3223569690262462
67.0,229.0,129.88369750976562,-0.0374471514184957,2.6830290313127803,-4.114093649499316,-3.679834210451842,-1.924097479454128,1.3403730799535918,-0.0989693227775162,3.9646815998637,-0.4441470635204132,1.3235251103658887
67.0,229.0,129.88369750976562,-0.0382710782515905,2.682893249029939,-4.115279657961465,-3.6792257495786993,-1.924598940320268,1.340114582927606,-0.0982937747407807,3.963413311773425,-0.4438361054294831,1.3238186492275428
67.0,229.0,129.88369750976562,-0.0386767940782647,2.6825724445294745,-4.114978013222114,-3.6803825219341575,-1.925471672712967,1.340026883894302,-0.1000383970307691,3.965015974768844,-0.4424138905121658,1.3231790020943524
67.0,229.0,129.88369750976562,-0.0386743878574695,2.682514171969066,-4.114506661615946,-3.679438333994672,-1.9243521442453364,1.339783745789752,-0.0992489063510318,3.963839175972056,-0.4434921678817331,1.3240327725928551
67.0,229.0,129.88369750976562,-0.0378622370720957,2.681968301780857,-4.11483420834631,-3.6800866107675727,-1.924030423868726,1.3402908182460136,-0.0994770964367983,3.9636342318458793,-0.4433138246954711,1.324016149664466
67.0,229.0,129.88369750976562,-0.038409736125438,2.683223324443615,-4.114847609240932,-3.679415568245977,-1.9254956460903945,1.339956890140793,-0.0993767820110977,3.96545346379171,-0.4440833734044859,1.3235641918682983
67.0,229.0,129.88369750976562,-0.0365283721779428,2.6821798842695697,-4.11603441881068,-3.679486054107372,-1.9251379515389608,1.3405617104052885,-0.1002226474128503,3.96390962240616,-0.4420402715724512,1.3236767237550735
67.0,229.0,129.88369750976562,-0.0364397398083592,2.6825071178585005,-4.115088219917484,-3.67970139592296,-1.9261702671341336,1.340268587447146,-0.1007867068112726,3.963668351548983,-0.4431968561648036,1.323600593218882
67.0,229.0,129.88369750976562,-0.0383216637770437,2.6825741157856324,-4.114967170153109,-3.6780063208760607,-1.924454085840296,1.3404595116488414,-0.099584917212826,3.9638032536282113,-0.4437830930453497,1.3237113962040006
67.0,229.0,129.88369750976562,-0.0379767604336877,2.680744641094622,-4.114477853527157,-3.6801701846835897,-1.924400799866619,1.3404674448137248,-0.0999418297218291,3.9646977554076215,-0.4444012423801128,1.3236911002911962
67.0,229.0,129.88369750976562,-0.0390478143195861,2.682337844354252,-4.115926773235828,-3.6795526101329856,-1.924688573970111,1.3412594732204302,-0.0998160293303123,3.963891675060848,-0.4428856325751028,1.3240663398786898
67.0,229.0,129.88369750976562,-0.0383148729229902,2.6832796999404445,-4.116294179060572,-3.6793979513078847,-1.9250865185851764,1.340689295518906,-0.0983386555168854,3.963023765613142,-0.4436402091529069,1.323783064095721
67.0,229.0,129.88369750976562,-0.0379627504806742,2.6821752792535305,-4.115112653936806,-3.679108163981376,-1.9271989799946387,1.3404670547282131,-0.0989285936155462,3.963762776092248,-0.4436037889685726,1.3234545198064809
67.0,229.0,129.88369750976562,-0.0392187524807247,2.683054261908589,-4.114922136147859,-3.6795777604845856,-1.925288325593142,1.3412020927009516,-0.0999221139832497,3.9638507441902,-0.4441360716815598,1.3240769948011513
67.0,229.0,129.88369750976562,-0.0383849644671473,2.6829565493324656,-4.1152425670406885,-3.679085536259625,-1.9245625020625792,1.3398362901102925,-0.0989136901687004,3.964908554644228,-0.4445902552466633,1.3237140521602766
67.0,229.0,129.88369750976562,-0.0381150873514049,2.682542042709517,-4.114430642239843,-3.678878579382245,-1.9244999050184943,1.3406975087022637,-0.0999938618507068,3.963198803446204,-0.4438787615061223,1.3237429493033557
67.0,229.0,129.88369750976562,-0.0356061132564945,2.682682236611596,-4.114853691872366,-3.679371797552783,-1.926117401442866,1.3402494852328133,-0.0995158924403936,3.963593572879813,-0.4432809198229624,1.3217267572875264
67.0,229.0,129.88369750976562,-0.0370319986549597,2.682141311654721,-4.11568919640137,-3.679601765843594,-1.9250876999733395,1.3398228311447469,-0.1004837490685165,3.964237534852891,-0.442657322459007,1.323574800022745
67.0,229.0,129.88369750976562,-0.0370807272260081,2.68264859514898,-4.115168223632826,-3.678252415128613,-1.9239598296335736,1.3405486072531194,-0.098422161926668,3.964345449074509,-0.4430919035377933,1.32368118639016
67.0,229.0,129.88369750976562,-0.0371588517049898,2.6805734538012,-4.114829362922763,-3.680286246949066,-1.92656536943232,1.339947151786356,-0.0988547495593402,3.9637048782995135,-0.4439045648392518,1.323849355521426
67.0,229.0,129.88369750976562,-0.0375504977495809,2.682280533818246,-4.115233018272244,-3.679761393898062,-1.925012808213688,1.3408448440508045,-0.0991535257406458,3.963799535448471,-0.4426996479812786,1.32341862225405
67.0,229.0,129.88369750976562,-0.0364782580288229,2.6818429670123987,-4.11474322378592,-3.679358600708835,-1.9243445464444973,1.3403015173573354,-0.09960695951543,3.965946662438152,-0.4428471831983755,1.3238509640840692
67.0,229.0,129.88369750976562,-0.0375050067521598,2.682394795215691,-4.114718372567042,-3.678092981168621,-1.9258440914610253,1.3400083563894525,-0.099182553119151,3.966016159885976,-0.4438312502809411,1.3218137438897066
67.0,229.0,129.88369750976562,-0.0385790505121479,2.6829151465589978,-4.114800802167872,-3.680258446862143,-1.924409893497719,1.340273682270729,-0.0988903953142273,3.964274155720028,-0.443693939368691,1.324358976709781
67.0,229.0,129.88369750976562,-0.0373377203114786,2.682486630971601,-4.114913017838977,-3.6783634873448783,-1.9265970819780125,1.3403155553342478,-0.099168483249192,3.963433477689972,-0.4450287501643289,1.3241048847555466
67.0,229.0,129.88369750976562,-0.0379180192985064,2.682247815866732,-4.11618169808676,-3.678672127199636,-1.9243215382018104,1.341224665253827,-0.0999942253138913,3.964944788080395,-0.4445476548029366,1.3237704141458422
67.0,229.0,129.88369750976562,-0.0379024272348933,2.681548237319513,-4.1147750510204935,-3.679808883893499,-1.9248620463978097,1.3398379650494014,-0.0992112748296654,3.963017815678836,-0.4424179299426491,1.3233375186841294
67.0,229.0,129.88369750976562,-0.0386119900478477,2.682502921158186,-4.115330536104988,-3.67922120648243,-1.924454899099244,1.3398214621333258,-0.0993185791376466,3.963886887649888,-0.4432911272000954,1.323338099550023
67.0,229.0,129.88369750976562,-0.0382477403859779,2.68273101332882,-4.115921932644253,-3.677978964649831,-1.924749009834854,1.3417441945558162,-0.0989616560098664,3.9650317801400976,-0.4436610931860999,1.3237025486479133
67.0,229.0,129.88369750976562,-0.0368336824364338,2.6826832487827823,-4.114591204394081,-3.678575812548972,-1.925641460409574,1.3405690717413157,-0.0993023327242637,3.963040004737601,-0.4453726377459595,1.3228519700821009
67.0,229.0,129.88369750976562,-0.0368682580867013,2.6829220535883818,-4.115330151241876,-3.6800847775118006,-1.924143475813016,1.3403634962947215,-0.0977891263415146,3.964305456688996,-0.4434524361281761,1.323232495747224
67.0,229.0,129.88369750976562,-0.0385555590400413,2.682332051900679,-4.11561887003485,-3.678886500882304,-1.9246899936591084,1.339812599810698,-0.0990985889591814,3.964719517917539,-0.4435134565679196,1.3239478618172835
67.0,229.0,129.88369750976562,-0.0362685215543273,2.6824785535414897,-4.115228802300194,-3.679666890710486,-1.924817154336768,1.3397913112986377,-0.0984104785689082,3.965220519508229,-0.4431274438343454,1.3229101875008091
67.0,229.0,129.88369750976562,-0.0375539125029723,2.683178260371717,-4.114369649219112,-3.679430716965344,-1.9246000535494767,1.3402022966892828,-0.0991060381317665,3.964045450719317,-0.4435850165156397,1.3232991003993002
67.0,229.0,129.88369750976562,-0.0373747018816963,2.6827891322424366,-4.115831560265851,-3.678720605069845,-1.925137080380172,1.3403258327157284,-0.0988966046907536,3.963632318963182,-0.4426579316869733,1.3218509770686553
67.0,229.0,129.88369750976562,-0.0370591034729298,2.6826218239917727,-4.115266560061377,-3.679595996907135,-1.926209819046368,1.3414009745971895,-0.0987779561750726,3.964208636924238,-0.4451036432456676,1.3236569489549574
67.0,229.0,129.88369750976562,-0.0391015901040685,2.6832066369908216,-4.11469770047713,-3.680059309122311,-1.9260168474946973,1.3411719572718803,-0.0990887163406583,3.963894911594921,-0.4433537251091182,1.3222977704533132
67.0,229.0,129.88369750976562,-0.0371238674580442,2.6828863163114574,-4.116450644235016,-3.678852193219088,-1.9245006772364748,1.340853961483298,-0.1003745299408251,3.96483297132265,-0.4438758320633198,1.32253467512871
67.0,229.0,129.88369750976562,-0.0387529514039979,2.682332987600346,-4.114907536737543,-3.6795098013530296,-1.9263257462158496,1.3407473142017434,-0.0999818312495976,3.964815872089346,-0.4437279455012012,1.3221885533632094
67.0,229.0,129.88369750976562,-0.0385026246801999,2.681902136710416,-4.116577281202409,-3.680540846948508,-1.92433206385908,1.3402460540770993,-0.099126385258616,3.9633692913641982,-0.4437405342625667,1.3232985721522927
67.0,230.0,129.88369750976562,-0.0372763731490363,2.6826167704504225,-4.114823442455658,-3.6783468022659607,-1.9261520268860424,1.3403612303406105,-0.0998002543669788,3.963755631935773,-0.4432836224847902,1.323920551784124
67.0,230.0,129.88369750976562,-0.0386144815276365,2.682602177420531,-4.114692785083619,-3.6782825809630206,-1.925857278402108,1.3408475275948784,-0.0997619686173913,3.964034353113425,-0.4420803106852294,1.323383683790692
67.0,230.0,129.88369750976562,-0.0384255196221009,2.6828457518910365,-4.115229419906435,-3.678280070499364,-1.9241863635424368,1.340197132733122,-0.0989346872452995,3.965045366748188,-0.4436973324717846,1.3237061726352286
67.0,230.0,129.88369750976562,-0.0374477628801099,2.682657028303648,-4.114838900894199,-3.678870043592088,-1.9251837276112644,1.3405201841317955,-0.0987901150784344,3.964675583138253,-0.4423633760043502,1.3238448057713843
67.0,230.0,129.88369750976562,-0.0382635524696136,2.682419967614642,-4.114786126384205,-3.679311634560755,-1.925978686292598,1.3411333845684037,-0.0987597980305496,3.9641414728433215,-0.4424791061193618,1.320928414315454
67.0,230.0,129.88369750976562,-0.0384394284723971,2.682975909148543,-4.114785849651962,-3.679239009035948,-1.9244454601702328,1.3399968271028857,-0.0992974966139006,3.9634126109169294,-0.4438348749963561,1.323728487499586
67.0,230.0,129.88369750976562,-0.0375151009923383,2.6815405326175563,-4.11492126820321,-3.678696413336605,-1.9248538354858755,1.3399425126041962,-0.0987835979778907,3.963714046279793,-0.4446811609730565,1.323395357397754
67.0,230.0,129.88369750976562,-0.0377454066103169,2.6825043046280004,-4.114788089707397,-3.679652743106941,-1.9244710726958925,1.340134709603629,-0.1004671214614538,3.9636188560680137,-0.4424447477359667,1.3231665976907154
67.0,230.0,129.88369750976562,-0.0364954623203145,2.682236998039043,-4.1151194879360045,-3.678349310488348,-1.9266135679514724,1.3402469514634694,-0.0997973225445006,3.96391029317396,-0.4446940722613329,1.3226826898546231
67.0,230.0,129.88369750976562,-0.0383554438796345,2.6837078456050074,-4.1148397309375175,-3.6796427651577615,-1.925935618093105,1.3413987342605571,-0.0995517511654577,3.963735392106942,-0.4447510661004394,1.3223569690262462
67.0,230.0,129.88369750976562,-0.0374471514184957,2.6830290313127803,-4.114093649499316,-3.679834210451842,-1.924097479454128,1.3403730799535918,-0.0989693227775162,3.9646815998637,-0.4441470635204132,1.3235251103658887
67.0,230.0,129.88369750976562,-0.0382710782515905,2.682893249029939,-4.115279657961465,-3.6792257495786993,-1.924598940320268,1.340114582927606,-0.0982937747407807,3.963413311773425,-0.4438361054294831,1.3238186492275428
67.0,230.0,129.88369750976562,-0.0386767940782647,2.6825724445294745,-4.114978013222114,-3.6803825219341575,-1.925471672712967,1.340026883894302,-0.1000383970307691,3.965015974768844,-0.4424138905121658,1.3231790020943524
67.0,230.0,129.88369750976562,-0.0386743878574695,2.682514171969066,-4.114506661615946,-3.679438333994672,-1.9243521442453364,1.339783745789752,-0.0992489063510318,3.963839175972056,-0.4434921678817331,1.3240327725928551
67.0,230.0,129.88369750976562,-0.0378622370720957,2.681968301780857,-4.11483420834631,-3.6800866107675727,-1.924030423868726,1.3402908182460136,-0.0994770964367983,3.9636342318458793,-0.4433138246954711,1.324016149664466
67.0,230.0,129.88369750976562,-0.038409736125438,2.683223324443615,-4.114847609240932,-3.679415568245977,-1.9254956460903945,1.339956890140793,-0.0993767820110977,3.96545346379171,-0.4440833734044859,1.3235641918682983
67.0,230.0,129.88369750976562,-0.0365283721779428,2.6821798842695697,-4.11603441881068,-3.679486054107372,-1.9251379515389608,1.3405617104052885,-0.1002226474128503,3.96390962240616,-0.4420402715724512,1.3236767237550735
67.0,230.0,129.88369750976562,-0.0364397398083592,2.6825071178585005,-4.115088219917484,-3.67970139592296,-1.9261702671341336,1.340268587447146,-0.1007867068112726,3.963668351548983,-0.4431968561648036,1.323600593218882
67.0,230.0,129.88369750976562,-0.0383216637770437,2.6825741157856324,-4.114967170153109,-3.6780063208760607,-1.924454085840296,1.3404595116488414,-0.099584917212826,3.9638032536282113,-0.4437830930453497,1.3237113962040006
67.0,230.0,129.88369750976562,-0.0379767604336877,2.680744641094622,-4.114477853527157,-3.6801701846835897,-1.924400799866619,1.3404674448137248,-0.0999418297218291,3.9646977554076215,-0.4444012423801128,1.3236911002911962
67.0,230.0,129.88369750976562,-0.0390478143195861,2.682337844354252,-4.115926773235828,-3.6795526101329856,-1.924688573970111,1.3412594732204302,-0.0998160293303123,3.963891675060848,-0.4428856325751028,1.3240663398786898
67.0,230.0,129.88369750976562,-0.0383148729229902,2.6832796999404445,-4.116294179060572,-3.6793979513078847,-1.9250865185851764,1.340689295518906,-0.0983386555168854,3.963023765613142,-0.4436402091529069,1.323783064095721
67.0,230.0,129.88369750976562,-0.0379627504806742,2.6821752792535305,-4.115112653936806,-3.679108163981376,-1.9271989799946387,1.3404670547282131,-0.0989285936155462,3.963762776092248,-0.4436037889685726,1.3234545198064809
67.0,230.0,129.88369750976562,-0.0392187524807247,2.683054261908589,-4.114922136147859,-3.6795777604845856,-1.925288325593142,1.3412020927009516,-0.0999221139832497,3.9638507441902,-0.4441360716815598,1.3240769948011513
67.0,230.0,129.88369750976562,-0.0383849644671473,2.6829565493324656,-4.1152425670406885,-3.679085536259625,-1.9245625020625792,1.3398362901102925,-0.0989136901687004,3.964908554644228,-0.4445902552466633,1.3237140521602766
67.0,230.0,129.88369750976562,-0.0381150873514049,2.682542042709517,-4.114430642239843,-3.678878579382245,-1.9244999050184943,1.3406975087022637,-0.0999938618507068,3.963198803446204,-0.4438787615061223,1.3237429493033557
67.0,230.0,129.88369750976562,-0.0356061132564945,2.682682236611596,-4.114853691872366,-3.679371797552783,-1.926117401442866,1.3402494852328133,-0.0995158924403936,3.963593572879813,-0.4432809198229624,1.3217267572875264
67.0,230.0,129.88369750976562,-0.0370319986549597,2.682141311654721,-4.11568919640137,-3.679601765843594,-1.9250876999733395,1.3398228311447469,-0.1004837490685165,3.964237534852891,-0.442657322459007,1.323574800022745
67.0,230.0,129.88369750976562,-0.0370807272260081,2.68264859514898,-4.115168223632826,-3.678252415128613,-1.9239598296335736,1.3405486072531194,-0.098422161926668,3.964345449074509,-0.4430919035377933,1.32368118639016
67.0,230.0,129.88369750976562,-0.0371588517049898,2.6805734538012,-4.114829362922763,-3.680286246949066,-1.92656536943232,1.339947151786356,-0.0988547495593402,3.9637048782995135,-0.4439045648392518,1.323849355521426
67.0,230.0,129.88369750976562,-0.0375504977495809,2.682280533818246,-4.115233018272244,-3.679761393898062,-1.925012808213688,1.3408448440508045,-0.0991535257406458,3.963799535448471,-0.4426996479812786,1.32341862225405
67.0,230.0,129.88369750976562,-0.0364782580288229,2.6818429670123987,-4.11474322378592,-3.679358600708835,-1.9243445464444973,1.3403015173573354,-0.09960695951543,3.965946662438152,-0.4428471831983755,1.3238509640840692
67.0,230.0,129.88369750976562,-0.0375050067521598,2.682394795215691,-4.114718372567042,-3.678092981168621,-1.9258440914610253,1.3400083563894525,-0.099182553119151,3.966016159885976,-0.4438312502809411,1.3218137438897066
67.0,230.0,129.88369750976562,-0.0385790505121479,2.6829151465589978,-4.114800802167872,-3.680258446862143,-1.924409893497719,1.340273682270729,-0.0988903953142273,3.964274155720028,-0.443693939368691,1.324358976709781
67.0,230.0,129.88369750976562,-0.0373377203114786,2.682486630971601,-4.114913017838977,-3.6783634873448783,-1.9265970819780125,1.3403155553342478,-0.099168483249192,3.963433477689972,-0.4450287501643289,1.3241048847555466
67.0,230.0,129.88369750976562,-0.0379180192985064,2.682247815866732,-4.11618169808676,-3.678672127199636,-1.9243215382018104,1.341224665253827,-0.0999942253138913,3.964944788080395,-0.4445476548029366,1.3237704141458422
67.0,230.0,129.88369750976562,-0.0379024272348933,2.681548237319513,-4.1147750510204935,-3.679808883893499,-1.9248620463978097,1.3398379650494014,-0.0992112748296654,3.963017815678836,-0.4424179299426491,1.3233375186841294
67.0,230.0,129.88369750976562,-0.0386119900478477,2.682502921158186,-4.115330536104988,-3.67922120648243,-1.924454899099244,1.3398214621333258,-0.0993185791376466,3.963886887649888,-0.4432911272000954,1.323338099550023
67.0,230.0,129.88369750976562,-0.0382477403859779,2.68273101332882,-4.115921932644253,-3.677978964649831,-1.924749009834854,1.3417441945558162,-0.0989616560098664,3.9650317801400976,-0.4436610931860999,1.3237025486479133
67.0,230.0,129.88369750976562,-0.0368336824364338,2.6826832487827823,-4.114591204394081,-3.678575812548972,-1.925641460409574,1.3405690717413157,-0.0993023327242637,3.963040004737601,-0.4453726377459595,1.3228519700821009
67.0,230.0,129.88369750976562,-0.0368682580867013,2.6829220535883818,-4.115330151241876,-3.6800847775118006,-1.924143475813016,1.3403634962947215,-0.0977891263415146,3.964305456688996,-0.4434524361281761,1.323232495747224
67.0,230.0,129.88369750976562,-0.0385555590400413,2.682332051900679,-4.11561887003485,-3.678886500882304,-1.9246899936591084,1.339812599810698,-0.0990985889591814,3.964719517917539,-0.4435134565679196,1.3239478618172835
67.0,230.0,129.88369750976562,-0.0362685215543273,2.6824785535414897,-4.115228802300194,-3.679666890710486,-1.924817154336768,1.3397913112986377,-0.0984104785689082,3.965220519508229,-0.4431274438343454,1.3229101875008091
67.0,230.0,129.88369750976562,-0.0375539125029723,2.683178260371717,-4.114369649219112,-3.679430716965344,-1.9246000535494767,1.3402022966892828,-0.0991060381317665,3.964045450719317,-0.4435850165156397,1.3232991003993002
67.0,230.0,129.88369750976562,-0.0373747018816963,2.6827891322424366,-4.115831560265851,-3.678720605069845,-1.925137080380172,1.3403258327157284,-0.0988966046907536,3.963632318963182,-0.4426579316869733,1.3218509770686553
67.0,230.0,129.88369750976562,-0.0370591034729298,2.6826218239917727,-4.115266560061377,-3.679595996907135,-1.926209819046368,1.3414009745971895,-0.0987779561750726,3.964208636924238,-0.4451036432456676,1.3236569489549574
67.0,230.0,129.88369750976562,-0.0391015901040685,2.6832066369908216,-4.11469770047713,-3.680059309122311,-1.9260168474946973,1.3411719572718803,-0.0990887163406583,3.963894911594921,-0.4433537251091182,1.3222977704533132
67.0,230.0,129.88369750976562,-0.0371238674580442,2.6828863163114574,-4.116450644235016,-3.678852193219088,-1.9245006772364748,1.340853961483298,-0.1003745299408251,3.96483297132265,-0.4438758320633198,1.32253467512871
67.0,230.0,129.88369750976562,-0.0387529514039979,2.682332987600346,-4.114907536737543,-3.6795098013530296,-1.9263257462158496,1.3407473142017434,-0.0999818312495976,3.964815872089346,-0.4437279455012012,1.3221885533632094
67.0,230.0,129.88369750976562,-0.0385026246801999,2.681902136710416,-4.116577281202409,-3.680540846948508,-1.92433206385908,1.3402460540770993,-0.099126385258616,3.9633692913641982,-0.4437405342625667,1.3232985721522927
67.0,231.0,129.88369750976562,-0.0372763731490363,2.6826167704504225,-4.114823442455658,-3.6783468022659607,-1.9261520268860424,1.3403612303406105,-0.0998002543669788,3.963755631935773,-0.4432836224847902,1.323920551784124
67.0,231.0,129.88369750976562,-0.0386144815276365,2.682602177420531,-4.114692785083619,-3.6782825809630206,-1.925857278402108,1.3408475275948784,-0.0997619686173913,3.964034353113425,-0.4420803106852294,1.323383683790692
67.0,231.0,129.88369750976562,-0.0384255196221009,2.6828457518910365,-4.115229419906435,-3.678280070499364,-1.9241863635424368,1.340197132733122,-0.0989346872452995,3.965045366748188,-0.4436973324717846,1.3237061726352286
67.0,231.0,129.88369750976562,-0.0374477628801099,2.682657028303648,-4.114838900894199,-3.678870043592088,-1.9251837276112644,1.3405201841317955,-0.0987901150784344,3.964675583138253,-0.4423633760043502,1.3238448057713843
67.0,231.0,129.88369750976562,-0.0382635524696136,2.682419967614642,-4.114786126384205,-3.679311634560755,-1.925978686292598,1.3411333845684037,-0.0987597980305496,3.9641414728433215,-0.4424791061193618,1.320928414315454
67.0,231.0,129.88369750976562,-0.0384394284723971,2.682975909148543,-4.114785849651962,-3.679239009035948,-1.9244454601702328,1.3399968271028857,-0.0992974966139006,3.9634126109169294,-0.4438348749963561,1.323728487499586
67.0,231.0,129.88369750976562,-0.0375151009923383,2.6815405326175563,-4.11492126820321,-3.678696413336605,-1.9248538354858755,1.3399425126041962,-0.0987835979778907,3.963714046279793,-0.4446811609730565,1.323395357397754
67.0,231.0,129.88369750976562,-0.0377454066103169,2.6825043046280004,-4.114788089707397,-3.679652743106941,-1.9244710726958925,1.340134709603629,-0.1004671214614538,3.9636188560680137,-0.4424447477359667,1.3231665976907154
67.0,231.0,129.88369750976562,-0.0364954623203145,2.682236998039043,-4.1151194879360045,-3.678349310488348,-1.9266135679514724,1.3402469514634694,-0.0997973225445006,3.96391029317396,-0.4446940722613329,1.3226826898546231
67.0,231.0,129.88369750976562,-0.0383554438796345,2.6837078456050074,-4.1148397309375175,-3.6796427651577615,-1.925935618093105,1.3413987342605571,-0.0995517511654577,3.963735392106942,-0.4447510661004394,1.3223569690262462
67.0,231.0,129.88369750976562,-0.0374471514184957,2.6830290313127803,-4.114093649499316,-3.679834210451842,-1.924097479454128,1.3403730799535918,-0.0989693227775162,3.9646815998637,-0.4441470635204132,1.3235251103658887
67.0,231.0,129.88369750976562,-0.0382710782515905,2.682893249029939,-4.115279657961465,-3.6792257495786993,-1.924598940320268,1.340114582927606,-0.0982937747407807,3.963413311773425,-0.4438361054294831,1.3238186492275428
67.0,231.0,129.88369750976562,-0.0386767940782647,2.6825724445294745,-4.114978013222114,-3.6803825219341575,-1.925471672712967,1.340026883894302,-0.1000383970307691,3.965015974768844,-0.4424138905121658,1.3231790020943524
67.0,231.0,129.88369750976562,-0.0386743878574695,2.682514171969066,-4.114506661615946,-3.679438333994672,-1.9243521442453364,1.339783745789752,-0.0992489063510318,3.963839175972056,-0.4434921678817331,1.3240327725928551
67.0,231.0,129.88369750976562,-0.0378622370720957,2.681968301780857,-4.11483420834631,-3.6800866107675727,-1.924030423868726,1.3402908182460136,-0.0994770964367983,3.9636342318458793,-0.4433138246954711,1.324016149664466
67.0,231.0,129.88369750976562,-0.038409736125438,2.683223324443615,-4.114847609240932,-3.679415568245977,-1.9254956460903945,1.339956890140793,-0.0993767820110977,3.96545346379171,-0.4440833734044859,1.3235641918682983
67.0,231.0,129.88369750976562,-0.0365283721779428,2.6821798842695697,-4.11603441881068,-3.679486054107372,-1.9251379515389608,1.3405617104052885,-0.1002226474128503,3.96390962240616,-0.4420402715724512,1.3236767237550735
67.0,231.0,129.88369750976562,-0.0364397398083592,2.6825071178585005,-4.115088219917484,-3.67970139592296,-1.9261702671341336,1.340268587447146,-0.1007867068112726,3.963668351548983,-0.4431968561648036,1.323600593218882
67.0,231.0,129.88369750976562,-0.0383216637770437,2.6825741157856324,-4.114967170153109,-3.6780063208760607,-1.924454085840296,1.3404595116488414,-0.099584917212826,3.9638032536282113,-0.4437830930453497,1.3237113962040006
67.0,231.0,129.88369750976562,-0.0379767604336877,2.680744641094622,-4.114477853527157,-3.6801701846835897,-1.924400799866619,1.3404674448137248,-0.0999418297218291,3.9646977554076215,-0.4444012423801128,1.3236911002911962
67.0,231.0,129.88369750976562,-0.0390478143195861,2.682337844354252,-4.115926773235828,-3.6795526101329856,-1.924688573970111,1.3412594732204302,-0.0998160293303123,3.963891675060848,-0.4428856325751028,1.3240663398786898
67.0,231.0,129.88369750976562,-0.0383148729229902,2.6832796999404445,-4.116294179060572,-3.6793979513078847,-1.9250865185851764,1.340689295518906,-0.0983386555168854,3.963023765613142,-0.4436402091529069,1.323783064095721
67.0,231.0,129.88369750976562,-0.0379627504806742,2.6821752792535305,-4.115112653936806,-3.679108163981376,-1.9271989799946387,1.3404670547282131,-0.0989285936155462,3.963762776092248,-0.4436037889685726,1.3234545198064809
67.0,231.0,129.88369750976562,-0.0392187524807247,2.683054261908589,-4.114922136147859,-3.6795777604845856,-1.925288325593142,1.3412020927009516,-0.0999221139832497,3.9638507441902,-0.4441360716815598,1.3240769948011513
67.0,231.0,129.88369750976562,-0.0383849644671473,2.6829565493324656,-4.1152425670406885,-3.679085536259625,-1.9245625020625792,1.3398362901102925,-0.0989136901687004,3.964908554644228,-0.4445902552466633,1.3237140521602766
67.0,231.0,129.88369750976562,-0.0381150873514049,2.682542042709517,-4.114430642239843,-3.678878579382245,-1.9244999050184943,1.3406975087022637,-0.0999938618507068,3.963198803446204,-0.4438787615061223,1.3237429493033557
67.0,231.0,129.88369750976562,-0.0356061132564945,2.682682236611596,-4.114853691872366,-3.679371797552783,-1.926117401442866,1.3402494852328133,-0.0995158924403936,3.963593572879813,-0.4432809198229624,1.3217267572875264
67.0,231.0,129.88369750976562,-0.0370319986549597,2.682141311654721,-4.11568919640137,-3.679601765843594,-1.9250876999733395,1.3398228311447469,-0.1004837490685165,3.964237534852891,-0.442657322459007,1.323574800022745
67.0,231.0,129.88369750976562,-0.0370807272260081,2.68264859514898,-4.115168223632826,-3.678252415128613,-1.9239598296335736,1.3405486072531194,-0.098422161926668,3.964345449074509,-0.4430919035377933,1.32368118639016
67.0,231.0,129.88369750976562,-0.0371588517049898,2.6805734538012,-4.114829362922763,-3.680286246949066,-1.92656536943232,1.339947151786356,-0.0988547495593402,3.9637048782995135,-0.4439045648392518,1.323849355521426
67.0,231.0,129.88369750976562,-0.0375504977495809,2.682280533818246,-4.115233018272244,-3.679761393898062,-1.925012808213688,1.3408448440508045,-0.0991535257406458,3.963799535448471,-0.4426996479812786,1.32341862225405
67.0,231.0,129.88369750976562,-0.0364782580288229,2.6818429670123987,-4.11474322378592,-3.679358600708835,-1.9243445464444973,1.3403015173573354,-0.09960695951543,3.965946662438152,-0.4428471831983755,1.3238509640840692
67.0,231.0,129.88369750976562,-0.0375050067521598,2.682394795215691,-4.114718372567042,-3.678092981168621,-1.9258440914610253,1.3400083563894525,-0.099182553119151,3.966016159885976,-0.4438312502809411,1.3218137438897066
67.0,231.0,129.88369750976562,-0.0385790505121479,2.6829151465589978,-4.114800802167872,-3.680258446862143,-1.924409893497719,1.340273682270729,-0.0988903953142273,3.964274155720028,-0.443693939368691,1.324358976709781
67.0,231.0,129.88369750976562,-0.0373377203114786,2.682486630971601,-4.114913017838977,-3.6783634873448783,-1.9265970819780125,1.3403155553342478,-0.099168483249192,3.963433477689972,-0.4450287501643289,1.3241048847555466
67.0,231.0,129.88369750976562,-0.0379180192985064,2.682247815866732,-4.11618169808676,-3.678672127199636,-1.9243215382018104,1.341224665253827,-0.0999942253138913,3.964944788080395,-0.4445476548029366,1.3237704141458422
67.0,231.0,129.88369750976562,-0.0379024272348933,2.681548237319513,-4.1147750510204935,-3.679808883893499,-1.9248620463978097,1.3398379650494014,-0.0992112748296654,3.963017815678836,-0.4424179299426491,1.3233375186841294
67.0,231.0,129.88369750976562,-0.0386119900478477,2.682502921158186,-4.115330536104988,-3.67922120648243,-1.924454899099244,1.3398214621333258,-0.0993185791376466,3.963886887649888,-0.4432911272000954,1.323338099550023
67.0,231.0,129.88369750976562,-0.0382477403859779,2.68273101332882,-4.115921932644253,-3.677978964649831,-1.924749009834854,1.3417441945558162,-0.0989616560098664,3.9650317801400976,-0.4436610931860999,1.3237025486479133
67.0,231.0,129.88369750976562,-0.0368336824364338,2.6826832487827823,-4.114591204394081,-3.678575812548972,-1.925641460409574,1.3405690717413157,-0.0993023327242637,3.963040004737601,-0.4453726377459595,1.3228519700821009
67.0,231.0,129.88369750976562,-0.0368682580867013,2.6829220535883818,-4.115330151241876,-3.6800847775118006,-1.924143475813016,1.3403634962947215,-0.0977891263415146,3.964305456688996,-0.4434524361281761,1.323232495747224
67.0,231.0,129.88369750976562,-0.0385555590400413,2.682332051900679,-4.11561887003485,-3.678886500882304,-1.9246899936591084,1.339812599810698,-0.0990985889591814,3.964719517917539,-0.4435134565679196,1.3239478618172835
67.0,231.0,129.88369750976562,-0.0362685215543273,2.6824785535414897,-4.115228802300194,-3.679666890710486,-1.924817154336768,1.3397913112986377,-0.0984104785689082,3.965220519508229,-0.4431274438343454,1.3229101875008091
67.0,231.0,129.88369750976562,-0.0375539125029723,2.683178260371717,-4.114369649219112,-3.679430716965344,-1.9246000535494767,1.3402022966892828,-0.0991060381317665,3.964045450719317,-0.4435850165156397,1.3232991003993002
67.0,231.0,129.88369750976562,-0.0373747018816963,2.6827891322424366,-4.115831560265851,-3.678720605069845,-1.925137080380172,1.3403258327157284,-0.0988966046907536,3.963632318963182,-0.4426579316869733,1.3218509770686553
67.0,231.0,129.88369750976562,-0.0370591034729298,2.6826218239917727,-4.115266560061377,-3.679595996907135,-1.926209819046368,1.3414009745971895,-0.0987779561750726,3.964208636924238,-0.4451036432456676,1.3236569489549574
67.0,231.0,129.88369750976562,-0.0391015901040685,2.6832066369908216,-4.11469770047713,-3.680059309122311,-1.9260168474946973,1.3411719572718803,-0.0990887163406583,3.963894911594921,-0.4433537251091182,1.3222977704533132
67.0,231.0,129.88369750976562,-0.0371238674580442,2.6828863163114574,-4.116450644235016,-3.678852193219088,-1.9245006772364748,1.340853961483298,-0.1003745299408251,3.96483297132265,-0.4438758320633198,1.32253467512871
67.0,231.0,129.88369750976562,-0.0387529514039979,2.682332987600346,-4.114907536737543,-3.6795098013530296,-1.9263257462158496,1.3407473142017434,-0.0999818312495976,3.964815872089346,-0.4437279455012012,1.3221885533632094
67.0,231.0,129.88369750976562,-0.0385026246801999,2.681902136710416,-4.116577281202409,-3.680540846948508,-1.92433206385908,1.3402460540770993,-0.099126385258616,3.9633692913641982,-0.4437405342625667,1.3232985721522927
67.0,232.0,129.88369750976562,-0.0372763731490363,2.6826167704504225,-4.114823442455658,-3.6783468022659607,-1.9261520268860424,1.3403612303406105,-0.0998002543669788,3.963755631935773,-0.4432836224847902,1.323920551784124
67.0,232.0,129.88369750976562,-0.0386144815276365,2.682602177420531,-4.114692785083619,-3.6782825809630206,-1.925857278402108,1.3408475275948784,-0.0997619686173913,3.964034353113425,-0.4420803106852294,1.323383683790692
67.0,232.0,129.88369750976562,-0.0384255196221009,2.6828457518910365,-4.115229419906435,-3.678280070499364,-1.9241863635424368,1.340197132733122,-0.0989346872452995,3.965045366748188,-0.4436973324717846,1.3237061726352286
67.0,232.0,129.88369750976562,-0.0374477628801099,2.682657028303648,-4.114838900894199,-3.678870043592088,-1.9251837276112644,1.3405201841317955,-0.0987901150784344,3.964675583138253,-0.4423633760043502,1.3238448057713843
67.0,232.0,129.88369750976562,-0.0382635524696136,2.682419967614642,-4.114786126384205,-3.679311634560755,-1.925978686292598,1.3411333845684037,-0.0987597980305496,3.9641414728433215,-0.4424791061193618,1.320928414315454
67.0,232.0,129.88369750976562,-0.0384394284723971,2.682975909148543,-4.114785849651962,-3.679239009035948,-1.9244454601702328,1.3399968271028857,-0.0992974966139006,3.9634126109169294,-0.4438348749963561,1.323728487499586
67.0,232.0,129.88369750976562,-0.0375151009923383,2.6815405326175563,-4.11492126820321,-3.678696413336605,-1.9248538354858755,1.3399425126041962,-0.0987835979778907,3.963714046279793,-0.4446811609730565,1.323395357397754
67.0,232.0,129.88369750976562,-0.0377454066103169,2.6825043046280004,-4.114788089707397,-3.679652743106941,-1.9244710726958925,1.340134709603629,-0.1004671214614538,3.9636188560680137,-0.4424447477359667,1.3231665976907154
67.0,232.0,129.88369750976562,-0.0364954623203145,2.682236998039043,-4.1151194879360045,-3.678349310488348,-1.9266135679514724,1.3402469514634694,-0.0997973225445006,3.96391029317396,-0.4446940722613329,1.3226826898546231
67.0,232.0,129.88369750976562,-0.0383554438796345,2.6837078456050074,-4.1148397309375175,-3.6796427651577615,-1.925935618093105,1.3413987342605571,-0.0995517511654577,3.963735392106942,-0.4447510661004394,1.3223569690262462
67.0,232.0,129.88369750976562,-0.0374471514184957,2.6830290313127803,-4.114093649499316,-3.679834210451842,-1.924097479454128,1.3403730799535918,-0.0989693227775162,3.9646815998637,-0.4441470635204132,1.3235251103658887
67.0,232.0,129.88369750976562,-0.0382710782515905,2.682893249029939,-4.115279657961465,-3.6792257495786993,-1.924598940320268,1.340114582927606,-0.0982937747407807,3.963413311773425,-0.4438361054294831,1.3238186492275428
67.0,232.0,129.88369750976562,-0.0386767940782647,2.6825724445294745,-4.114978013222114,-3.6803825219341575,-1.925471672712967,1.340026883894302,-0.1000383970307691,3.965015974768844,-0.4424138905121658,1.3231790020943524
67.0,232.0,129.88369750976562,-0.0386743878574695,2.682514171969066,-4.114506661615946,-3.679438333994672,-1.9243521442453364,1.339783745789752,-0.0992489063510318,3.963839175972056,-0.4434921678817331,1.3240327725928551
67.0,232.0,129.88369750976562,-0.0378622370720957,2.681968301780857,-4.11483420834631,-3.6800866107675727,-1.924030423868726,1.3402908182460136,-0.0994770964367983,3.9636342318458793,-0.4433138246954711,1.324016149664466
67.0,232.0,129.88369750976562,-0.038409736125438,2.683223324443615,-4.114847609240932,-3.679415568245977,-1.9254956460903945,1.339956890140793,-0.0993767820110977,3.96545346379171,-0.4440833734044859,1.3235641918682983
67.0,232.0,129.88369750976562,-0.0365283721779428,2.6821798842695697,-4.11603441881068,-3.679486054107372,-1.9251379515389608,1.3405617104052885,-0.1002226474128503,3.96390962240616,-0.4420402715724512,1.3236767237550735
67.0,232.0,129.88369750976562,-0.0364397398083592,2.6825071178585005,-4.115088219917484,-3.67970139592296,-1.9261702671341336,1.340268587447146,-0.1007867068112726,3.963668351548983,-0.4431968561648036,1.323600593218882
67.0,232.0,129.88369750976562,-0.0383216637770437,2.6825741157856324,-4.114967170153109,-3.6780063208760607,-1.924454085840296,1.3404595116488414,-0.099584917212826,3.9638032536282113,-0.4437830930453497,1.3237113962040006
67.0,232.0,129.88369750976562,-0.0379767604336877,2.680744641094622,-4.114477853527157,-3.6801701846835897,-1.924400799866619,1.3404674448137248,-0.0999418297218291,3.9646977554076215,-0.4444012423801128,1.3236911002911962
67.0,232.0,129.88369750976562,-0.0390478143195861,2.682337844354252,-4.115926773235828,-3.6795526101329856,-1.924688573970111,1.3412594732204302,-0.0998160293303123,3.963891675060848,-0.4428856325751028,1.3240663398786898
67.0,232.0,129.88369750976562,-0.0383148729229902,2.6832796999404445,-4.116294179060572,-3.6793979513078847,-1.9250865185851764,1.340689295518906,-0.0983386555168854,3.963023765613142,-0.4436402091529069,1.323783064095721
67.0,232.0,129.88369750976562,-0.0379627504806742,2.6821752792535305,-4.115112653936806,-3.679108163981376,-1.9271989799946387,1.3404670547282131,-0.0989285936155462,3.963762776092248,-0.4436037889685726,1.3234545198064809
67.0,232.0,129.88369750976562,-0.0392187524807247,2.683054261908589,-4.114922136147859,-3.6795777604845856,-1.925288325593142,1.3412020927009516,-0.0999221139832497,3.9638507441902,-0.4441360716815598,1.3240769948011513
67.0,232.0,129.88369750976562,-0.0383849644671473,2.6829565493324656,-4.1152425670406885,-3.679085536259625,-1.9245625020625792,1.3398362901102925,-0.0989136901687004,3.964908554644228,-0.4445902552466633,1.3237140521602766
67.0,232.0,129.88369750976562,-0.0381150873514049,2.682542042709517,-4.114430642239843,-3.678878579382245,-1.9244999050184943,1.3406975087022637,-0.0999938618507068,3.963198803446204,-0.4438787615061223,1.3237429493033557
67.0,232.0,129.88369750976562,-0.0356061132564945,2.682682236611596,-4.114853691872366,-3.679371797552783,-1.926117401442866,1.3402494852328133,-0.0995158924403936,3.963593572879813,-0.4432809198229624,1.3217267572875264
67.0,232.0,129.88369750976562,-0.0370319986549597,2.682141311654721,-4.11568919640137,-3.679601765843594,-1.9250876999733395,1.3398228311447469,-0.1004837490685165,3.964237534852891,-0.442657322459007,1.323574800022745
67.0,232.0,129.88369750976562,-0.0370807272260081,2.68264859514898,-4.115168223632826,-3.678252415128613,-1.9239598296335736,1.3405486072531194,-0.098422161926668,3.964345449074509,-0.4430919035377933,1.32368118639016
67.0,232.0,129.88369750976562,-0.0371588517049898,2.6805734538012,-4.114829362922763,-3.680286246949066,-1.92656536943232,1.339947151786356,-0.0988547495593402,3.9637048782995135,-0.4439045648392518,1.323849355521426
67.0,232.0,129.88369750976562,-0.0375504977495809,2.682280533818246,-4.115233018272244,-3.679761393898062,-1.925012808213688,1.3408448440508045,-0.0991535257406458,3.963799535448471,-0.4426996479812786,1.32341862225405
67.0,232.0,129.88369750976562,-0.0364782580288229,2.6818429670123987,-4.11474322378592,-3.679358600708835,-1.9243445464444973,1.3403015173573354,-0.09960695951543,3.965946662438152,-0.4428471831983755,1.3238509640840692
67.0,232.0,129.88369750976562,-0.0375050067521598,2.682394795215691,-4.114718372567042,-3.678092981168621,-1.9258440914610253,1.3400083563894525,-0.099182553119151,3.966016159885976,-0.4438312502809411,1.3218137438897066
67.0,232.0,129.88369750976562,-0.0385790505121479,2.6829151465589978,-4.114800802167872,-3.680258446862143,-1.924409893497719,1.340273682270729,-0.0988903953142273,3.964274155720028,-0.443693939368691,1.324358976709781
67.0,232.0,129.88369750976562,-0.0373377203114786,2.682486630971601,-4.114913017838977,-3.6783634873448783,-1.9265970819780125,1.3403155553342478,-0.099168483249192,3.963433477689972,-0.4450287501643289,1.3241048847555466
67.0,232.0,129.88369750976562,-0.0379180192985064,2.682247815866732,-4.11618169808676,-3.678672127199636,-1.9243215382018104,1.341224665253827,-0.0999942253138913,3.964944788080395,-0.4445476548029366,1.3237704141458422
67.0,232.0,129.88369750976562,-0.0379024272348933,2.681548237319513,-4.1147750510204935,-3.679808883893499,-1.9248620463978097,1.3398379650494014,-0.0992112748296654,3.963017815678836,-0.4424179299426491,1.3233375186841294
67.0,232.0,129.88369750976562,-0.0386119900478477,2.682502921158186,-4.115330536104988,-3.67922120648243,-1.924454899099244,1.3398214621333258,-0.0993185791376466,3.963886887649888,-0.4432911272000954,1.323338099550023
67.0,232.0,129.88369750976562,-0.0382477403859779,2.68273101332882,-4.115921932644253,-3.677978964649831,-1.924749009834854,1.3417441945558162,-0.0989616560098664,3.9650317801400976,-0.4436610931860999,1.3237025486479133
67.0,232.0,129.88369750976562,-0.0368336824364338,2.6826832487827823,-4.114591204394081,-3.678575812548972,-1.925641460409574,1.3405690717413157,-0.0993023327242637,3.963040004737601,-0.4453726377459595,1.3228519700821009
67.0,232.0,129.88369750976562,-0.0368682580867013,2.6829220535883818,-4.115330151241876,-3.6800847775118006,-1.924143475813016,1.3403634962947215,-0.0977891263415146,3.964305456688996,-0.4434524361281761,1.323232495747224
67.0,232.0,129.88369750976562,-0.0385555590400413,2.682332051900679,-4.11561887003485,-3.678886500882304,-1.9246899936591084,1.339812599810698,-0.0990985889591814,3.964719517917539,-0.4435134565679196,1.3239478618172835
67.0,232.0,129.88369750976562,-0.0362685215543273,2.6824785535414897,-4.115228802300194,-3.679666890710486,-1.924817154336768,1.3397913112986377,-0.0984104785689082,3.965220519508229,-0.4431274438343454,1.3229101875008091
67.0,232.0,129.88369750976562,-0.0375539125029723,2.683178260371717,-4.114369649219112,-3.679430716965344,-1.9246000535494767,1.3402022966892828,-0.0991060381317665,3.964045450719317,-0.4435850165156397,1.3232991003993002
67.0,232.0,129.88369750976562,-0.0373747018816963,2.6827891322424366,-4.115831560265851,-3.678720605069845,-1.925137080380172,1.3403258327157284,-0.0988966046907536,3.963632318963182,-0.4426579316869733,1.3218509770686553
67.0,232.0,129.88369750976562,-0.0370591034729298,2.6826218239917727,-4.115266560061377,-3.679595996907135,-1.926209819046368,1.3414009745971895,-0.0987779561750726,3.964208636924238,-0.4451036432456676,1.3236569489549574
67.0,232.0,129.88369750976562,-0.0391015901040685,2.6832066369908216,-4.11469770047713,-3.680059309122311,-1.9260168474946973,1.3411719572718803,-0.0990887163406583,3.963894911594921,-0.4433537251091182,1.3222977704533132
67.0,232.0,129.88369750976562,-0.0371238674580442,2.6828863163114574,-4.116450644235016,-3.678852193219088,-1.9245006772364748,1.340853961483298,-0.1003745299408251,3.96483297132265,-0.4438758320633198,1.32253467512871
67.0,232.0,129.88369750976562,-0.0387529514039979,2.682332987600346,-4.114907536737543,-3.6795098013530296,-1.9263257462158496,1.3407473142017434,-0.0999818312495976,3.964815872089346,-0.4437279455012012,1.3221885533632094
67.0,232.0,129.88369750976562,-0.0385026246801999,2.681902136710416,-4.116577281202409,-3.680540846948508,-1.92433206385908,1.3402460540770993,-0.099126385258616,3.9633692913641982,-0.4437405342625667,1.3232985721522927
67.0,233.0,129.88369750976562,-0.0372763731490363,2.6826167704504225,-4.114823442455658,-3.6783468022659607,-1.9261520268860424,1.3403612303406105,-0.0998002543669788,3.963755631935773,-0.4432836224847902,1.323920551784124
67.0,233.0,129.88369750976562,-0.0386144815276365,2.682602177420531,-4.114692785083619,-3.6782825809630206,-1.925857278402108,1.3408475275948784,-0.0997619686173913,3.964034353113425,-0.4420803106852294,1.323383683790692
67.0,233.0,129.88369750976562,-0.0384255196221009,2.6828457518910365,-4.115229419906435,-3.678280070499364,-1.9241863635424368,1.340197132733122,-0.0989346872452995,3.965045366748188,-0.4436973324717846,1.3237061726352286
67.0,233.0,129.88369750976562,-0.0374477628801099,2.682657028303648,-4.114838900894199,-3.678870043592088,-1.9251837276112644,1.3405201841317955,-0.0987901150784344,3.964675583138253,-0.4423633760043502,1.3238448057713843
67.0,233.0,129.88369750976562,-0.0382635524696136,2.682419967614642,-4.114786126384205,-3.679311634560755,-1.925978686292598,1.3411333845684037,-0.0987597980305496,3.9641414728433215,-0.4424791061193618,1.320928414315454
67.0,233.0,129.88369750976562,-0.0384394284723971,2.682975909148543,-4.114785849651962,-3.679239009035948,-1.9244454601702328,1.3399968271028857,-0.0992974966139006,3.9634126109169294,-0.4438348749963561,1.323728487499586
67.0,233.0,129.88369750976562,-0.0375151009923383,2.6815405326175563,-4.11492126820321,-3.678696413336605,-1.9248538354858755,1.3399425126041962,-0.0987835979778907,3.963714046279793,-0.4446811609730565,1.323395357397754
67.0,233.0,129.88369750976562,-0.0377454066103169,2.6825043046280004,-4.114788089707397,-3.679652743106941,-1.9244710726958925,1.340134709603629,-0.1004671214614538,3.9636188560680137,-0.4424447477359667,1.3231665976907154
67.0,233.0,129.88369750976562,-0.0364954623203145,2.682236998039043,-4.1151194879360045,-3.678349310488348,-1.9266135679514724,1.3402469514634694,-0.0997973225445006,3.96391029317396,-0.4446940722613329,1.3226826898546231
67.0,233.0,129.88369750976562,-0.0383554438796345,2.6837078456050074,-4.1148397309375175,-3.6796427651577615,-1.925935618093105,1.3413987342605571,-0.0995517511654577,3.963735392106942,-0.4447510661004394,1.3223569690262462
67.0,233.0,129.88369750976562,-0.0374471514184957,2.6830290313127803,-4.114093649499316,-3.679834210451842,-1.924097479454128,1.3403730799535918,-0.0989693227775162,3.9646815998637,-0.4441470635204132,1.3235251103658887
67.0,233.0,129.88369750976562,-0.0382710782515905,2.682893249029939,-4.115279657961465,-3.6792257495786993,-1.924598940320268,1.340114582927606,-0.0982937747407807,3.963413311773425,-0.4438361054294831,1.3238186492275428
67.0,233.0,129.88369750976562,-0.0386767940782647,2.6825724445294745,-4.114978013222114,-3.6803825219341575,-1.925471672712967,1.340026883894302,-0.1000383970307691,3.965015974768844,-0.4424138905121658,1.3231790020943524
67.0,233.0,129.88369750976562,-0.0386743878574695,2.682514171969066,-4.114506661615946,-3.679438333994672,-1.9243521442453364,1.339783745789752,-0.0992489063510318,3.963839175972056,-0.4434921678817331,1.3240327725928551
67.0,233.0,129.88369750976562,-0.0378622370720957,2.681968301780857,-4.11483420834631,-3.6800866107675727,-1.924030423868726,1.3402908182460136,-0.0994770964367983,3.9636342318458793,-0.4433138246954711,1.324016149664466
67.0,233.0,129.88369750976562,-0.038409736125438,2.683223324443615,-4.114847609240932,-3.679415568245977,-1.9254956460903945,1.339956890140793,-0.0993767820110977,3.96545346379171,-0.4440833734044859,1.3235641918682983
67.0,233.0,129.88369750976562,-0.0365283721779428,2.6821798842695697,-4.11603441881068,-3.679486054107372,-1.9251379515389608,1.3405617104052885,-0.1002226474128503,3.96390962240616,-0.4420402715724512,1.3236767237550735
67.0,233.0,129.88369750976562,-0.0364397398083592,2.6825071178585005,-4.115088219917484,-3.67970139592296,-1.9261702671341336,1.340268587447146,-0.1007867068112726,3.963668351548983,-0.4431968561648036,1.323600593218882
67.0,233.0,129.88369750976562,-0.0383216637770437,2.6825741157856324,-4.114967170153109,-3.6780063208760607,-1.924454085840296,1.3404595116488414,-0.099584917212826,3.9638032536282113,-0.4437830930453497,1.3237113962040006
67.0,233.0,129.88369750976562,-0.0379767604336877,2.680744641094622,-4.114477853527157,-3.6801701846835897,-1.924400799866619,1.3404674448137248,-0.0999418297218291,3.9646977554076215,-0.4444012423801128,1.3236911002911962
67.0,233.0,129.88369750976562,-0.0390478143195861,2.682337844354252,-4.115926773235828,-3.6795526101329856,-1.924688573970111,1.3412594732204302,-0.0998160293303123,3.963891675060848,-0.4428856325751028,1.3240663398786898
67.0,233.0,129.88369750976562,-0.0383148729229902,2.6832796999404445,-4.116294179060572,-3.6793979513078847,-1.9250865185851764,1.340689295518906,-0.0983386555168854,3.963023765613142,-0.4436402091529069,1.323783064095721
67.0,233.0,129.88369750976562,-0.0379627504806742,2.6821752792535305,-4.115112653936806,-3.679108163981376,-1.9271989799946387,1.3404670547282131,-0.0989285936155462,3.963762776092248,-0.4436037889685726,1.3234545198064809
67.0,233.0,129.88369750976562,-0.0392187524807247,2.683054261908589,-4.114922136147859,-3.6795777604845856,-1.925288325593142,1.3412020927009516,-0.0999221139832497,3.9638507441902,-0.4441360716815598,1.3240769948011513
67.0,233.0,129.88369750976562,-0.0383849644671473,2.6829565493324656,-4.1152425670406885,-3.679085536259625,-1.9245625020625792,1.3398362901102925,-0.0989136901687004,3.964908554644228,-0.4445902552466633,1.3237140521602766
67.0,233.0,129.88369750976562,-0.0381150873514049,2.682542042709517,-4.114430642239843,-3.678878579382245,-1.9244999050184943,1.3406975087022637,-0.0999938618507068,3.963198803446204,-0.4438787615061223,1.3237429493033557
67.0,233.0,129.88369750976562,-0.0356061132564945,2.682682236611596,-4.114853691872366,-3.679371797552783,-1.926117401442866,1.3402494852328133,-0.0995158924403936,3.963593572879813,-0.4432809198229624,1.3217267572875264
67.0,233.0,129.88369750976562,-0.0370319986549597,2.682141311654721,-4.11568919640137,-3.679601765843594,-1.9250876999733395,1.3398228311447469,-0.1004837490685165,3.964237534852891,-0.442657322459007,1.323574800022745
67.0,233.0,129.88369750976562,-0.0370807272260081,2.68264859514898,-4.115168223632826,-3.678252415128613,-1.9239598296335736,1.3405486072531194,-0.098422161926668,3.964345449074509,-0.4430919035377933,1.32368118639016
67.0,233.0,129.88369750976562,-0.0371588517049898,2.6805734538012,-4.114829362922763,-3.680286246949066,-1.92656536943232,1.339947151786356,-0.0988547495593402,3.9637048782995135,-0.4439045648392518,1.323849355521426
67.0,233.0,129.88369750976562,-0.0375504977495809,2.682280533818246,-4.115233018272244,-3.679761393898062,-1.925012808213688,1.3408448440508045,-0.0991535257406458,3.963799535448471,-0.4426996479812786,1.32341862225405
67.0,233.0,129.88369750976562,-0.0364782580288229,2.6818429670123987,-4.11474322378592,-3.679358600708835,-1.9243445464444973,1.3403015173573354,-0.09960695951543,3.965946662438152,-0.4428471831983755,1.3238509640840692
67.0,233.0,129.88369750976562,-0.0375050067521598,2.682394795215691,-4.114718372567042,-3.678092981168621,-1.9258440914610253,1.3400083563894525,-0.099182553119151,3.966016159885976,-0.4438312502809411,1.3218137438897066
67.0,233.0,129.88369750976562,-0.0385790505121479,2.6829151465589978,-4.114800802167872,-3.680258446862143,-1.924409893497719,1.340273682270729,-0.0988903953142273,3.964274155720028,-0.443693939368691,1.324358976709781
67.0,233.0,129.88369750976562,-0.0373377203114786,2.682486630971601,-4.114913017838977,-3.6783634873448783,-1.9265970819780125,1.3403155553342478,-0.099168483249192,3.963433477689972,-0.4450287501643289,1.3241048847555466
67.0,233.0,129.88369750976562,-0.0379180192985064,2.682247815866732,-4.11618169808676,-3.678672127199636,-1.9243215382018104,1.341224665253827,-0.0999942253138913,3.964944788080395,-0.4445476548029366,1.3237704141458422
67.0,233.0,129.88369750976562,-0.0379024272348933,2.681548237319513,-4.1147750510204935,-3.679808883893499,-1.9248620463978097,1.3398379650494014,-0.0992112748296654,3.963017815678836,-0.4424179299426491,1.3233375186841294
67.0,233.0,129.88369750976562,-0.0386119900478477,2.682502921158186,-4.115330536104988,-3.67922120648243,-1.924454899099244,1.3398214621333258,-0.0993185791376466,3.963886887649888,-0.4432911272000954,1.323338099550023
67.0,233.0,129.88369750976562,-0.0382477403859779,2.68273101332882,-4.115921932644253,-3.677978964649831,-1.924749009834854,1.3417441945558162,-0.0989616560098664,3.9650317801400976,-0.4436610931860999,1.3237025486479133
67.0,233.0,129.88369750976562,-0.0368336824364338,2.6826832487827823,-4.114591204394081,-3.678575812548972,-1.925641460409574,1.3405690717413157,-0.0993023327242637,3.963040004737601,-0.4453726377459595,1.3228519700821009
67.0,233.0,129.88369750976562,-0.0368682580867013,2.6829220535883818,-4.115330151241876,-3.6800847775118006,-1.924143475813016,1.3403634962947215,-0.0977891263415146,3.964305456688996,-0.4434524361281761,1.323232495747224
67.0,233.0,129.88369750976562,-0.0385555590400413,2.682332051900679,-4.11561887003485,-3.678886500882304,-1.9246899936591084,1.339812599810698,-0.0990985889591814,3.964719517917539,-0.4435134565679196,1.3239478618172835
67.0,233.0,129.88369750976562,-0.0362685215543273,2.6824785535414897,-4.115228802300194,-3.679666890710486,-1.924817154336768,1.3397913112986377,-0.0984104785689082,3.965220519508229,-0.4431274438343454,1.3229101875008091
67.0,233.0,129.88369750976562,-0.0375539125029723,2.683178260371717,-4.114369649219112,-3.679430716965344,-1.9246000535494767,1.3402022966892828,-0.0991060381317665,3.964045450719317,-0.4435850165156397,1.3232991003993002
67.0,233.0,129.88369750976562,-0.0373747018816963,2.6827891322424366,-4.115831560265851,-3.678720605069845,-1.925137080380172,1.3403258327157284,-0.0988966046907536,3.963632318963182,-0.4426579316869733,1.3218509770686553
67.0,233.0,129.88369750976562,-0.0370591034729298,2.6826218239917727,-4.115266560061377,-3.679595996907135,-1.926209819046368,1.3414009745971895,-0.0987779561750726,3.964208636924238,-0.4451036432456676,1.3236569489549574
67.0,233.0,129.88369750976562,-0.0391015901040685,2.6832066369908216,-4.11469770047713,-3.680059309122311,-1.9260168474946973,1.3411719572718803,-0.0990887163406583,3.963894911594921,-0.4433537251091182,1.3222977704533132
67.0,233.0,129.88369750976562,-0.0371238674580442,2.6828863163114574,-4.116450644235016,-3.678852193219088,-1.9245006772364748,1.340853961483298,-0.1003745299408251,3.96483297132265,-0.4438758320633198,1.32253467512871
67.0,233.0,129.88369750976562,-0.0387529514039979,2.682332987600346,-4.114907536737543,-3.6795098013530296,-1.9263257462158496,1.3407473142017434,-0.0999818312495976,3.964815872089346,-0.4437279455012012,1.3221885533632094
67.0,233.0,129.88369750976562,-0.0385026246801999,2.681902136710416,-4.116577281202409,-3.680540846948508,-1.92433206385908,1.3402460540770993,-0.099126385258616,3.9633692913641982,-0.4437405342625667,1.3232985721522927
67.0,234.0,129.88369750976562,-0.0372763731490363,2.6826167704504225,-4.114823442455658,-3.6783468022659607,-1.9261520268860424,1.3403612303406105,-0.0998002543669788,3.963755631935773,-0.4432836224847902,1.323920551784124
67.0,234.0,129.88369750976562,-0.0386144815276365,2.682602177420531,-4.114692785083619,-3.6782825809630206,-1.925857278402108,1.3408475275948784,-0.0997619686173913,3.964034353113425,-0.4420803106852294,1.323383683790692
67.0,234.0,129.88369750976562,-0.0384255196221009,2.6828457518910365,-4.115229419906435,-3.678280070499364,-1.9241863635424368,1.340197132733122,-0.0989346872452995,3.965045366748188,-0.4436973324717846,1.3237061726352286
67.0,234.0,129.88369750976562,-0.0374477628801099,2.682657028303648,-4.114838900894199,-3.678870043592088,-1.9251837276112644,1.3405201841317955,-0.0987901150784344,3.964675583138253,-0.4423633760043502,1.3238448057713843
67.0,234.0,129.88369750976562,-0.0382635524696136,2.682419967614642,-4.114786126384205,-3.679311634560755,-1.925978686292598,1.3411333845684037,-0.0987597980305496,3.9641414728433215,-0.4424791061193618,1.320928414315454
67.0,234.0,129.88369750976562,-0.0384394284723971,2.682975909148543,-4.114785849651962,-3.679239009035948,-1.9244454601702328,1.3399968271028857,-0.0992974966139006,3.9634126109169294,-0.4438348749963561,1.323728487499586
67.0,234.0,129.88369750976562,-0.0375151009923383,2.6815405326175563,-4.11492126820321,-3.678696413336605,-1.9248538354858755,1.3399425126041962,-0.0987835979778907,3.963714046279793,-0.4446811609730565,1.323395357397754
67.0,234.0,129.88369750976562,-0.0377454066103169,2.6825043046280004,-4.114788089707397,-3.679652743106941,-1.9244710726958925,1.340134709603629,-0.1004671214614538,3.9636188560680137,-0.4424447477359667,1.3231665976907154
67.0,234.0,129.88369750976562,-0.0364954623203145,2.682236998039043,-4.1151194879360045,-3.678349310488348,-1.9266135679514724,1.3402469514634694,-0.0997973225445006,3.96391029317396,-0.4446940722613329,1.3226826898546231
67.0,234.0,129.88369750976562,-0.0383554438796345,2.6837078456050074,-4.1148397309375175,-3.6796427651577615,-1.925935618093105,1.3413987342605571,-0.0995517511654577,3.963735392106942,-0.4447510661004394,1.3223569690262462
67.0,234.0,129.88369750976562,-0.0374471514184957,2.6830290313127803,-4.114093649499316,-3.679834210451842,-1.924097479454128,1.3403730799535918,-0.0989693227775162,3.9646815998637,-0.4441470635204132,1.3235251103658887
67.0,234.0,129.88369750976562,-0.0382710782515905,2.682893249029939,-4.115279657961465,-3.6792257495786993,-1.924598940320268,1.340114582927606,-0.0982937747407807,3.963413311773425,-0.4438361054294831,1.3238186492275428
67.0,234.0,129.88369750976562,-0.0386767940782647,2.6825724445294745,-4.114978013222114,-3.6803825219341575,-1.925471672712967,1.340026883894302,-0.1000383970307691,3.965015974768844,-0.4424138905121658,1.3231790020943524
67.0,234.0,129.88369750976562,-0.0386743878574695,2.682514171969066,-4.114506661615946,-3.679438333994672,-1.9243521442453364,1.339783745789752,-0.0992489063510318,3.963839175972056,-0.4434921678817331,1.3240327725928551
67.0,234.0,129.88369750976562,-0.0378622370720957,2.681968301780857,-4.11483420834631,-3.6800866107675727,-1.924030423868726,1.3402908182460136,-0.0994770964367983,3.9636342318458793,-0.4433138246954711,1.324016149664466
67.0,234.0,129.88369750976562,-0.038409736125438,2.683223324443615,-4.114847609240932,-3.679415568245977,-1.9254956460903945,1.339956890140793,-0.0993767820110977,3.96545346379171,-0.4440833734044859,1.3235641918682983
67.0,234.0,129.88369750976562,-0.0365283721779428,2.6821798842695697,-4.11603441881068,-3.679486054107372,-1.9251379515389608,1.3405617104052885,-0.1002226474128503,3.96390962240616,-0.4420402715724512,1.3236767237550735
67.0,234.0,129.88369750976562,-0.0364397398083592,2.6825071178585005,-4.115088219917484,-3.67970139592296,-1.9261702671341336,1.340268587447146,-0.1007867068112726,3.963668351548983,-0.4431968561648036,1.323600593218882
67.0,234.0,129.88369750976562,-0.0383216637770437,2.6825741157856324,-4.114967170153109,-3.6780063208760607,-1.924454085840296,1.3404595116488414,-0.099584917212826,3.9638032536282113,-0.4437830930453497,1.3237113962040006
67.0,234.0,129.88369750976562,-0.0379767604336877,2.680744641094622,-4.114477853527157,-3.6801701846835897,-1.924400799866619,1.3404674448137248,-0.0999418297218291,3.9646977554076215,-0.4444012423801128,1.3236911002911962
67.0,234.0,129.88369750976562,-0.0390478143195861,2.682337844354252,-4.115926773235828,-3.6795526101329856,-1.924688573970111,1.3412594732204302,-0.0998160293303123,3.963891675060848,-0.4428856325751028,1.3240663398786898
67.0,234.0,129.88369750976562,-0.0383148729229902,2.6832796999404445,-4.116294179060572,-3.6793979513078847,-1.9250865185851764,1.340689295518906,-0.0983386555168854,3.963023765613142,-0.4436402091529069,1.323783064095721
67.0,234.0,129.88369750976562,-0.0379627504806742,2.6821752792535305,-4.115112653936806,-3.679108163981376,-1.9271989799946387,1.3404670547282131,-0.0989285936155462,3.963762776092248,-0.4436037889685726,1.3234545198064809
67.0,234.0,129.88369750976562,-0.0392187524807247,2.683054261908589,-4.114922136147859,-3.6795777604845856,-1.925288325593142,1.3412020927009516,-0.0999221139832497,3.9638507441902,-0.4441360716815598,1.3240769948011513
67.0,234.0,129.88369750976562,-0.0383849644671473,2.6829565493324656,-4.1152425670406885,-3.679085536259625,-1.9245625020625792,1.3398362901102925,-0.0989136901687004,3.964908554644228,-0.4445902552466633,1.3237140521602766
67.0,234.0,129.88369750976562,-0.0381150873514049,2.682542042709517,-4.114430642239843,-3.678878579382245,-1.9244999050184943,1.3406975087022637,-0.0999938618507068,3.963198803446204,-0.4438787615061223,1.3237429493033557
67.0,234.0,129.88369750976562,-0.0356061132564945,2.682682236611596,-4.114853691872366,-3.679371797552783,-1.926117401442866,1.3402494852328133,-0.0995158924403936,3.963593572879813,-0.4432809198229624,1.3217267572875264
67.0,234.0,129.88369750976562,-0.0370319986549597,2.682141311654721,-4.11568919640137,-3.679601765843594,-1.9250876999733395,1.3398228311447469,-0.1004837490685165,3.964237534852891,-0.442657322459007,1.323574800022745
67.0,234.0,129.88369750976562,-0.0370807272260081,2.68264859514898,-4.115168223632826,-3.678252415128613,-1.9239598296335736,1.3405486072531194,-0.098422161926668,3.964345449074509,-0.4430919035377933,1.32368118639016
67.0,234.0,129.88369750976562,-0.0371588517049898,2.6805734538012,-4.114829362922763,-3.680286246949066,-1.92656536943232,1.339947151786356,-0.0988547495593402,3.9637048782995135,-0.4439045648392518,1.323849355521426
67.0,234.0,129.88369750976562,-0.0375504977495809,2.682280533818246,-4.115233018272244,-3.679761393898062,-1.925012808213688,1.3408448440508045,-0.0991535257406458,3.963799535448471,-0.4426996479812786,1.32341862225405
67.0,234.0,129.88369750976562,-0.0364782580288229,2.6818429670123987,-4.11474322378592,-3.679358600708835,-1.9243445464444973,1.3403015173573354,-0.09960695951543,3.965946662438152,-0.4428471831983755,1.3238509640840692
67.0,234.0,129.88369750976562,-0.0375050067521598,2.682394795215691,-4.114718372567042,-3.678092981168621,-1.9258440914610253,1.3400083563894525,-0.099182553119151,3.966016159885976,-0.4438312502809411,1.3218137438897066
67.0,234.0,129.88369750976562,-0.0385790505121479,2.6829151465589978,-4.114800802167872,-3.680258446862143,-1.924409893497719,1.340273682270729,-0.0988903953142273,3.964274155720028,-0.443693939368691,1.324358976709781
67.0,234.0,129.88369750976562,-0.0373377203114786,2.682486630971601,-4.114913017838977,-3.6783634873448783,-1.9265970819780125,1.3403155553342478,-0.099168483249192,3.963433477689972,-0.4450287501643289,1.3241048847555466
67.0,234.0,129.88369750976562,-0.0379180192985064,2.682247815866732,-4.11618169808676,-3.678672127199636,-1.9243215382018104,1.341224665253827,-0.0999942253138913,3.964944788080395,-0.4445476548029366,1.3237704141458422
67.0,234.0,129.88369750976562,-0.0379024272348933,2.681548237319513,-4.1147750510204935,-3.679808883893499,-1.9248620463978097,1.3398379650494014,-0.0992112748296654,3.963017815678836,-0.4424179299426491,1.3233375186841294
67.0,234.0,129.88369750976562,-0.0386119900478477,2.682502921158186,-4.115330536104988,-3.67922120648243,-1.924454899099244,1.3398214621333258,-0.0993185791376466,3.963886887649888,-0.4432911272000954,1.323338099550023
67.0,234.0,129.88369750976562,-0.0382477403859779,2.68273101332882,-4.115921932644253,-3.677978964649831,-1.924749009834854,1.3417441945558162,-0.0989616560098664,3.9650317801400976,-0.4436610931860999,1.3237025486479133
67.0,234.0,129.88369750976562,-0.0368336824364338,2.6826832487827823,-4.114591204394081,-3.678575812548972,-1.925641460409574,1.3405690717413157,-0.0993023327242637,3.963040004737601,-0.4453726377459595,1.3228519700821009
67.0,234.0,129.88369750976562,-0.0368682580867013,2.6829220535883818,-4.115330151241876,-3.6800847775118006,-1.924143475813016,1.3403634962947215,-0.0977891263415146,3.964305456688996,-0.4434524361281761,1.323232495747224
67.0,234.0,129.88369750976562,-0.0385555590400413,2.682332051900679,-4.11561887003485,-3.678886500882304,-1.9246899936591084,1.339812599810698,-0.0990985889591814,3.964719517917539,-0.4435134565679196,1.3239478618172835
67.0,234.0,129.88369750976562,-0.0362685215543273,2.6824785535414897,-4.115228802300194,-3.679666890710486,-1.924817154336768,1.3397913112986377,-0.0984104785689082,3.965220519508229,-0.4431274438343454,1.3229101875008091
67.0,234.0,129.88369750976562,-0.0375539125029723,2.683178260371717,-4.114369649219112,-3.679430716965344,-1.9246000535494767,1.3402022966892828,-0.0991060381317665,3.964045450719317,-0.4435850165156397,1.3232991003993002
67.0,234.0,129.88369750976562,-0.0373747018816963,2.6827891322424366,-4.115831560265851,-3.678720605069845,-1.925137080380172,1.3403258327157284,-0.0988966046907536,3.963632318963182,-0.4426579316869733,1.3218509770686553
67.0,234.0,129.88369750976562,-0.0370591034729298,2.6826218239917727,-4.115266560061377,-3.679595996907135,-1.926209819046368,1.3414009745971895,-0.0987779561750726,3.964208636924238,-0.4451036432456676,1.3236569489549574
67.0,234.0,129.88369750976562,-0.0391015901040685,2.6832066369908216,-4.11469770047713,-3.680059309122311,-1.9260168474946973,1.3411719572718803,-0.0990887163406583,3.963894911594921,-0.4433537251091182,1.3222977704533132
67.0,234.0,129.88369750976562,-0.0371238674580442,2.6828863163114574,-4.116450644235016,-3.678852193219088,-1.9245006772364748,1.340853961483298,-0.1003745299408251,3.96483297132265,-0.4438758320633198,1.32253467512871
67.0,234.0,129.88369750976562,-0.0387529514039979,2.682332987600346,-4.114907536737543,-3.6795098013530296,-1.9263257462158496,1.3407473142017434,-0.0999818312495976,3.964815872089346,-0.4437279455012012,1.3221885533632094
67.0,234.0,129.88369750976562,-0.0385026246801999,2.681902136710416,-4.116577281202409,-3.680540846948508,-1.92433206385908,1.3402460540770993,-0.099126385258616,3.9633692913641982,-0.4437405342625667,1.3232985721522927
67.0,235.0,129.88369750976562,-0.0372763731490363,2.6826167704504225,-4.114823442455658,-3.6783468022659607,-1.9261520268860424,1.3403612303406105,-0.0998002543669788,3.963755631935773,-0.4432836224847902,1.323920551784124
67.0,235.0,129.88369750976562,-0.0386144815276365,2.682602177420531,-4.114692785083619,-3.6782825809630206,-1.925857278402108,1.3408475275948784,-0.0997619686173913,3.964034353113425,-0.4420803106852294,1.323383683790692
67.0,235.0,129.88369750976562,-0.0384255196221009,2.6828457518910365,-4.115229419906435,-3.678280070499364,-1.9241863635424368,1.340197132733122,-0.0989346872452995,3.965045366748188,-0.4436973324717846,1.3237061726352286
67.0,235.0,129.88369750976562,-0.0374477628801099,2.682657028303648,-4.114838900894199,-3.678870043592088,-1.9251837276112644,1.3405201841317955,-0.0987901150784344,3.964675583138253,-0.4423633760043502,1.3238448057713843
67.0,235.0,129.88369750976562,-0.0382635524696136,2.682419967614642,-4.114786126384205,-3.679311634560755,-1.925978686292598,1.3411333845684037,-0.0987597980305496,3.9641414728433215,-0.4424791061193618,1.320928414315454
67.0,235.0,129.88369750976562,-0.0384394284723971,2.682975909148543,-4.114785849651962,-3.679239009035948,-1.9244454601702328,1.3399968271028857,-0.0992974966139006,3.9634126109169294,-0.4438348749963561,1.323728487499586
67.0,235.0,129.88369750976562,-0.0375151009923383,2.6815405326175563,-4.11492126820321,-3.678696413336605,-1.9248538354858755,1.3399425126041962,-0.0987835979778907,3.963714046279793,-0.4446811609730565,1.323395357397754
67.0,235.0,129.88369750976562,-0.0377454066103169,2.6825043046280004,-4.114788089707397,-3.679652743106941,-1.9244710726958925,1.340134709603629,-0.1004671214614538,3.9636188560680137,-0.4424447477359667,1.3231665976907154
67.0,235.0,129.88369750976562,-0.0364954623203145,2.682236998039043,-4.1151194879360045,-3.678349310488348,-1.9266135679514724,1.3402469514634694,-0.0997973225445006,3.96391029317396,-0.4446940722613329,1.3226826898546231
67.0,235.0,129.88369750976562,-0.0383554438796345,2.6837078456050074,-4.1148397309375175,-3.6796427651577615,-1.925935618093105,1.3413987342605571,-0.0995517511654577,3.963735392106942,-0.4447510661004394,1.3223569690262462
67.0,235.0,129.88369750976562,-0.0374471514184957,2.6830290313127803,-4.114093649499316,-3.679834210451842,-1.924097479454128,1.3403730799535918,-0.0989693227775162,3.9646815998637,-0.4441470635204132,1.3235251103658887
67.0,235.0,129.88369750976562,-0.0382710782515905,2.682893249029939,-4.115279657961465,-3.6792257495786993,-1.924598940320268,1.340114582927606,-0.0982937747407807,3.963413311773425,-0.4438361054294831,1.3238186492275428
67.0,235.0,129.88369750976562,-0.0386767940782647,2.6825724445294745,-4.114978013222114,-3.6803825219341575,-1.925471672712967,1.340026883894302,-0.1000383970307691,3.965015974768844,-0.4424138905121658,1.3231790020943524
67.0,235.0,129.88369750976562,-0.0386743878574695,2.682514171969066,-4.114506661615946,-3.679438333994672,-1.9243521442453364,1.339783745789752,-0.0992489063510318,3.963839175972056,-0.4434921678817331,1.3240327725928551
67.0,235.0,129.88369750976562,-0.0378622370720957,2.681968301780857,-4.11483420834631,-3.6800866107675727,-1.924030423868726,1.3402908182460136,-0.0994770964367983,3.9636342318458793,-0.4433138246954711,1.324016149664466
67.0,235.0,129.88369750976562,-0.038409736125438,2.683223324443615,-4.114847609240932,-3.679415568245977,-1.9254956460903945,1.339956890140793,-0.0993767820110977,3.96545346379171,-0.4440833734044859,1.3235641918682983
67.0,235.0,129.88369750976562,-0.0365283721779428,2.6821798842695697,-4.11603441881068,-3.679486054107372,-1.9251379515389608,1.3405617104052885,-0.1002226474128503,3.96390962240616,-0.4420402715724512,1.3236767237550735
67.0,235.0,129.88369750976562,-0.0364397398083592,2.6825071178585005,-4.115088219917484,-3.67970139592296,-1.9261702671341336,1.340268587447146,-0.1007867068112726,3.963668351548983,-0.4431968561648036,1.323600593218882
67.0,235.0,129.88369750976562,-0.0383216637770437,2.6825741157856324,-4.114967170153109,-3.6780063208760607,-1.924454085840296,1.3404595116488414,-0.099584917212826,3.9638032536282113,-0.4437830930453497,1.3237113962040006
67.0,235.0,129.88369750976562,-0.0379767604336877,2.680744641094622,-4.114477853527157,-3.6801701846835897,-1.924400799866619,1.3404674448137248,-0.0999418297218291,3.9646977554076215,-0.4444012423801128,1.3236911002911962
67.0,235.0,129.88369750976562,-0.0390478143195861,2.682337844354252,-4.115926773235828,-3.6795526101329856,-1.924688573970111,1.3412594732204302,-0.0998160293303123,3.963891675060848,-0.4428856325751028,1.3240663398786898
67.0,235.0,129.88369750976562,-0.0383148729229902,2.6832796999404445,-4.116294179060572,-3.6793979513078847,-1.9250865185851764,1.340689295518906,-0.0983386555168854,3.963023765613142,-0.4436402091529069,1.323783064095721
67.0,235.0,129.88369750976562,-0.0379627504806742,2.6821752792535305,-4.115112653936806,-3.679108163981376,-1.9271989799946387,1.3404670547282131,-0.0989285936155462,3.963762776092248,-0.4436037889685726,1.3234545198064809
67.0,235.0,129.88369750976562,-0.0392187524807247,2.683054261908589,-4.114922136147859,-3.6795777604845856,-1.925288325593142,1.3412020927009516,-0.0999221139832497,3.9638507441902,-0.4441360716815598,1.3240769948011513
67.0,235.0,129.88369750976562,-0.0383849644671473,2.6829565493324656,-4.1152425670406885,-3.679085536259625,-1.9245625020625792,1.3398362901102925,-0.0989136901687004,3.964908554644228,-0.4445902552466633,1.3237140521602766
67.0,235.0,129.88369750976562,-0.0381150873514049,2.682542042709517,-4.114430642239843,-3.678878579382245,-1.9244999050184943,1.3406975087022637,-0.0999938618507068,3.963198803446204,-0.4438787615061223,1.3237429493033557
67.0,235.0,129.88369750976562,-0.0356061132564945,2.682682236611596,-4.114853691872366,-3.679371797552783,-1.926117401442866,1.3402494852328133,-0.0995158924403936,3.963593572879813,-0.4432809198229624,1.3217267572875264
67.0,235.0,129.88369750976562,-0.0370319986549597,2.682141311654721,-4.11568919640137,-3.679601765843594,-1.9250876999733395,1.3398228311447469,-0.1004837490685165,3.964237534852891,-0.442657322459007,1.323574800022745
67.0,235.0,129.88369750976562,-0.0370807272260081,2.68264859514898,-4.115168223632826,-3.678252415128613,-1.9239598296335736,1.3405486072531194,-0.098422161926668,3.964345449074509,-0.4430919035377933,1.32368118639016
67.0,235.0,129.88369750976562,-0.0371588517049898,2.6805734538012,-4.114829362922763,-3.680286246949066,-1.92656536943232,1.339947151786356,-0.0988547495593402,3.9637048782995135,-0.4439045648392518,1.323849355521426
67.0,235.0,129.88369750976562,-0.0375504977495809,2.682280533818246,-4.115233018272244,-3.679761393898062,-1.925012808213688,1.3408448440508045,-0.0991535257406458,3.963799535448471,-0.4426996479812786,1.32341862225405
67.0,235.0,129.88369750976562,-0.0364782580288229,2.6818429670123987,-4.11474322378592,-3.679358600708835,-1.9243445464444973,1.3403015173573354,-0.09960695951543,3.965946662438152,-0.4428471831983755,1.3238509640840692
67.0,235.0,129.88369750976562,-0.0375050067521598,2.682394795215691,-4.114718372567042,-3.678092981168621,-1.9258440914610253,1.3400083563894525,-0.099182553119151,3.966016159885976,-0.4438312502809411,1.3218137438897066
67.0,235.0,129.88369750976562,-0.0385790505121479,2.6829151465589978,-4.114800802167872,-3.680258446862143,-1.924409893497719,1.340273682270729,-0.0988903953142273,3.964274155720028,-0.443693939368691,1.324358976709781
67.0,235.0,129.88369750976562,-0.0373377203114786,2.682486630971601,-4.114913017838977,-3.6783634873448783,-1.9265970819780125,1.3403155553342478,-0.099168483249192,3.963433477689972,-0.4450287501643289,1.3241048847555466
67.0,235.0,129.88369750976562,-0.0379180192985064,2.682247815866732,-4.11618169808676,-3.678672127199636,-1.9243215382018104,1.341224665253827,-0.0999942253138913,3.964944788080395,-0.4445476548029366,1.3237704141458422
67.0,235.0,129.88369750976562,-0.0379024272348933,2.681548237319513,-4.1147750510204935,-3.679808883893499,-1.9248620463978097,1.3398379650494014,-0.0992112748296654,3.963017815678836,-0.4424179299426491,1.3233375186841294
67.0,235.0,129.88369750976562,-0.0386119900478477,2.682502921158186,-4.115330536104988,-3.67922120648243,-1.924454899099244,1.3398214621333258,-0.0993185791376466,3.963886887649888,-0.4432911272000954,1.323338099550023
67.0,235.0,129.88369750976562,-0.0382477403859779,2.68273101332882,-4.115921932644253,-3.677978964649831,-1.924749009834854,1.3417441945558162,-0.0989616560098664,3.9650317801400976,-0.4436610931860999,1.3237025486479133
67.0,235.0,129.88369750976562,-0.0368336824364338,2.6826832487827823,-4.114591204394081,-3.678575812548972,-1.925641460409574,1.3405690717413157,-0.0993023327242637,3.963040004737601,-0.4453726377459595,1.3228519700821009
67.0,235.0,129.88369750976562,-0.0368682580867013,2.6829220535883818,-4.115330151241876,-3.6800847775118006,-1.924143475813016,1.3403634962947215,-0.0977891263415146,3.964305456688996,-0.4434524361281761,1.323232495747224
67.0,235.0,129.88369750976562,-0.0385555590400413,2.682332051900679,-4.11561887003485,-3.678886500882304,-1.9246899936591084,1.339812599810698,-0.0990985889591814,3.964719517917539,-0.4435134565679196,1.3239478618172835
67.0,235.0,129.88369750976562,-0.0362685215543273,2.6824785535414897,-4.115228802300194,-3.679666890710486,-1.924817154336768,1.3397913112986377,-0.0984104785689082,3.965220519508229,-0.4431274438343454,1.3229101875008091
67.0,235.0,129.88369750976562,-0.0375539125029723,2.683178260371717,-4.114369649219112,-3.679430716965344,-1.9246000535494767,1.3402022966892828,-0.0991060381317665,3.964045450719317,-0.4435850165156397,1.3232991003993002
67.0,235.0,129.88369750976562,-0.0373747018816963,2.6827891322424366,-4.115831560265851,-3.678720605069845,-1.925137080380172,1.3403258327157284,-0.0988966046907536,3.963632318963182,-0.4426579316869733,1.3218509770686553
67.0,235.0,129.88369750976562,-0.0370591034729298,2.6826218239917727,-4.115266560061377,-3.679595996907135,-1.926209819046368,1.3414009745971895,-0.0987779561750726,3.964208636924238,-0.4451036432456676,1.3236569489549574
67.0,235.0,129.88369750976562,-0.0391015901040685,2.6832066369908216,-4.11469770047713,-3.680059309122311,-1.9260168474946973,1.3411719572718803,-0.0990887163406583,3.963894911594921,-0.4433537251091182,1.3222977704533132
67.0,235.0,129.88369750976562,-0.0371238674580442,2.6828863163114574,-4.116450644235016,-3.678852193219088,-1.9245006772364748,1.340853961483298,-0.1003745299408251,3.96483297132265,-0.4438758320633198,1.32253467512871
67.0,235.0,129.88369750976562,-0.0387529514039979,2.682332987600346,-4.114907536737543,-3.6795098013530296,-1.9263257462158496,1.3407473142017434,-0.0999818312495976,3.964815872089346,-0.4437279455012012,1.3221885533632094
67.0,235.0,129.88369750976562,-0.0385026246801999,2.681902136710416,-4.116577281202409,-3.680540846948508,-1.92433206385908,1.3402460540770993,-0.099126385258616,3.9633692913641982,-0.4437405342625667,1.3232985721522927
67.0,236.0,129.88369750976562,-0.0372763731490363,2.6826167704504225,-4.114823442455658,-3.6783468022659607,-1.9261520268860424,1.3403612303406105,-0.0998002543669788,3.963755631935773,-0.4432836224847902,1.323920551784124
67.0,236.0,129.88369750976562,-0.0386144815276365,2.682602177420531,-4.114692785083619,-3.6782825809630206,-1.925857278402108,1.3408475275948784,-0.0997619686173913,3.964034353113425,-0.4420803106852294,1.323383683790692
67.0,236.0,129.88369750976562,-0.0384255196221009,2.6828457518910365,-4.115229419906435,-3.678280070499364,-1.9241863635424368,1.340197132733122,-0.0989346872452995,3.965045366748188,-0.4436973324717846,1.3237061726352286
67.0,236.0,129.88369750976562,-0.0374477628801099,2.682657028303648,-4.114838900894199,-3.678870043592088,-1.9251837276112644,1.3405201841317955,-0.0987901150784344,3.964675583138253,-0.4423633760043502,1.3238448057713843
67.0,236.0,129.88369750976562,-0.0382635524696136,2.682419967614642,-4.114786126384205,-3.679311634560755,-1.925978686292598,1.3411333845684037,-0.0987597980305496,3.9641414728433215,-0.4424791061193618,1.320928414315454
67.0,236.0,129.88369750976562,-0.0384394284723971,2.682975909148543,-4.114785849651962,-3.679239009035948,-1.9244454601702328,1.3399968271028857,-0.0992974966139006,3.9634126109169294,-0.4438348749963561,1.323728487499586
67.0,236.0,129.88369750976562,-0.0375151009923383,2.6815405326175563,-4.11492126820321,-3.678696413336605,-1.9248538354858755,1.3399425126041962,-0.0987835979778907,3.963714046279793,-0.4446811609730565,1.323395357397754
67.0,236.0,129.88369750976562,-0.0377454066103169,2.6825043046280004,-4.114788089707397,-3.679652743106941,-1.9244710726958925,1.340134709603629,-0.1004671214614538,3.9636188560680137,-0.4424447477359667,1.3231665976907154
67.0,236.0,129.88369750976562,-0.0364954623203145,2.682236998039043,-4.1151194879360045,-3.678349310488348,-1.9266135679514724,1.3402469514634694,-0.0997973225445006,3.96391029317396,-0.4446940722613329,1.3226826898546231
67.0,236.0,129.88369750976562,-0.0383554438796345,2.6837078456050074,-4.1148397309375175,-3.6796427651577615,-1.925935618093105,1.3413987342605571,-0.0995517511654577,3.963735392106942,-0.4447510661004394,1.3223569690262462
67.0,236.0,129.88369750976562,-0.0374471514184957,2.6830290313127803,-4.114093649499316,-3.679834210451842,-1.924097479454128,1.3403730799535918,-0.0989693227775162,3.9646815998637,-0.4441470635204132,1.3235251103658887
67.0,236.0,129.88369750976562,-0.0382710782515905,2.682893249029939,-4.115279657961465,-3.6792257495786993,-1.924598940320268,1.340114582927606,-0.0982937747407807,3.963413311773425,-0.4438361054294831,1.3238186492275428
67.0,236.0,129.88369750976562,-0.0386767940782647,2.6825724445294745,-4.114978013222114,-3.6803825219341575,-1.925471672712967,1.340026883894302,-0.1000383970307691,3.965015974768844,-0.4424138905121658,1.3231790020943524
67.0,236.0,129.88369750976562,-0.0386743878574695,2.682514171969066,-4.114506661615946,-3.679438333994672,-1.9243521442453364,1.339783745789752,-0.0992489063510318,3.963839175972056,-0.4434921678817331,1.3240327725928551
67.0,236.0,129.88369750976562,-0.0378622370720957,2.681968301780857,-4.11483420834631,-3.6800866107675727,-1.924030423868726,1.3402908182460136,-0.0994770964367983,3.9636342318458793,-0.4433138246954711,1.324016149664466
67.0,236.0,129.88369750976562,-0.038409736125438,2.683223324443615,-4.114847609240932,-3.679415568245977,-1.9254956460903945,1.339956890140793,-0.0993767820110977,3.96545346379171,-0.4440833734044859,1.3235641918682983
67.0,236.0,129.88369750976562,-0.0365283721779428,2.6821798842695697,-4.11603441881068,-3.679486054107372,-1.9251379515389608,1.3405617104052885,-0.1002226474128503,3.96390962240616,-0.4420402715724512,1.3236767237550735
67.0,236.0,129.88369750976562,-0.0364397398083592,2.6825071178585005,-4.115088219917484,-3.67970139592296,-1.9261702671341336,1.340268587447146,-0.1007867068112726,3.963668351548983,-0.4431968561648036,1.323600593218882
67.0,236.0,129.88369750976562,-0.0383216637770437,2.6825741157856324,-4.114967170153109,-3.6780063208760607,-1.924454085840296,1.3404595116488414,-0.099584917212826,3.9638032536282113,-0.4437830930453497,1.3237113962040006
67.0,236.0,129.88369750976562,-0.0379767604336877,2.680744641094622,-4.114477853527157,-3.6801701846835897,-1.924400799866619,1.3404674448137248,-0.0999418297218291,3.9646977554076215,-0.4444012423801128,1.3236911002911962
67.0,236.0,129.88369750976562,-0.0390478143195861,2.682337844354252,-4.115926773235828,-3.6795526101329856,-1.924688573970111,1.3412594732204302,-0.0998160293303123,3.963891675060848,-0.4428856325751028,1.3240663398786898
67.0,236.0,129.88369750976562,-0.0383148729229902,2.6832796999404445,-4.116294179060572,-3.6793979513078847,-1.9250865185851764,1.340689295518906,-0.0983386555168854,3.963023765613142,-0.4436402091529069,1.323783064095721
67.0,236.0,129.88369750976562,-0.0379627504806742,2.6821752792535305,-4.115112653936806,-3.679108163981376,-1.9271989799946387,1.3404670547282131,-0.0989285936155462,3.963762776092248,-0.4436037889685726,1.3234545198064809
67.0,236.0,129.88369750976562,-0.0392187524807247,2.683054261908589,-4.114922136147859,-3.6795777604845856,-1.925288325593142,1.3412020927009516,-0.0999221139832497,3.9638507441902,-0.4441360716815598,1.3240769948011513
67.0,236.0,129.88369750976562,-0.0383849644671473,2.6829565493324656,-4.1152425670406885,-3.679085536259625,-1.9245625020625792,1.3398362901102925,-0.0989136901687004,3.964908554644228,-0.4445902552466633,1.3237140521602766
67.0,236.0,129.88369750976562,-0.0381150873514049,2.682542042709517,-4.114430642239843,-3.678878579382245,-1.9244999050184943,1.3406975087022637,-0.0999938618507068,3.963198803446204,-0.4438787615061223,1.3237429493033557
67.0,236.0,129.88369750976562,-0.0356061132564945,2.682682236611596,-4.114853691872366,-3.679371797552783,-1.926117401442866,1.3402494852328133,-0.0995158924403936,3.963593572879813,-0.4432809198229624,1.3217267572875264
67.0,236.0,129.88369750976562,-0.0370319986549597,2.682141311654721,-4.11568919640137,-3.679601765843594,-1.9250876999733395,1.3398228311447469,-0.1004837490685165,3.964237534852891,-0.442657322459007,1.323574800022745
67.0,236.0,129.88369750976562,-0.0370807272260081,2.68264859514898,-4.115168223632826,-3.678252415128613,-1.9239598296335736,1.3405486072531194,-0.098422161926668,3.964345449074509,-0.4430919035377933,1.32368118639016
67.0,236.0,129.88369750976562,-0.0371588517049898,2.6805734538012,-4.114829362922763,-3.680286246949066,-1.92656536943232,1.339947151786356,-0.0988547495593402,3.9637048782995135,-0.4439045648392518,1.323849355521426
67.0,236.0,129.88369750976562,-0.0375504977495809,2.682280533818246,-4.115233018272244,-3.679761393898062,-1.925012808213688,1.3408448440508045,-0.0991535257406458,3.963799535448471,-0.4426996479812786,1.32341862225405
67.0,236.0,129.88369750976562,-0.0364782580288229,2.6818429670123987,-4.11474322378592,-3.679358600708835,-1.9243445464444973,1.3403015173573354,-0.09960695951543,3.965946662438152,-0.4428471831983755,1.3238509640840692
67.0,236.0,129.88369750976562,-0.0375050067521598,2.682394795215691,-4.114718372567042,-3.678092981168621,-1.9258440914610253,1.3400083563894525,-0.099182553119151,3.966016159885976,-0.4438312502809411,1.3218137438897066
67.0,236.0,129.88369750976562,-0.0385790505121479,2.6829151465589978,-4.114800802167872,-3.680258446862143,-1.924409893497719,1.340273682270729,-0.0988903953142273,3.964274155720028,-0.443693939368691,1.324358976709781
67.0,236.0,129.88369750976562,-0.0373377203114786,2.682486630971601,-4.114913017838977,-3.6783634873448783,-1.9265970819780125,1.3403155553342478,-0.099168483249192,3.963433477689972,-0.4450287501643289,1.3241048847555466
67.0,236.0,129.88369750976562,-0.0379180192985064,2.682247815866732,-4.11618169808676,-3.678672127199636,-1.9243215382018104,1.341224665253827,-0.0999942253138913,3.964944788080395,-0.4445476548029366,1.3237704141458422
67.0,236.0,129.88369750976562,-0.0379024272348933,2.681548237319513,-4.1147750510204935,-3.679808883893499,-1.9248620463978097,1.3398379650494014,-0.0992112748296654,3.963017815678836,-0.4424179299426491,1.3233375186841294
67.0,236.0,129.88369750976562,-0.0386119900478477,2.682502921158186,-4.115330536104988,-3.67922120648243,-1.924454899099244,1.3398214621333258,-0.0993185791376466,3.963886887649888,-0.4432911272000954,1.323338099550023
67.0,236.0,129.88369750976562,-0.0382477403859779,2.68273101332882,-4.115921932644253,-3.677978964649831,-1.924749009834854,1.3417441945558162,-0.0989616560098664,3.9650317801400976,-0.4436610931860999,1.3237025486479133
67.0,236.0,129.88369750976562,-0.0368336824364338,2.6826832487827823,-4.114591204394081,-3.678575812548972,-1.925641460409574,1.3405690717413157,-0.0993023327242637,3.963040004737601,-0.4453726377459595,1.3228519700821009
67.0,236.0,129.88369750976562,-0.0368682580867013,2.6829220535883818,-4.115330151241876,-3.6800847775118006,-1.924143475813016,1.3403634962947215,-0.0977891263415146,3.964305456688996,-0.4434524361281761,1.323232495747224
67.0,236.0,129.88369750976562,-0.0385555590400413,2.682332051900679,-4.11561887003485,-3.678886500882304,-1.9246899936591084,1.339812599810698,-0.0990985889591814,3.964719517917539,-0.4435134565679196,1.3239478618172835
67.0,236.0,129.88369750976562,-0.0362685215543273,2.6824785535414897,-4.115228802300194,-3.679666890710486,-1.924817154336768,1.3397913112986377,-0.0984104785689082,3.965220519508229,-0.4431274438343454,1.3229101875008091
67.0,236.0,129.88369750976562,-0.0375539125029723,2.683178260371717,-4.114369649219112,-3.679430716965344,-1.9246000535494767,1.3402022966892828,-0.0991060381317665,3.964045450719317,-0.4435850165156397,1.3232991003993002
67.0,236.0,129.88369750976562,-0.0373747018816963,2.6827891322424366,-4.115831560265851,-3.678720605069845,-1.925137080380172,1.3403258327157284,-0.0988966046907536,3.963632318963182,-0.4426579316869733,1.3218509770686553
67.0,236.0,129.88369750976562,-0.0370591034729298,2.6826218239917727,-4.115266560061377,-3.679595996907135,-1.926209819046368,1.3414009745971895,-0.0987779561750726,3.964208636924238,-0.4451036432456676,1.3236569489549574
67.0,236.0,129.88369750976562,-0.0391015901040685,2.6832066369908216,-4.11469770047713,-3.680059309122311,-1.9260168474946973,1.3411719572718803,-0.0990887163406583,3.963894911594921,-0.4433537251091182,1.3222977704533132
67.0,236.0,129.88369750976562,-0.0371238674580442,2.6828863163114574,-4.116450644235016,-3.678852193219088,-1.9245006772364748,1.340853961483298,-0.1003745299408251,3.96483297132265,-0.4438758320633198,1.32253467512871
67.0,236.0,129.88369750976562,-0.0387529514039979,2.682332987600346,-4.114907536737543,-3.6795098013530296,-1.9263257462158496,1.3407473142017434,-0.0999818312495976,3.964815872089346,-0.4437279455012012,1.3221885533632094
67.0,236.0,129.88369750976562,-0.0385026246801999,2.681902136710416,-4.116577281202409,-3.680540846948508,-1.92433206385908,1.3402460540770993,-0.099126385258616,3.9633692913641982,-0.4437405342625667,1.3232985721522927
67.0,237.0,129.88369750976562,-0.0372763731490363,2.6826167704504225,-4.114823442455658,-3.6783468022659607,-1.9261520268860424,1.3403612303406105,-0.0998002543669788,3.963755631935773,-0.4432836224847902,1.323920551784124
67.0,237.0,129.88369750976562,-0.0386144815276365,2.682602177420531,-4.114692785083619,-3.6782825809630206,-1.925857278402108,1.3408475275948784,-0.0997619686173913,3.964034353113425,-0.4420803106852294,1.323383683790692
67.0,237.0,129.88369750976562,-0.0384255196221009,2.6828457518910365,-4.115229419906435,-3.678280070499364,-1.9241863635424368,1.340197132733122,-0.0989346872452995,3.965045366748188,-0.4436973324717846,1.3237061726352286
67.0,237.0,129.88369750976562,-0.0374477628801099,2.682657028303648,-4.114838900894199,-3.678870043592088,-1.9251837276112644,1.3405201841317955,-0.0987901150784344,3.964675583138253,-0.4423633760043502,1.3238448057713843
67.0,237.0,129.88369750976562,-0.0382635524696136,2.682419967614642,-4.114786126384205,-3.679311634560755,-1.925978686292598,1.3411333845684037,-0.0987597980305496,3.9641414728433215,-0.4424791061193618,1.320928414315454
67.0,237.0,129.88369750976562,-0.0384394284723971,2.682975909148543,-4.114785849651962,-3.679239009035948,-1.9244454601702328,1.3399968271028857,-0.0992974966139006,3.9634126109169294,-0.4438348749963561,1.323728487499586
67.0,237.0,129.88369750976562,-0.0375151009923383,2.6815405326175563,-4.11492126820321,-3.678696413336605,-1.9248538354858755,1.3399425126041962,-0.0987835979778907,3.963714046279793,-0.4446811609730565,1.323395357397754
67.0,237.0,129.88369750976562,-0.0377454066103169,2.6825043046280004,-4.114788089707397,-3.679652743106941,-1.9244710726958925,1.340134709603629,-0.1004671214614538,3.9636188560680137,-0.4424447477359667,1.3231665976907154
67.0,237.0,129.88369750976562,-0.0364954623203145,2.682236998039043,-4.1151194879360045,-3.678349310488348,-1.9266135679514724,1.3402469514634694,-0.0997973225445006,3.96391029317396,-0.4446940722613329,1.3226826898546231
67.0,237.0,129.88369750976562,-0.0383554438796345,2.6837078456050074,-4.1148397309375175,-3.6796427651577615,-1.925935618093105,1.3413987342605571,-0.0995517511654577,3.963735392106942,-0.4447510661004394,1.3223569690262462
67.0,237.0,129.88369750976562,-0.0374471514184957,2.6830290313127803,-4.114093649499316,-3.679834210451842,-1.924097479454128,1.3403730799535918,-0.0989693227775162,3.9646815998637,-0.4441470635204132,1.3235251103658887
67.0,237.0,129.88369750976562,-0.0382710782515905,2.682893249029939,-4.115279657961465,-3.6792257495786993,-1.924598940320268,1.340114582927606,-0.0982937747407807,3.963413311773425,-0.4438361054294831,1.3238186492275428
67.0,237.0,129.88369750976562,-0.0386767940782647,2.6825724445294745,-4.114978013222114,-3.6803825219341575,-1.925471672712967,1.340026883894302,-0.1000383970307691,3.965015974768844,-0.4424138905121658,1.3231790020943524
67.0,237.0,129.88369750976562,-0.0386743878574695,2.682514171969066,-4.114506661615946,-3.679438333994672,-1.9243521442453364,1.339783745789752,-0.0992489063510318,3.963839175972056,-0.4434921678817331,1.3240327725928551
67.0,237.0,129.88369750976562,-0.0378622370720957,2.681968301780857,-4.11483420834631,-3.6800866107675727,-1.924030423868726,1.3402908182460136,-0.0994770964367983,3.9636342318458793,-0.4433138246954711,1.324016149664466
67.0,237.0,129.88369750976562,-0.038409736125438,2.683223324443615,-4.114847609240932,-3.679415568245977,-1.9254956460903945,1.339956890140793,-0.0993767820110977,3.96545346379171,-0.4440833734044859,1.3235641918682983
67.0,237.0,129.88369750976562,-0.0365283721779428,2.6821798842695697,-4.11603441881068,-3.679486054107372,-1.9251379515389608,1.3405617104052885,-0.1002226474128503,3.96390962240616,-0.4420402715724512,1.3236767237550735
67.0,237.0,129.88369750976562,-0.0364397398083592,2.6825071178585005,-4.115088219917484,-3.67970139592296,-1.9261702671341336,1.340268587447146,-0.1007867068112726,3.963668351548983,-0.4431968561648036,1.323600593218882
67.0,237.0,129.88369750976562,-0.0383216637770437,2.6825741157856324,-4.114967170153109,-3.6780063208760607,-1.924454085840296,1.3404595116488414,-0.099584917212826,3.9638032536282113,-0.4437830930453497,1.3237113962040006
67.0,237.0,129.88369750976562,-0.0379767604336877,2.680744641094622,-4.114477853527157,-3.6801701846835897,-1.924400799866619,1.3404674448137248,-0.0999418297218291,3.9646977554076215,-0.4444012423801128,1.3236911002911962
67.0,237.0,129.88369750976562,-0.0390478143195861,2.682337844354252,-4.115926773235828,-3.6795526101329856,-1.924688573970111,1.3412594732204302,-0.0998160293303123,3.963891675060848,-0.4428856325751028,1.3240663398786898
67.0,237.0,129.88369750976562,-0.0383148729229902,2.6832796999404445,-4.116294179060572,-3.6793979513078847,-1.9250865185851764,1.340689295518906,-0.0983386555168854,3.963023765613142,-0.4436402091529069,1.323783064095721
67.0,237.0,129.88369750976562,-0.0379627504806742,2.6821752792535305,-4.115112653936806,-3.679108163981376,-1.9271989799946387,1.3404670547282131,-0.0989285936155462,3.963762776092248,-0.4436037889685726,1.3234545198064809
67.0,237.0,129.88369750976562,-0.0392187524807247,2.683054261908589,-4.114922136147859,-3.6795777604845856,-1.925288325593142,1.3412020927009516,-0.0999221139832497,3.9638507441902,-0.4441360716815598,1.3240769948011513
67.0,237.0,129.88369750976562,-0.0383849644671473,2.6829565493324656,-4.1152425670406885,-3.679085536259625,-1.9245625020625792,1.3398362901102925,-0.0989136901687004,3.964908554644228,-0.4445902552466633,1.3237140521602766
67.0,237.0,129.88369750976562,-0.0381150873514049,2.682542042709517,-4.114430642239843,-3.678878579382245,-1.9244999050184943,1.3406975087022637,-0.0999938618507068,3.963198803446204,-0.4438787615061223,1.3237429493033557
67.0,237.0,129.88369750976562,-0.0356061132564945,2.682682236611596,-4.114853691872366,-3.679371797552783,-1.926117401442866,1.3402494852328133,-0.0995158924403936,3.963593572879813,-0.4432809198229624,1.3217267572875264
67.0,237.0,129.88369750976562,-0.0370319986549597,2.682141311654721,-4.11568919640137,-3.679601765843594,-1.9250876999733395,1.3398228311447469,-0.1004837490685165,3.964237534852891,-0.442657322459007,1.323574800022745
67.0,237.0,129.88369750976562,-0.0370807272260081,2.68264859514898,-4.115168223632826,-3.678252415128613,-1.9239598296335736,1.3405486072531194,-0.098422161926668,3.964345449074509,-0.4430919035377933,1.32368118639016
67.0,237.0,129.88369750976562,-0.0371588517049898,2.6805734538012,-4.114829362922763,-3.680286246949066,-1.92656536943232,1.339947151786356,-0.0988547495593402,3.9637048782995135,-0.4439045648392518,1.323849355521426
67.0,237.0,129.88369750976562,-0.0375504977495809,2.682280533818246,-4.115233018272244,-3.679761393898062,-1.925012808213688,1.3408448440508045,-0.0991535257406458,3.963799535448471,-0.4426996479812786,1.32341862225405
67.0,237.0,129.88369750976562,-0.0364782580288229,2.6818429670123987,-4.11474322378592,-3.679358600708835,-1.9243445464444973,1.3403015173573354,-0.09960695951543,3.965946662438152,-0.4428471831983755,1.3238509640840692
67.0,237.0,129.88369750976562,-0.0375050067521598,2.682394795215691,-4.114718372567042,-3.678092981168621,-1.9258440914610253,1.3400083563894525,-0.099182553119151,3.966016159885976,-0.4438312502809411,1.3218137438897066
67.0,237.0,129.88369750976562,-0.0385790505121479,2.6829151465589978,-4.114800802167872,-3.680258446862143,-1.924409893497719,1.340273682270729,-0.0988903953142273,3.964274155720028,-0.443693939368691,1.324358976709781
67.0,237.0,129.88369750976562,-0.0373377203114786,2.682486630971601,-4.114913017838977,-3.6783634873448783,-1.9265970819780125,1.3403155553342478,-0.099168483249192,3.963433477689972,-0.4450287501643289,1.3241048847555466
67.0,237.0,129.88369750976562,-0.0379180192985064,2.682247815866732,-4.11618169808676,-3.678672127199636,-1.9243215382018104,1.341224665253827,-0.0999942253138913,3.964944788080395,-0.4445476548029366,1.3237704141458422
67.0,237.0,129.88369750976562,-0.0379024272348933,2.681548237319513,-4.1147750510204935,-3.679808883893499,-1.9248620463978097,1.3398379650494014,-0.0992112748296654,3.963017815678836,-0.4424179299426491,1.3233375186841294
67.0,237.0,129.88369750976562,-0.0386119900478477,2.682502921158186,-4.115330536104988,-3.67922120648243,-1.924454899099244,1.3398214621333258,-0.0993185791376466,3.963886887649888,-0.4432911272000954,1.323338099550023
67.0,237.0,129.88369750976562,-0.0382477403859779,2.68273101332882,-4.115921932644253,-3.677978964649831,-1.924749009834854,1.3417441945558162,-0.0989616560098664,3.9650317801400976,-0.4436610931860999,1.3237025486479133
67.0,237.0,129.88369750976562,-0.0368336824364338,2.6826832487827823,-4.114591204394081,-3.678575812548972,-1.925641460409574,1.3405690717413157,-0.0993023327242637,3.963040004737601,-0.4453726377459595,1.3228519700821009
67.0,237.0,129.88369750976562,-0.0368682580867013,2.6829220535883818,-4.115330151241876,-3.6800847775118006,-1.924143475813016,1.3403634962947215,-0.0977891263415146,3.964305456688996,-0.4434524361281761,1.323232495747224
67.0,237.0,129.88369750976562,-0.0385555590400413,2.682332051900679,-4.11561887003485,-3.678886500882304,-1.9246899936591084,1.339812599810698,-0.0990985889591814,3.964719517917539,-0.4435134565679196,1.3239478618172835
67.0,237.0,129.88369750976562,-0.0362685215543273,2.6824785535414897,-4.115228802300194,-3.679666890710486,-1.924817154336768,1.3397913112986377,-0.0984104785689082,3.965220519508229,-0.4431274438343454,1.3229101875008091
67.0,237.0,129.88369750976562,-0.0375539125029723,2.683178260371717,-4.114369649219112,-3.679430716965344,-1.9246000535494767,1.3402022966892828,-0.0991060381317665,3.964045450719317,-0.4435850165156397,1.3232991003993002
67.0,237.0,129.88369750976562,-0.0373747018816963,2.6827891322424366,-4.115831560265851,-3.678720605069845,-1.925137080380172,1.3403258327157284,-0.0988966046907536,3.963632318963182,-0.4426579316869733,1.3218509770686553
67.0,237.0,129.88369750976562,-0.0370591034729298,2.6826218239917727,-4.115266560061377,-3.679595996907135,-1.926209819046368,1.3414009745971895,-0.0987779561750726,3.964208636924238,-0.4451036432456676,1.3236569489549574
67.0,237.0,129.88369750976562,-0.0391015901040685,2.6832066369908216,-4.11469770047713,-3.680059309122311,-1.9260168474946973,1.3411719572718803,-0.0990887163406583,3.963894911594921,-0.4433537251091182,1.3222977704533132
67.0,237.0,129.88369750976562,-0.0371238674580442,2.6828863163114574,-4.116450644235016,-3.678852193219088,-1.9245006772364748,1.340853961483298,-0.1003745299408251,3.96483297132265,-0.4438758320633198,1.32253467512871
67.0,237.0,129.88369750976562,-0.0387529514039979,2.682332987600346,-4.114907536737543,-3.6795098013530296,-1.9263257462158496,1.3407473142017434,-0.0999818312495976,3.964815872089346,-0.4437279455012012,1.3221885533632094
67.0,237.0,129.88369750976562,-0.0385026246801999,2.681902136710416,-4.116577281202409,-3.680540846948508,-1.92433206385908,1.3402460540770993,-0.099126385258616,3.9633692913641982,-0.4437405342625667,1.3232985721522927
67.0,238.0,129.88369750976562,-0.0372763731490363,2.6826167704504225,-4.114823442455658,-3.6783468022659607,-1.9261520268860424,1.3403612303406105,-0.0998002543669788,3.963755631935773,-0.4432836224847902,1.323920551784124
67.0,238.0,129.88369750976562,-0.0386144815276365,2.682602177420531,-4.114692785083619,-3.6782825809630206,-1.925857278402108,1.3408475275948784,-0.0997619686173913,3.964034353113425,-0.4420803106852294,1.323383683790692
67.0,238.0,129.88369750976562,-0.0384255196221009,2.6828457518910365,-4.115229419906435,-3.678280070499364,-1.9241863635424368,1.340197132733122,-0.0989346872452995,3.965045366748188,-0.4436973324717846,1.3237061726352286
67.0,238.0,129.88369750976562,-0.0374477628801099,2.682657028303648,-4.114838900894199,-3.678870043592088,-1.9251837276112644,1.3405201841317955,-0.0987901150784344,3.964675583138253,-0.4423633760043502,1.3238448057713843
67.0,238.0,129.88369750976562,-0.0382635524696136,2.682419967614642,-4.114786126384205,-3.679311634560755,-1.925978686292598,1.3411333845684037,-0.0987597980305496,3.9641414728433215,-0.4424791061193618,1.320928414315454
67.0,238.0,129.88369750976562,-0.0384394284723971,2.682975909148543,-4.114785849651962,-3.679239009035948,-1.9244454601702328,1.3399968271028857,-0.0992974966139006,3.9634126109169294,-0.4438348749963561,1.323728487499586
67.0,238.0,129.88369750976562,-0.0375151009923383,2.6815405326175563,-4.11492126820321,-3.678696413336605,-1.9248538354858755,1.3399425126041962,-0.0987835979778907,3.963714046279793,-0.4446811609730565,1.323395357397754
67.0,238.0,129.88369750976562,-0.0377454066103169,2.6825043046280004,-4.114788089707397,-3.679652743106941,-1.9244710726958925,1.340134709603629,-0.1004671214614538,3.9636188560680137,-0.4424447477359667,1.3231665976907154
67.0,238.0,129.88369750976562,-0.0364954623203145,2.682236998039043,-4.1151194879360045,-3.678349310488348,-1.9266135679514724,1.3402469514634694,-0.0997973225445006,3.96391029317396,-0.4446940722613329,1.3226826898546231
67.0,238.0,129.88369750976562,-0.0383554438796345,2.6837078456050074,-4.1148397309375175,-3.6796427651577615,-1.925935618093105,1.3413987342605571,-0.0995517511654577,3.963735392106942,-0.4447510661004394,1.3223569690262462
67.0,238.0,129.88369750976562,-0.0374471514184957,2.6830290313127803,-4.114093649499316,-3.679834210451842,-1.924097479454128,1.3403730799535918,-0.0989693227775162,3.9646815998637,-0.4441470635204132,1.3235251103658887
67.0,238.0,129.88369750976562,-0.0382710782515905,2.682893249029939,-4.115279657961465,-3.6792257495786993,-1.924598940320268,1.340114582927606,-0.0982937747407807,3.963413311773425,-0.4438361054294831,1.3238186492275428
67.0,238.0,129.88369750976562,-0.0386767940782647,2.6825724445294745,-4.114978013222114,-3.6803825219341575,-1.925471672712967,1.340026883894302,-0.1000383970307691,3.965015974768844,-0.4424138905121658,1.3231790020943524
67.0,238.0,129.88369750976562,-0.0386743878574695,2.682514171969066,-4.114506661615946,-3.679438333994672,-1.9243521442453364,1.339783745789752,-0.0992489063510318,3.963839175972056,-0.4434921678817331,1.3240327725928551
67.0,238.0,129.88369750976562,-0.0378622370720957,2.681968301780857,-4.11483420834631,-3.6800866107675727,-1.924030423868726,1.3402908182460136,-0.0994770964367983,3.9636342318458793,-0.4433138246954711,1.324016149664466
67.0,238.0,129.88369750976562,-0.038409736125438,2.683223324443615,-4.114847609240932,-3.679415568245977,-1.9254956460903945,1.339956890140793,-0.0993767820110977,3.96545346379171,-0.4440833734044859,1.3235641918682983
67.0,238.0,129.88369750976562,-0.0365283721779428,2.6821798842695697,-4.11603441881068,-3.679486054107372,-1.9251379515389608,1.3405617104052885,-0.1002226474128503,3.96390962240616,-0.4420402715724512,1.3236767237550735
67.0,238.0,129.88369750976562,-0.0364397398083592,2.6825071178585005,-4.115088219917484,-3.67970139592296,-1.9261702671341336,1.340268587447146,-0.1007867068112726,3.963668351548983,-0.4431968561648036,1.323600593218882
67.0,238.0,129.88369750976562,-0.0383216637770437,2.6825741157856324,-4.114967170153109,-3.6780063208760607,-1.924454085840296,1.3404595116488414,-0.099584917212826,3.9638032536282113,-0.4437830930453497,1.3237113962040006
67.0,238.0,129.88369750976562,-0.0379767604336877,2.680744641094622,-4.114477853527157,-3.6801701846835897,-1.924400799866619,1.3404674448137248,-0.0999418297218291,3.9646977554076215,-0.4444012423801128,1.3236911002911962
67.0,238.0,129.88369750976562,-0.0390478143195861,2.682337844354252,-4.115926773235828,-3.6795526101329856,-1.924688573970111,1.3412594732204302,-0.0998160293303123,3.963891675060848,-0.4428856325751028,1.3240663398786898
67.0,238.0,129.88369750976562,-0.0383148729229902,2.6832796999404445,-4.116294179060572,-3.6793979513078847,-1.9250865185851764,1.340689295518906,-0.0983386555168854,3.963023765613142,-0.4436402091529069,1.323783064095721
67.0,238.0,129.88369750976562,-0.0379627504806742,2.6821752792535305,-4.115112653936806,-3.679108163981376,-1.9271989799946387,1.3404670547282131,-0.0989285936155462,3.963762776092248,-0.4436037889685726,1.3234545198064809
67.0,238.0,129.88369750976562,-0.0392187524807247,2.683054261908589,-4.114922136147859,-3.6795777604845856,-1.925288325593142,1.3412020927009516,-0.0999221139832497,3.9638507441902,-0.4441360716815598,1.3240769948011513
67.0,238.0,129.88369750976562,-0.0383849644671473,2.6829565493324656,-4.1152425670406885,-3.679085536259625,-1.9245625020625792,1.3398362901102925,-0.0989136901687004,3.964908554644228,-0.4445902552466633,1.3237140521602766
67.0,238.0,129.88369750976562,-0.0381150873514049,2.682542042709517,-4.114430642239843,-3.678878579382245,-1.9244999050184943,1.3406975087022637,-0.0999938618507068,3.963198803446204,-0.4438787615061223,1.3237429493033557
67.0,238.0,129.88369750976562,-0.0356061132564945,2.682682236611596,-4.114853691872366,-3.679371797552783,-1.926117401442866,1.3402494852328133,-0.0995158924403936,3.963593572879813,-0.4432809198229624,1.3217267572875264
67.0,238.0,129.88369750976562,-0.0370319986549597,2.682141311654721,-4.11568919640137,-3.679601765843594,-1.9250876999733395,1.3398228311447469,-0.1004837490685165,3.964237534852891,-0.442657322459007,1.323574800022745
67.0,238.0,129.88369750976562,-0.0370807272260081,2.68264859514898,-4.115168223632826,-3.678252415128613,-1.9239598296335736,1.3405486072531194,-0.098422161926668,3.964345449074509,-0.4430919035377933,1.32368118639016
67.0,238.0,129.88369750976562,-0.0371588517049898,2.6805734538012,-4.114829362922763,-3.680286246949066,-1.92656536943232,1.339947151786356,-0.0988547495593402,3.9637048782995135,-0.4439045648392518,1.323849355521426
67.0,238.0,129.88369750976562,-0.0375504977495809,2.682280533818246,-4.115233018272244,-3.679761393898062,-1.925012808213688,1.3408448440508045,-0.0991535257406458,3.963799535448471,-0.4426996479812786,1.32341862225405
67.0,238.0,129.88369750976562,-0.0364782580288229,2.6818429670123987,-4.11474322378592,-3.679358600708835,-1.9243445464444973,1.3403015173573354,-0.09960695951543,3.965946662438152,-0.4428471831983755,1.3238509640840692
67.0,238.0,129.88369750976562,-0.0375050067521598,2.682394795215691,-4.114718372567042,-3.678092981168621,-1.9258440914610253,1.3400083563894525,-0.099182553119151,3.966016159885976,-0.4438312502809411,1.3218137438897066
67.0,238.0,129.88369750976562,-0.0385790505121479,2.6829151465589978,-4.114800802167872,-3.680258446862143,-1.924409893497719,1.340273682270729,-0.0988903953142273,3.964274155720028,-0.443693939368691,1.324358976709781
67.0,238.0,129.88369750976562,-0.0373377203114786,2.682486630971601,-4.114913017838977,-3.6783634873448783,-1.9265970819780125,1.3403155553342478,-0.099168483249192,3.963433477689972,-0.4450287501643289,1.3241048847555466
67.0,238.0,129.88369750976562,-0.0379180192985064,2.682247815866732,-4.11618169808676,-3.678672127199636,-1.9243215382018104,1.341224665253827,-0.0999942253138913,3.964944788080395,-0.4445476548029366,1.3237704141458422
67.0,238.0,129.88369750976562,-0.0379024272348933,2.681548237319513,-4.1147750510204935,-3.679808883893499,-1.9248620463978097,1.3398379650494014,-0.0992112748296654,3.963017815678836,-0.4424179299426491,1.3233375186841294
67.0,238.0,129.88369750976562,-0.0386119900478477,2.682502921158186,-4.115330536104988,-3.67922120648243,-1.924454899099244,1.3398214621333258,-0.0993185791376466,3.963886887649888,-0.4432911272000954,1.323338099550023
67.0,238.0,129.88369750976562,-0.0382477403859779,2.68273101332882,-4.115921932644253,-3.677978964649831,-1.924749009834854,1.3417441945558162,-0.0989616560098664,3.9650317801400976,-0.4436610931860999,1.3237025486479133
67.0,238.0,129.88369750976562,-0.0368336824364338,2.6826832487827823,-4.114591204394081,-3.678575812548972,-1.925641460409574,1.3405690717413157,-0.0993023327242637,3.963040004737601,-0.4453726377459595,1.3228519700821009
67.0,238.0,129.88369750976562,-0.0368682580867013,2.6829220535883818,-4.115330151241876,-3.6800847775118006,-1.924143475813016,1.3403634962947215,-0.0977891263415146,3.964305456688996,-0.4434524361281761,1.323232495747224
67.0,238.0,129.88369750976562,-0.0385555590400413,2.682332051900679,-4.11561887003485,-3.678886500882304,-1.9246899936591084,1.339812599810698,-0.0990985889591814,3.964719517917539,-0.4435134565679196,1.3239478618172835
67.0,238.0,129.88369750976562,-0.0362685215543273,2.6824785535414897,-4.115228802300194,-3.679666890710486,-1.924817154336768,1.3397913112986377,-0.0984104785689082,3.965220519508229,-0.4431274438343454,1.3229101875008091
67.0,238.0,129.88369750976562,-0.0375539125029723,2.683178260371717,-4.114369649219112,-3.679430716965344,-1.9246000535494767,1.3402022966892828,-0.0991060381317665,3.964045450719317,-0.4435850165156397,1.3232991003993002
67.0,238.0,129.88369750976562,-0.0373747018816963,2.6827891322424366,-4.115831560265851,-3.678720605069845,-1.925137080380172,1.3403258327157284,-0.0988966046907536,3.963632318963182,-0.4426579316869733,1.3218509770686553
67.0,238.0,129.88369750976562,-0.0370591034729298,2.6826218239917727,-4.115266560061377,-3.679595996907135,-1.926209819046368,1.3414009745971895,-0.0987779561750726,3.964208636924238,-0.4451036432456676,1.3236569489549574
67.0,238.0,129.88369750976562,-0.0391015901040685,2.6832066369908216,-4.11469770047713,-3.680059309122311,-1.9260168474946973,1.3411719572718803,-0.0990887163406583,3.963894911594921,-0.4433537251091182,1.3222977704533132
67.0,238.0,129.88369750976562,-0.0371238674580442,2.6828863163114574,-4.116450644235016,-3.678852193219088,-1.9245006772364748,1.340853961483298,-0.1003745299408251,3.96483297132265,-0.4438758320633198,1.32253467512871
67.0,238.0,129.88369750976562,-0.0387529514039979,2.682332987600346,-4.114907536737543,-3.6795098013530296,-1.9263257462158496,1.3407473142017434,-0.0999818312495976,3.964815872089346,-0.4437279455012012,1.3221885533632094
67.0,238.0,129.88369750976562,-0.0385026246801999,2.681902136710416,-4.116577281202409,-3.680540846948508,-1.92433206385908,1.3402460540770993,-0.099126385258616,3.9633692913641982,-0.4437405342625667,1.3232985721522927
67.0,239.0,129.88369750976562,-0.0372763731490363,2.6826167704504225,-4.114823442455658,-3.6783468022659607,-1.9261520268860424,1.3403612303406105,-0.0998002543669788,3.963755631935773,-0.4432836224847902,1.323920551784124
67.0,239.0,129.88369750976562,-0.0386144815276365,2.682602177420531,-4.114692785083619,-3.6782825809630206,-1.925857278402108,1.3408475275948784,-0.0997619686173913,3.964034353113425,-0.4420803106852294,1.323383683790692
67.0,239.0,129.88369750976562,-0.0384255196221009,2.6828457518910365,-4.115229419906435,-3.678280070499364,-1.9241863635424368,1.340197132733122,-0.0989346872452995,3.965045366748188,-0.4436973324717846,1.3237061726352286
67.0,239.0,129.88369750976562,-0.0374477628801099,2.682657028303648,-4.114838900894199,-3.678870043592088,-1.9251837276112644,1.3405201841317955,-0.0987901150784344,3.964675583138253,-0.4423633760043502,1.3238448057713843
67.0,239.0,129.88369750976562,-0.0382635524696136,2.682419967614642,-4.114786126384205,-3.679311634560755,-1.925978686292598,1.3411333845684037,-0.0987597980305496,3.9641414728433215,-0.4424791061193618,1.320928414315454
67.0,239.0,129.88369750976562,-0.0384394284723971,2.682975909148543,-4.114785849651962,-3.679239009035948,-1.9244454601702328,1.3399968271028857,-0.0992974966139006,3.9634126109169294,-0.4438348749963561,1.323728487499586
67.0,239.0,129.88369750976562,-0.0375151009923383,2.6815405326175563,-4.11492126820321,-3.678696413336605,-1.9248538354858755,1.3399425126041962,-0.0987835979778907,3.963714046279793,-0.4446811609730565,1.323395357397754
67.0,239.0,129.88369750976562,-0.0377454066103169,2.6825043046280004,-4.114788089707397,-3.679652743106941,-1.9244710726958925,1.340134709603629,-0.1004671214614538,3.9636188560680137,-0.4424447477359667,1.3231665976907154
67.0,239.0,129.88369750976562,-0.0364954623203145,2.682236998039043,-4.1151194879360045,-3.678349310488348,-1.9266135679514724,1.3402469514634694,-0.0997973225445006,3.96391029317396,-0.4446940722613329,1.3226826898546231
67.0,239.0,129.88369750976562,-0.0383554438796345,2.6837078456050074,-4.1148397309375175,-3.6796427651577615,-1.925935618093105,1.3413987342605571,-0.0995517511654577,3.963735392106942,-0.4447510661004394,1.3223569690262462
67.0,239.0,129.88369750976562,-0.0374471514184957,2.6830290313127803,-4.114093649499316,-3.679834210451842,-1.924097479454128,1.3403730799535918,-0.0989693227775162,3.9646815998637,-0.4441470635204132,1.3235251103658887
67.0,239.0,129.88369750976562,-0.0382710782515905,2.682893249029939,-4.115279657961465,-3.6792257495786993,-1.924598940320268,1.340114582927606,-0.0982937747407807,3.963413311773425,-0.4438361054294831,1.3238186492275428
67.0,239.0,129.88369750976562,-0.0386767940782647,2.6825724445294745,-4.114978013222114,-3.6803825219341575,-1.925471672712967,1.340026883894302,-0.1000383970307691,3.965015974768844,-0.4424138905121658,1.3231790020943524
67.0,239.0,129.88369750976562,-0.0386743878574695,2.682514171969066,-4.114506661615946,-3.679438333994672,-1.9243521442453364,1.339783745789752,-0.0992489063510318,3.963839175972056,-0.4434921678817331,1.3240327725928551
67.0,239.0,129.88369750976562,-0.0378622370720957,2.681968301780857,-4.11483420834631,-3.6800866107675727,-1.924030423868726,1.3402908182460136,-0.0994770964367983,3.9636342318458793,-0.4433138246954711,1.324016149664466
67.0,239.0,129.88369750976562,-0.038409736125438,2.683223324443615,-4.114847609240932,-3.679415568245977,-1.9254956460903945,1.339956890140793,-0.0993767820110977,3.96545346379171,-0.4440833734044859,1.3235641918682983
67.0,239.0,129.88369750976562,-0.0365283721779428,2.6821798842695697,-4.11603441881068,-3.679486054107372,-1.9251379515389608,1.3405617104052885,-0.1002226474128503,3.96390962240616,-0.4420402715724512,1.3236767237550735
67.0,239.0,129.88369750976562,-0.0364397398083592,2.6825071178585005,-4.115088219917484,-3.67970139592296,-1.9261702671341336,1.340268587447146,-0.1007867068112726,3.963668351548983,-0.4431968561648036,1.323600593218882
67.0,239.0,129.88369750976562,-0.0383216637770437,2.6825741157856324,-4.114967170153109,-3.6780063208760607,-1.924454085840296,1.3404595116488414,-0.099584917212826,3.9638032536282113,-0.4437830930453497,1.3237113962040006
67.0,239.0,129.88369750976562,-0.0379767604336877,2.680744641094622,-4.114477853527157,-3.6801701846835897,-1.924400799866619,1.3404674448137248,-0.0999418297218291,3.9646977554076215,-0.4444012423801128,1.3236911002911962
67.0,239.0,129.88369750976562,-0.0390478143195861,2.682337844354252,-4.115926773235828,-3.6795526101329856,-1.924688573970111,1.3412594732204302,-0.0998160293303123,3.963891675060848,-0.4428856325751028,1.3240663398786898
67.0,239.0,129.88369750976562,-0.0383148729229902,2.6832796999404445,-4.116294179060572,-3.6793979513078847,-1.9250865185851764,1.340689295518906,-0.0983386555168854,3.963023765613142,-0.4436402091529069,1.323783064095721
67.0,239.0,129.88369750976562,-0.0379627504806742,2.6821752792535305,-4.115112653936806,-3.679108163981376,-1.9271989799946387,1.3404670547282131,-0.0989285936155462,3.963762776092248,-0.4436037889685726,1.3234545198064809
67.0,239.0,129.88369750976562,-0.0392187524807247,2.683054261908589,-4.114922136147859,-3.6795777604845856,-1.925288325593142,1.3412020927009516,-0.0999221139832497,3.9638507441902,-0.4441360716815598,1.3240769948011513
67.0,239.0,129.88369750976562,-0.0383849644671473,2.6829565493324656,-4.1152425670406885,-3.679085536259625,-1.9245625020625792,1.3398362901102925,-0.0989136901687004,3.964908554644228,-0.4445902552466633,1.3237140521602766
67.0,239.0,129.88369750976562,-0.0381150873514049,2.682542042709517,-4.114430642239843,-3.678878579382245,-1.9244999050184943,1.3406975087022637,-0.0999938618507068,3.963198803446204,-0.4438787615061223,1.3237429493033557
67.0,239.0,129.88369750976562,-0.0356061132564945,2.682682236611596,-4.114853691872366,-3.679371797552783,-1.926117401442866,1.3402494852328133,-0.0995158924403936,3.963593572879813,-0.4432809198229624,1.3217267572875264
67.0,239.0,129.88369750976562,-0.0370319986549597,2.682141311654721,-4.11568919640137,-3.679601765843594,-1.9250876999733395,1.3398228311447469,-0.1004837490685165,3.964237534852891,-0.442657322459007,1.323574800022745
67.0,239.0,129.88369750976562,-0.0370807272260081,2.68264859514898,-4.115168223632826,-3.678252415128613,-1.9239598296335736,1.3405486072531194,-0.098422161926668,3.964345449074509,-0.4430919035377933,1.32368118639016
67.0,239.0,129.88369750976562,-0.0371588517049898,2.6805734538012,-4.114829362922763,-3.680286246949066,-1.92656536943232,1.339947151786356,-0.0988547495593402,3.9637048782995135,-0.4439045648392518,1.323849355521426
67.0,239.0,129.88369750976562,-0.0375504977495809,2.682280533818246,-4.115233018272244,-3.679761393898062,-1.925012808213688,1.3408448440508045,-0.0991535257406458,3.963799535448471,-0.4426996479812786,1.32341862225405
67.0,239.0,129.88369750976562,-0.0364782580288229,2.6818429670123987,-4.11474322378592,-3.679358600708835,-1.9243445464444973,1.3403015173573354,-0.09960695951543,3.965946662438152,-0.4428471831983755,1.3238509640840692
67.0,239.0,129.88369750976562,-0.0375050067521598,2.682394795215691,-4.114718372567042,-3.678092981168621,-1.9258440914610253,1.3400083563894525,-0.099182553119151,3.966016159885976,-0.4438312502809411,1.3218137438897066
67.0,239.0,129.88369750976562,-0.0385790505121479,2.6829151465589978,-4.114800802167872,-3.680258446862143,-1.924409893497719,1.340273682270729,-0.0988903953142273,3.964274155720028,-0.443693939368691,1.324358976709781
67.0,239.0,129.88369750976562,-0.0373377203114786,2.682486630971601,-4.114913017838977,-3.6783634873448783,-1.9265970819780125,1.3403155553342478,-0.099168483249192,3.963433477689972,-0.4450287501643289,1.3241048847555466
67.0,239.0,129.88369750976562,-0.0379180192985064,2.682247815866732,-4.11618169808676,-3.678672127199636,-1.9243215382018104,1.341224665253827,-0.0999942253138913,3.964944788080395,-0.4445476548029366,1.3237704141458422
67.0,239.0,129.88369750976562,-0.0379024272348933,2.681548237319513,-4.1147750510204935,-3.679808883893499,-1.9248620463978097,1.3398379650494014,-0.0992112748296654,3.963017815678836,-0.4424179299426491,1.3233375186841294
67.0,239.0,129.88369750976562,-0.0386119900478477,2.682502921158186,-4.115330536104988,-3.67922120648243,-1.924454899099244,1.3398214621333258,-0.0993185791376466,3.963886887649888,-0.4432911272000954,1.323338099550023
67.0,239.0,129.88369750976562,-0.0382477403859779,2.68273101332882,-4.115921932644253,-3.677978964649831,-1.924749009834854,1.3417441945558162,-0.0989616560098664,3.9650317801400976,-0.4436610931860999,1.3237025486479133
67.0,239.0,129.88369750976562,-0.0368336824364338,2.6826832487827823,-4.114591204394081,-3.678575812548972,-1.925641460409574,1.3405690717413157,-0.0993023327242637,3.963040004737601,-0.4453726377459595,1.3228519700821009
67.0,239.0,129.88369750976562,-0.0368682580867013,2.6829220535883818,-4.115330151241876,-3.6800847775118006,-1.924143475813016,1.3403634962947215,-0.0977891263415146,3.964305456688996,-0.4434524361281761,1.323232495747224
67.0,239.0,129.88369750976562,-0.0385555590400413,2.682332051900679,-4.11561887003485,-3.678886500882304,-1.9246899936591084,1.339812599810698,-0.0990985889591814,3.964719517917539,-0.4435134565679196,1.3239478618172835
67.0,239.0,129.88369750976562,-0.0362685215543273,2.6824785535414897,-4.115228802300194,-3.679666890710486,-1.924817154336768,1.3397913112986377,-0.0984104785689082,3.965220519508229,-0.4431274438343454,1.3229101875008091
67.0,239.0,129.88369750976562,-0.0375539125029723,2.683178260371717,-4.114369649219112,-3.679430716965344,-1.9246000535494767,1.3402022966892828,-0.0991060381317665,3.964045450719317,-0.4435850165156397,1.3232991003993002
67.0,239.0,129.88369750976562,-0.0373747018816963,2.6827891322424366,-4.115831560265851,-3.678720605069845,-1.925137080380172,1.3403258327157284,-0.0988966046907536,3.963632318963182,-0.4426579316869733,1.3218509770686553
67.0,239.0,129.88369750976562,-0.0370591034729298,2.6826218239917727,-4.115266560061377,-3.679595996907135,-1.926209819046368,1.3414009745971895,-0.0987779561750726,3.964208636924238,-0.4451036432456676,1.3236569489549574
67.0,239.0,129.88369750976562,-0.0391015901040685,2.6832066369908216,-4.11469770047713,-3.680059309122311,-1.9260168474946973,1.3411719572718803,-0.0990887163406583,3.963894911594921,-0.4433537251091182,1.3222977704533132
67.0,239.0,129.88369750976562,-0.0371238674580442,2.6828863163114574,-4.116450644235016,-3.678852193219088,-1.9245006772364748,1.340853961483298,-0.1003745299408251,3.96483297132265,-0.4438758320633198,1.32253467512871
67.0,239.0,129.88369750976562,-0.0387529514039979,2.682332987600346,-4.114907536737543,-3.6795098013530296,-1.9263257462158496,1.3407473142017434,-0.0999818312495976,3.964815872089346,-0.4437279455012012,1.3221885533632094
67.0,239.0,129.88369750976562,-0.0385026246801999,2.681902136710416,-4.116577281202409,-3.680540846948508,-1.92433206385908,1.3402460540770993,-0.099126385258616,3.9633692913641982,-0.4437405342625667,1.3232985721522927
67.0,240.0,129.88369750976562,-0.0372763731490363,2.6826167704504225,-4.114823442455658,-3.6783468022659607,-1.9261520268860424,1.3403612303406105,-0.0998002543669788,3.963755631935773,-0.4432836224847902,1.323920551784124
67.0,240.0,129.88369750976562,-0.0386144815276365,2.682602177420531,-4.114692785083619,-3.6782825809630206,-1.925857278402108,1.3408475275948784,-0.0997619686173913,3.964034353113425,-0.4420803106852294,1.323383683790692
67.0,240.0,129.88369750976562,-0.0384255196221009,2.6828457518910365,-4.115229419906435,-3.678280070499364,-1.9241863635424368,1.340197132733122,-0.0989346872452995,3.965045366748188,-0.4436973324717846,1.3237061726352286
67.0,240.0,129.88369750976562,-0.0374477628801099,2.682657028303648,-4.114838900894199,-3.678870043592088,-1.9251837276112644,1.3405201841317955,-0.0987901150784344,3.964675583138253,-0.4423633760043502,1.3238448057713843
67.0,240.0,129.88369750976562,-0.0382635524696136,2.682419967614642,-4.114786126384205,-3.679311634560755,-1.925978686292598,1.3411333845684037,-0.0987597980305496,3.9641414728433215,-0.4424791061193618,1.320928414315454
67.0,240.0,129.88369750976562,-0.0384394284723971,2.682975909148543,-4.114785849651962,-3.679239009035948,-1.9244454601702328,1.3399968271028857,-0.0992974966139006,3.9634126109169294,-0.4438348749963561,1.323728487499586
67.0,240.0,129.88369750976562,-0.0375151009923383,2.6815405326175563,-4.11492126820321,-3.678696413336605,-1.9248538354858755,1.3399425126041962,-0.0987835979778907,3.963714046279793,-0.4446811609730565,1.323395357397754
67.0,240.0,129.88369750976562,-0.0377454066103169,2.6825043046280004,-4.114788089707397,-3.679652743106941,-1.9244710726958925,1.340134709603629,-0.1004671214614538,3.9636188560680137,-0.4424447477359667,1.3231665976907154
67.0,240.0,129.88369750976562,-0.0364954623203145,2.682236998039043,-4.1151194879360045,-3.678349310488348,-1.9266135679514724,1.3402469514634694,-0.0997973225445006,3.96391029317396,-0.4446940722613329,1.3226826898546231
67.0,240.0,129.88369750976562,-0.0383554438796345,2.6837078456050074,-4.1148397309375175,-3.6796427651577615,-1.925935618093105,1.3413987342605571,-0.0995517511654577,3.963735392106942,-0.4447510661004394,1.3223569690262462
67.0,240.0,129.88369750976562,-0.0374471514184957,2.6830290313127803,-4.114093649499316,-3.679834210451842,-1.924097479454128,1.3403730799535918,-0.0989693227775162,3.9646815998637,-0.4441470635204132,1.3235251103658887
67.0,240.0,129.88369750976562,-0.0382710782515905,2.682893249029939,-4.115279657961465,-3.6792257495786993,-1.924598940320268,1.340114582927606,-0.0982937747407807,3.963413311773425,-0.4438361054294831,1.3238186492275428
67.0,240.0,129.88369750976562,-0.0386767940782647,2.6825724445294745,-4.114978013222114,-3.6803825219341575,-1.925471672712967,1.340026883894302,-0.1000383970307691,3.965015974768844,-0.4424138905121658,1.3231790020943524
67.0,240.0,129.88369750976562,-0.0386743878574695,2.682514171969066,-4.114506661615946,-3.679438333994672,-1.9243521442453364,1.339783745789752,-0.0992489063510318,3.963839175972056,-0.4434921678817331,1.3240327725928551
67.0,240.0,129.88369750976562,-0.0378622370720957,2.681968301780857,-4.11483420834631,-3.6800866107675727,-1.924030423868726,1.3402908182460136,-0.0994770964367983,3.9636342318458793,-0.4433138246954711,1.324016149664466
67.0,240.0,129.88369750976562,-0.038409736125438,2.683223324443615,-4.114847609240932,-3.679415568245977,-1.9254956460903945,1.339956890140793,-0.0993767820110977,3.96545346379171,-0.4440833734044859,1.3235641918682983
67.0,240.0,129.88369750976562,-0.0365283721779428,2.6821798842695697,-4.11603441881068,-3.679486054107372,-1.9251379515389608,1.3405617104052885,-0.1002226474128503,3.96390962240616,-0.4420402715724512,1.3236767237550735
67.0,240.0,129.88369750976562,-0.0364397398083592,2.6825071178585005,-4.115088219917484,-3.67970139592296,-1.9261702671341336,1.340268587447146,-0.1007867068112726,3.963668351548983,-0.4431968561648036,1.323600593218882
67.0,240.0,129.88369750976562,-0.0383216637770437,2.6825741157856324,-4.114967170153109,-3.6780063208760607,-1.924454085840296,1.3404595116488414,-0.099584917212826,3.9638032536282113,-0.4437830930453497,1.3237113962040006
67.0,240.0,129.88369750976562,-0.0379767604336877,2.680744641094622,-4.114477853527157,-3.6801701846835897,-1.924400799866619,1.3404674448137248,-0.0999418297218291,3.9646977554076215,-0.4444012423801128,1.3236911002911962
67.0,240.0,129.88369750976562,-0.0390478143195861,2.682337844354252,-4.115926773235828,-3.6795526101329856,-1.924688573970111,1.3412594732204302,-0.0998160293303123,3.963891675060848,-0.4428856325751028,1.3240663398786898
67.0,240.0,129.88369750976562,-0.0383148729229902,2.6832796999404445,-4.116294179060572,-3.6793979513078847,-1.9250865185851764,1.340689295518906,-0.0983386555168854,3.963023765613142,-0.4436402091529069,1.323783064095721
67.0,240.0,129.88369750976562,-0.0379627504806742,2.6821752792535305,-4.115112653936806,-3.679108163981376,-1.9271989799946387,1.3404670547282131,-0.0989285936155462,3.963762776092248,-0.4436037889685726,1.3234545198064809
67.0,240.0,129.88369750976562,-0.0392187524807247,2.683054261908589,-4.114922136147859,-3.6795777604845856,-1.925288325593142,1.3412020927009516,-0.0999221139832497,3.9638507441902,-0.4441360716815598,1.3240769948011513
67.0,240.0,129.88369750976562,-0.0383849644671473,2.6829565493324656,-4.1152425670406885,-3.679085536259625,-1.9245625020625792,1.3398362901102925,-0.0989136901687004,3.964908554644228,-0.4445902552466633,1.3237140521602766
67.0,240.0,129.88369750976562,-0.0381150873514049,2.682542042709517,-4.114430642239843,-3.678878579382245,-1.9244999050184943,1.3406975087022637,-0.0999938618507068,3.963198803446204,-0.4438787615061223,1.3237429493033557
67.0,240.0,129.88369750976562,-0.0356061132564945,2.682682236611596,-4.114853691872366,-3.679371797552783,-1.926117401442866,1.3402494852328133,-0.0995158924403936,3.963593572879813,-0.4432809198229624,1.3217267572875264
67.0,240.0,129.88369750976562,-0.0370319986549597,2.682141311654721,-4.11568919640137,-3.679601765843594,-1.9250876999733395,1.3398228311447469,-0.1004837490685165,3.964237534852891,-0.442657322459007,1.323574800022745
67.0,240.0,129.88369750976562,-0.0370807272260081,2.68264859514898,-4.115168223632826,-3.678252415128613,-1.9239598296335736,1.3405486072531194,-0.098422161926668,3.964345449074509,-0.4430919035377933,1.32368118639016
67.0,240.0,129.88369750976562,-0.0371588517049898,2.6805734538012,-4.114829362922763,-3.680286246949066,-1.92656536943232,1.339947151786356,-0.0988547495593402,3.9637048782995135,-0.4439045648392518,1.323849355521426
67.0,240.0,129.88369750976562,-0.0375504977495809,2.682280533818246,-4.115233018272244,-3.679761393898062,-1.925012808213688,1.3408448440508045,-0.0991535257406458,3.963799535448471,-0.4426996479812786,1.32341862225405
67.0,240.0,129.88369750976562,-0.0364782580288229,2.6818429670123987,-4.11474322378592,-3.679358600708835,-1.9243445464444973,1.3403015173573354,-0.09960695951543,3.965946662438152,-0.4428471831983755,1.3238509640840692
67.0,240.0,129.88369750976562,-0.0375050067521598,2.682394795215691,-4.114718372567042,-3.678092981168621,-1.9258440914610253,1.3400083563894525,-0.099182553119151,3.966016159885976,-0.4438312502809411,1.3218137438897066
67.0,240.0,129.88369750976562,-0.0385790505121479,2.6829151465589978,-4.114800802167872,-3.680258446862143,-1.924409893497719,1.340273682270729,-0.0988903953142273,3.964274155720028,-0.443693939368691,1.324358976709781
67.0,240.0,129.88369750976562,-0.0373377203114786,2.682486630971601,-4.114913017838977,-3.6783634873448783,-1.9265970819780125,1.3403155553342478,-0.099168483249192,3.963433477689972,-0.4450287501643289,1.3241048847555466
67.0,240.0,129.88369750976562,-0.0379180192985064,2.682247815866732,-4.11618169808676,-3.678672127199636,-1.9243215382018104,1.341224665253827,-0.0999942253138913,3.964944788080395,-0.4445476548029366,1.3237704141458422
67.0,240.0,129.88369750976562,-0.0379024272348933,2.681548237319513,-4.1147750510204935,-3.679808883893499,-1.9248620463978097,1.3398379650494014,-0.0992112748296654,3.963017815678836,-0.4424179299426491,1.3233375186841294
67.0,240.0,129.88369750976562,-0.0386119900478477,2.682502921158186,-4.115330536104988,-3.67922120648243,-1.924454899099244,1.3398214621333258,-0.0993185791376466,3.963886887649888,-0.4432911272000954,1.323338099550023
67.0,240.0,129.88369750976562,-0.0382477403859779,2.68273101332882,-4.115921932644253,-3.677978964649831,-1.924749009834854,1.3417441945558162,-0.0989616560098664,3.9650317801400976,-0.4436610931860999,1.3237025486479133
67.0,240.0,129.88369750976562,-0.0368336824364338,2.6826832487827823,-4.114591204394081,-3.678575812548972,-1.925641460409574,1.3405690717413157,-0.0993023327242637,3.963040004737601,-0.4453726377459595,1.3228519700821009
67.0,240.0,129.88369750976562,-0.0368682580867013,2.6829220535883818,-4.115330151241876,-3.6800847775118006,-1.924143475813016,1.3403634962947215,-0.0977891263415146,3.964305456688996,-0.4434524361281761,1.323232495747224
67.0,240.0,129.88369750976562,-0.0385555590400413,2.682332051900679,-4.11561887003485,-3.678886500882304,-1.9246899936591084,1.339812599810698,-0.0990985889591814,3.964719517917539,-0.4435134565679196,1.3239478618172835
67.0,240.0,129.88369750976562,-0.0362685215543273,2.6824785535414897,-4.115228802300194,-3.679666890710486,-1.924817154336768,1.3397913112986377,-0.0984104785689082,3.965220519508229,-0.4431274438343454,1.3229101875008091
67.0,240.0,129.88369750976562,-0.0375539125029723,2.683178260371717,-4.114369649219112,-3.679430716965344,-1.9246000535494767,1.3402022966892828,-0.0991060381317665,3.964045450719317,-0.4435850165156397,1.3232991003993002
67.0,240.0,129.88369750976562,-0.0373747018816963,2.6827891322424366,-4.115831560265851,-3.678720605069845,-1.925137080380172,1.3403258327157284,-0.0988966046907536,3.963632318963182,-0.4426579316869733,1.3218509770686553
67.0,240.0,129.88369750976562,-0.0370591034729298,2.6826218239917727,-4.115266560061377,-3.679595996907135,-1.926209819046368,1.3414009745971895,-0.0987779561750726,3.964208636924238,-0.4451036432456676,1.3236569489549574
67.0,240.0,129.88369750976562,-0.0391015901040685,2.6832066369908216,-4.11469770047713,-3.680059309122311,-1.9260168474946973,1.3411719572718803,-0.0990887163406583,3.963894911594921,-0.4433537251091182,1.3222977704533132
67.0,240.0,129.88369750976562,-0.0371238674580442,2.6828863163114574,-4.116450644235016,-3.678852193219088,-1.9245006772364748,1.340853961483298,-0.1003745299408251,3.96483297132265,-0.4438758320633198,1.32253467512871
67.0,240.0,129.88369750976562,-0.0387529514039979,2.682332987600346,-4.114907536737543,-3.6795098013530296,-1.9263257462158496,1.3407473142017434,-0.0999818312495976,3.964815872089346,-0.4437279455012012,1.3221885533632094
67.0,240.0,129.88369750976562,-0.0385026246801999,2.681902136710416,-4.116577281202409,-3.680540846948508,-1.92433206385908,1.3402460540770993,-0.099126385258616,3.9633692913641982,-0.4437405342625667,1.3232985721522927
67.0,241.0,129.88369750976562,-0.0372763731490363,2.6826167704504225,-4.114823442455658,-3.6783468022659607,-1.9261520268860424,1.3403612303406105,-0.0998002543669788,3.963755631935773,-0.4432836224847902,1.323920551784124
67.0,241.0,129.88369750976562,-0.0386144815276365,2.682602177420531,-4.114692785083619,-3.6782825809630206,-1.925857278402108,1.3408475275948784,-0.0997619686173913,3.964034353113425,-0.4420803106852294,1.323383683790692
67.0,241.0,129.88369750976562,-0.0384255196221009,2.6828457518910365,-4.115229419906435,-3.678280070499364,-1.9241863635424368,1.340197132733122,-0.0989346872452995,3.965045366748188,-0.4436973324717846,1.3237061726352286
67.0,241.0,129.88369750976562,-0.0374477628801099,2.682657028303648,-4.114838900894199,-3.678870043592088,-1.9251837276112644,1.3405201841317955,-0.0987901150784344,3.964675583138253,-0.4423633760043502,1.3238448057713843
67.0,241.0,129.88369750976562,-0.0382635524696136,2.682419967614642,-4.114786126384205,-3.679311634560755,-1.925978686292598,1.3411333845684037,-0.0987597980305496,3.9641414728433215,-0.4424791061193618,1.320928414315454
67.0,241.0,129.88369750976562,-0.0384394284723971,2.682975909148543,-4.114785849651962,-3.679239009035948,-1.9244454601702328,1.3399968271028857,-0.0992974966139006,3.9634126109169294,-0.4438348749963561,1.323728487499586
67.0,241.0,129.88369750976562,-0.0375151009923383,2.6815405326175563,-4.11492126820321,-3.678696413336605,-1.9248538354858755,1.3399425126041962,-0.0987835979778907,3.963714046279793,-0.4446811609730565,1.323395357397754
67.0,241.0,129.88369750976562,-0.0377454066103169,2.6825043046280004,-4.114788089707397,-3.679652743106941,-1.9244710726958925,1.340134709603629,-0.1004671214614538,3.9636188560680137,-0.4424447477359667,1.3231665976907154
67.0,241.0,129.88369750976562,-0.0364954623203145,2.682236998039043,-4.1151194879360045,-3.678349310488348,-1.9266135679514724,1.3402469514634694,-0.0997973225445006,3.96391029317396,-0.4446940722613329,1.3226826898546231
67.0,241.0,129.88369750976562,-0.0383554438796345,2.6837078456050074,-4.1148397309375175,-3.6796427651577615,-1.925935618093105,1.3413987342605571,-0.0995517511654577,3.963735392106942,-0.4447510661004394,1.3223569690262462
67.0,241.0,129.88369750976562,-0.0374471514184957,2.6830290313127803,-4.114093649499316,-3.679834210451842,-1.924097479454128,1.3403730799535918,-0.0989693227775162,3.9646815998637,-0.4441470635204132,1.3235251103658887
67.0,241.0,129.88369750976562,-0.0382710782515905,2.682893249029939,-4.115279657961465,-3.6792257495786993,-1.924598940320268,1.340114582927606,-0.0982937747407807,3.963413311773425,-0.4438361054294831,1.3238186492275428
67.0,241.0,129.88369750976562,-0.0386767940782647,2.6825724445294745,-4.114978013222114,-3.6803825219341575,-1.925471672712967,1.340026883894302,-0.1000383970307691,3.965015974768844,-0.4424138905121658,1.3231790020943524
67.0,241.0,129.88369750976562,-0.0386743878574695,2.682514171969066,-4.114506661615946,-3.679438333994672,-1.9243521442453364,1.339783745789752,-0.0992489063510318,3.963839175972056,-0.4434921678817331,1.3240327725928551
67.0,241.0,129.88369750976562,-0.0378622370720957,2.681968301780857,-4.11483420834631,-3.6800866107675727,-1.924030423868726,1.3402908182460136,-0.0994770964367983,3.9636342318458793,-0.4433138246954711,1.324016149664466
67.0,241.0,129.88369750976562,-0.038409736125438,2.683223324443615,-4.114847609240932,-3.679415568245977,-1.9254956460903945,1.339956890140793,-0.0993767820110977,3.96545346379171,-0.4440833734044859,1.3235641918682983
67.0,241.0,129.88369750976562,-0.0365283721779428,2.6821798842695697,-4.11603441881068,-3.679486054107372,-1.9251379515389608,1.3405617104052885,-0.1002226474128503,3.96390962240616,-0.4420402715724512,1.3236767237550735
67.0,241.0,129.88369750976562,-0.0364397398083592,2.6825071178585005,-4.115088219917484,-3.67970139592296,-1.9261702671341336,1.340268587447146,-0.1007867068112726,3.963668351548983,-0.4431968561648036,1.323600593218882
67.0,241.0,129.88369750976562,-0.0383216637770437,2.6825741157856324,-4.114967170153109,-3.6780063208760607,-1.924454085840296,1.3404595116488414,-0.099584917212826,3.9638032536282113,-0.4437830930453497,1.3237113962040006
67.0,241.0,129.88369750976562,-0.0379767604336877,2.680744641094622,-4.114477853527157,-3.6801701846835897,-1.924400799866619,1.3404674448137248,-0.0999418297218291,3.9646977554076215,-0.4444012423801128,1.3236911002911962
67.0,241.0,129.88369750976562,-0.0390478143195861,2.682337844354252,-4.115926773235828,-3.6795526101329856,-1.924688573970111,1.3412594732204302,-0.0998160293303123,3.963891675060848,-0.4428856325751028,1.3240663398786898
67.0,241.0,129.88369750976562,-0.0383148729229902,2.6832796999404445,-4.116294179060572,-3.6793979513078847,-1.9250865185851764,1.340689295518906,-0.0983386555168854,3.963023765613142,-0.4436402091529069,1.323783064095721
67.0,241.0,129.88369750976562,-0.0379627504806742,2.6821752792535305,-4.115112653936806,-3.679108163981376,-1.9271989799946387,1.3404670547282131,-0.0989285936155462,3.963762776092248,-0.4436037889685726,1.3234545198064809
67.0,241.0,129.88369750976562,-0.0392187524807247,2.683054261908589,-4.114922136147859,-3.6795777604845856,-1.925288325593142,1.3412020927009516,-0.0999221139832497,3.9638507441902,-0.4441360716815598,1.3240769948011513
67.0,241.0,129.88369750976562,-0.0383849644671473,2.6829565493324656,-4.1152425670406885,-3.679085536259625,-1.9245625020625792,1.3398362901102925,-0.0989136901687004,3.964908554644228,-0.4445902552466633,1.3237140521602766
67.0,241.0,129.88369750976562,-0.0381150873514049,2.682542042709517,-4.114430642239843,-3.678878579382245,-1.9244999050184943,1.3406975087022637,-0.0999938618507068,3.963198803446204,-0.4438787615061223,1.3237429493033557
67.0,241.0,129.88369750976562,-0.0356061132564945,2.682682236611596,-4.114853691872366,-3.679371797552783,-1.926117401442866,1.3402494852328133,-0.0995158924403936,3.963593572879813,-0.4432809198229624,1.3217267572875264
67.0,241.0,129.88369750976562,-0.0370319986549597,2.682141311654721,-4.11568919640137,-3.679601765843594,-1.9250876999733395,1.3398228311447469,-0.1004837490685165,3.964237534852891,-0.442657322459007,1.323574800022745
67.0,241.0,129.88369750976562,-0.0370807272260081,2.68264859514898,-4.115168223632826,-3.678252415128613,-1.9239598296335736,1.3405486072531194,-0.098422161926668,3.964345449074509,-0.4430919035377933,1.32368118639016
67.0,241.0,129.88369750976562,-0.0371588517049898,2.6805734538012,-4.114829362922763,-3.680286246949066,-1.92656536943232,1.339947151786356,-0.0988547495593402,3.9637048782995135,-0.4439045648392518,1.323849355521426
67.0,241.0,129.88369750976562,-0.0375504977495809,2.682280533818246,-4.115233018272244,-3.679761393898062,-1.925012808213688,1.3408448440508045,-0.0991535257406458,3.963799535448471,-0.4426996479812786,1.32341862225405
67.0,241.0,129.88369750976562,-0.0364782580288229,2.6818429670123987,-4.11474322378592,-3.679358600708835,-1.9243445464444973,1.3403015173573354,-0.09960695951543,3.965946662438152,-0.4428471831983755,1.3238509640840692
67.0,241.0,129.88369750976562,-0.0375050067521598,2.682394795215691,-4.114718372567042,-3.678092981168621,-1.9258440914610253,1.3400083563894525,-0.099182553119151,3.966016159885976,-0.4438312502809411,1.3218137438897066
67.0,241.0,129.88369750976562,-0.0385790505121479,2.6829151465589978,-4.114800802167872,-3.680258446862143,-1.924409893497719,1.340273682270729,-0.0988903953142273,3.964274155720028,-0.443693939368691,1.324358976709781
67.0,241.0,129.88369750976562,-0.0373377203114786,2.682486630971601,-4.114913017838977,-3.6783634873448783,-1.9265970819780125,1.3403155553342478,-0.099168483249192,3.963433477689972,-0.4450287501643289,1.3241048847555466
67.0,241.0,129.88369750976562,-0.0379180192985064,2.682247815866732,-4.11618169808676,-3.678672127199636,-1.9243215382018104,1.341224665253827,-0.0999942253138913,3.964944788080395,-0.4445476548029366,1.3237704141458422
67.0,241.0,129.88369750976562,-0.0379024272348933,2.681548237319513,-4.1147750510204935,-3.679808883893499,-1.9248620463978097,1.3398379650494014,-0.0992112748296654,3.963017815678836,-0.4424179299426491,1.3233375186841294
67.0,241.0,129.88369750976562,-0.0386119900478477,2.682502921158186,-4.115330536104988,-3.67922120648243,-1.924454899099244,1.3398214621333258,-0.0993185791376466,3.963886887649888,-0.4432911272000954,1.323338099550023
67.0,241.0,129.88369750976562,-0.0382477403859779,2.68273101332882,-4.115921932644253,-3.677978964649831,-1.924749009834854,1.3417441945558162,-0.0989616560098664,3.9650317801400976,-0.4436610931860999,1.3237025486479133
67.0,241.0,129.88369750976562,-0.0368336824364338,2.6826832487827823,-4.114591204394081,-3.678575812548972,-1.925641460409574,1.3405690717413157,-0.0993023327242637,3.963040004737601,-0.4453726377459595,1.3228519700821009
67.0,241.0,129.88369750976562,-0.0368682580867013,2.6829220535883818,-4.115330151241876,-3.6800847775118006,-1.924143475813016,1.3403634962947215,-0.0977891263415146,3.964305456688996,-0.4434524361281761,1.323232495747224
67.0,241.0,129.88369750976562,-0.0385555590400413,2.682332051900679,-4.11561887003485,-3.678886500882304,-1.9246899936591084,1.339812599810698,-0.0990985889591814,3.964719517917539,-0.4435134565679196,1.3239478618172835
67.0,241.0,129.88369750976562,-0.0362685215543273,2.6824785535414897,-4.115228802300194,-3.679666890710486,-1.924817154336768,1.3397913112986377,-0.0984104785689082,3.965220519508229,-0.4431274438343454,1.3229101875008091
67.0,241.0,129.88369750976562,-0.0375539125029723,2.683178260371717,-4.114369649219112,-3.679430716965344,-1.9246000535494767,1.3402022966892828,-0.0991060381317665,3.964045450719317,-0.4435850165156397,1.3232991003993002
67.0,241.0,129.88369750976562,-0.0373747018816963,2.6827891322424366,-4.115831560265851,-3.678720605069845,-1.925137080380172,1.3403258327157284,-0.0988966046907536,3.963632318963182,-0.4426579316869733,1.3218509770686553
67.0,241.0,129.88369750976562,-0.0370591034729298,2.6826218239917727,-4.115266560061377,-3.679595996907135,-1.926209819046368,1.3414009745971895,-0.0987779561750726,3.964208636924238,-0.4451036432456676,1.3236569489549574
67.0,241.0,129.88369750976562,-0.0391015901040685,2.6832066369908216,-4.11469770047713,-3.680059309122311,-1.9260168474946973,1.3411719572718803,-0.0990887163406583,3.963894911594921,-0.4433537251091182,1.3222977704533132
67.0,241.0,129.88369750976562,-0.0371238674580442,2.6828863163114574,-4.116450644235016,-3.678852193219088,-1.9245006772364748,1.340853961483298,-0.1003745299408251,3.96483297132265,-0.4438758320633198,1.32253467512871
67.0,241.0,129.88369750976562,-0.0387529514039979,2.682332987600346,-4.114907536737543,-3.6795098013530296,-1.9263257462158496,1.3407473142017434,-0.0999818312495976,3.964815872089346,-0.4437279455012012,1.3221885533632094
67.0,241.0,129.88369750976562,-0.0385026246801999,2.681902136710416,-4.116577281202409,-3.680540846948508,-1.92433206385908,1.3402460540770993,-0.099126385258616,3.9633692913641982,-0.4437405342625667,1.3232985721522927
67.0,242.0,129.88369750976562,-0.0372763731490363,2.6826167704504225,-4.114823442455658,-3.6783468022659607,-1.9261520268860424,1.3403612303406105,-0.0998002543669788,3.963755631935773,-0.4432836224847902,1.323920551784124
67.0,242.0,129.88369750976562,-0.0386144815276365,2.682602177420531,-4.114692785083619,-3.6782825809630206,-1.925857278402108,1.3408475275948784,-0.0997619686173913,3.964034353113425,-0.4420803106852294,1.323383683790692
67.0,242.0,129.88369750976562,-0.0384255196221009,2.6828457518910365,-4.115229419906435,-3.678280070499364,-1.9241863635424368,1.340197132733122,-0.0989346872452995,3.965045366748188,-0.4436973324717846,1.3237061726352286
67.0,242.0,129.88369750976562,-0.0374477628801099,2.682657028303648,-4.114838900894199,-3.678870043592088,-1.9251837276112644,1.3405201841317955,-0.0987901150784344,3.964675583138253,-0.4423633760043502,1.3238448057713843
67.0,242.0,129.88369750976562,-0.0382635524696136,2.682419967614642,-4.114786126384205,-3.679311634560755,-1.925978686292598,1.3411333845684037,-0.0987597980305496,3.9641414728433215,-0.4424791061193618,1.320928414315454
67.0,242.0,129.88369750976562,-0.0384394284723971,2.682975909148543,-4.114785849651962,-3.679239009035948,-1.9244454601702328,1.3399968271028857,-0.0992974966139006,3.9634126109169294,-0.4438348749963561,1.323728487499586
67.0,242.0,129.88369750976562,-0.0375151009923383,2.6815405326175563,-4.11492126820321,-3.678696413336605,-1.9248538354858755,1.3399425126041962,-0.0987835979778907,3.963714046279793,-0.4446811609730565,1.323395357397754
67.0,242.0,129.88369750976562,-0.0377454066103169,2.6825043046280004,-4.114788089707397,-3.679652743106941,-1.9244710726958925,1.340134709603629,-0.1004671214614538,3.9636188560680137,-0.4424447477359667,1.3231665976907154
67.0,242.0,129.88369750976562,-0.0364954623203145,2.682236998039043,-4.1151194879360045,-3.678349310488348,-1.9266135679514724,1.3402469514634694,-0.0997973225445006,3.96391029317396,-0.4446940722613329,1.3226826898546231
67.0,242.0,129.88369750976562,-0.0383554438796345,2.6837078456050074,-4.1148397309375175,-3.6796427651577615,-1.925935618093105,1.3413987342605571,-0.0995517511654577,3.963735392106942,-0.4447510661004394,1.3223569690262462
67.0,242.0,129.88369750976562,-0.0374471514184957,2.6830290313127803,-4.114093649499316,-3.679834210451842,-1.924097479454128,1.3403730799535918,-0.0989693227775162,3.9646815998637,-0.4441470635204132,1.3235251103658887
67.0,242.0,129.88369750976562,-0.0382710782515905,2.682893249029939,-4.115279657961465,-3.6792257495786993,-1.924598940320268,1.340114582927606,-0.0982937747407807,3.963413311773425,-0.4438361054294831,1.3238186492275428
67.0,242.0,129.88369750976562,-0.0386767940782647,2.6825724445294745,-4.114978013222114,-3.6803825219341575,-1.925471672712967,1.340026883894302,-0.1000383970307691,3.965015974768844,-0.4424138905121658,1.3231790020943524
67.0,242.0,129.88369750976562,-0.0386743878574695,2.682514171969066,-4.114506661615946,-3.679438333994672,-1.9243521442453364,1.339783745789752,-0.0992489063510318,3.963839175972056,-0.4434921678817331,1.3240327725928551
67.0,242.0,129.88369750976562,-0.0378622370720957,2.681968301780857,-4.11483420834631,-3.6800866107675727,-1.924030423868726,1.3402908182460136,-0.0994770964367983,3.9636342318458793,-0.4433138246954711,1.324016149664466
67.0,242.0,129.88369750976562,-0.038409736125438,2.683223324443615,-4.114847609240932,-3.679415568245977,-1.9254956460903945,1.339956890140793,-0.0993767820110977,3.96545346379171,-0.4440833734044859,1.3235641918682983
67.0,242.0,129.88369750976562,-0.0365283721779428,2.6821798842695697,-4.11603441881068,-3.679486054107372,-1.9251379515389608,1.3405617104052885,-0.1002226474128503,3.96390962240616,-0.4420402715724512,1.3236767237550735
67.0,242.0,129.88369750976562,-0.0364397398083592,2.6825071178585005,-4.115088219917484,-3.67970139592296,-1.9261702671341336,1.340268587447146,-0.1007867068112726,3.963668351548983,-0.4431968561648036,1.323600593218882
67.0,242.0,129.88369750976562,-0.0383216637770437,2.6825741157856324,-4.114967170153109,-3.6780063208760607,-1.924454085840296,1.3404595116488414,-0.099584917212826,3.9638032536282113,-0.4437830930453497,1.3237113962040006
67.0,242.0,129.88369750976562,-0.0379767604336877,2.680744641094622,-4.114477853527157,-3.6801701846835897,-1.924400799866619,1.3404674448137248,-0.0999418297218291,3.9646977554076215,-0.4444012423801128,1.3236911002911962
67.0,242.0,129.88369750976562,-0.0390478143195861,2.682337844354252,-4.115926773235828,-3.6795526101329856,-1.924688573970111,1.3412594732204302,-0.0998160293303123,3.963891675060848,-0.4428856325751028,1.3240663398786898
67.0,242.0,129.88369750976562,-0.0383148729229902,2.6832796999404445,-4.116294179060572,-3.6793979513078847,-1.9250865185851764,1.340689295518906,-0.0983386555168854,3.963023765613142,-0.4436402091529069,1.323783064095721
67.0,242.0,129.88369750976562,-0.0379627504806742,2.6821752792535305,-4.115112653936806,-3.679108163981376,-1.9271989799946387,1.3404670547282131,-0.0989285936155462,3.963762776092248,-0.4436037889685726,1.3234545198064809
67.0,242.0,129.88369750976562,-0.0392187524807247,2.683054261908589,-4.114922136147859,-3.6795777604845856,-1.925288325593142,1.3412020927009516,-0.0999221139832497,3.9638507441902,-0.4441360716815598,1.3240769948011513
67.0,242.0,129.88369750976562,-0.0383849644671473,2.6829565493324656,-4.1152425670406885,-3.679085536259625,-1.9245625020625792,1.3398362901102925,-0.0989136901687004,3.964908554644228,-0.4445902552466633,1.3237140521602766
67.0,242.0,129.88369750976562,-0.0381150873514049,2.682542042709517,-4.114430642239843,-3.678878579382245,-1.9244999050184943,1.3406975087022637,-0.0999938618507068,3.963198803446204,-0.4438787615061223,1.3237429493033557
67.0,242.0,129.88369750976562,-0.0356061132564945,2.682682236611596,-4.114853691872366,-3.679371797552783,-1.926117401442866,1.3402494852328133,-0.0995158924403936,3.963593572879813,-0.4432809198229624,1.3217267572875264
67.0,242.0,129.88369750976562,-0.0370319986549597,2.682141311654721,-4.11568919640137,-3.679601765843594,-1.9250876999733395,1.3398228311447469,-0.1004837490685165,3.964237534852891,-0.442657322459007,1.323574800022745
67.0,242.0,129.88369750976562,-0.0370807272260081,2.68264859514898,-4.115168223632826,-3.678252415128613,-1.9239598296335736,1.3405486072531194,-0.098422161926668,3.964345449074509,-0.4430919035377933,1.32368118639016
67.0,242.0,129.88369750976562,-0.0371588517049898,2.6805734538012,-4.114829362922763,-3.680286246949066,-1.92656536943232,1.339947151786356,-0.0988547495593402,3.9637048782995135,-0.4439045648392518,1.323849355521426
67.0,242.0,129.88369750976562,-0.0375504977495809,2.682280533818246,-4.115233018272244,-3.679761393898062,-1.925012808213688,1.3408448440508045,-0.0991535257406458,3.963799535448471,-0.4426996479812786,1.32341862225405
67.0,242.0,129.88369750976562,-0.0364782580288229,2.6818429670123987,-4.11474322378592,-3.679358600708835,-1.9243445464444973,1.3403015173573354,-0.09960695951543,3.965946662438152,-0.4428471831983755,1.3238509640840692
67.0,242.0,129.88369750976562,-0.0375050067521598,2.682394795215691,-4.114718372567042,-3.678092981168621,-1.9258440914610253,1.3400083563894525,-0.099182553119151,3.966016159885976,-0.4438312502809411,1.3218137438897066
67.0,242.0,129.88369750976562,-0.0385790505121479,2.6829151465589978,-4.114800802167872,-3.680258446862143,-1.924409893497719,1.340273682270729,-0.0988903953142273,3.964274155720028,-0.443693939368691,1.324358976709781
67.0,242.0,129.88369750976562,-0.0373377203114786,2.682486630971601,-4.114913017838977,-3.6783634873448783,-1.9265970819780125,1.3403155553342478,-0.099168483249192,3.963433477689972,-0.4450287501643289,1.3241048847555466
67.0,242.0,129.88369750976562,-0.0379180192985064,2.682247815866732,-4.11618169808676,-3.678672127199636,-1.9243215382018104,1.341224665253827,-0.0999942253138913,3.964944788080395,-0.4445476548029366,1.3237704141458422
67.0,242.0,129.88369750976562,-0.0379024272348933,2.681548237319513,-4.1147750510204935,-3.679808883893499,-1.9248620463978097,1.3398379650494014,-0.0992112748296654,3.963017815678836,-0.4424179299426491,1.3233375186841294
67.0,242.0,129.88369750976562,-0.0386119900478477,2.682502921158186,-4.115330536104988,-3.67922120648243,-1.924454899099244,1.3398214621333258,-0.0993185791376466,3.963886887649888,-0.4432911272000954,1.323338099550023
67.0,242.0,129.88369750976562,-0.0382477403859779,2.68273101332882,-4.115921932644253,-3.677978964649831,-1.924749009834854,1.3417441945558162,-0.0989616560098664,3.9650317801400976,-0.4436610931860999,1.3237025486479133
67.0,242.0,129.88369750976562,-0.0368336824364338,2.6826832487827823,-4.114591204394081,-3.678575812548972,-1.925641460409574,1.3405690717413157,-0.0993023327242637,3.963040004737601,-0.4453726377459595,1.3228519700821009
67.0,242.0,129.88369750976562,-0.0368682580867013,2.6829220535883818,-4.115330151241876,-3.6800847775118006,-1.924143475813016,1.3403634962947215,-0.0977891263415146,3.964305456688996,-0.4434524361281761,1.323232495747224
67.0,242.0,129.88369750976562,-0.0385555590400413,2.682332051900679,-4.11561887003485,-3.678886500882304,-1.9246899936591084,1.339812599810698,-0.0990985889591814,3.964719517917539,-0.4435134565679196,1.3239478618172835
67.0,242.0,129.88369750976562,-0.0362685215543273,2.6824785535414897,-4.115228802300194,-3.679666890710486,-1.924817154336768,1.3397913112986377,-0.0984104785689082,3.965220519508229,-0.4431274438343454,1.3229101875008091
67.0,242.0,129.88369750976562,-0.0375539125029723,2.683178260371717,-4.114369649219112,-3.679430716965344,-1.9246000535494767,1.3402022966892828,-0.0991060381317665,3.964045450719317,-0.4435850165156397,1.3232991003993002
67.0,242.0,129.88369750976562,-0.0373747018816963,2.6827891322424366,-4.115831560265851,-3.678720605069845,-1.925137080380172,1.3403258327157284,-0.0988966046907536,3.963632318963182,-0.4426579316869733,1.3218509770686553
67.0,242.0,129.88369750976562,-0.0370591034729298,2.6826218239917727,-4.115266560061377,-3.679595996907135,-1.926209819046368,1.3414009745971895,-0.0987779561750726,3.964208636924238,-0.4451036432456676,1.3236569489549574
67.0,242.0,129.88369750976562,-0.0391015901040685,2.6832066369908216,-4.11469770047713,-3.680059309122311,-1.9260168474946973,1.3411719572718803,-0.0990887163406583,3.963894911594921,-0.4433537251091182,1.3222977704533132
67.0,242.0,129.88369750976562,-0.0371238674580442,2.6828863163114574,-4.116450644235016,-3.678852193219088,-1.9245006772364748,1.340853961483298,-0.1003745299408251,3.96483297132265,-0.4438758320633198,1.32253467512871
67.0,242.0,129.88369750976562,-0.0387529514039979,2.682332987600346,-4.114907536737543,-3.6795098013530296,-1.9263257462158496,1.3407473142017434,-0.0999818312495976,3.964815872089346,-0.4437279455012012,1.3221885533632094
67.0,242.0,129.88369750976562,-0.0385026246801999,2.681902136710416,-4.116577281202409,-3.680540846948508,-1.92433206385908,1.3402460540770993,-0.099126385258616,3.9633692913641982,-0.4437405342625667,1.3232985721522927
67.0,243.0,129.88369750976562,-0.0372763731490363,2.6826167704504225,-4.114823442455658,-3.6783468022659607,-1.9261520268860424,1.3403612303406105,-0.0998002543669788,3.963755631935773,-0.4432836224847902,1.323920551784124
67.0,243.0,129.88369750976562,-0.0386144815276365,2.682602177420531,-4.114692785083619,-3.6782825809630206,-1.925857278402108,1.3408475275948784,-0.0997619686173913,3.964034353113425,-0.4420803106852294,1.323383683790692
67.0,243.0,129.88369750976562,-0.0384255196221009,2.6828457518910365,-4.115229419906435,-3.678280070499364,-1.9241863635424368,1.340197132733122,-0.0989346872452995,3.965045366748188,-0.4436973324717846,1.3237061726352286
67.0,243.0,129.88369750976562,-0.0374477628801099,2.682657028303648,-4.114838900894199,-3.678870043592088,-1.9251837276112644,1.3405201841317955,-0.0987901150784344,3.964675583138253,-0.4423633760043502,1.3238448057713843
67.0,243.0,129.88369750976562,-0.0382635524696136,2.682419967614642,-4.114786126384205,-3.679311634560755,-1.925978686292598,1.3411333845684037,-0.0987597980305496,3.9641414728433215,-0.4424791061193618,1.320928414315454
67.0,243.0,129.88369750976562,-0.0384394284723971,2.682975909148543,-4.114785849651962,-3.679239009035948,-1.9244454601702328,1.3399968271028857,-0.0992974966139006,3.9634126109169294,-0.4438348749963561,1.323728487499586
67.0,243.0,129.88369750976562,-0.0375151009923383,2.6815405326175563,-4.11492126820321,-3.678696413336605,-1.9248538354858755,1.3399425126041962,-0.0987835979778907,3.963714046279793,-0.4446811609730565,1.323395357397754
67.0,243.0,129.88369750976562,-0.0377454066103169,2.6825043046280004,-4.114788089707397,-3.679652743106941,-1.9244710726958925,1.340134709603629,-0.1004671214614538,3.9636188560680137,-0.4424447477359667,1.3231665976907154
67.0,243.0,129.88369750976562,-0.0364954623203145,2.682236998039043,-4.1151194879360045,-3.678349310488348,-1.9266135679514724,1.3402469514634694,-0.0997973225445006,3.96391029317396,-0.4446940722613329,1.3226826898546231
67.0,243.0,129.88369750976562,-0.0383554438796345,2.6837078456050074,-4.1148397309375175,-3.6796427651577615,-1.925935618093105,1.3413987342605571,-0.0995517511654577,3.963735392106942,-0.4447510661004394,1.3223569690262462
67.0,243.0,129.88369750976562,-0.0374471514184957,2.6830290313127803,-4.114093649499316,-3.679834210451842,-1.924097479454128,1.3403730799535918,-0.0989693227775162,3.9646815998637,-0.4441470635204132,1.3235251103658887
67.0,243.0,129.88369750976562,-0.0382710782515905,2.682893249029939,-4.115279657961465,-3.6792257495786993,-1.924598940320268,1.340114582927606,-0.0982937747407807,3.963413311773425,-0.4438361054294831,1.3238186492275428
67.0,243.0,129.88369750976562,-0.0386767940782647,2.6825724445294745,-4.114978013222114,-3.6803825219341575,-1.925471672712967,1.340026883894302,-0.1000383970307691,3.965015974768844,-0.4424138905121658,1.3231790020943524
67.0,243.0,129.88369750976562,-0.0386743878574695,2.682514171969066,-4.114506661615946,-3.679438333994672,-1.9243521442453364,1.339783745789752,-0.0992489063510318,3.963839175972056,-0.4434921678817331,1.3240327725928551
67.0,243.0,129.88369750976562,-0.0378622370720957,2.681968301780857,-4.11483420834631,-3.6800866107675727,-1.924030423868726,1.3402908182460136,-0.0994770964367983,3.9636342318458793,-0.4433138246954711,1.324016149664466
67.0,243.0,129.88369750976562,-0.038409736125438,2.683223324443615,-4.114847609240932,-3.679415568245977,-1.9254956460903945,1.339956890140793,-0.0993767820110977,3.96545346379171,-0.4440833734044859,1.3235641918682983
67.0,243.0,129.88369750976562,-0.0365283721779428,2.6821798842695697,-4.11603441881068,-3.679486054107372,-1.9251379515389608,1.3405617104052885,-0.1002226474128503,3.96390962240616,-0.4420402715724512,1.3236767237550735
67.0,243.0,129.88369750976562,-0.0364397398083592,2.6825071178585005,-4.115088219917484,-3.67970139592296,-1.9261702671341336,1.340268587447146,-0.1007867068112726,3.963668351548983,-0.4431968561648036,1.323600593218882
67.0,243.0,129.88369750976562,-0.0383216637770437,2.6825741157856324,-4.114967170153109,-3.6780063208760607,-1.924454085840296,1.3404595116488414,-0.099584917212826,3.9638032536282113,-0.4437830930453497,1.3237113962040006
67.0,243.0,129.88369750976562,-0.0379767604336877,2.680744641094622,-4.114477853527157,-3.6801701846835897,-1.924400799866619,1.3404674448137248,-0.0999418297218291,3.9646977554076215,-0.4444012423801128,1.3236911002911962
67.0,243.0,129.88369750976562,-0.0390478143195861,2.682337844354252,-4.115926773235828,-3.6795526101329856,-1.924688573970111,1.3412594732204302,-0.0998160293303123,3.963891675060848,-0.4428856325751028,1.3240663398786898
67.0,243.0,129.88369750976562,-0.0383148729229902,2.6832796999404445,-4.116294179060572,-3.6793979513078847,-1.9250865185851764,1.340689295518906,-0.0983386555168854,3.963023765613142,-0.4436402091529069,1.323783064095721
67.0,243.0,129.88369750976562,-0.0379627504806742,2.6821752792535305,-4.115112653936806,-3.679108163981376,-1.9271989799946387,1.3404670547282131,-0.0989285936155462,3.963762776092248,-0.4436037889685726,1.3234545198064809
67.0,243.0,129.88369750976562,-0.0392187524807247,2.683054261908589,-4.114922136147859,-3.6795777604845856,-1.925288325593142,1.3412020927009516,-0.0999221139832497,3.9638507441902,-0.4441360716815598,1.3240769948011513
67.0,243.0,129.88369750976562,-0.0383849644671473,2.6829565493324656,-4.1152425670406885,-3.679085536259625,-1.9245625020625792,1.3398362901102925,-0.0989136901687004,3.964908554644228,-0.4445902552466633,1.3237140521602766
67.0,243.0,129.88369750976562,-0.0381150873514049,2.682542042709517,-4.114430642239843,-3.678878579382245,-1.9244999050184943,1.3406975087022637,-0.0999938618507068,3.963198803446204,-0.4438787615061223,1.3237429493033557
67.0,243.0,129.88369750976562,-0.0356061132564945,2.682682236611596,-4.114853691872366,-3.679371797552783,-1.926117401442866,1.3402494852328133,-0.0995158924403936,3.963593572879813,-0.4432809198229624,1.3217267572875264
67.0,243.0,129.88369750976562,-0.0370319986549597,2.682141311654721,-4.11568919640137,-3.679601765843594,-1.9250876999733395,1.3398228311447469,-0.1004837490685165,3.964237534852891,-0.442657322459007,1.323574800022745
67.0,243.0,129.88369750976562,-0.0370807272260081,2.68264859514898,-4.115168223632826,-3.678252415128613,-1.9239598296335736,1.3405486072531194,-0.098422161926668,3.964345449074509,-0.4430919035377933,1.32368118639016
67.0,243.0,129.88369750976562,-0.0371588517049898,2.6805734538012,-4.114829362922763,-3.680286246949066,-1.92656536943232,1.339947151786356,-0.0988547495593402,3.9637048782995135,-0.4439045648392518,1.323849355521426
67.0,243.0,129.88369750976562,-0.0375504977495809,2.682280533818246,-4.115233018272244,-3.679761393898062,-1.925012808213688,1.3408448440508045,-0.0991535257406458,3.963799535448471,-0.4426996479812786,1.32341862225405
67.0,243.0,129.88369750976562,-0.0364782580288229,2.6818429670123987,-4.11474322378592,-3.679358600708835,-1.9243445464444973,1.3403015173573354,-0.09960695951543,3.965946662438152,-0.4428471831983755,1.3238509640840692
67.0,243.0,129.88369750976562,-0.0375050067521598,2.682394795215691,-4.114718372567042,-3.678092981168621,-1.9258440914610253,1.3400083563894525,-0.099182553119151,3.966016159885976,-0.4438312502809411,1.3218137438897066
67.0,243.0,129.88369750976562,-0.0385790505121479,2.6829151465589978,-4.114800802167872,-3.680258446862143,-1.924409893497719,1.340273682270729,-0.0988903953142273,3.964274155720028,-0.443693939368691,1.324358976709781
67.0,243.0,129.88369750976562,-0.0373377203114786,2.682486630971601,-4.114913017838977,-3.6783634873448783,-1.9265970819780125,1.3403155553342478,-0.099168483249192,3.963433477689972,-0.4450287501643289,1.3241048847555466
67.0,243.0,129.88369750976562,-0.0379180192985064,2.682247815866732,-4.11618169808676,-3.678672127199636,-1.9243215382018104,1.341224665253827,-0.0999942253138913,3.964944788080395,-0.4445476548029366,1.3237704141458422
67.0,243.0,129.88369750976562,-0.0379024272348933,2.681548237319513,-4.1147750510204935,-3.679808883893499,-1.9248620463978097,1.3398379650494014,-0.0992112748296654,3.963017815678836,-0.4424179299426491,1.3233375186841294
67.0,243.0,129.88369750976562,-0.0386119900478477,2.682502921158186,-4.115330536104988,-3.67922120648243,-1.924454899099244,1.3398214621333258,-0.0993185791376466,3.963886887649888,-0.4432911272000954,1.323338099550023
67.0,243.0,129.88369750976562,-0.0382477403859779,2.68273101332882,-4.115921932644253,-3.677978964649831,-1.924749009834854,1.3417441945558162,-0.0989616560098664,3.9650317801400976,-0.4436610931860999,1.3237025486479133
67.0,243.0,129.88369750976562,-0.0368336824364338,2.6826832487827823,-4.114591204394081,-3.678575812548972,-1.925641460409574,1.3405690717413157,-0.0993023327242637,3.963040004737601,-0.4453726377459595,1.3228519700821009
67.0,243.0,129.88369750976562,-0.0368682580867013,2.6829220535883818,-4.115330151241876,-3.6800847775118006,-1.924143475813016,1.3403634962947215,-0.0977891263415146,3.964305456688996,-0.4434524361281761,1.323232495747224
67.0,243.0,129.88369750976562,-0.0385555590400413,2.682332051900679,-4.11561887003485,-3.678886500882304,-1.9246899936591084,1.339812599810698,-0.0990985889591814,3.964719517917539,-0.4435134565679196,1.3239478618172835
67.0,243.0,129.88369750976562,-0.0362685215543273,2.6824785535414897,-4.115228802300194,-3.679666890710486,-1.924817154336768,1.3397913112986377,-0.0984104785689082,3.965220519508229,-0.4431274438343454,1.3229101875008091
67.0,243.0,129.88369750976562,-0.0375539125029723,2.683178260371717,-4.114369649219112,-3.679430716965344,-1.9246000535494767,1.3402022966892828,-0.0991060381317665,3.964045450719317,-0.4435850165156397,1.3232991003993002
67.0,243.0,129.88369750976562,-0.0373747018816963,2.6827891322424366,-4.115831560265851,-3.678720605069845,-1.925137080380172,1.3403258327157284,-0.0988966046907536,3.963632318963182,-0.4426579316869733,1.3218509770686553
67.0,243.0,129.88369750976562,-0.0370591034729298,2.6826218239917727,-4.115266560061377,-3.679595996907135,-1.926209819046368,1.3414009745971895,-0.0987779561750726,3.964208636924238,-0.4451036432456676,1.3236569489549574
67.0,243.0,129.88369750976562,-0.0391015901040685,2.6832066369908216,-4.11469770047713,-3.680059309122311,-1.9260168474946973,1.3411719572718803,-0.0990887163406583,3.963894911594921,-0.4433537251091182,1.3222977704533132
67.0,243.0,129.88369750976562,-0.0371238674580442,2.6828863163114574,-4.116450644235016,-3.678852193219088,-1.9245006772364748,1.340853961483298,-0.1003745299408251,3.96483297132265,-0.4438758320633198,1.32253467512871
67.0,243.0,129.88369750976562,-0.0387529514039979,2.682332987600346,-4.114907536737543,-3.6795098013530296,-1.9263257462158496,1.3407473142017434,-0.0999818312495976,3.964815872089346,-0.4437279455012012,1.3221885533632094
67.0,243.0,129.88369750976562,-0.0385026246801999,2.681902136710416,-4.116577281202409,-3.680540846948508,-1.92433206385908,1.3402460540770993,-0.099126385258616,3.9633692913641982,-0.4437405342625667,1.3232985721522927
67.0,244.0,129.88369750976562,-0.0372763731490363,2.6826167704504225,-4.114823442455658,-3.6783468022659607,-1.9261520268860424,1.3403612303406105,-0.0998002543669788,3.963755631935773,-0.4432836224847902,1.323920551784124
67.0,244.0,129.88369750976562,-0.0386144815276365,2.682602177420531,-4.114692785083619,-3.6782825809630206,-1.925857278402108,1.3408475275948784,-0.0997619686173913,3.964034353113425,-0.4420803106852294,1.323383683790692
67.0,244.0,129.88369750976562,-0.0384255196221009,2.6828457518910365,-4.115229419906435,-3.678280070499364,-1.9241863635424368,1.340197132733122,-0.0989346872452995,3.965045366748188,-0.4436973324717846,1.3237061726352286
67.0,244.0,129.88369750976562,-0.0374477628801099,2.682657028303648,-4.114838900894199,-3.678870043592088,-1.9251837276112644,1.3405201841317955,-0.0987901150784344,3.964675583138253,-0.4423633760043502,1.3238448057713843
67.0,244.0,129.88369750976562,-0.0382635524696136,2.682419967614642,-4.114786126384205,-3.679311634560755,-1.925978686292598,1.3411333845684037,-0.0987597980305496,3.9641414728433215,-0.4424791061193618,1.320928414315454
67.0,244.0,129.88369750976562,-0.0384394284723971,2.682975909148543,-4.114785849651962,-3.679239009035948,-1.9244454601702328,1.3399968271028857,-0.0992974966139006,3.9634126109169294,-0.4438348749963561,1.323728487499586
67.0,244.0,129.88369750976562,-0.0375151009923383,2.6815405326175563,-4.11492126820321,-3.678696413336605,-1.9248538354858755,1.3399425126041962,-0.0987835979778907,3.963714046279793,-0.4446811609730565,1.323395357397754
67.0,244.0,129.88369750976562,-0.0377454066103169,2.6825043046280004,-4.114788089707397,-3.679652743106941,-1.9244710726958925,1.340134709603629,-0.1004671214614538,3.9636188560680137,-0.4424447477359667,1.3231665976907154
67.0,244.0,129.88369750976562,-0.0364954623203145,2.682236998039043,-4.1151194879360045,-3.678349310488348,-1.9266135679514724,1.3402469514634694,-0.0997973225445006,3.96391029317396,-0.4446940722613329,1.3226826898546231
67.0,244.0,129.88369750976562,-0.0383554438796345,2.6837078456050074,-4.1148397309375175,-3.6796427651577615,-1.925935618093105,1.3413987342605571,-0.0995517511654577,3.963735392106942,-0.4447510661004394,1.3223569690262462
67.0,244.0,129.88369750976562,-0.0374471514184957,2.6830290313127803,-4.114093649499316,-3.679834210451842,-1.924097479454128,1.3403730799535918,-0.0989693227775162,3.9646815998637,-0.4441470635204132,1.3235251103658887
67.0,244.0,129.88369750976562,-0.0382710782515905,2.682893249029939,-4.115279657961465,-3.6792257495786993,-1.924598940320268,1.340114582927606,-0.0982937747407807,3.963413311773425,-0.4438361054294831,1.3238186492275428
67.0,244.0,129.88369750976562,-0.0386767940782647,2.6825724445294745,-4.114978013222114,-3.6803825219341575,-1.925471672712967,1.340026883894302,-0.1000383970307691,3.965015974768844,-0.4424138905121658,1.3231790020943524
67.0,244.0,129.88369750976562,-0.0386743878574695,2.682514171969066,-4.114506661615946,-3.679438333994672,-1.9243521442453364,1.339783745789752,-0.0992489063510318,3.963839175972056,-0.4434921678817331,1.3240327725928551
67.0,244.0,129.88369750976562,-0.0378622370720957,2.681968301780857,-4.11483420834631,-3.6800866107675727,-1.924030423868726,1.3402908182460136,-0.0994770964367983,3.9636342318458793,-0.4433138246954711,1.324016149664466
67.0,244.0,129.88369750976562,-0.038409736125438,2.683223324443615,-4.114847609240932,-3.679415568245977,-1.9254956460903945,1.339956890140793,-0.0993767820110977,3.96545346379171,-0.4440833734044859,1.3235641918682983
67.0,244.0,129.88369750976562,-0.0365283721779428,2.6821798842695697,-4.11603441881068,-3.679486054107372,-1.9251379515389608,1.3405617104052885,-0.1002226474128503,3.96390962240616,-0.4420402715724512,1.3236767237550735
67.0,244.0,129.88369750976562,-0.0364397398083592,2.6825071178585005,-4.115088219917484,-3.67970139592296,-1.9261702671341336,1.340268587447146,-0.1007867068112726,3.963668351548983,-0.4431968561648036,1.323600593218882
67.0,244.0,129.88369750976562,-0.0383216637770437,2.6825741157856324,-4.114967170153109,-3.6780063208760607,-1.924454085840296,1.3404595116488414,-0.099584917212826,3.9638032536282113,-0.4437830930453497,1.3237113962040006
67.0,244.0,129.88369750976562,-0.0379767604336877,2.680744641094622,-4.114477853527157,-3.6801701846835897,-1.924400799866619,1.3404674448137248,-0.0999418297218291,3.9646977554076215,-0.4444012423801128,1.3236911002911962
67.0,244.0,129.88369750976562,-0.0390478143195861,2.682337844354252,-4.115926773235828,-3.6795526101329856,-1.924688573970111,1.3412594732204302,-0.0998160293303123,3.963891675060848,-0.4428856325751028,1.3240663398786898
67.0,244.0,129.88369750976562,-0.0383148729229902,2.6832796999404445,-4.116294179060572,-3.6793979513078847,-1.9250865185851764,1.340689295518906,-0.0983386555168854,3.963023765613142,-0.4436402091529069,1.323783064095721
67.0,244.0,129.88369750976562,-0.0379627504806742,2.6821752792535305,-4.115112653936806,-3.679108163981376,-1.9271989799946387,1.3404670547282131,-0.0989285936155462,3.963762776092248,-0.4436037889685726,1.3234545198064809
67.0,244.0,129.88369750976562,-0.0392187524807247,2.683054261908589,-4.114922136147859,-3.6795777604845856,-1.925288325593142,1.3412020927009516,-0.0999221139832497,3.9638507441902,-0.4441360716815598,1.3240769948011513
67.0,244.0,129.88369750976562,-0.0383849644671473,2.6829565493324656,-4.1152425670406885,-3.679085536259625,-1.9245625020625792,1.3398362901102925,-0.0989136901687004,3.964908554644228,-0.4445902552466633,1.3237140521602766
67.0,244.0,129.88369750976562,-0.0381150873514049,2.682542042709517,-4.114430642239843,-3.678878579382245,-1.9244999050184943,1.3406975087022637,-0.0999938618507068,3.963198803446204,-0.4438787615061223,1.3237429493033557
67.0,244.0,129.88369750976562,-0.0356061132564945,2.682682236611596,-4.114853691872366,-3.679371797552783,-1.926117401442866,1.3402494852328133,-0.0995158924403936,3.963593572879813,-0.4432809198229624,1.3217267572875264
67.0,244.0,129.88369750976562,-0.0370319986549597,2.682141311654721,-4.11568919640137,-3.679601765843594,-1.9250876999733395,1.3398228311447469,-0.1004837490685165,3.964237534852891,-0.442657322459007,1.323574800022745
67.0,244.0,129.88369750976562,-0.0370807272260081,2.68264859514898,-4.115168223632826,-3.678252415128613,-1.9239598296335736,1.3405486072531194,-0.098422161926668,3.964345449074509,-0.4430919035377933,1.32368118639016
67.0,244.0,129.88369750976562,-0.0371588517049898,2.6805734538012,-4.114829362922763,-3.680286246949066,-1.92656536943232,1.339947151786356,-0.0988547495593402,3.9637048782995135,-0.4439045648392518,1.323849355521426
67.0,244.0,129.88369750976562,-0.0375504977495809,2.682280533818246,-4.115233018272244,-3.679761393898062,-1.925012808213688,1.3408448440508045,-0.0991535257406458,3.963799535448471,-0.4426996479812786,1.32341862225405
67.0,244.0,129.88369750976562,-0.0364782580288229,2.6818429670123987,-4.11474322378592,-3.679358600708835,-1.9243445464444973,1.3403015173573354,-0.09960695951543,3.965946662438152,-0.4428471831983755,1.3238509640840692
67.0,244.0,129.88369750976562,-0.0375050067521598,2.682394795215691,-4.114718372567042,-3.678092981168621,-1.9258440914610253,1.3400083563894525,-0.099182553119151,3.966016159885976,-0.4438312502809411,1.3218137438897066
67.0,244.0,129.88369750976562,-0.0385790505121479,2.6829151465589978,-4.114800802167872,-3.680258446862143,-1.924409893497719,1.340273682270729,-0.0988903953142273,3.964274155720028,-0.443693939368691,1.324358976709781
67.0,244.0,129.88369750976562,-0.0373377203114786,2.682486630971601,-4.114913017838977,-3.6783634873448783,-1.9265970819780125,1.3403155553342478,-0.099168483249192,3.963433477689972,-0.4450287501643289,1.3241048847555466
67.0,244.0,129.88369750976562,-0.0379180192985064,2.682247815866732,-4.11618169808676,-3.678672127199636,-1.9243215382018104,1.341224665253827,-0.0999942253138913,3.964944788080395,-0.4445476548029366,1.3237704141458422
67.0,244.0,129.88369750976562,-0.0379024272348933,2.681548237319513,-4.1147750510204935,-3.679808883893499,-1.9248620463978097,1.3398379650494014,-0.0992112748296654,3.963017815678836,-0.4424179299426491,1.3233375186841294
67.0,244.0,129.88369750976562,-0.0386119900478477,2.682502921158186,-4.115330536104988,-3.67922120648243,-1.924454899099244,1.3398214621333258,-0.0993185791376466,3.963886887649888,-0.4432911272000954,1.323338099550023
67.0,244.0,129.88369750976562,-0.0382477403859779,2.68273101332882,-4.115921932644253,-3.677978964649831,-1.924749009834854,1.3417441945558162,-0.0989616560098664,3.9650317801400976,-0.4436610931860999,1.3237025486479133
67.0,244.0,129.88369750976562,-0.0368336824364338,2.6826832487827823,-4.114591204394081,-3.678575812548972,-1.925641460409574,1.3405690717413157,-0.0993023327242637,3.963040004737601,-0.4453726377459595,1.3228519700821009
67.0,244.0,129.88369750976562,-0.0368682580867013,2.6829220535883818,-4.115330151241876,-3.6800847775118006,-1.924143475813016,1.3403634962947215,-0.0977891263415146,3.964305456688996,-0.4434524361281761,1.323232495747224
67.0,244.0,129.88369750976562,-0.0385555590400413,2.682332051900679,-4.11561887003485,-3.678886500882304,-1.9246899936591084,1.339812599810698,-0.0990985889591814,3.964719517917539,-0.4435134565679196,1.3239478618172835
67.0,244.0,129.88369750976562,-0.0362685215543273,2.6824785535414897,-4.115228802300194,-3.679666890710486,-1.924817154336768,1.3397913112986377,-0.0984104785689082,3.965220519508229,-0.4431274438343454,1.3229101875008091
67.0,244.0,129.88369750976562,-0.0375539125029723,2.683178260371717,-4.114369649219112,-3.679430716965344,-1.9246000535494767,1.3402022966892828,-0.0991060381317665,3.964045450719317,-0.4435850165156397,1.3232991003993002
67.0,244.0,129.88369750976562,-0.0373747018816963,2.6827891322424366,-4.115831560265851,-3.678720605069845,-1.925137080380172,1.3403258327157284,-0.0988966046907536,3.963632318963182,-0.4426579316869733,1.3218509770686553
67.0,244.0,129.88369750976562,-0.0370591034729298,2.6826218239917727,-4.115266560061377,-3.679595996907135,-1.926209819046368,1.3414009745971895,-0.0987779561750726,3.964208636924238,-0.4451036432456676,1.3236569489549574
67.0,244.0,129.88369750976562,-0.0391015901040685,2.6832066369908216,-4.11469770047713,-3.680059309122311,-1.9260168474946973,1.3411719572718803,-0.0990887163406583,3.963894911594921,-0.4433537251091182,1.3222977704533132
67.0,244.0,129.88369750976562,-0.0371238674580442,2.6828863163114574,-4.116450644235016,-3.678852193219088,-1.9245006772364748,1.340853961483298,-0.1003745299408251,3.96483297132265,-0.4438758320633198,1.32253467512871
67.0,244.0,129.88369750976562,-0.0387529514039979,2.682332987600346,-4.114907536737543,-3.6795098013530296,-1.9263257462158496,1.3407473142017434,-0.0999818312495976,3.964815872089346,-0.4437279455012012,1.3221885533632094
67.0,244.0,129.88369750976562,-0.0385026246801999,2.681902136710416,-4.116577281202409,-3.680540846948508,-1.92433206385908,1.3402460540770993,-0.099126385258616,3.9633692913641982,-0.4437405342625667,1.3232985721522927
67.0,245.0,129.88369750976562,-0.0372763731490363,2.6826167704504225,-4.114823442455658,-3.6783468022659607,-1.9261520268860424,1.3403612303406105,-0.0998002543669788,3.963755631935773,-0.4432836224847902,1.323920551784124
67.0,245.0,129.88369750976562,-0.0386144815276365,2.682602177420531,-4.114692785083619,-3.6782825809630206,-1.925857278402108,1.3408475275948784,-0.0997619686173913,3.964034353113425,-0.4420803106852294,1.323383683790692
67.0,245.0,129.88369750976562,-0.0384255196221009,2.6828457518910365,-4.115229419906435,-3.678280070499364,-1.9241863635424368,1.340197132733122,-0.0989346872452995,3.965045366748188,-0.4436973324717846,1.3237061726352286
67.0,245.0,129.88369750976562,-0.0374477628801099,2.682657028303648,-4.114838900894199,-3.678870043592088,-1.9251837276112644,1.3405201841317955,-0.0987901150784344,3.964675583138253,-0.4423633760043502,1.3238448057713843
67.0,245.0,129.88369750976562,-0.0382635524696136,2.682419967614642,-4.114786126384205,-3.679311634560755,-1.925978686292598,1.3411333845684037,-0.0987597980305496,3.9641414728433215,-0.4424791061193618,1.320928414315454
67.0,245.0,129.88369750976562,-0.0384394284723971,2.682975909148543,-4.114785849651962,-3.679239009035948,-1.9244454601702328,1.3399968271028857,-0.0992974966139006,3.9634126109169294,-0.4438348749963561,1.323728487499586
67.0,245.0,129.88369750976562,-0.0375151009923383,2.6815405326175563,-4.11492126820321,-3.678696413336605,-1.9248538354858755,1.3399425126041962,-0.0987835979778907,3.963714046279793,-0.4446811609730565,1.323395357397754
67.0,245.0,129.88369750976562,-0.0377454066103169,2.6825043046280004,-4.114788089707397,-3.679652743106941,-1.9244710726958925,1.340134709603629,-0.1004671214614538,3.9636188560680137,-0.4424447477359667,1.3231665976907154
67.0,245.0,129.88369750976562,-0.0364954623203145,2.682236998039043,-4.1151194879360045,-3.678349310488348,-1.9266135679514724,1.3402469514634694,-0.0997973225445006,3.96391029317396,-0.4446940722613329,1.3226826898546231
67.0,245.0,129.88369750976562,-0.0383554438796345,2.6837078456050074,-4.1148397309375175,-3.6796427651577615,-1.925935618093105,1.3413987342605571,-0.0995517511654577,3.963735392106942,-0.4447510661004394,1.3223569690262462
67.0,245.0,129.88369750976562,-0.0374471514184957,2.6830290313127803,-4.114093649499316,-3.679834210451842,-1.924097479454128,1.3403730799535918,-0.0989693227775162,3.9646815998637,-0.4441470635204132,1.3235251103658887
67.0,245.0,129.88369750976562,-0.0382710782515905,2.682893249029939,-4.115279657961465,-3.6792257495786993,-1.924598940320268,1.340114582927606,-0.0982937747407807,3.963413311773425,-0.4438361054294831,1.3238186492275428
67.0,245.0,129.88369750976562,-0.0386767940782647,2.6825724445294745,-4.114978013222114,-3.6803825219341575,-1.925471672712967,1.340026883894302,-0.1000383970307691,3.965015974768844,-0.4424138905121658,1.3231790020943524
67.0,245.0,129.88369750976562,-0.0386743878574695,2.682514171969066,-4.114506661615946,-3.679438333994672,-1.9243521442453364,1.339783745789752,-0.0992489063510318,3.963839175972056,-0.4434921678817331,1.3240327725928551
67.0,245.0,129.88369750976562,-0.0378622370720957,2.681968301780857,-4.11483420834631,-3.6800866107675727,-1.924030423868726,1.3402908182460136,-0.0994770964367983,3.9636342318458793,-0.4433138246954711,1.324016149664466
67.0,245.0,129.88369750976562,-0.038409736125438,2.683223324443615,-4.114847609240932,-3.679415568245977,-1.9254956460903945,1.339956890140793,-0.0993767820110977,3.96545346379171,-0.4440833734044859,1.3235641918682983
67.0,245.0,129.88369750976562,-0.0365283721779428,2.6821798842695697,-4.11603441881068,-3.679486054107372,-1.9251379515389608,1.3405617104052885,-0.1002226474128503,3.96390962240616,-0.4420402715724512,1.3236767237550735
67.0,245.0,129.88369750976562,-0.0364397398083592,2.6825071178585005,-4.115088219917484,-3.67970139592296,-1.9261702671341336,1.340268587447146,-0.1007867068112726,3.963668351548983,-0.4431968561648036,1.323600593218882
67.0,245.0,129.88369750976562,-0.0383216637770437,2.6825741157856324,-4.114967170153109,-3.6780063208760607,-1.924454085840296,1.3404595116488414,-0.099584917212826,3.9638032536282113,-0.4437830930453497,1.3237113962040006
67.0,245.0,129.88369750976562,-0.0379767604336877,2.680744641094622,-4.114477853527157,-3.6801701846835897,-1.924400799866619,1.3404674448137248,-0.0999418297218291,3.9646977554076215,-0.4444012423801128,1.3236911002911962
67.0,245.0,129.88369750976562,-0.0390478143195861,2.682337844354252,-4.115926773235828,-3.6795526101329856,-1.924688573970111,1.3412594732204302,-0.0998160293303123,3.963891675060848,-0.4428856325751028,1.3240663398786898
67.0,245.0,129.88369750976562,-0.0383148729229902,2.6832796999404445,-4.116294179060572,-3.6793979513078847,-1.9250865185851764,1.340689295518906,-0.0983386555168854,3.963023765613142,-0.4436402091529069,1.323783064095721
67.0,245.0,129.88369750976562,-0.0379627504806742,2.6821752792535305,-4.115112653936806,-3.679108163981376,-1.9271989799946387,1.3404670547282131,-0.0989285936155462,3.963762776092248,-0.4436037889685726,1.3234545198064809
67.0,245.0,129.88369750976562,-0.0392187524807247,2.683054261908589,-4.114922136147859,-3.6795777604845856,-1.925288325593142,1.3412020927009516,-0.0999221139832497,3.9638507441902,-0.4441360716815598,1.3240769948011513
67.0,245.0,129.88369750976562,-0.0383849644671473,2.6829565493324656,-4.1152425670406885,-3.679085536259625,-1.9245625020625792,1.3398362901102925,-0.0989136901687004,3.964908554644228,-0.4445902552466633,1.3237140521602766
67.0,245.0,129.88369750976562,-0.0381150873514049,2.682542042709517,-4.114430642239843,-3.678878579382245,-1.9244999050184943,1.3406975087022637,-0.0999938618507068,3.963198803446204,-0.4438787615061223,1.3237429493033557
67.0,245.0,129.88369750976562,-0.0356061132564945,2.682682236611596,-4.114853691872366,-3.679371797552783,-1.926117401442866,1.3402494852328133,-0.0995158924403936,3.963593572879813,-0.4432809198229624,1.3217267572875264
67.0,245.0,129.88369750976562,-0.0370319986549597,2.682141311654721,-4.11568919640137,-3.679601765843594,-1.9250876999733395,1.3398228311447469,-0.1004837490685165,3.964237534852891,-0.442657322459007,1.323574800022745
67.0,245.0,129.88369750976562,-0.0370807272260081,2.68264859514898,-4.115168223632826,-3.678252415128613,-1.9239598296335736,1.3405486072531194,-0.098422161926668,3.964345449074509,-0.4430919035377933,1.32368118639016
67.0,245.0,129.88369750976562,-0.0371588517049898,2.6805734538012,-4.114829362922763,-3.680286246949066,-1.92656536943232,1.339947151786356,-0.0988547495593402,3.9637048782995135,-0.4439045648392518,1.323849355521426
67.0,245.0,129.88369750976562,-0.0375504977495809,2.682280533818246,-4.115233018272244,-3.679761393898062,-1.925012808213688,1.3408448440508045,-0.0991535257406458,3.963799535448471,-0.4426996479812786,1.32341862225405
67.0,245.0,129.88369750976562,-0.0364782580288229,2.6818429670123987,-4.11474322378592,-3.679358600708835,-1.9243445464444973,1.3403015173573354,-0.09960695951543,3.965946662438152,-0.4428471831983755,1.3238509640840692
67.0,245.0,129.88369750976562,-0.0375050067521598,2.682394795215691,-4.114718372567042,-3.678092981168621,-1.9258440914610253,1.3400083563894525,-0.099182553119151,3.966016159885976,-0.4438312502809411,1.3218137438897066
67.0,245.0,129.88369750976562,-0.0385790505121479,2.6829151465589978,-4.114800802167872,-3.680258446862143,-1.924409893497719,1.340273682270729,-0.0988903953142273,3.964274155720028,-0.443693939368691,1.324358976709781
67.0,245.0,129.88369750976562,-0.0373377203114786,2.682486630971601,-4.114913017838977,-3.6783634873448783,-1.9265970819780125,1.3403155553342478,-0.099168483249192,3.963433477689972,-0.4450287501643289,1.3241048847555466
67.0,245.0,129.88369750976562,-0.0379180192985064,2.682247815866732,-4.11618169808676,-3.678672127199636,-1.9243215382018104,1.341224665253827,-0.0999942253138913,3.964944788080395,-0.4445476548029366,1.3237704141458422
67.0,245.0,129.88369750976562,-0.0379024272348933,2.681548237319513,-4.1147750510204935,-3.679808883893499,-1.9248620463978097,1.3398379650494014,-0.0992112748296654,3.963017815678836,-0.4424179299426491,1.3233375186841294
67.0,245.0,129.88369750976562,-0.0386119900478477,2.682502921158186,-4.115330536104988,-3.67922120648243,-1.924454899099244,1.3398214621333258,-0.0993185791376466,3.963886887649888,-0.4432911272000954,1.323338099550023
67.0,245.0,129.88369750976562,-0.0382477403859779,2.68273101332882,-4.115921932644253,-3.677978964649831,-1.924749009834854,1.3417441945558162,-0.0989616560098664,3.9650317801400976,-0.4436610931860999,1.3237025486479133
67.0,245.0,129.88369750976562,-0.0368336824364338,2.6826832487827823,-4.114591204394081,-3.678575812548972,-1.925641460409574,1.3405690717413157,-0.0993023327242637,3.963040004737601,-0.4453726377459595,1.3228519700821009
67.0,245.0,129.88369750976562,-0.0368682580867013,2.6829220535883818,-4.115330151241876,-3.6800847775118006,-1.924143475813016,1.3403634962947215,-0.0977891263415146,3.964305456688996,-0.4434524361281761,1.323232495747224
67.0,245.0,129.88369750976562,-0.0385555590400413,2.682332051900679,-4.11561887003485,-3.678886500882304,-1.9246899936591084,1.339812599810698,-0.0990985889591814,3.964719517917539,-0.4435134565679196,1.3239478618172835
67.0,245.0,129.88369750976562,-0.0362685215543273,2.6824785535414897,-4.115228802300194,-3.679666890710486,-1.924817154336768,1.3397913112986377,-0.0984104785689082,3.965220519508229,-0.4431274438343454,1.3229101875008091
67.0,245.0,129.88369750976562,-0.0375539125029723,2.683178260371717,-4.114369649219112,-3.679430716965344,-1.9246000535494767,1.3402022966892828,-0.0991060381317665,3.964045450719317,-0.4435850165156397,1.3232991003993002
67.0,245.0,129.88369750976562,-0.0373747018816963,2.6827891322424366,-4.115831560265851,-3.678720605069845,-1.925137080380172,1.3403258327157284,-0.0988966046907536,3.963632318963182,-0.4426579316869733,1.3218509770686553
67.0,245.0,129.88369750976562,-0.0370591034729298,2.6826218239917727,-4.115266560061377,-3.679595996907135,-1.926209819046368,1.3414009745971895,-0.0987779561750726,3.964208636924238,-0.4451036432456676,1.3236569489549574
67.0,245.0,129.88369750976562,-0.0391015901040685,2.6832066369908216,-4.11469770047713,-3.680059309122311,-1.9260168474946973,1.3411719572718803,-0.0990887163406583,3.963894911594921,-0.4433537251091182,1.3222977704533132
67.0,245.0,129.88369750976562,-0.0371238674580442,2.6828863163114574,-4.116450644235016,-3.678852193219088,-1.9245006772364748,1.340853961483298,-0.1003745299408251,3.96483297132265,-0.4438758320633198,1.32253467512871
67.0,245.0,129.88369750976562,-0.0387529514039979,2.682332987600346,-4.114907536737543,-3.6795098013530296,-1.9263257462158496,1.3407473142017434,-0.0999818312495976,3.964815872089346,-0.4437279455012012,1.3221885533632094
67.0,245.0,129.88369750976562,-0.0385026246801999,2.681902136710416,-4.116577281202409,-3.680540846948508,-1.92433206385908,1.3402460540770993,-0.099126385258616,3.9633692913641982,-0.4437405342625667,1.3232985721522927
67.0,246.0,129.88369750976562,-0.0372763731490363,2.6826167704504225,-4.114823442455658,-3.6783468022659607,-1.9261520268860424,1.3403612303406105,-0.0998002543669788,3.963755631935773,-0.4432836224847902,1.323920551784124
67.0,246.0,129.88369750976562,-0.0386144815276365,2.682602177420531,-4.114692785083619,-3.6782825809630206,-1.925857278402108,1.3408475275948784,-0.0997619686173913,3.964034353113425,-0.4420803106852294,1.323383683790692
67.0,246.0,129.88369750976562,-0.0384255196221009,2.6828457518910365,-4.115229419906435,-3.678280070499364,-1.9241863635424368,1.340197132733122,-0.0989346872452995,3.965045366748188,-0.4436973324717846,1.3237061726352286
67.0,246.0,129.88369750976562,-0.0374477628801099,2.682657028303648,-4.114838900894199,-3.678870043592088,-1.9251837276112644,1.3405201841317955,-0.0987901150784344,3.964675583138253,-0.4423633760043502,1.3238448057713843
67.0,246.0,129.88369750976562,-0.0382635524696136,2.682419967614642,-4.114786126384205,-3.679311634560755,-1.925978686292598,1.3411333845684037,-0.0987597980305496,3.9641414728433215,-0.4424791061193618,1.320928414315454
67.0,246.0,129.88369750976562,-0.0384394284723971,2.682975909148543,-4.114785849651962,-3.679239009035948,-1.9244454601702328,1.3399968271028857,-0.0992974966139006,3.9634126109169294,-0.4438348749963561,1.323728487499586
67.0,246.0,129.88369750976562,-0.0375151009923383,2.6815405326175563,-4.11492126820321,-3.678696413336605,-1.9248538354858755,1.3399425126041962,-0.0987835979778907,3.963714046279793,-0.4446811609730565,1.323395357397754
67.0,246.0,129.88369750976562,-0.0377454066103169,2.6825043046280004,-4.114788089707397,-3.679652743106941,-1.9244710726958925,1.340134709603629,-0.1004671214614538,3.9636188560680137,-0.4424447477359667,1.3231665976907154
67.0,246.0,129.88369750976562,-0.0364954623203145,2.682236998039043,-4.1151194879360045,-3.678349310488348,-1.9266135679514724,1.3402469514634694,-0.0997973225445006,3.96391029317396,-0.4446940722613329,1.3226826898546231
67.0,246.0,129.88369750976562,-0.0383554438796345,2.6837078456050074,-4.1148397309375175,-3.6796427651577615,-1.925935618093105,1.3413987342605571,-0.0995517511654577,3.963735392106942,-0.4447510661004394,1.3223569690262462
67.0,246.0,129.88369750976562,-0.0374471514184957,2.6830290313127803,-4.114093649499316,-3.679834210451842,-1.924097479454128,1.3403730799535918,-0.0989693227775162,3.9646815998637,-0.4441470635204132,1.3235251103658887
67.0,246.0,129.88369750976562,-0.0382710782515905,2.682893249029939,-4.115279657961465,-3.6792257495786993,-1.924598940320268,1.340114582927606,-0.0982937747407807,3.963413311773425,-0.4438361054294831,1.3238186492275428
67.0,246.0,129.88369750976562,-0.0386767940782647,2.6825724445294745,-4.114978013222114,-3.6803825219341575,-1.925471672712967,1.340026883894302,-0.1000383970307691,3.965015974768844,-0.4424138905121658,1.3231790020943524
67.0,246.0,129.88369750976562,-0.0386743878574695,2.682514171969066,-4.114506661615946,-3.679438333994672,-1.9243521442453364,1.339783745789752,-0.0992489063510318,3.963839175972056,-0.4434921678817331,1.3240327725928551
67.0,246.0,129.88369750976562,-0.0378622370720957,2.681968301780857,-4.11483420834631,-3.6800866107675727,-1.924030423868726,1.3402908182460136,-0.0994770964367983,3.9636342318458793,-0.4433138246954711,1.324016149664466
67.0,246.0,129.88369750976562,-0.038409736125438,2.683223324443615,-4.114847609240932,-3.679415568245977,-1.9254956460903945,1.339956890140793,-0.0993767820110977,3.96545346379171,-0.4440833734044859,1.3235641918682983
67.0,246.0,129.88369750976562,-0.0365283721779428,2.6821798842695697,-4.11603441881068,-3.679486054107372,-1.9251379515389608,1.3405617104052885,-0.1002226474128503,3.96390962240616,-0.4420402715724512,1.3236767237550735
67.0,246.0,129.88369750976562,-0.0364397398083592,2.6825071178585005,-4.115088219917484,-3.67970139592296,-1.9261702671341336,1.340268587447146,-0.1007867068112726,3.963668351548983,-0.4431968561648036,1.323600593218882
67.0,246.0,129.88369750976562,-0.0383216637770437,2.6825741157856324,-4.114967170153109,-3.6780063208760607,-1.924454085840296,1.3404595116488414,-0.099584917212826,3.9638032536282113,-0.4437830930453497,1.3237113962040006
67.0,246.0,129.88369750976562,-0.0379767604336877,2.680744641094622,-4.114477853527157,-3.6801701846835897,-1.924400799866619,1.3404674448137248,-0.0999418297218291,3.9646977554076215,-0.4444012423801128,1.3236911002911962
67.0,246.0,129.88369750976562,-0.0390478143195861,2.682337844354252,-4.115926773235828,-3.6795526101329856,-1.924688573970111,1.3412594732204302,-0.0998160293303123,3.963891675060848,-0.4428856325751028,1.3240663398786898
67.0,246.0,129.88369750976562,-0.0383148729229902,2.6832796999404445,-4.116294179060572,-3.6793979513078847,-1.9250865185851764,1.340689295518906,-0.0983386555168854,3.963023765613142,-0.4436402091529069,1.323783064095721
67.0,246.0,129.88369750976562,-0.0379627504806742,2.6821752792535305,-4.115112653936806,-3.679108163981376,-1.9271989799946387,1.3404670547282131,-0.0989285936155462,3.963762776092248,-0.4436037889685726,1.3234545198064809
67.0,246.0,129.88369750976562,-0.0392187524807247,2.683054261908589,-4.114922136147859,-3.6795777604845856,-1.925288325593142,1.3412020927009516,-0.0999221139832497,3.9638507441902,-0.4441360716815598,1.3240769948011513
67.0,246.0,129.88369750976562,-0.0383849644671473,2.6829565493324656,-4.1152425670406885,-3.679085536259625,-1.9245625020625792,1.3398362901102925,-0.0989136901687004,3.964908554644228,-0.4445902552466633,1.3237140521602766
67.0,246.0,129.88369750976562,-0.0381150873514049,2.682542042709517,-4.114430642239843,-3.678878579382245,-1.9244999050184943,1.3406975087022637,-0.0999938618507068,3.963198803446204,-0.4438787615061223,1.3237429493033557
67.0,246.0,129.88369750976562,-0.0356061132564945,2.682682236611596,-4.114853691872366,-3.679371797552783,-1.926117401442866,1.3402494852328133,-0.0995158924403936,3.963593572879813,-0.4432809198229624,1.3217267572875264
67.0,246.0,129.88369750976562,-0.0370319986549597,2.682141311654721,-4.11568919640137,-3.679601765843594,-1.9250876999733395,1.3398228311447469,-0.1004837490685165,3.964237534852891,-0.442657322459007,1.323574800022745
67.0,246.0,129.88369750976562,-0.0370807272260081,2.68264859514898,-4.115168223632826,-3.678252415128613,-1.9239598296335736,1.3405486072531194,-0.098422161926668,3.964345449074509,-0.4430919035377933,1.32368118639016
67.0,246.0,129.88369750976562,-0.0371588517049898,2.6805734538012,-4.114829362922763,-3.680286246949066,-1.92656536943232,1.339947151786356,-0.0988547495593402,3.9637048782995135,-0.4439045648392518,1.323849355521426
67.0,246.0,129.88369750976562,-0.0375504977495809,2.682280533818246,-4.115233018272244,-3.679761393898062,-1.925012808213688,1.3408448440508045,-0.0991535257406458,3.963799535448471,-0.4426996479812786,1.32341862225405
67.0,246.0,129.88369750976562,-0.0364782580288229,2.6818429670123987,-4.11474322378592,-3.679358600708835,-1.9243445464444973,1.3403015173573354,-0.09960695951543,3.965946662438152,-0.4428471831983755,1.3238509640840692
67.0,246.0,129.88369750976562,-0.0375050067521598,2.682394795215691,-4.114718372567042,-3.678092981168621,-1.9258440914610253,1.3400083563894525,-0.099182553119151,3.966016159885976,-0.4438312502809411,1.3218137438897066
67.0,246.0,129.88369750976562,-0.0385790505121479,2.6829151465589978,-4.114800802167872,-3.680258446862143,-1.924409893497719,1.340273682270729,-0.0988903953142273,3.964274155720028,-0.443693939368691,1.324358976709781
67.0,246.0,129.88369750976562,-0.0373377203114786,2.682486630971601,-4.114913017838977,-3.6783634873448783,-1.9265970819780125,1.3403155553342478,-0.099168483249192,3.963433477689972,-0.4450287501643289,1.3241048847555466
67.0,246.0,129.88369750976562,-0.0379180192985064,2.682247815866732,-4.11618169808676,-3.678672127199636,-1.9243215382018104,1.341224665253827,-0.0999942253138913,3.964944788080395,-0.4445476548029366,1.3237704141458422
67.0,246.0,129.88369750976562,-0.0379024272348933,2.681548237319513,-4.1147750510204935,-3.679808883893499,-1.9248620463978097,1.3398379650494014,-0.0992112748296654,3.963017815678836,-0.4424179299426491,1.3233375186841294
67.0,246.0,129.88369750976562,-0.0386119900478477,2.682502921158186,-4.115330536104988,-3.67922120648243,-1.924454899099244,1.3398214621333258,-0.0993185791376466,3.963886887649888,-0.4432911272000954,1.323338099550023
67.0,246.0,129.88369750976562,-0.0382477403859779,2.68273101332882,-4.115921932644253,-3.677978964649831,-1.924749009834854,1.3417441945558162,-0.0989616560098664,3.9650317801400976,-0.4436610931860999,1.3237025486479133
67.0,246.0,129.88369750976562,-0.0368336824364338,2.6826832487827823,-4.114591204394081,-3.678575812548972,-1.925641460409574,1.3405690717413157,-0.0993023327242637,3.963040004737601,-0.4453726377459595,1.3228519700821009
67.0,246.0,129.88369750976562,-0.0368682580867013,2.6829220535883818,-4.115330151241876,-3.6800847775118006,-1.924143475813016,1.3403634962947215,-0.0977891263415146,3.964305456688996,-0.4434524361281761,1.323232495747224
67.0,246.0,129.88369750976562,-0.0385555590400413,2.682332051900679,-4.11561887003485,-3.678886500882304,-1.9246899936591084,1.339812599810698,-0.0990985889591814,3.964719517917539,-0.4435134565679196,1.3239478618172835
67.0,246.0,129.88369750976562,-0.0362685215543273,2.6824785535414897,-4.115228802300194,-3.679666890710486,-1.924817154336768,1.3397913112986377,-0.0984104785689082,3.965220519508229,-0.4431274438343454,1.3229101875008091
67.0,246.0,129.88369750976562,-0.0375539125029723,2.683178260371717,-4.114369649219112,-3.679430716965344,-1.9246000535494767,1.3402022966892828,-0.0991060381317665,3.964045450719317,-0.4435850165156397,1.3232991003993002
67.0,246.0,129.88369750976562,-0.0373747018816963,2.6827891322424366,-4.115831560265851,-3.678720605069845,-1.925137080380172,1.3403258327157284,-0.0988966046907536,3.963632318963182,-0.4426579316869733,1.3218509770686553
67.0,246.0,129.88369750976562,-0.0370591034729298,2.6826218239917727,-4.115266560061377,-3.679595996907135,-1.926209819046368,1.3414009745971895,-0.0987779561750726,3.964208636924238,-0.4451036432456676,1.3236569489549574
67.0,246.0,129.88369750976562,-0.0391015901040685,2.6832066369908216,-4.11469770047713,-3.680059309122311,-1.9260168474946973,1.3411719572718803,-0.0990887163406583,3.963894911594921,-0.4433537251091182,1.3222977704533132
67.0,246.0,129.88369750976562,-0.0371238674580442,2.6828863163114574,-4.116450644235016,-3.678852193219088,-1.9245006772364748,1.340853961483298,-0.1003745299408251,3.96483297132265,-0.4438758320633198,1.32253467512871
67.0,246.0,129.88369750976562,-0.0387529514039979,2.682332987600346,-4.114907536737543,-3.6795098013530296,-1.9263257462158496,1.3407473142017434,-0.0999818312495976,3.964815872089346,-0.4437279455012012,1.3221885533632094
67.0,246.0,129.88369750976562,-0.0385026246801999,2.681902136710416,-4.116577281202409,-3.680540846948508,-1.92433206385908,1.3402460540770993,-0.099126385258616,3.9633692913641982,-0.4437405342625667,1.3232985721522927
67.0,247.0,129.88369750976562,-0.0372763731490363,2.6826167704504225,-4.114823442455658,-3.6783468022659607,-1.9261520268860424,1.3403612303406105,-0.0998002543669788,3.963755631935773,-0.4432836224847902,1.323920551784124
67.0,247.0,129.88369750976562,-0.0386144815276365,2.682602177420531,-4.114692785083619,-3.6782825809630206,-1.925857278402108,1.3408475275948784,-0.0997619686173913,3.964034353113425,-0.4420803106852294,1.323383683790692
67.0,247.0,129.88369750976562,-0.0384255196221009,2.6828457518910365,-4.115229419906435,-3.678280070499364,-1.9241863635424368,1.340197132733122,-0.0989346872452995,3.965045366748188,-0.4436973324717846,1.3237061726352286
67.0,247.0,129.88369750976562,-0.0374477628801099,2.682657028303648,-4.114838900894199,-3.678870043592088,-1.9251837276112644,1.3405201841317955,-0.0987901150784344,3.964675583138253,-0.4423633760043502,1.3238448057713843
67.0,247.0,129.88369750976562,-0.0382635524696136,2.682419967614642,-4.114786126384205,-3.679311634560755,-1.925978686292598,1.3411333845684037,-0.0987597980305496,3.9641414728433215,-0.4424791061193618,1.320928414315454
67.0,247.0,129.88369750976562,-0.0384394284723971,2.682975909148543,-4.114785849651962,-3.679239009035948,-1.9244454601702328,1.3399968271028857,-0.0992974966139006,3.9634126109169294,-0.4438348749963561,1.323728487499586
67.0,247.0,129.88369750976562,-0.0375151009923383,2.6815405326175563,-4.11492126820321,-3.678696413336605,-1.9248538354858755,1.3399425126041962,-0.0987835979778907,3.963714046279793,-0.4446811609730565,1.323395357397754
67.0,247.0,129.88369750976562,-0.0377454066103169,2.6825043046280004,-4.114788089707397,-3.679652743106941,-1.9244710726958925,1.340134709603629,-0.1004671214614538,3.9636188560680137,-0.4424447477359667,1.3231665976907154
67.0,247.0,129.88369750976562,-0.0364954623203145,2.682236998039043,-4.1151194879360045,-3.678349310488348,-1.9266135679514724,1.3402469514634694,-0.0997973225445006,3.96391029317396,-0.4446940722613329,1.3226826898546231
67.0,247.0,129.88369750976562,-0.0383554438796345,2.6837078456050074,-4.1148397309375175,-3.6796427651577615,-1.925935618093105,1.3413987342605571,-0.0995517511654577,3.963735392106942,-0.4447510661004394,1.3223569690262462
67.0,247.0,129.88369750976562,-0.0374471514184957,2.6830290313127803,-4.114093649499316,-3.679834210451842,-1.924097479454128,1.3403730799535918,-0.0989693227775162,3.9646815998637,-0.4441470635204132,1.3235251103658887
67.0,247.0,129.88369750976562,-0.0382710782515905,2.682893249029939,-4.115279657961465,-3.6792257495786993,-1.924598940320268,1.340114582927606,-0.0982937747407807,3.963413311773425,-0.4438361054294831,1.3238186492275428
67.0,247.0,129.88369750976562,-0.0386767940782647,2.6825724445294745,-4.114978013222114,-3.6803825219341575,-1.925471672712967,1.340026883894302,-0.1000383970307691,3.965015974768844,-0.4424138905121658,1.3231790020943524
67.0,247.0,129.88369750976562,-0.0386743878574695,2.682514171969066,-4.114506661615946,-3.679438333994672,-1.9243521442453364,1.339783745789752,-0.0992489063510318,3.963839175972056,-0.4434921678817331,1.3240327725928551
67.0,247.0,129.88369750976562,-0.0378622370720957,2.681968301780857,-4.11483420834631,-3.6800866107675727,-1.924030423868726,1.3402908182460136,-0.0994770964367983,3.9636342318458793,-0.4433138246954711,1.324016149664466
67.0,247.0,129.88369750976562,-0.038409736125438,2.683223324443615,-4.114847609240932,-3.679415568245977,-1.9254956460903945,1.339956890140793,-0.0993767820110977,3.96545346379171,-0.4440833734044859,1.3235641918682983
67.0,247.0,129.88369750976562,-0.0365283721779428,2.6821798842695697,-4.11603441881068,-3.679486054107372,-1.9251379515389608,1.3405617104052885,-0.1002226474128503,3.96390962240616,-0.4420402715724512,1.3236767237550735
67.0,247.0,129.88369750976562,-0.0364397398083592,2.6825071178585005,-4.115088219917484,-3.67970139592296,-1.9261702671341336,1.340268587447146,-0.1007867068112726,3.963668351548983,-0.4431968561648036,1.323600593218882
67.0,247.0,129.88369750976562,-0.0383216637770437,2.6825741157856324,-4.114967170153109,-3.6780063208760607,-1.924454085840296,1.3404595116488414,-0.099584917212826,3.9638032536282113,-0.4437830930453497,1.3237113962040006
67.0,247.0,129.88369750976562,-0.0379767604336877,2.680744641094622,-4.114477853527157,-3.6801701846835897,-1.924400799866619,1.3404674448137248,-0.0999418297218291,3.9646977554076215,-0.4444012423801128,1.3236911002911962
67.0,247.0,129.88369750976562,-0.0390478143195861,2.682337844354252,-4.115926773235828,-3.6795526101329856,-1.924688573970111,1.3412594732204302,-0.0998160293303123,3.963891675060848,-0.4428856325751028,1.3240663398786898
67.0,247.0,129.88369750976562,-0.0383148729229902,2.6832796999404445,-4.116294179060572,-3.6793979513078847,-1.9250865185851764,1.340689295518906,-0.0983386555168854,3.963023765613142,-0.4436402091529069,1.323783064095721
67.0,247.0,129.88369750976562,-0.0379627504806742,2.6821752792535305,-4.115112653936806,-3.679108163981376,-1.9271989799946387,1.3404670547282131,-0.0989285936155462,3.963762776092248,-0.4436037889685726,1.3234545198064809
67.0,247.0,129.88369750976562,-0.0392187524807247,2.683054261908589,-4.114922136147859,-3.6795777604845856,-1.925288325593142,1.3412020927009516,-0.0999221139832497,3.9638507441902,-0.4441360716815598,1.3240769948011513
67.0,247.0,129.88369750976562,-0.0383849644671473,2.6829565493324656,-4.1152425670406885,-3.679085536259625,-1.9245625020625792,1.3398362901102925,-0.0989136901687004,3.964908554644228,-0.4445902552466633,1.3237140521602766
67.0,247.0,129.88369750976562,-0.0381150873514049,2.682542042709517,-4.114430642239843,-3.678878579382245,-1.9244999050184943,1.3406975087022637,-0.0999938618507068,3.963198803446204,-0.4438787615061223,1.3237429493033557
67.0,247.0,129.88369750976562,-0.0356061132564945,2.682682236611596,-4.114853691872366,-3.679371797552783,-1.926117401442866,1.3402494852328133,-0.0995158924403936,3.963593572879813,-0.4432809198229624,1.3217267572875264
67.0,247.0,129.88369750976562,-0.0370319986549597,2.682141311654721,-4.11568919640137,-3.679601765843594,-1.9250876999733395,1.3398228311447469,-0.1004837490685165,3.964237534852891,-0.442657322459007,1.323574800022745
67.0,247.0,129.88369750976562,-0.0370807272260081,2.68264859514898,-4.115168223632826,-3.678252415128613,-1.9239598296335736,1.3405486072531194,-0.098422161926668,3.964345449074509,-0.4430919035377933,1.32368118639016
67.0,247.0,129.88369750976562,-0.0371588517049898,2.6805734538012,-4.114829362922763,-3.680286246949066,-1.92656536943232,1.339947151786356,-0.0988547495593402,3.9637048782995135,-0.4439045648392518,1.323849355521426
67.0,247.0,129.88369750976562,-0.0375504977495809,2.682280533818246,-4.115233018272244,-3.679761393898062,-1.925012808213688,1.3408448440508045,-0.0991535257406458,3.963799535448471,-0.4426996479812786,1.32341862225405
67.0,247.0,129.88369750976562,-0.0364782580288229,2.6818429670123987,-4.11474322378592,-3.679358600708835,-1.9243445464444973,1.3403015173573354,-0.09960695951543,3.965946662438152,-0.4428471831983755,1.3238509640840692
67.0,247.0,129.88369750976562,-0.0375050067521598,2.682394795215691,-4.114718372567042,-3.678092981168621,-1.9258440914610253,1.3400083563894525,-0.099182553119151,3.966016159885976,-0.4438312502809411,1.3218137438897066
67.0,247.0,129.88369750976562,-0.0385790505121479,2.6829151465589978,-4.114800802167872,-3.680258446862143,-1.924409893497719,1.340273682270729,-0.0988903953142273,3.964274155720028,-0.443693939368691,1.324358976709781
67.0,247.0,129.88369750976562,-0.0373377203114786,2.682486630971601,-4.114913017838977,-3.6783634873448783,-1.9265970819780125,1.3403155553342478,-0.099168483249192,3.963433477689972,-0.4450287501643289,1.3241048847555466
67.0,247.0,129.88369750976562,-0.0379180192985064,2.682247815866732,-4.11618169808676,-3.678672127199636,-1.9243215382018104,1.341224665253827,-0.0999942253138913,3.964944788080395,-0.4445476548029366,1.3237704141458422
67.0,247.0,129.88369750976562,-0.0379024272348933,2.681548237319513,-4.1147750510204935,-3.679808883893499,-1.9248620463978097,1.3398379650494014,-0.0992112748296654,3.963017815678836,-0.4424179299426491,1.3233375186841294
67.0,247.0,129.88369750976562,-0.0386119900478477,2.682502921158186,-4.115330536104988,-3.67922120648243,-1.924454899099244,1.3398214621333258,-0.0993185791376466,3.963886887649888,-0.4432911272000954,1.323338099550023
67.0,247.0,129.88369750976562,-0.0382477403859779,2.68273101332882,-4.115921932644253,-3.677978964649831,-1.924749009834854,1.3417441945558162,-0.0989616560098664,3.9650317801400976,-0.4436610931860999,1.3237025486479133
67.0,247.0,129.88369750976562,-0.0368336824364338,2.6826832487827823,-4.114591204394081,-3.678575812548972,-1.925641460409574,1.3405690717413157,-0.0993023327242637,3.963040004737601,-0.4453726377459595,1.3228519700821009
67.0,247.0,129.88369750976562,-0.0368682580867013,2.6829220535883818,-4.115330151241876,-3.6800847775118006,-1.924143475813016,1.3403634962947215,-0.0977891263415146,3.964305456688996,-0.4434524361281761,1.323232495747224
67.0,247.0,129.88369750976562,-0.0385555590400413,2.682332051900679,-4.11561887003485,-3.678886500882304,-1.9246899936591084,1.339812599810698,-0.0990985889591814,3.964719517917539,-0.4435134565679196,1.3239478618172835
67.0,247.0,129.88369750976562,-0.0362685215543273,2.6824785535414897,-4.115228802300194,-3.679666890710486,-1.924817154336768,1.3397913112986377,-0.0984104785689082,3.965220519508229,-0.4431274438343454,1.3229101875008091
67.0,247.0,129.88369750976562,-0.0375539125029723,2.683178260371717,-4.114369649219112,-3.679430716965344,-1.9246000535494767,1.3402022966892828,-0.0991060381317665,3.964045450719317,-0.4435850165156397,1.3232991003993002
67.0,247.0,129.88369750976562,-0.0373747018816963,2.6827891322424366,-4.115831560265851,-3.678720605069845,-1.925137080380172,1.3403258327157284,-0.0988966046907536,3.963632318963182,-0.4426579316869733,1.3218509770686553
67.0,247.0,129.88369750976562,-0.0370591034729298,2.6826218239917727,-4.115266560061377,-3.679595996907135,-1.926209819046368,1.3414009745971895,-0.0987779561750726,3.964208636924238,-0.4451036432456676,1.3236569489549574
67.0,247.0,129.88369750976562,-0.0391015901040685,2.6832066369908216,-4.11469770047713,-3.680059309122311,-1.9260168474946973,1.3411719572718803,-0.0990887163406583,3.963894911594921,-0.4433537251091182,1.3222977704533132
67.0,247.0,129.88369750976562,-0.0371238674580442,2.6828863163114574,-4.116450644235016,-3.678852193219088,-1.9245006772364748,1.340853961483298,-0.1003745299408251,3.96483297132265,-0.4438758320633198,1.32253467512871
67.0,247.0,129.88369750976562,-0.0387529514039979,2.682332987600346,-4.114907536737543,-3.6795098013530296,-1.9263257462158496,1.3407473142017434,-0.0999818312495976,3.964815872089346,-0.4437279455012012,1.3221885533632094
67.0,247.0,129.88369750976562,-0.0385026246801999,2.681902136710416,-4.116577281202409,-3.680540846948508,-1.92433206385908,1.3402460540770993,-0.099126385258616,3.9633692913641982,-0.4437405342625667,1.3232985721522927
67.0,248.0,129.88369750976562,-0.0372763731490363,2.6826167704504225,-4.114823442455658,-3.6783468022659607,-1.9261520268860424,1.3403612303406105,-0.0998002543669788,3.963755631935773,-0.4432836224847902,1.323920551784124
67.0,248.0,129.88369750976562,-0.0386144815276365,2.682602177420531,-4.114692785083619,-3.6782825809630206,-1.925857278402108,1.3408475275948784,-0.0997619686173913,3.964034353113425,-0.4420803106852294,1.323383683790692
67.0,248.0,129.88369750976562,-0.0384255196221009,2.6828457518910365,-4.115229419906435,-3.678280070499364,-1.9241863635424368,1.340197132733122,-0.0989346872452995,3.965045366748188,-0.4436973324717846,1.3237061726352286
67.0,248.0,129.88369750976562,-0.0374477628801099,2.682657028303648,-4.114838900894199,-3.678870043592088,-1.9251837276112644,1.3405201841317955,-0.0987901150784344,3.964675583138253,-0.4423633760043502,1.3238448057713843
67.0,248.0,129.88369750976562,-0.0382635524696136,2.682419967614642,-4.114786126384205,-3.679311634560755,-1.925978686292598,1.3411333845684037,-0.0987597980305496,3.9641414728433215,-0.4424791061193618,1.320928414315454
67.0,248.0,129.88369750976562,-0.0384394284723971,2.682975909148543,-4.114785849651962,-3.679239009035948,-1.9244454601702328,1.3399968271028857,-0.0992974966139006,3.9634126109169294,-0.4438348749963561,1.323728487499586
67.0,248.0,129.88369750976562,-0.0375151009923383,2.6815405326175563,-4.11492126820321,-3.678696413336605,-1.9248538354858755,1.3399425126041962,-0.0987835979778907,3.963714046279793,-0.4446811609730565,1.323395357397754
67.0,248.0,129.88369750976562,-0.0377454066103169,2.6825043046280004,-4.114788089707397,-3.679652743106941,-1.9244710726958925,1.340134709603629,-0.1004671214614538,3.9636188560680137,-0.4424447477359667,1.3231665976907154
67.0,248.0,129.88369750976562,-0.0364954623203145,2.682236998039043,-4.1151194879360045,-3.678349310488348,-1.9266135679514724,1.3402469514634694,-0.0997973225445006,3.96391029317396,-0.4446940722613329,1.3226826898546231
67.0,248.0,129.88369750976562,-0.0383554438796345,2.6837078456050074,-4.1148397309375175,-3.6796427651577615,-1.925935618093105,1.3413987342605571,-0.0995517511654577,3.963735392106942,-0.4447510661004394,1.3223569690262462
67.0,248.0,129.88369750976562,-0.0374471514184957,2.6830290313127803,-4.114093649499316,-3.679834210451842,-1.924097479454128,1.3403730799535918,-0.0989693227775162,3.9646815998637,-0.4441470635204132,1.3235251103658887
67.0,248.0,129.88369750976562,-0.0382710782515905,2.682893249029939,-4.115279657961465,-3.6792257495786993,-1.924598940320268,1.340114582927606,-0.0982937747407807,3.963413311773425,-0.4438361054294831,1.3238186492275428
67.0,248.0,129.88369750976562,-0.0386767940782647,2.6825724445294745,-4.114978013222114,-3.6803825219341575,-1.925471672712967,1.340026883894302,-0.1000383970307691,3.965015974768844,-0.4424138905121658,1.3231790020943524
67.0,248.0,129.88369750976562,-0.0386743878574695,2.682514171969066,-4.114506661615946,-3.679438333994672,-1.9243521442453364,1.339783745789752,-0.0992489063510318,3.963839175972056,-0.4434921678817331,1.3240327725928551
67.0,248.0,129.88369750976562,-0.0378622370720957,2.681968301780857,-4.11483420834631,-3.6800866107675727,-1.924030423868726,1.3402908182460136,-0.0994770964367983,3.9636342318458793,-0.4433138246954711,1.324016149664466
67.0,248.0,129.88369750976562,-0.038409736125438,2.683223324443615,-4.114847609240932,-3.679415568245977,-1.9254956460903945,1.339956890140793,-0.0993767820110977,3.96545346379171,-0.4440833734044859,1.3235641918682983
67.0,248.0,129.88369750976562,-0.0365283721779428,2.6821798842695697,-4.11603441881068,-3.679486054107372,-1.9251379515389608,1.3405617104052885,-0.1002226474128503,3.96390962240616,-0.4420402715724512,1.3236767237550735
67.0,248.0,129.88369750976562,-0.0364397398083592,2.6825071178585005,-4.115088219917484,-3.67970139592296,-1.9261702671341336,1.340268587447146,-0.1007867068112726,3.963668351548983,-0.4431968561648036,1.323600593218882
67.0,248.0,129.88369750976562,-0.0383216637770437,2.6825741157856324,-4.114967170153109,-3.6780063208760607,-1.924454085840296,1.3404595116488414,-0.099584917212826,3.9638032536282113,-0.4437830930453497,1.3237113962040006
67.0,248.0,129.88369750976562,-0.0379767604336877,2.680744641094622,-4.114477853527157,-3.6801701846835897,-1.924400799866619,1.3404674448137248,-0.0999418297218291,3.9646977554076215,-0.4444012423801128,1.3236911002911962
67.0,248.0,129.88369750976562,-0.0390478143195861,2.682337844354252,-4.115926773235828,-3.6795526101329856,-1.924688573970111,1.3412594732204302,-0.0998160293303123,3.963891675060848,-0.4428856325751028,1.3240663398786898
67.0,248.0,129.88369750976562,-0.0383148729229902,2.6832796999404445,-4.116294179060572,-3.6793979513078847,-1.9250865185851764,1.340689295518906,-0.0983386555168854,3.963023765613142,-0.4436402091529069,1.323783064095721
67.0,248.0,129.88369750976562,-0.0379627504806742,2.6821752792535305,-4.115112653936806,-3.679108163981376,-1.9271989799946387,1.3404670547282131,-0.0989285936155462,3.963762776092248,-0.4436037889685726,1.3234545198064809
67.0,248.0,129.88369750976562,-0.0392187524807247,2.683054261908589,-4.114922136147859,-3.6795777604845856,-1.925288325593142,1.3412020927009516,-0.0999221139832497,3.9638507441902,-0.4441360716815598,1.3240769948011513
67.0,248.0,129.88369750976562,-0.0383849644671473,2.6829565493324656,-4.1152425670406885,-3.679085536259625,-1.9245625020625792,1.3398362901102925,-0.0989136901687004,3.964908554644228,-0.4445902552466633,1.3237140521602766
67.0,248.0,129.88369750976562,-0.0381150873514049,2.682542042709517,-4.114430642239843,-3.678878579382245,-1.9244999050184943,1.3406975087022637,-0.0999938618507068,3.963198803446204,-0.4438787615061223,1.3237429493033557
67.0,248.0,129.88369750976562,-0.0356061132564945,2.682682236611596,-4.114853691872366,-3.679371797552783,-1.926117401442866,1.3402494852328133,-0.0995158924403936,3.963593572879813,-0.4432809198229624,1.3217267572875264
67.0,248.0,129.88369750976562,-0.0370319986549597,2.682141311654721,-4.11568919640137,-3.679601765843594,-1.9250876999733395,1.3398228311447469,-0.1004837490685165,3.964237534852891,-0.442657322459007,1.323574800022745
67.0,248.0,129.88369750976562,-0.0370807272260081,2.68264859514898,-4.115168223632826,-3.678252415128613,-1.9239598296335736,1.3405486072531194,-0.098422161926668,3.964345449074509,-0.4430919035377933,1.32368118639016
67.0,248.0,129.88369750976562,-0.0371588517049898,2.6805734538012,-4.114829362922763,-3.680286246949066,-1.92656536943232,1.339947151786356,-0.0988547495593402,3.9637048782995135,-0.4439045648392518,1.323849355521426
67.0,248.0,129.88369750976562,-0.0375504977495809,2.682280533818246,-4.115233018272244,-3.679761393898062,-1.925012808213688,1.3408448440508045,-0.0991535257406458,3.963799535448471,-0.4426996479812786,1.32341862225405
67.0,248.0,129.88369750976562,-0.0364782580288229,2.6818429670123987,-4.11474322378592,-3.679358600708835,-1.9243445464444973,1.3403015173573354,-0.09960695951543,3.965946662438152,-0.4428471831983755,1.3238509640840692
67.0,248.0,129.88369750976562,-0.0375050067521598,2.682394795215691,-4.114718372567042,-3.678092981168621,-1.9258440914610253,1.3400083563894525,-0.099182553119151,3.966016159885976,-0.4438312502809411,1.3218137438897066
67.0,248.0,129.88369750976562,-0.0385790505121479,2.6829151465589978,-4.114800802167872,-3.680258446862143,-1.924409893497719,1.340273682270729,-0.0988903953142273,3.964274155720028,-0.443693939368691,1.324358976709781
67.0,248.0,129.88369750976562,-0.0373377203114786,2.682486630971601,-4.114913017838977,-3.6783634873448783,-1.9265970819780125,1.3403155553342478,-0.099168483249192,3.963433477689972,-0.4450287501643289,1.3241048847555466
67.0,248.0,129.88369750976562,-0.0379180192985064,2.682247815866732,-4.11618169808676,-3.678672127199636,-1.9243215382018104,1.341224665253827,-0.0999942253138913,3.964944788080395,-0.4445476548029366,1.3237704141458422
67.0,248.0,129.88369750976562,-0.0379024272348933,2.681548237319513,-4.1147750510204935,-3.679808883893499,-1.9248620463978097,1.3398379650494014,-0.0992112748296654,3.963017815678836,-0.4424179299426491,1.3233375186841294
67.0,248.0,129.88369750976562,-0.0386119900478477,2.682502921158186,-4.115330536104988,-3.67922120648243,-1.924454899099244,1.3398214621333258,-0.0993185791376466,3.963886887649888,-0.4432911272000954,1.323338099550023
67.0,248.0,129.88369750976562,-0.0382477403859779,2.68273101332882,-4.115921932644253,-3.677978964649831,-1.924749009834854,1.3417441945558162,-0.0989616560098664,3.9650317801400976,-0.4436610931860999,1.3237025486479133
67.0,248.0,129.88369750976562,-0.0368336824364338,2.6826832487827823,-4.114591204394081,-3.678575812548972,-1.925641460409574,1.3405690717413157,-0.0993023327242637,3.963040004737601,-0.4453726377459595,1.3228519700821009
67.0,248.0,129.88369750976562,-0.0368682580867013,2.6829220535883818,-4.115330151241876,-3.6800847775118006,-1.924143475813016,1.3403634962947215,-0.0977891263415146,3.964305456688996,-0.4434524361281761,1.323232495747224
67.0,248.0,129.88369750976562,-0.0385555590400413,2.682332051900679,-4.11561887003485,-3.678886500882304,-1.9246899936591084,1.339812599810698,-0.0990985889591814,3.964719517917539,-0.4435134565679196,1.3239478618172835
67.0,248.0,129.88369750976562,-0.0362685215543273,2.6824785535414897,-4.115228802300194,-3.679666890710486,-1.924817154336768,1.3397913112986377,-0.0984104785689082,3.965220519508229,-0.4431274438343454,1.3229101875008091
67.0,248.0,129.88369750976562,-0.0375539125029723,2.683178260371717,-4.114369649219112,-3.679430716965344,-1.9246000535494767,1.3402022966892828,-0.0991060381317665,3.964045450719317,-0.4435850165156397,1.3232991003993002
67.0,248.0,129.88369750976562,-0.0373747018816963,2.6827891322424366,-4.115831560265851,-3.678720605069845,-1.925137080380172,1.3403258327157284,-0.0988966046907536,3.963632318963182,-0.4426579316869733,1.3218509770686553
67.0,248.0,129.88369750976562,-0.0370591034729298,2.6826218239917727,-4.115266560061377,-3.679595996907135,-1.926209819046368,1.3414009745971895,-0.0987779561750726,3.964208636924238,-0.4451036432456676,1.3236569489549574
67.0,248.0,129.88369750976562,-0.0391015901040685,2.6832066369908216,-4.11469770047713,-3.680059309122311,-1.9260168474946973,1.3411719572718803,-0.0990887163406583,3.963894911594921,-0.4433537251091182,1.3222977704533132
67.0,248.0,129.88369750976562,-0.0371238674580442,2.6828863163114574,-4.116450644235016,-3.678852193219088,-1.9245006772364748,1.340853961483298,-0.1003745299408251,3.96483297132265,-0.4438758320633198,1.32253467512871
67.0,248.0,129.88369750976562,-0.0387529514039979,2.682332987600346,-4.114907536737543,-3.6795098013530296,-1.9263257462158496,1.3407473142017434,-0.0999818312495976,3.964815872089346,-0.4437279455012012,1.3221885533632094
67.0,248.0,129.88369750976562,-0.0385026246801999,2.681902136710416,-4.116577281202409,-3.680540846948508,-1.92433206385908,1.3402460540770993,-0.099126385258616,3.9633692913641982,-0.4437405342625667,1.3232985721522927
67.0,249.0,129.88369750976562,-0.0372763731490363,2.6826167704504225,-4.114823442455658,-3.6783468022659607,-1.9261520268860424,1.3403612303406105,-0.0998002543669788,3.963755631935773,-0.4432836224847902,1.323920551784124
67.0,249.0,129.88369750976562,-0.0386144815276365,2.682602177420531,-4.114692785083619,-3.6782825809630206,-1.925857278402108,1.3408475275948784,-0.0997619686173913,3.964034353113425,-0.4420803106852294,1.323383683790692
67.0,249.0,129.88369750976562,-0.0384255196221009,2.6828457518910365,-4.115229419906435,-3.678280070499364,-1.9241863635424368,1.340197132733122,-0.0989346872452995,3.965045366748188,-0.4436973324717846,1.3237061726352286
67.0,249.0,129.88369750976562,-0.0374477628801099,2.682657028303648,-4.114838900894199,-3.678870043592088,-1.9251837276112644,1.3405201841317955,-0.0987901150784344,3.964675583138253,-0.4423633760043502,1.3238448057713843
67.0,249.0,129.88369750976562,-0.0382635524696136,2.682419967614642,-4.114786126384205,-3.679311634560755,-1.925978686292598,1.3411333845684037,-0.0987597980305496,3.9641414728433215,-0.4424791061193618,1.320928414315454
67.0,249.0,129.88369750976562,-0.0384394284723971,2.682975909148543,-4.114785849651962,-3.679239009035948,-1.9244454601702328,1.3399968271028857,-0.0992974966139006,3.9634126109169294,-0.4438348749963561,1.323728487499586
67.0,249.0,129.88369750976562,-0.0375151009923383,2.6815405326175563,-4.11492126820321,-3.678696413336605,-1.9248538354858755,1.3399425126041962,-0.0987835979778907,3.963714046279793,-0.4446811609730565,1.323395357397754
67.0,249.0,129.88369750976562,-0.0377454066103169,2.6825043046280004,-4.114788089707397,-3.679652743106941,-1.9244710726958925,1.340134709603629,-0.1004671214614538,3.9636188560680137,-0.4424447477359667,1.3231665976907154
67.0,249.0,129.88369750976562,-0.0364954623203145,2.682236998039043,-4.1151194879360045,-3.678349310488348,-1.9266135679514724,1.3402469514634694,-0.0997973225445006,3.96391029317396,-0.4446940722613329,1.3226826898546231
67.0,249.0,129.88369750976562,-0.0383554438796345,2.6837078456050074,-4.1148397309375175,-3.6796427651577615,-1.925935618093105,1.3413987342605571,-0.0995517511654577,3.963735392106942,-0.4447510661004394,1.3223569690262462
67.0,249.0,129.88369750976562,-0.0374471514184957,2.6830290313127803,-4.114093649499316,-3.679834210451842,-1.924097479454128,1.3403730799535918,-0.0989693227775162,3.9646815998637,-0.4441470635204132,1.3235251103658887
67.0,249.0,129.88369750976562,-0.0382710782515905,2.682893249029939,-4.115279657961465,-3.6792257495786993,-1.924598940320268,1.340114582927606,-0.0982937747407807,3.963413311773425,-0.4438361054294831,1.3238186492275428
67.0,249.0,129.88369750976562,-0.0386767940782647,2.6825724445294745,-4.114978013222114,-3.6803825219341575,-1.925471672712967,1.340026883894302,-0.1000383970307691,3.965015974768844,-0.4424138905121658,1.3231790020943524
67.0,249.0,129.88369750976562,-0.0386743878574695,2.682514171969066,-4.114506661615946,-3.679438333994672,-1.9243521442453364,1.339783745789752,-0.0992489063510318,3.963839175972056,-0.4434921678817331,1.3240327725928551
67.0,249.0,129.88369750976562,-0.0378622370720957,2.681968301780857,-4.11483420834631,-3.6800866107675727,-1.924030423868726,1.3402908182460136,-0.0994770964367983,3.9636342318458793,-0.4433138246954711,1.324016149664466
67.0,249.0,129.88369750976562,-0.038409736125438,2.683223324443615,-4.114847609240932,-3.679415568245977,-1.9254956460903945,1.339956890140793,-0.0993767820110977,3.96545346379171,-0.4440833734044859,1.3235641918682983
67.0,249.0,129.88369750976562,-0.0365283721779428,2.6821798842695697,-4.11603441881068,-3.679486054107372,-1.9251379515389608,1.3405617104052885,-0.1002226474128503,3.96390962240616,-0.4420402715724512,1.3236767237550735
67.0,249.0,129.88369750976562,-0.0364397398083592,2.6825071178585005,-4.115088219917484,-3.67970139592296,-1.9261702671341336,1.340268587447146,-0.1007867068112726,3.963668351548983,-0.4431968561648036,1.323600593218882
67.0,249.0,129.88369750976562,-0.0383216637770437,2.6825741157856324,-4.114967170153109,-3.6780063208760607,-1.924454085840296,1.3404595116488414,-0.099584917212826,3.9638032536282113,-0.4437830930453497,1.3237113962040006
67.0,249.0,129.88369750976562,-0.0379767604336877,2.680744641094622,-4.114477853527157,-3.6801701846835897,-1.924400799866619,1.3404674448137248,-0.0999418297218291,3.9646977554076215,-0.4444012423801128,1.3236911002911962
67.0,249.0,129.88369750976562,-0.0390478143195861,2.682337844354252,-4.115926773235828,-3.6795526101329856,-1.924688573970111,1.3412594732204302,-0.0998160293303123,3.963891675060848,-0.4428856325751028,1.3240663398786898
67.0,249.0,129.88369750976562,-0.0383148729229902,2.6832796999404445,-4.116294179060572,-3.6793979513078847,-1.9250865185851764,1.340689295518906,-0.0983386555168854,3.963023765613142,-0.4436402091529069,1.323783064095721
67.0,249.0,129.88369750976562,-0.0379627504806742,2.6821752792535305,-4.115112653936806,-3.679108163981376,-1.9271989799946387,1.3404670547282131,-0.0989285936155462,3.963762776092248,-0.4436037889685726,1.3234545198064809
67.0,249.0,129.88369750976562,-0.0392187524807247,2.683054261908589,-4.114922136147859,-3.6795777604845856,-1.925288325593142,1.3412020927009516,-0.0999221139832497,3.9638507441902,-0.4441360716815598,1.3240769948011513
67.0,249.0,129.88369750976562,-0.0383849644671473,2.6829565493324656,-4.1152425670406885,-3.679085536259625,-1.9245625020625792,1.3398362901102925,-0.0989136901687004,3.964908554644228,-0.4445902552466633,1.3237140521602766
67.0,249.0,129.88369750976562,-0.0381150873514049,2.682542042709517,-4.114430642239843,-3.678878579382245,-1.9244999050184943,1.3406975087022637,-0.0999938618507068,3.963198803446204,-0.4438787615061223,1.3237429493033557
67.0,249.0,129.88369750976562,-0.0356061132564945,2.682682236611596,-4.114853691872366,-3.679371797552783,-1.926117401442866,1.3402494852328133,-0.0995158924403936,3.963593572879813,-0.4432809198229624,1.3217267572875264
67.0,249.0,129.88369750976562,-0.0370319986549597,2.682141311654721,-4.11568919640137,-3.679601765843594,-1.9250876999733395,1.3398228311447469,-0.1004837490685165,3.964237534852891,-0.442657322459007,1.323574800022745
67.0,249.0,129.88369750976562,-0.0370807272260081,2.68264859514898,-4.115168223632826,-3.678252415128613,-1.9239598296335736,1.3405486072531194,-0.098422161926668,3.964345449074509,-0.4430919035377933,1.32368118639016
67.0,249.0,129.88369750976562,-0.0371588517049898,2.6805734538012,-4.114829362922763,-3.680286246949066,-1.92656536943232,1.339947151786356,-0.0988547495593402,3.9637048782995135,-0.4439045648392518,1.323849355521426
67.0,249.0,129.88369750976562,-0.0375504977495809,2.682280533818246,-4.115233018272244,-3.679761393898062,-1.925012808213688,1.3408448440508045,-0.0991535257406458,3.963799535448471,-0.4426996479812786,1.32341862225405
67.0,249.0,129.88369750976562,-0.0364782580288229,2.6818429670123987,-4.11474322378592,-3.679358600708835,-1.9243445464444973,1.3403015173573354,-0.09960695951543,3.965946662438152,-0.4428471831983755,1.3238509640840692
67.0,249.0,129.88369750976562,-0.0375050067521598,2.682394795215691,-4.114718372567042,-3.678092981168621,-1.9258440914610253,1.3400083563894525,-0.099182553119151,3.966016159885976,-0.4438312502809411,1.3218137438897066
67.0,249.0,129.88369750976562,-0.0385790505121479,2.6829151465589978,-4.114800802167872,-3.680258446862143,-1.924409893497719,1.340273682270729,-0.0988903953142273,3.964274155720028,-0.443693939368691,1.324358976709781
67.0,249.0,129.88369750976562,-0.0373377203114786,2.682486630971601,-4.114913017838977,-3.6783634873448783,-1.9265970819780125,1.3403155553342478,-0.099168483249192,3.963433477689972,-0.4450287501643289,1.3241048847555466
67.0,249.0,129.88369750976562,-0.0379180192985064,2.682247815866732,-4.11618169808676,-3.678672127199636,-1.9243215382018104,1.341224665253827,-0.0999942253138913,3.964944788080395,-0.4445476548029366,1.3237704141458422
67.0,249.0,129.88369750976562,-0.0379024272348933,2.681548237319513,-4.1147750510204935,-3.679808883893499,-1.9248620463978097,1.3398379650494014,-0.0992112748296654,3.963017815678836,-0.4424179299426491,1.3233375186841294
67.0,249.0,129.88369750976562,-0.0386119900478477,2.682502921158186,-4.115330536104988,-3.67922120648243,-1.924454899099244,1.3398214621333258,-0.0993185791376466,3.963886887649888,-0.4432911272000954,1.323338099550023
67.0,249.0,129.88369750976562,-0.0382477403859779,2.68273101332882,-4.115921932644253,-3.677978964649831,-1.924749009834854,1.3417441945558162,-0.0989616560098664,3.9650317801400976,-0.4436610931860999,1.3237025486479133
67.0,249.0,129.88369750976562,-0.0368336824364338,2.6826832487827823,-4.114591204394081,-3.678575812548972,-1.925641460409574,1.3405690717413157,-0.0993023327242637,3.963040004737601,-0.4453726377459595,1.3228519700821009
67.0,249.0,129.88369750976562,-0.0368682580867013,2.6829220535883818,-4.115330151241876,-3.6800847775118006,-1.924143475813016,1.3403634962947215,-0.0977891263415146,3.964305456688996,-0.4434524361281761,1.323232495747224
67.0,249.0,129.88369750976562,-0.0385555590400413,2.682332051900679,-4.11561887003485,-3.678886500882304,-1.9246899936591084,1.339812599810698,-0.0990985889591814,3.964719517917539,-0.4435134565679196,1.3239478618172835
67.0,249.0,129.88369750976562,-0.0362685215543273,2.6824785535414897,-4.115228802300194,-3.679666890710486,-1.924817154336768,1.3397913112986377,-0.0984104785689082,3.965220519508229,-0.4431274438343454,1.3229101875008091
67.0,249.0,129.88369750976562,-0.0375539125029723,2.683178260371717,-4.114369649219112,-3.679430716965344,-1.9246000535494767,1.3402022966892828,-0.0991060381317665,3.964045450719317,-0.4435850165156397,1.3232991003993002
67.0,249.0,129.88369750976562,-0.0373747018816963,2.6827891322424366,-4.115831560265851,-3.678720605069845,-1.925137080380172,1.3403258327157284,-0.0988966046907536,3.963632318963182,-0.4426579316869733,1.3218509770686553
67.0,249.0,129.88369750976562,-0.0370591034729298,2.6826218239917727,-4.115266560061377,-3.679595996907135,-1.926209819046368,1.3414009745971895,-0.0987779561750726,3.964208636924238,-0.4451036432456676,1.3236569489549574
67.0,249.0,129.88369750976562,-0.0391015901040685,2.6832066369908216,-4.11469770047713,-3.680059309122311,-1.9260168474946973,1.3411719572718803,-0.0990887163406583,3.963894911594921,-0.4433537251091182,1.3222977704533132
67.0,249.0,129.88369750976562,-0.0371238674580442,2.6828863163114574,-4.116450644235016,-3.678852193219088,-1.9245006772364748,1.340853961483298,-0.1003745299408251,3.96483297132265,-0.4438758320633198,1.32253467512871
67.0,249.0,129.88369750976562,-0.0387529514039979,2.682332987600346,-4.114907536737543,-3.6795098013530296,-1.9263257462158496,1.3407473142017434,-0.0999818312495976,3.964815872089346,-0.4437279455012012,1.3221885533632094
67.0,249.0,129.88369750976562,-0.0385026246801999,2.681902136710416,-4.116577281202409,-3.680540846948508,-1.92433206385908,1.3402460540770993,-0.099126385258616,3.9633692913641982,-0.4437405342625667,1.3232985721522927
67.0,250.0,129.88369750976562,-0.0372763731490363,2.6826167704504225,-4.114823442455658,-3.6783468022659607,-1.9261520268860424,1.3403612303406105,-0.0998002543669788,3.963755631935773,-0.4432836224847902,1.323920551784124
67.0,250.0,129.88369750976562,-0.0386144815276365,2.682602177420531,-4.114692785083619,-3.6782825809630206,-1.925857278402108,1.3408475275948784,-0.0997619686173913,3.964034353113425,-0.4420803106852294,1.323383683790692
67.0,250.0,129.88369750976562,-0.0384255196221009,2.6828457518910365,-4.115229419906435,-3.678280070499364,-1.9241863635424368,1.340197132733122,-0.0989346872452995,3.965045366748188,-0.4436973324717846,1.3237061726352286
67.0,250.0,129.88369750976562,-0.0374477628801099,2.682657028303648,-4.114838900894199,-3.678870043592088,-1.9251837276112644,1.3405201841317955,-0.0987901150784344,3.964675583138253,-0.4423633760043502,1.3238448057713843
67.0,250.0,129.88369750976562,-0.0382635524696136,2.682419967614642,-4.114786126384205,-3.679311634560755,-1.925978686292598,1.3411333845684037,-0.0987597980305496,3.9641414728433215,-0.4424791061193618,1.320928414315454
67.0,250.0,129.88369750976562,-0.0384394284723971,2.682975909148543,-4.114785849651962,-3.679239009035948,-1.9244454601702328,1.3399968271028857,-0.0992974966139006,3.9634126109169294,-0.4438348749963561,1.323728487499586
67.0,250.0,129.88369750976562,-0.0375151009923383,2.6815405326175563,-4.11492126820321,-3.678696413336605,-1.9248538354858755,1.3399425126041962,-0.0987835979778907,3.963714046279793,-0.4446811609730565,1.323395357397754
67.0,250.0,129.88369750976562,-0.0377454066103169,2.6825043046280004,-4.114788089707397,-3.679652743106941,-1.9244710726958925,1.340134709603629,-0.1004671214614538,3.9636188560680137,-0.4424447477359667,1.3231665976907154
67.0,250.0,129.88369750976562,-0.0364954623203145,2.682236998039043,-4.1151194879360045,-3.678349310488348,-1.9266135679514724,1.3402469514634694,-0.0997973225445006,3.96391029317396,-0.4446940722613329,1.3226826898546231
67.0,250.0,129.88369750976562,-0.0383554438796345,2.6837078456050074,-4.1148397309375175,-3.6796427651577615,-1.925935618093105,1.3413987342605571,-0.0995517511654577,3.963735392106942,-0.4447510661004394,1.3223569690262462
67.0,250.0,129.88369750976562,-0.0374471514184957,2.6830290313127803,-4.114093649499316,-3.679834210451842,-1.924097479454128,1.3403730799535918,-0.0989693227775162,3.9646815998637,-0.4441470635204132,1.3235251103658887
67.0,250.0,129.88369750976562,-0.0382710782515905,2.682893249029939,-4.115279657961465,-3.6792257495786993,-1.924598940320268,1.340114582927606,-0.0982937747407807,3.963413311773425,-0.4438361054294831,1.3238186492275428
67.0,250.0,129.88369750976562,-0.0386767940782647,2.6825724445294745,-4.114978013222114,-3.6803825219341575,-1.925471672712967,1.340026883894302,-0.1000383970307691,3.965015974768844,-0.4424138905121658,1.3231790020943524
67.0,250.0,129.88369750976562,-0.0386743878574695,2.682514171969066,-4.114506661615946,-3.679438333994672,-1.9243521442453364,1.339783745789752,-0.0992489063510318,3.963839175972056,-0.4434921678817331,1.3240327725928551
67.0,250.0,129.88369750976562,-0.0378622370720957,2.681968301780857,-4.11483420834631,-3.6800866107675727,-1.924030423868726,1.3402908182460136,-0.0994770964367983,3.9636342318458793,-0.4433138246954711,1.324016149664466
67.0,250.0,129.88369750976562,-0.038409736125438,2.683223324443615,-4.114847609240932,-3.679415568245977,-1.9254956460903945,1.339956890140793,-0.0993767820110977,3.96545346379171,-0.4440833734044859,1.3235641918682983
67.0,250.0,129.88369750976562,-0.0365283721779428,2.6821798842695697,-4.11603441881068,-3.679486054107372,-1.9251379515389608,1.3405617104052885,-0.1002226474128503,3.96390962240616,-0.4420402715724512,1.3236767237550735
67.0,250.0,129.88369750976562,-0.0364397398083592,2.6825071178585005,-4.115088219917484,-3.67970139592296,-1.9261702671341336,1.340268587447146,-0.1007867068112726,3.963668351548983,-0.4431968561648036,1.323600593218882
67.0,250.0,129.88369750976562,-0.0383216637770437,2.6825741157856324,-4.114967170153109,-3.6780063208760607,-1.924454085840296,1.3404595116488414,-0.099584917212826,3.9638032536282113,-0.4437830930453497,1.3237113962040006
67.0,250.0,129.88369750976562,-0.0379767604336877,2.680744641094622,-4.114477853527157,-3.6801701846835897,-1.924400799866619,1.3404674448137248,-0.0999418297218291,3.9646977554076215,-0.4444012423801128,1.3236911002911962
67.0,250.0,129.88369750976562,-0.0390478143195861,2.682337844354252,-4.115926773235828,-3.6795526101329856,-1.924688573970111,1.3412594732204302,-0.0998160293303123,3.963891675060848,-0.4428856325751028,1.3240663398786898
67.0,250.0,129.88369750976562,-0.0383148729229902,2.6832796999404445,-4.116294179060572,-3.6793979513078847,-1.9250865185851764,1.340689295518906,-0.0983386555168854,3.963023765613142,-0.4436402091529069,1.323783064095721
67.0,250.0,129.88369750976562,-0.0379627504806742,2.6821752792535305,-4.115112653936806,-3.679108163981376,-1.9271989799946387,1.3404670547282131,-0.0989285936155462,3.963762776092248,-0.4436037889685726,1.3234545198064809
67.0,250.0,129.88369750976562,-0.0392187524807247,2.683054261908589,-4.114922136147859,-3.6795777604845856,-1.925288325593142,1.3412020927009516,-0.0999221139832497,3.9638507441902,-0.4441360716815598,1.3240769948011513
67.0,250.0,129.88369750976562,-0.0383849644671473,2.6829565493324656,-4.1152425670406885,-3.679085536259625,-1.9245625020625792,1.3398362901102925,-0.0989136901687004,3.964908554644228,-0.4445902552466633,1.3237140521602766
67.0,250.0,129.88369750976562,-0.0381150873514049,2.682542042709517,-4.114430642239843,-3.678878579382245,-1.9244999050184943,1.3406975087022637,-0.0999938618507068,3.963198803446204,-0.4438787615061223,1.3237429493033557
67.0,250.0,129.88369750976562,-0.0356061132564945,2.682682236611596,-4.114853691872366,-3.679371797552783,-1.926117401442866,1.3402494852328133,-0.0995158924403936,3.963593572879813,-0.4432809198229624,1.3217267572875264
67.0,250.0,129.88369750976562,-0.0370319986549597,2.682141311654721,-4.11568919640137,-3.679601765843594,-1.9250876999733395,1.3398228311447469,-0.1004837490685165,3.964237534852891,-0.442657322459007,1.323574800022745
67.0,250.0,129.88369750976562,-0.0370807272260081,2.68264859514898,-4.115168223632826,-3.678252415128613,-1.9239598296335736,1.3405486072531194,-0.098422161926668,3.964345449074509,-0.4430919035377933,1.32368118639016
67.0,250.0,129.88369750976562,-0.0371588517049898,2.6805734538012,-4.114829362922763,-3.680286246949066,-1.92656536943232,1.339947151786356,-0.0988547495593402,3.9637048782995135,-0.4439045648392518,1.323849355521426
67.0,250.0,129.88369750976562,-0.0375504977495809,2.682280533818246,-4.115233018272244,-3.679761393898062,-1.925012808213688,1.3408448440508045,-0.0991535257406458,3.963799535448471,-0.4426996479812786,1.32341862225405
67.0,250.0,129.88369750976562,-0.0364782580288229,2.6818429670123987,-4.11474322378592,-3.679358600708835,-1.9243445464444973,1.3403015173573354,-0.09960695951543,3.965946662438152,-0.4428471831983755,1.3238509640840692
67.0,250.0,129.88369750976562,-0.0375050067521598,2.682394795215691,-4.114718372567042,-3.678092981168621,-1.9258440914610253,1.3400083563894525,-0.099182553119151,3.966016159885976,-0.4438312502809411,1.3218137438897066
67.0,250.0,129.88369750976562,-0.0385790505121479,2.6829151465589978,-4.114800802167872,-3.680258446862143,-1.924409893497719,1.340273682270729,-0.0988903953142273,3.964274155720028,-0.443693939368691,1.324358976709781
67.0,250.0,129.88369750976562,-0.0373377203114786,2.682486630971601,-4.114913017838977,-3.6783634873448783,-1.9265970819780125,1.3403155553342478,-0.099168483249192,3.963433477689972,-0.4450287501643289,1.3241048847555466
67.0,250.0,129.88369750976562,-0.0379180192985064,2.682247815866732,-4.11618169808676,-3.678672127199636,-1.9243215382018104,1.341224665253827,-0.0999942253138913,3.964944788080395,-0.4445476548029366,1.3237704141458422
67.0,250.0,129.88369750976562,-0.0379024272348933,2.681548237319513,-4.1147750510204935,-3.679808883893499,-1.9248620463978097,1.3398379650494014,-0.0992112748296654,3.963017815678836,-0.4424179299426491,1.3233375186841294
67.0,250.0,129.88369750976562,-0.0386119900478477,2.682502921158186,-4.115330536104988,-3.67922120648243,-1.924454899099244,1.3398214621333258,-0.0993185791376466,3.963886887649888,-0.4432911272000954,1.323338099550023
67.0,250.0,129.88369750976562,-0.0382477403859779,2.68273101332882,-4.115921932644253,-3.677978964649831,-1.924749009834854,1.3417441945558162,-0.0989616560098664,3.9650317801400976,-0.4436610931860999,1.3237025486479133
67.0,250.0,129.88369750976562,-0.0368336824364338,2.6826832487827823,-4.114591204394081,-3.678575812548972,-1.925641460409574,1.3405690717413157,-0.0993023327242637,3.963040004737601,-0.4453726377459595,1.3228519700821009
67.0,250.0,129.88369750976562,-0.0368682580867013,2.6829220535883818,-4.115330151241876,-3.6800847775118006,-1.924143475813016,1.3403634962947215,-0.0977891263415146,3.964305456688996,-0.4434524361281761,1.323232495747224
67.0,250.0,129.88369750976562,-0.0385555590400413,2.682332051900679,-4.11561887003485,-3.678886500882304,-1.9246899936591084,1.339812599810698,-0.0990985889591814,3.964719517917539,-0.4435134565679196,1.3239478618172835
67.0,250.0,129.88369750976562,-0.0362685215543273,2.6824785535414897,-4.115228802300194,-3.679666890710486,-1.924817154336768,1.3397913112986377,-0.0984104785689082,3.965220519508229,-0.4431274438343454,1.3229101875008091
67.0,250.0,129.88369750976562,-0.0375539125029723,2.683178260371717,-4.114369649219112,-3.679430716965344,-1.9246000535494767,1.3402022966892828,-0.0991060381317665,3.964045450719317,-0.4435850165156397,1.3232991003993002
67.0,250.0,129.88369750976562,-0.0373747018816963,2.6827891322424366,-4.115831560265851,-3.678720605069845,-1.925137080380172,1.3403258327157284,-0.0988966046907536,3.963632318963182,-0.4426579316869733,1.3218509770686553
67.0,250.0,129.88369750976562,-0.0370591034729298,2.6826218239917727,-4.115266560061377,-3.679595996907135,-1.926209819046368,1.3414009745971895,-0.0987779561750726,3.964208636924238,-0.4451036432456676,1.3236569489549574
67.0,250.0,129.88369750976562,-0.0391015901040685,2.6832066369908216,-4.11469770047713,-3.680059309122311,-1.9260168474946973,1.3411719572718803,-0.0990887163406583,3.963894911594921,-0.4433537251091182,1.3222977704533132
67.0,250.0,129.88369750976562,-0.0371238674580442,2.6828863163114574,-4.116450644235016,-3.678852193219088,-1.9245006772364748,1.340853961483298,-0.1003745299408251,3.96483297132265,-0.4438758320633198,1.32253467512871
67.0,250.0,129.88369750976562,-0.0387529514039979,2.682332987600346,-4.114907536737543,-3.6795098013530296,-1.9263257462158496,1.3407473142017434,-0.0999818312495976,3.964815872089346,-0.4437279455012012,1.3221885533632094
67.0,250.0,129.88369750976562,-0.0385026246801999,2.681902136710416,-4.116577281202409,-3.680540846948508,-1.92433206385908,1.3402460540770993,-0.099126385258616,3.9633692913641982,-0.4437405342625667,1.3232985721522927
67.0,251.0,129.88369750976562,-0.0372763731490363,2.6826167704504225,-4.114823442455658,-3.6783468022659607,-1.9261520268860424,1.3403612303406105,-0.0998002543669788,3.963755631935773,-0.4432836224847902,1.323920551784124
67.0,251.0,129.88369750976562,-0.0386144815276365,2.682602177420531,-4.114692785083619,-3.6782825809630206,-1.925857278402108,1.3408475275948784,-0.0997619686173913,3.964034353113425,-0.4420803106852294,1.323383683790692
67.0,251.0,129.88369750976562,-0.0384255196221009,2.6828457518910365,-4.115229419906435,-3.678280070499364,-1.9241863635424368,1.340197132733122,-0.0989346872452995,3.965045366748188,-0.4436973324717846,1.3237061726352286
67.0,251.0,129.88369750976562,-0.0374477628801099,2.682657028303648,-4.114838900894199,-3.678870043592088,-1.9251837276112644,1.3405201841317955,-0.0987901150784344,3.964675583138253,-0.4423633760043502,1.3238448057713843
67.0,251.0,129.88369750976562,-0.0382635524696136,2.682419967614642,-4.114786126384205,-3.679311634560755,-1.925978686292598,1.3411333845684037,-0.0987597980305496,3.9641414728433215,-0.4424791061193618,1.320928414315454
67.0,251.0,129.88369750976562,-0.0384394284723971,2.682975909148543,-4.114785849651962,-3.679239009035948,-1.9244454601702328,1.3399968271028857,-0.0992974966139006,3.9634126109169294,-0.4438348749963561,1.323728487499586
67.0,251.0,129.88369750976562,-0.0375151009923383,2.6815405326175563,-4.11492126820321,-3.678696413336605,-1.9248538354858755,1.3399425126041962,-0.0987835979778907,3.963714046279793,-0.4446811609730565,1.323395357397754
67.0,251.0,129.88369750976562,-0.0377454066103169,2.6825043046280004,-4.114788089707397,-3.679652743106941,-1.9244710726958925,1.340134709603629,-0.1004671214614538,3.9636188560680137,-0.4424447477359667,1.3231665976907154
67.0,251.0,129.88369750976562,-0.0364954623203145,2.682236998039043,-4.1151194879360045,-3.678349310488348,-1.9266135679514724,1.3402469514634694,-0.0997973225445006,3.96391029317396,-0.4446940722613329,1.3226826898546231
67.0,251.0,129.88369750976562,-0.0383554438796345,2.6837078456050074,-4.1148397309375175,-3.6796427651577615,-1.925935618093105,1.3413987342605571,-0.0995517511654577,3.963735392106942,-0.4447510661004394,1.3223569690262462
67.0,251.0,129.88369750976562,-0.0374471514184957,2.6830290313127803,-4.114093649499316,-3.679834210451842,-1.924097479454128,1.3403730799535918,-0.0989693227775162,3.9646815998637,-0.4441470635204132,1.3235251103658887
67.0,251.0,129.88369750976562,-0.0382710782515905,2.682893249029939,-4.115279657961465,-3.6792257495786993,-1.924598940320268,1.340114582927606,-0.0982937747407807,3.963413311773425,-0.4438361054294831,1.3238186492275428
67.0,251.0,129.88369750976562,-0.0386767940782647,2.6825724445294745,-4.114978013222114,-3.6803825219341575,-1.925471672712967,1.340026883894302,-0.1000383970307691,3.965015974768844,-0.4424138905121658,1.3231790020943524
67.0,251.0,129.88369750976562,-0.0386743878574695,2.682514171969066,-4.114506661615946,-3.679438333994672,-1.9243521442453364,1.339783745789752,-0.0992489063510318,3.963839175972056,-0.4434921678817331,1.3240327725928551
67.0,251.0,129.88369750976562,-0.0378622370720957,2.681968301780857,-4.11483420834631,-3.6800866107675727,-1.924030423868726,1.3402908182460136,-0.0994770964367983,3.9636342318458793,-0.4433138246954711,1.324016149664466
67.0,251.0,129.88369750976562,-0.038409736125438,2.683223324443615,-4.114847609240932,-3.679415568245977,-1.9254956460903945,1.339956890140793,-0.0993767820110977,3.96545346379171,-0.4440833734044859,1.3235641918682983
67.0,251.0,129.88369750976562,-0.0365283721779428,2.6821798842695697,-4.11603441881068,-3.679486054107372,-1.9251379515389608,1.3405617104052885,-0.1002226474128503,3.96390962240616,-0.4420402715724512,1.3236767237550735
67.0,251.0,129.88369750976562,-0.0364397398083592,2.6825071178585005,-4.115088219917484,-3.67970139592296,-1.9261702671341336,1.340268587447146,-0.1007867068112726,3.963668351548983,-0.4431968561648036,1.323600593218882
67.0,251.0,129.88369750976562,-0.0383216637770437,2.6825741157856324,-4.114967170153109,-3.6780063208760607,-1.924454085840296,1.3404595116488414,-0.099584917212826,3.9638032536282113,-0.4437830930453497,1.3237113962040006
67.0,251.0,129.88369750976562,-0.0379767604336877,2.680744641094622,-4.114477853527157,-3.6801701846835897,-1.924400799866619,1.3404674448137248,-0.0999418297218291,3.9646977554076215,-0.4444012423801128,1.3236911002911962
67.0,251.0,129.88369750976562,-0.0390478143195861,2.682337844354252,-4.115926773235828,-3.6795526101329856,-1.924688573970111,1.3412594732204302,-0.0998160293303123,3.963891675060848,-0.4428856325751028,1.3240663398786898
67.0,251.0,129.88369750976562,-0.0383148729229902,2.6832796999404445,-4.116294179060572,-3.6793979513078847,-1.9250865185851764,1.340689295518906,-0.0983386555168854,3.963023765613142,-0.4436402091529069,1.323783064095721
67.0,251.0,129.88369750976562,-0.0379627504806742,2.6821752792535305,-4.115112653936806,-3.679108163981376,-1.9271989799946387,1.3404670547282131,-0.0989285936155462,3.963762776092248,-0.4436037889685726,1.3234545198064809
67.0,251.0,129.88369750976562,-0.0392187524807247,2.683054261908589,-4.114922136147859,-3.6795777604845856,-1.925288325593142,1.3412020927009516,-0.0999221139832497,3.9638507441902,-0.4441360716815598,1.3240769948011513
67.0,251.0,129.88369750976562,-0.0383849644671473,2.6829565493324656,-4.1152425670406885,-3.679085536259625,-1.9245625020625792,1.3398362901102925,-0.0989136901687004,3.964908554644228,-0.4445902552466633,1.3237140521602766
67.0,251.0,129.88369750976562,-0.0381150873514049,2.682542042709517,-4.114430642239843,-3.678878579382245,-1.9244999050184943,1.3406975087022637,-0.0999938618507068,3.963198803446204,-0.4438787615061223,1.3237429493033557
67.0,251.0,129.88369750976562,-0.0356061132564945,2.682682236611596,-4.114853691872366,-3.679371797552783,-1.926117401442866,1.3402494852328133,-0.0995158924403936,3.963593572879813,-0.4432809198229624,1.3217267572875264
67.0,251.0,129.88369750976562,-0.0370319986549597,2.682141311654721,-4.11568919640137,-3.679601765843594,-1.9250876999733395,1.3398228311447469,-0.1004837490685165,3.964237534852891,-0.442657322459007,1.323574800022745
67.0,251.0,129.88369750976562,-0.0370807272260081,2.68264859514898,-4.115168223632826,-3.678252415128613,-1.9239598296335736,1.3405486072531194,-0.098422161926668,3.964345449074509,-0.4430919035377933,1.32368118639016
67.0,251.0,129.88369750976562,-0.0371588517049898,2.6805734538012,-4.114829362922763,-3.680286246949066,-1.92656536943232,1.339947151786356,-0.0988547495593402,3.9637048782995135,-0.4439045648392518,1.323849355521426
67.0,251.0,129.88369750976562,-0.0375504977495809,2.682280533818246,-4.115233018272244,-3.679761393898062,-1.925012808213688,1.3408448440508045,-0.0991535257406458,3.963799535448471,-0.4426996479812786,1.32341862225405
67.0,251.0,129.88369750976562,-0.0364782580288229,2.6818429670123987,-4.11474322378592,-3.679358600708835,-1.9243445464444973,1.3403015173573354,-0.09960695951543,3.965946662438152,-0.4428471831983755,1.3238509640840692
67.0,251.0,129.88369750976562,-0.0375050067521598,2.682394795215691,-4.114718372567042,-3.678092981168621,-1.9258440914610253,1.3400083563894525,-0.099182553119151,3.966016159885976,-0.4438312502809411,1.3218137438897066
67.0,251.0,129.88369750976562,-0.0385790505121479,2.6829151465589978,-4.114800802167872,-3.680258446862143,-1.924409893497719,1.340273682270729,-0.0988903953142273,3.964274155720028,-0.443693939368691,1.324358976709781
67.0,251.0,129.88369750976562,-0.0373377203114786,2.682486630971601,-4.114913017838977,-3.6783634873448783,-1.9265970819780125,1.3403155553342478,-0.099168483249192,3.963433477689972,-0.4450287501643289,1.3241048847555466
67.0,251.0,129.88369750976562,-0.0379180192985064,2.682247815866732,-4.11618169808676,-3.678672127199636,-1.9243215382018104,1.341224665253827,-0.0999942253138913,3.964944788080395,-0.4445476548029366,1.3237704141458422
67.0,251.0,129.88369750976562,-0.0379024272348933,2.681548237319513,-4.1147750510204935,-3.679808883893499,-1.9248620463978097,1.3398379650494014,-0.0992112748296654,3.963017815678836,-0.4424179299426491,1.3233375186841294
67.0,251.0,129.88369750976562,-0.0386119900478477,2.682502921158186,-4.115330536104988,-3.67922120648243,-1.924454899099244,1.3398214621333258,-0.0993185791376466,3.963886887649888,-0.4432911272000954,1.323338099550023
67.0,251.0,129.88369750976562,-0.0382477403859779,2.68273101332882,-4.115921932644253,-3.677978964649831,-1.924749009834854,1.3417441945558162,-0.0989616560098664,3.9650317801400976,-0.4436610931860999,1.3237025486479133
67.0,251.0,129.88369750976562,-0.0368336824364338,2.6826832487827823,-4.114591204394081,-3.678575812548972,-1.925641460409574,1.3405690717413157,-0.0993023327242637,3.963040004737601,-0.4453726377459595,1.3228519700821009
67.0,251.0,129.88369750976562,-0.0368682580867013,2.6829220535883818,-4.115330151241876,-3.6800847775118006,-1.924143475813016,1.3403634962947215,-0.0977891263415146,3.964305456688996,-0.4434524361281761,1.323232495747224
67.0,251.0,129.88369750976562,-0.0385555590400413,2.682332051900679,-4.11561887003485,-3.678886500882304,-1.9246899936591084,1.339812599810698,-0.0990985889591814,3.964719517917539,-0.4435134565679196,1.3239478618172835
67.0,251.0,129.88369750976562,-0.0362685215543273,2.6824785535414897,-4.115228802300194,-3.679666890710486,-1.924817154336768,1.3397913112986377,-0.0984104785689082,3.965220519508229,-0.4431274438343454,1.3229101875008091
67.0,251.0,129.88369750976562,-0.0375539125029723,2.683178260371717,-4.114369649219112,-3.679430716965344,-1.9246000535494767,1.3402022966892828,-0.0991060381317665,3.964045450719317,-0.4435850165156397,1.3232991003993002
67.0,251.0,129.88369750976562,-0.0373747018816963,2.6827891322424366,-4.115831560265851,-3.678720605069845,-1.925137080380172,1.3403258327157284,-0.0988966046907536,3.963632318963182,-0.4426579316869733,1.3218509770686553
67.0,251.0,129.88369750976562,-0.0370591034729298,2.6826218239917727,-4.115266560061377,-3.679595996907135,-1.926209819046368,1.3414009745971895,-0.0987779561750726,3.964208636924238,-0.4451036432456676,1.3236569489549574
67.0,251.0,129.88369750976562,-0.0391015901040685,2.6832066369908216,-4.11469770047713,-3.680059309122311,-1.9260168474946973,1.3411719572718803,-0.0990887163406583,3.963894911594921,-0.4433537251091182,1.3222977704533132
67.0,251.0,129.88369750976562,-0.0371238674580442,2.6828863163114574,-4.116450644235016,-3.678852193219088,-1.9245006772364748,1.340853961483298,-0.1003745299408251,3.96483297132265,-0.4438758320633198,1.32253467512871
67.0,251.0,129.88369750976562,-0.0387529514039979,2.682332987600346,-4.114907536737543,-3.6795098013530296,-1.9263257462158496,1.3407473142017434,-0.0999818312495976,3.964815872089346,-0.4437279455012012,1.3221885533632094
67.0,251.0,129.88369750976562,-0.0385026246801999,2.681902136710416,-4.116577281202409,-3.680540846948508,-1.92433206385908,1.3402460540770993,-0.099126385258616,3.9633692913641982,-0.4437405342625667,1.3232985721522927
67.0,252.0,129.88369750976562,-0.0372763731490363,2.6826167704504225,-4.114823442455658,-3.6783468022659607,-1.9261520268860424,1.3403612303406105,-0.0998002543669788,3.963755631935773,-0.4432836224847902,1.323920551784124
67.0,252.0,129.88369750976562,-0.0386144815276365,2.682602177420531,-4.114692785083619,-3.6782825809630206,-1.925857278402108,1.3408475275948784,-0.0997619686173913,3.964034353113425,-0.4420803106852294,1.323383683790692
67.0,252.0,129.88369750976562,-0.0384255196221009,2.6828457518910365,-4.115229419906435,-3.678280070499364,-1.9241863635424368,1.340197132733122,-0.0989346872452995,3.965045366748188,-0.4436973324717846,1.3237061726352286
67.0,252.0,129.88369750976562,-0.0374477628801099,2.682657028303648,-4.114838900894199,-3.678870043592088,-1.9251837276112644,1.3405201841317955,-0.0987901150784344,3.964675583138253,-0.4423633760043502,1.3238448057713843
67.0,252.0,129.88369750976562,-0.0382635524696136,2.682419967614642,-4.114786126384205,-3.679311634560755,-1.925978686292598,1.3411333845684037,-0.0987597980305496,3.9641414728433215,-0.4424791061193618,1.320928414315454
67.0,252.0,129.88369750976562,-0.0384394284723971,2.682975909148543,-4.114785849651962,-3.679239009035948,-1.9244454601702328,1.3399968271028857,-0.0992974966139006,3.9634126109169294,-0.4438348749963561,1.323728487499586
67.0,252.0,129.88369750976562,-0.0375151009923383,2.6815405326175563,-4.11492126820321,-3.678696413336605,-1.9248538354858755,1.3399425126041962,-0.0987835979778907,3.963714046279793,-0.4446811609730565,1.323395357397754
67.0,252.0,129.88369750976562,-0.0377454066103169,2.6825043046280004,-4.114788089707397,-3.679652743106941,-1.9244710726958925,1.340134709603629,-0.1004671214614538,3.9636188560680137,-0.4424447477359667,1.3231665976907154
67.0,252.0,129.88369750976562,-0.0364954623203145,2.682236998039043,-4.1151194879360045,-3.678349310488348,-1.9266135679514724,1.3402469514634694,-0.0997973225445006,3.96391029317396,-0.4446940722613329,1.3226826898546231
67.0,252.0,129.88369750976562,-0.0383554438796345,2.6837078456050074,-4.1148397309375175,-3.6796427651577615,-1.925935618093105,1.3413987342605571,-0.0995517511654577,3.963735392106942,-0.4447510661004394,1.3223569690262462
67.0,252.0,129.88369750976562,-0.0374471514184957,2.6830290313127803,-4.114093649499316,-3.679834210451842,-1.924097479454128,1.3403730799535918,-0.0989693227775162,3.9646815998637,-0.4441470635204132,1.3235251103658887
67.0,252.0,129.88369750976562,-0.0382710782515905,2.682893249029939,-4.115279657961465,-3.6792257495786993,-1.924598940320268,1.340114582927606,-0.0982937747407807,3.963413311773425,-0.4438361054294831,1.3238186492275428
67.0,252.0,129.88369750976562,-0.0386767940782647,2.6825724445294745,-4.114978013222114,-3.6803825219341575,-1.925471672712967,1.340026883894302,-0.1000383970307691,3.965015974768844,-0.4424138905121658,1.3231790020943524
67.0,252.0,129.88369750976562,-0.0386743878574695,2.682514171969066,-4.114506661615946,-3.679438333994672,-1.9243521442453364,1.339783745789752,-0.0992489063510318,3.963839175972056,-0.4434921678817331,1.3240327725928551
67.0,252.0,129.88369750976562,-0.0378622370720957,2.681968301780857,-4.11483420834631,-3.6800866107675727,-1.924030423868726,1.3402908182460136,-0.0994770964367983,3.9636342318458793,-0.4433138246954711,1.324016149664466
67.0,252.0,129.88369750976562,-0.038409736125438,2.683223324443615,-4.114847609240932,-3.679415568245977,-1.9254956460903945,1.339956890140793,-0.0993767820110977,3.96545346379171,-0.4440833734044859,1.3235641918682983
67.0,252.0,129.88369750976562,-0.0365283721779428,2.6821798842695697,-4.11603441881068,-3.679486054107372,-1.9251379515389608,1.3405617104052885,-0.1002226474128503,3.96390962240616,-0.4420402715724512,1.3236767237550735
67.0,252.0,129.88369750976562,-0.0364397398083592,2.6825071178585005,-4.115088219917484,-3.67970139592296,-1.9261702671341336,1.340268587447146,-0.1007867068112726,3.963668351548983,-0.4431968561648036,1.323600593218882
67.0,252.0,129.88369750976562,-0.0383216637770437,2.6825741157856324,-4.114967170153109,-3.6780063208760607,-1.924454085840296,1.3404595116488414,-0.099584917212826,3.9638032536282113,-0.4437830930453497,1.3237113962040006
67.0,252.0,129.88369750976562,-0.0379767604336877,2.680744641094622,-4.114477853527157,-3.6801701846835897,-1.924400799866619,1.3404674448137248,-0.0999418297218291,3.9646977554076215,-0.4444012423801128,1.3236911002911962
67.0,252.0,129.88369750976562,-0.0390478143195861,2.682337844354252,-4.115926773235828,-3.6795526101329856,-1.924688573970111,1.3412594732204302,-0.0998160293303123,3.963891675060848,-0.4428856325751028,1.3240663398786898
67.0,252.0,129.88369750976562,-0.0383148729229902,2.6832796999404445,-4.116294179060572,-3.6793979513078847,-1.9250865185851764,1.340689295518906,-0.0983386555168854,3.963023765613142,-0.4436402091529069,1.323783064095721
67.0,252.0,129.88369750976562,-0.0379627504806742,2.6821752792535305,-4.115112653936806,-3.679108163981376,-1.9271989799946387,1.3404670547282131,-0.0989285936155462,3.963762776092248,-0.4436037889685726,1.3234545198064809
67.0,252.0,129.88369750976562,-0.0392187524807247,2.683054261908589,-4.114922136147859,-3.6795777604845856,-1.925288325593142,1.3412020927009516,-0.0999221139832497,3.9638507441902,-0.4441360716815598,1.3240769948011513
67.0,252.0,129.88369750976562,-0.0383849644671473,2.6829565493324656,-4.1152425670406885,-3.679085536259625,-1.9245625020625792,1.3398362901102925,-0.0989136901687004,3.964908554644228,-0.4445902552466633,1.3237140521602766
67.0,252.0,129.88369750976562,-0.0381150873514049,2.682542042709517,-4.114430642239843,-3.678878579382245,-1.9244999050184943,1.3406975087022637,-0.0999938618507068,3.963198803446204,-0.4438787615061223,1.3237429493033557
67.0,252.0,129.88369750976562,-0.0356061132564945,2.682682236611596,-4.114853691872366,-3.679371797552783,-1.926117401442866,1.3402494852328133,-0.0995158924403936,3.963593572879813,-0.4432809198229624,1.3217267572875264
67.0,252.0,129.88369750976562,-0.0370319986549597,2.682141311654721,-4.11568919640137,-3.679601765843594,-1.9250876999733395,1.3398228311447469,-0.1004837490685165,3.964237534852891,-0.442657322459007,1.323574800022745
67.0,252.0,129.88369750976562,-0.0370807272260081,2.68264859514898,-4.115168223632826,-3.678252415128613,-1.9239598296335736,1.3405486072531194,-0.098422161926668,3.964345449074509,-0.4430919035377933,1.32368118639016
67.0,252.0,129.88369750976562,-0.0371588517049898,2.6805734538012,-4.114829362922763,-3.680286246949066,-1.92656536943232,1.339947151786356,-0.0988547495593402,3.9637048782995135,-0.4439045648392518,1.323849355521426
67.0,252.0,129.88369750976562,-0.0375504977495809,2.682280533818246,-4.115233018272244,-3.679761393898062,-1.925012808213688,1.3408448440508045,-0.0991535257406458,3.963799535448471,-0.4426996479812786,1.32341862225405
67.0,252.0,129.88369750976562,-0.0364782580288229,2.6818429670123987,-4.11474322378592,-3.679358600708835,-1.9243445464444973,1.3403015173573354,-0.09960695951543,3.965946662438152,-0.4428471831983755,1.3238509640840692
67.0,252.0,129.88369750976562,-0.0375050067521598,2.682394795215691,-4.114718372567042,-3.678092981168621,-1.9258440914610253,1.3400083563894525,-0.099182553119151,3.966016159885976,-0.4438312502809411,1.3218137438897066
67.0,252.0,129.88369750976562,-0.0385790505121479,2.6829151465589978,-4.114800802167872,-3.680258446862143,-1.924409893497719,1.340273682270729,-0.0988903953142273,3.964274155720028,-0.443693939368691,1.324358976709781
67.0,252.0,129.88369750976562,-0.0373377203114786,2.682486630971601,-4.114913017838977,-3.6783634873448783,-1.9265970819780125,1.3403155553342478,-0.099168483249192,3.963433477689972,-0.4450287501643289,1.3241048847555466
67.0,252.0,129.88369750976562,-0.0379180192985064,2.682247815866732,-4.11618169808676,-3.678672127199636,-1.9243215382018104,1.341224665253827,-0.0999942253138913,3.964944788080395,-0.4445476548029366,1.3237704141458422
67.0,252.0,129.88369750976562,-0.0379024272348933,2.681548237319513,-4.1147750510204935,-3.679808883893499,-1.9248620463978097,1.3398379650494014,-0.0992112748296654,3.963017815678836,-0.4424179299426491,1.3233375186841294
67.0,252.0,129.88369750976562,-0.0386119900478477,2.682502921158186,-4.115330536104988,-3.67922120648243,-1.924454899099244,1.3398214621333258,-0.0993185791376466,3.963886887649888,-0.4432911272000954,1.323338099550023
67.0,252.0,129.88369750976562,-0.0382477403859779,2.68273101332882,-4.115921932644253,-3.677978964649831,-1.924749009834854,1.3417441945558162,-0.0989616560098664,3.9650317801400976,-0.4436610931860999,1.3237025486479133
67.0,252.0,129.88369750976562,-0.0368336824364338,2.6826832487827823,-4.114591204394081,-3.678575812548972,-1.925641460409574,1.3405690717413157,-0.0993023327242637,3.963040004737601,-0.4453726377459595,1.3228519700821009
67.0,252.0,129.88369750976562,-0.0368682580867013,2.6829220535883818,-4.115330151241876,-3.6800847775118006,-1.924143475813016,1.3403634962947215,-0.0977891263415146,3.964305456688996,-0.4434524361281761,1.323232495747224
67.0,252.0,129.88369750976562,-0.0385555590400413,2.682332051900679,-4.11561887003485,-3.678886500882304,-1.9246899936591084,1.339812599810698,-0.0990985889591814,3.964719517917539,-0.4435134565679196,1.3239478618172835
67.0,252.0,129.88369750976562,-0.0362685215543273,2.6824785535414897,-4.115228802300194,-3.679666890710486,-1.924817154336768,1.3397913112986377,-0.0984104785689082,3.965220519508229,-0.4431274438343454,1.3229101875008091
67.0,252.0,129.88369750976562,-0.0375539125029723,2.683178260371717,-4.114369649219112,-3.679430716965344,-1.9246000535494767,1.3402022966892828,-0.0991060381317665,3.964045450719317,-0.4435850165156397,1.3232991003993002
67.0,252.0,129.88369750976562,-0.0373747018816963,2.6827891322424366,-4.115831560265851,-3.678720605069845,-1.925137080380172,1.3403258327157284,-0.0988966046907536,3.963632318963182,-0.4426579316869733,1.3218509770686553
67.0,252.0,129.88369750976562,-0.0370591034729298,2.6826218239917727,-4.115266560061377,-3.679595996907135,-1.926209819046368,1.3414009745971895,-0.0987779561750726,3.964208636924238,-0.4451036432456676,1.3236569489549574
67.0,252.0,129.88369750976562,-0.0391015901040685,2.6832066369908216,-4.11469770047713,-3.680059309122311,-1.9260168474946973,1.3411719572718803,-0.0990887163406583,3.963894911594921,-0.4433537251091182,1.3222977704533132
67.0,252.0,129.88369750976562,-0.0371238674580442,2.6828863163114574,-4.116450644235016,-3.678852193219088,-1.9245006772364748,1.340853961483298,-0.1003745299408251,3.96483297132265,-0.4438758320633198,1.32253467512871
67.0,252.0,129.88369750976562,-0.0387529514039979,2.682332987600346,-4.114907536737543,-3.6795098013530296,-1.9263257462158496,1.3407473142017434,-0.0999818312495976,3.964815872089346,-0.4437279455012012,1.3221885533632094
67.0,252.0,129.88369750976562,-0.0385026246801999,2.681902136710416,-4.116577281202409,-3.680540846948508,-1.92433206385908,1.3402460540770993,-0.099126385258616,3.9633692913641982,-0.4437405342625667,1.3232985721522927
67.0,253.0,129.88369750976562,-0.0372763731490363,2.6826167704504225,-4.114823442455658,-3.6783468022659607,-1.9261520268860424,1.3403612303406105,-0.0998002543669788,3.963755631935773,-0.4432836224847902,1.323920551784124
67.0,253.0,129.88369750976562,-0.0386144815276365,2.682602177420531,-4.114692785083619,-3.6782825809630206,-1.925857278402108,1.3408475275948784,-0.0997619686173913,3.964034353113425,-0.4420803106852294,1.323383683790692
67.0,253.0,129.88369750976562,-0.0384255196221009,2.6828457518910365,-4.115229419906435,-3.678280070499364,-1.9241863635424368,1.340197132733122,-0.0989346872452995,3.965045366748188,-0.4436973324717846,1.3237061726352286
67.0,253.0,129.88369750976562,-0.0374477628801099,2.682657028303648,-4.114838900894199,-3.678870043592088,-1.9251837276112644,1.3405201841317955,-0.0987901150784344,3.964675583138253,-0.4423633760043502,1.3238448057713843
67.0,253.0,129.88369750976562,-0.0382635524696136,2.682419967614642,-4.114786126384205,-3.679311634560755,-1.925978686292598,1.3411333845684037,-0.0987597980305496,3.9641414728433215,-0.4424791061193618,1.320928414315454
67.0,253.0,129.88369750976562,-0.0384394284723971,2.682975909148543,-4.114785849651962,-3.679239009035948,-1.9244454601702328,1.3399968271028857,-0.0992974966139006,3.9634126109169294,-0.4438348749963561,1.323728487499586
67.0,253.0,129.88369750976562,-0.0375151009923383,2.6815405326175563,-4.11492126820321,-3.678696413336605,-1.9248538354858755,1.3399425126041962,-0.0987835979778907,3.963714046279793,-0.4446811609730565,1.323395357397754
67.0,253.0,129.88369750976562,-0.0377454066103169,2.6825043046280004,-4.114788089707397,-3.679652743106941,-1.9244710726958925,1.340134709603629,-0.1004671214614538,3.9636188560680137,-0.4424447477359667,1.3231665976907154
67.0,253.0,129.88369750976562,-0.0364954623203145,2.682236998039043,-4.1151194879360045,-3.678349310488348,-1.9266135679514724,1.3402469514634694,-0.0997973225445006,3.96391029317396,-0.4446940722613329,1.3226826898546231
67.0,253.0,129.88369750976562,-0.0383554438796345,2.6837078456050074,-4.1148397309375175,-3.6796427651577615,-1.925935618093105,1.3413987342605571,-0.0995517511654577,3.963735392106942,-0.4447510661004394,1.3223569690262462
67.0,253.0,129.88369750976562,-0.0374471514184957,2.6830290313127803,-4.114093649499316,-3.679834210451842,-1.924097479454128,1.3403730799535918,-0.0989693227775162,3.9646815998637,-0.4441470635204132,1.3235251103658887
67.0,253.0,129.88369750976562,-0.0382710782515905,2.682893249029939,-4.115279657961465,-3.6792257495786993,-1.924598940320268,1.340114582927606,-0.0982937747407807,3.963413311773425,-0.4438361054294831,1.3238186492275428
67.0,253.0,129.88369750976562,-0.0386767940782647,2.6825724445294745,-4.114978013222114,-3.6803825219341575,-1.925471672712967,1.340026883894302,-0.1000383970307691,3.965015974768844,-0.4424138905121658,1.3231790020943524
67.0,253.0,129.88369750976562,-0.0386743878574695,2.682514171969066,-4.114506661615946,-3.679438333994672,-1.9243521442453364,1.339783745789752,-0.0992489063510318,3.963839175972056,-0.4434921678817331,1.3240327725928551
67.0,253.0,129.88369750976562,-0.0378622370720957,2.681968301780857,-4.11483420834631,-3.6800866107675727,-1.924030423868726,1.3402908182460136,-0.0994770964367983,3.9636342318458793,-0.4433138246954711,1.324016149664466
67.0,253.0,129.88369750976562,-0.038409736125438,2.683223324443615,-4.114847609240932,-3.679415568245977,-1.9254956460903945,1.339956890140793,-0.0993767820110977,3.96545346379171,-0.4440833734044859,1.3235641918682983
67.0,253.0,129.88369750976562,-0.0365283721779428,2.6821798842695697,-4.11603441881068,-3.679486054107372,-1.9251379515389608,1.3405617104052885,-0.1002226474128503,3.96390962240616,-0.4420402715724512,1.3236767237550735
67.0,253.0,129.88369750976562,-0.0364397398083592,2.6825071178585005,-4.115088219917484,-3.67970139592296,-1.9261702671341336,1.340268587447146,-0.1007867068112726,3.963668351548983,-0.4431968561648036,1.323600593218882
67.0,253.0,129.88369750976562,-0.0383216637770437,2.6825741157856324,-4.114967170153109,-3.6780063208760607,-1.924454085840296,1.3404595116488414,-0.099584917212826,3.9638032536282113,-0.4437830930453497,1.3237113962040006
67.0,253.0,129.88369750976562,-0.0379767604336877,2.680744641094622,-4.114477853527157,-3.6801701846835897,-1.924400799866619,1.3404674448137248,-0.0999418297218291,3.9646977554076215,-0.4444012423801128,1.3236911002911962
67.0,253.0,129.88369750976562,-0.0390478143195861,2.682337844354252,-4.115926773235828,-3.6795526101329856,-1.924688573970111,1.3412594732204302,-0.0998160293303123,3.963891675060848,-0.4428856325751028,1.3240663398786898
67.0,253.0,129.88369750976562,-0.0383148729229902,2.6832796999404445,-4.116294179060572,-3.6793979513078847,-1.9250865185851764,1.340689295518906,-0.0983386555168854,3.963023765613142,-0.4436402091529069,1.323783064095721
67.0,253.0,129.88369750976562,-0.0379627504806742,2.6821752792535305,-4.115112653936806,-3.679108163981376,-1.9271989799946387,1.3404670547282131,-0.0989285936155462,3.963762776092248,-0.4436037889685726,1.3234545198064809
67.0,253.0,129.88369750976562,-0.0392187524807247,2.683054261908589,-4.114922136147859,-3.6795777604845856,-1.925288325593142,1.3412020927009516,-0.0999221139832497,3.9638507441902,-0.4441360716815598,1.3240769948011513
67.0,253.0,129.88369750976562,-0.0383849644671473,2.6829565493324656,-4.1152425670406885,-3.679085536259625,-1.9245625020625792,1.3398362901102925,-0.0989136901687004,3.964908554644228,-0.4445902552466633,1.3237140521602766
67.0,253.0,129.88369750976562,-0.0381150873514049,2.682542042709517,-4.114430642239843,-3.678878579382245,-1.9244999050184943,1.3406975087022637,-0.0999938618507068,3.963198803446204,-0.4438787615061223,1.3237429493033557
67.0,253.0,129.88369750976562,-0.0356061132564945,2.682682236611596,-4.114853691872366,-3.679371797552783,-1.926117401442866,1.3402494852328133,-0.0995158924403936,3.963593572879813,-0.4432809198229624,1.3217267572875264
67.0,253.0,129.88369750976562,-0.0370319986549597,2.682141311654721,-4.11568919640137,-3.679601765843594,-1.9250876999733395,1.3398228311447469,-0.1004837490685165,3.964237534852891,-0.442657322459007,1.323574800022745
67.0,253.0,129.88369750976562,-0.0370807272260081,2.68264859514898,-4.115168223632826,-3.678252415128613,-1.9239598296335736,1.3405486072531194,-0.098422161926668,3.964345449074509,-0.4430919035377933,1.32368118639016
67.0,253.0,129.88369750976562,-0.0371588517049898,2.6805734538012,-4.114829362922763,-3.680286246949066,-1.92656536943232,1.339947151786356,-0.0988547495593402,3.9637048782995135,-0.4439045648392518,1.323849355521426
67.0,253.0,129.88369750976562,-0.0375504977495809,2.682280533818246,-4.115233018272244,-3.679761393898062,-1.925012808213688,1.3408448440508045,-0.0991535257406458,3.963799535448471,-0.4426996479812786,1.32341862225405
67.0,253.0,129.88369750976562,-0.0364782580288229,2.6818429670123987,-4.11474322378592,-3.679358600708835,-1.9243445464444973,1.3403015173573354,-0.09960695951543,3.965946662438152,-0.4428471831983755,1.3238509640840692
67.0,253.0,129.88369750976562,-0.0375050067521598,2.682394795215691,-4.114718372567042,-3.678092981168621,-1.9258440914610253,1.3400083563894525,-0.099182553119151,3.966016159885976,-0.4438312502809411,1.3218137438897066
67.0,253.0,129.88369750976562,-0.0385790505121479,2.6829151465589978,-4.114800802167872,-3.680258446862143,-1.924409893497719,1.340273682270729,-0.0988903953142273,3.964274155720028,-0.443693939368691,1.324358976709781
67.0,253.0,129.88369750976562,-0.0373377203114786,2.682486630971601,-4.114913017838977,-3.6783634873448783,-1.9265970819780125,1.3403155553342478,-0.099168483249192,3.963433477689972,-0.4450287501643289,1.3241048847555466
67.0,253.0,129.88369750976562,-0.0379180192985064,2.682247815866732,-4.11618169808676,-3.678672127199636,-1.9243215382018104,1.341224665253827,-0.0999942253138913,3.964944788080395,-0.4445476548029366,1.3237704141458422
67.0,253.0,129.88369750976562,-0.0379024272348933,2.681548237319513,-4.1147750510204935,-3.679808883893499,-1.9248620463978097,1.3398379650494014,-0.0992112748296654,3.963017815678836,-0.4424179299426491,1.3233375186841294
67.0,253.0,129.88369750976562,-0.0386119900478477,2.682502921158186,-4.115330536104988,-3.67922120648243,-1.924454899099244,1.3398214621333258,-0.0993185791376466,3.963886887649888,-0.4432911272000954,1.323338099550023
67.0,253.0,129.88369750976562,-0.0382477403859779,2.68273101332882,-4.115921932644253,-3.677978964649831,-1.924749009834854,1.3417441945558162,-0.0989616560098664,3.9650317801400976,-0.4436610931860999,1.3237025486479133
67.0,253.0,129.88369750976562,-0.0368336824364338,2.6826832487827823,-4.114591204394081,-3.678575812548972,-1.925641460409574,1.3405690717413157,-0.0993023327242637,3.963040004737601,-0.4453726377459595,1.3228519700821009
67.0,253.0,129.88369750976562,-0.0368682580867013,2.6829220535883818,-4.115330151241876,-3.6800847775118006,-1.924143475813016,1.3403634962947215,-0.0977891263415146,3.964305456688996,-0.4434524361281761,1.323232495747224
67.0,253.0,129.88369750976562,-0.0385555590400413,2.682332051900679,-4.11561887003485,-3.678886500882304,-1.9246899936591084,1.339812599810698,-0.0990985889591814,3.964719517917539,-0.4435134565679196,1.3239478618172835
67.0,253.0,129.88369750976562,-0.0362685215543273,2.6824785535414897,-4.115228802300194,-3.679666890710486,-1.924817154336768,1.3397913112986377,-0.0984104785689082,3.965220519508229,-0.4431274438343454,1.3229101875008091
67.0,253.0,129.88369750976562,-0.0375539125029723,2.683178260371717,-4.114369649219112,-3.679430716965344,-1.9246000535494767,1.3402022966892828,-0.0991060381317665,3.964045450719317,-0.4435850165156397,1.3232991003993002
67.0,253.0,129.88369750976562,-0.0373747018816963,2.6827891322424366,-4.115831560265851,-3.678720605069845,-1.925137080380172,1.3403258327157284,-0.0988966046907536,3.963632318963182,-0.4426579316869733,1.3218509770686553
67.0,253.0,129.88369750976562,-0.0370591034729298,2.6826218239917727,-4.115266560061377,-3.679595996907135,-1.926209819046368,1.3414009745971895,-0.0987779561750726,3.964208636924238,-0.4451036432456676,1.3236569489549574
67.0,253.0,129.88369750976562,-0.0391015901040685,2.6832066369908216,-4.11469770047713,-3.680059309122311,-1.9260168474946973,1.3411719572718803,-0.0990887163406583,3.963894911594921,-0.4433537251091182,1.3222977704533132
67.0,253.0,129.88369750976562,-0.0371238674580442,2.6828863163114574,-4.116450644235016,-3.678852193219088,-1.9245006772364748,1.340853961483298,-0.1003745299408251,3.96483297132265,-0.4438758320633198,1.32253467512871
67.0,253.0,129.88369750976562,-0.0387529514039979,2.682332987600346,-4.114907536737543,-3.6795098013530296,-1.9263257462158496,1.3407473142017434,-0.0999818312495976,3.964815872089346,-0.4437279455012012,1.3221885533632094
67.0,253.0,129.88369750976562,-0.0385026246801999,2.681902136710416,-4.116577281202409,-3.680540846948508,-1.92433206385908,1.3402460540770993,-0.099126385258616,3.9633692913641982,-0.4437405342625667,1.3232985721522927
67.0,254.0,129.88369750976562,-0.0372763731490363,2.6826167704504225,-4.114823442455658,-3.6783468022659607,-1.9261520268860424,1.3403612303406105,-0.0998002543669788,3.963755631935773,-0.4432836224847902,1.323920551784124
67.0,254.0,129.88369750976562,-0.0386144815276365,2.682602177420531,-4.114692785083619,-3.6782825809630206,-1.925857278402108,1.3408475275948784,-0.0997619686173913,3.964034353113425,-0.4420803106852294,1.323383683790692
67.0,254.0,129.88369750976562,-0.0384255196221009,2.6828457518910365,-4.115229419906435,-3.678280070499364,-1.9241863635424368,1.340197132733122,-0.0989346872452995,3.965045366748188,-0.4436973324717846,1.3237061726352286
67.0,254.0,129.88369750976562,-0.0374477628801099,2.682657028303648,-4.114838900894199,-3.678870043592088,-1.9251837276112644,1.3405201841317955,-0.0987901150784344,3.964675583138253,-0.4423633760043502,1.3238448057713843
67.0,254.0,129.88369750976562,-0.0382635524696136,2.682419967614642,-4.114786126384205,-3.679311634560755,-1.925978686292598,1.3411333845684037,-0.0987597980305496,3.9641414728433215,-0.4424791061193618,1.320928414315454
67.0,254.0,129.88369750976562,-0.0384394284723971,2.682975909148543,-4.114785849651962,-3.679239009035948,-1.9244454601702328,1.3399968271028857,-0.0992974966139006,3.9634126109169294,-0.4438348749963561,1.323728487499586
67.0,254.0,129.88369750976562,-0.0375151009923383,2.6815405326175563,-4.11492126820321,-3.678696413336605,-1.9248538354858755,1.3399425126041962,-0.0987835979778907,3.963714046279793,-0.4446811609730565,1.323395357397754
67.0,254.0,129.88369750976562,-0.0377454066103169,2.6825043046280004,-4.114788089707397,-3.679652743106941,-1.9244710726958925,1.340134709603629,-0.1004671214614538,3.9636188560680137,-0.4424447477359667,1.3231665976907154
67.0,254.0,129.88369750976562,-0.0364954623203145,2.682236998039043,-4.1151194879360045,-3.678349310488348,-1.9266135679514724,1.3402469514634694,-0.0997973225445006,3.96391029317396,-0.4446940722613329,1.3226826898546231
67.0,254.0,129.88369750976562,-0.0383554438796345,2.6837078456050074,-4.1148397309375175,-3.6796427651577615,-1.925935618093105,1.3413987342605571,-0.0995517511654577,3.963735392106942,-0.4447510661004394,1.3223569690262462
67.0,254.0,129.88369750976562,-0.0374471514184957,2.6830290313127803,-4.114093649499316,-3.679834210451842,-1.924097479454128,1.3403730799535918,-0.0989693227775162,3.9646815998637,-0.4441470635204132,1.3235251103658887
67.0,254.0,129.88369750976562,-0.0382710782515905,2.682893249029939,-4.115279657961465,-3.6792257495786993,-1.924598940320268,1.340114582927606,-0.0982937747407807,3.963413311773425,-0.4438361054294831,1.3238186492275428
67.0,254.0,129.88369750976562,-0.0386767940782647,2.6825724445294745,-4.114978013222114,-3.6803825219341575,-1.925471672712967,1.340026883894302,-0.1000383970307691,3.965015974768844,-0.4424138905121658,1.3231790020943524
67.0,254.0,129.88369750976562,-0.0386743878574695,2.682514171969066,-4.114506661615946,-3.679438333994672,-1.9243521442453364,1.339783745789752,-0.0992489063510318,3.963839175972056,-0.4434921678817331,1.3240327725928551
67.0,254.0,129.88369750976562,-0.0378622370720957,2.681968301780857,-4.11483420834631,-3.6800866107675727,-1.924030423868726,1.3402908182460136,-0.0994770964367983,3.9636342318458793,-0.4433138246954711,1.324016149664466
67.0,254.0,129.88369750976562,-0.038409736125438,2.683223324443615,-4.114847609240932,-3.679415568245977,-1.9254956460903945,1.339956890140793,-0.0993767820110977,3.96545346379171,-0.4440833734044859,1.3235641918682983
67.0,254.0,129.88369750976562,-0.0365283721779428,2.6821798842695697,-4.11603441881068,-3.679486054107372,-1.9251379515389608,1.3405617104052885,-0.1002226474128503,3.96390962240616,-0.4420402715724512,1.3236767237550735
67.0,254.0,129.88369750976562,-0.0364397398083592,2.6825071178585005,-4.115088219917484,-3.67970139592296,-1.9261702671341336,1.340268587447146,-0.1007867068112726,3.963668351548983,-0.4431968561648036,1.323600593218882
67.0,254.0,129.88369750976562,-0.0383216637770437,2.6825741157856324,-4.114967170153109,-3.6780063208760607,-1.924454085840296,1.3404595116488414,-0.099584917212826,3.9638032536282113,-0.4437830930453497,1.3237113962040006
67.0,254.0,129.88369750976562,-0.0379767604336877,2.680744641094622,-4.114477853527157,-3.6801701846835897,-1.924400799866619,1.3404674448137248,-0.0999418297218291,3.9646977554076215,-0.4444012423801128,1.3236911002911962
67.0,254.0,129.88369750976562,-0.0390478143195861,2.682337844354252,-4.115926773235828,-3.6795526101329856,-1.924688573970111,1.3412594732204302,-0.0998160293303123,3.963891675060848,-0.4428856325751028,1.3240663398786898
67.0,254.0,129.88369750976562,-0.0383148729229902,2.6832796999404445,-4.116294179060572,-3.6793979513078847,-1.9250865185851764,1.340689295518906,-0.0983386555168854,3.963023765613142,-0.4436402091529069,1.323783064095721
67.0,254.0,129.88369750976562,-0.0379627504806742,2.6821752792535305,-4.115112653936806,-3.679108163981376,-1.9271989799946387,1.3404670547282131,-0.0989285936155462,3.963762776092248,-0.4436037889685726,1.3234545198064809
67.0,254.0,129.88369750976562,-0.0392187524807247,2.683054261908589,-4.114922136147859,-3.6795777604845856,-1.925288325593142,1.3412020927009516,-0.0999221139832497,3.9638507441902,-0.4441360716815598,1.3240769948011513
67.0,254.0,129.88369750976562,-0.0383849644671473,2.6829565493324656,-4.1152425670406885,-3.679085536259625,-1.9245625020625792,1.3398362901102925,-0.0989136901687004,3.964908554644228,-0.4445902552466633,1.3237140521602766
67.0,254.0,129.88369750976562,-0.0381150873514049,2.682542042709517,-4.114430642239843,-3.678878579382245,-1.9244999050184943,1.3406975087022637,-0.0999938618507068,3.963198803446204,-0.4438787615061223,1.3237429493033557
67.0,254.0,129.88369750976562,-0.0356061132564945,2.682682236611596,-4.114853691872366,-3.679371797552783,-1.926117401442866,1.3402494852328133,-0.0995158924403936,3.963593572879813,-0.4432809198229624,1.3217267572875264
67.0,254.0,129.88369750976562,-0.0370319986549597,2.682141311654721,-4.11568919640137,-3.679601765843594,-1.9250876999733395,1.3398228311447469,-0.1004837490685165,3.964237534852891,-0.442657322459007,1.323574800022745
67.0,254.0,129.88369750976562,-0.0370807272260081,2.68264859514898,-4.115168223632826,-3.678252415128613,-1.9239598296335736,1.3405486072531194,-0.098422161926668,3.964345449074509,-0.4430919035377933,1.32368118639016
67.0,254.0,129.88369750976562,-0.0371588517049898,2.6805734538012,-4.114829362922763,-3.680286246949066,-1.92656536943232,1.339947151786356,-0.0988547495593402,3.9637048782995135,-0.4439045648392518,1.323849355521426
67.0,254.0,129.88369750976562,-0.0375504977495809,2.682280533818246,-4.115233018272244,-3.679761393898062,-1.925012808213688,1.3408448440508045,-0.0991535257406458,3.963799535448471,-0.4426996479812786,1.32341862225405
67.0,254.0,129.88369750976562,-0.0364782580288229,2.6818429670123987,-4.11474322378592,-3.679358600708835,-1.9243445464444973,1.3403015173573354,-0.09960695951543,3.965946662438152,-0.4428471831983755,1.3238509640840692
67.0,254.0,129.88369750976562,-0.0375050067521598,2.682394795215691,-4.114718372567042,-3.678092981168621,-1.9258440914610253,1.3400083563894525,-0.099182553119151,3.966016159885976,-0.4438312502809411,1.3218137438897066
67.0,254.0,129.88369750976562,-0.0385790505121479,2.6829151465589978,-4.114800802167872,-3.680258446862143,-1.924409893497719,1.340273682270729,-0.0988903953142273,3.964274155720028,-0.443693939368691,1.324358976709781
67.0,254.0,129.88369750976562,-0.0373377203114786,2.682486630971601,-4.114913017838977,-3.6783634873448783,-1.9265970819780125,1.3403155553342478,-0.099168483249192,3.963433477689972,-0.4450287501643289,1.3241048847555466
67.0,254.0,129.88369750976562,-0.0379180192985064,2.682247815866732,-4.11618169808676,-3.678672127199636,-1.9243215382018104,1.341224665253827,-0.0999942253138913,3.964944788080395,-0.4445476548029366,1.3237704141458422
67.0,254.0,129.88369750976562,-0.0379024272348933,2.681548237319513,-4.1147750510204935,-3.679808883893499,-1.9248620463978097,1.3398379650494014,-0.0992112748296654,3.963017815678836,-0.4424179299426491,1.3233375186841294
67.0,254.0,129.88369750976562,-0.0386119900478477,2.682502921158186,-4.115330536104988,-3.67922120648243,-1.924454899099244,1.3398214621333258,-0.0993185791376466,3.963886887649888,-0.4432911272000954,1.323338099550023
67.0,254.0,129.88369750976562,-0.0382477403859779,2.68273101332882,-4.115921932644253,-3.677978964649831,-1.924749009834854,1.3417441945558162,-0.0989616560098664,3.9650317801400976,-0.4436610931860999,1.3237025486479133
67.0,254.0,129.88369750976562,-0.0368336824364338,2.6826832487827823,-4.114591204394081,-3.678575812548972,-1.925641460409574,1.3405690717413157,-0.0993023327242637,3.963040004737601,-0.4453726377459595,1.3228519700821009
67.0,254.0,129.88369750976562,-0.0368682580867013,2.6829220535883818,-4.115330151241876,-3.6800847775118006,-1.924143475813016,1.3403634962947215,-0.0977891263415146,3.964305456688996,-0.4434524361281761,1.323232495747224
67.0,254.0,129.88369750976562,-0.0385555590400413,2.682332051900679,-4.11561887003485,-3.678886500882304,-1.9246899936591084,1.339812599810698,-0.0990985889591814,3.964719517917539,-0.4435134565679196,1.3239478618172835
67.0,254.0,129.88369750976562,-0.0362685215543273,2.6824785535414897,-4.115228802300194,-3.679666890710486,-1.924817154336768,1.3397913112986377,-0.0984104785689082,3.965220519508229,-0.4431274438343454,1.3229101875008091
67.0,254.0,129.88369750976562,-0.0375539125029723,2.683178260371717,-4.114369649219112,-3.679430716965344,-1.9246000535494767,1.3402022966892828,-0.0991060381317665,3.964045450719317,-0.4435850165156397,1.3232991003993002
67.0,254.0,129.88369750976562,-0.0373747018816963,2.6827891322424366,-4.115831560265851,-3.678720605069845,-1.925137080380172,1.3403258327157284,-0.0988966046907536,3.963632318963182,-0.4426579316869733,1.3218509770686553
67.0,254.0,129.88369750976562,-0.0370591034729298,2.6826218239917727,-4.115266560061377,-3.679595996907135,-1.926209819046368,1.3414009745971895,-0.0987779561750726,3.964208636924238,-0.4451036432456676,1.3236569489549574
67.0,254.0,129.88369750976562,-0.0391015901040685,2.6832066369908216,-4.11469770047713,-3.680059309122311,-1.9260168474946973,1.3411719572718803,-0.0990887163406583,3.963894911594921,-0.4433537251091182,1.3222977704533132
67.0,254.0,129.88369750976562,-0.0371238674580442,2.6828863163114574,-4.116450644235016,-3.678852193219088,-1.9245006772364748,1.340853961483298,-0.1003745299408251,3.96483297132265,-0.4438758320633198,1.32253467512871
67.0,254.0,129.88369750976562,-0.0387529514039979,2.682332987600346,-4.114907536737543,-3.6795098013530296,-1.9263257462158496,1.3407473142017434,-0.0999818312495976,3.964815872089346,-0.4437279455012012,1.3221885533632094
67.0,254.0,129.88369750976562,-0.0385026246801999,2.681902136710416,-4.116577281202409,-3.680540846948508,-1.92433206385908,1.3402460540770993,-0.099126385258616,3.9633692913641982,-0.4437405342625667,1.3232985721522927
67.0,255.0,129.88369750976562,-0.0372763731490363,2.6826167704504225,-4.114823442455658,-3.6783468022659607,-1.9261520268860424,1.3403612303406105,-0.0998002543669788,3.963755631935773,-0.4432836224847902,1.323920551784124
67.0,255.0,129.88369750976562,-0.0386144815276365,2.682602177420531,-4.114692785083619,-3.6782825809630206,-1.925857278402108,1.3408475275948784,-0.0997619686173913,3.964034353113425,-0.4420803106852294,1.323383683790692
67.0,255.0,129.88369750976562,-0.0384255196221009,2.6828457518910365,-4.115229419906435,-3.678280070499364,-1.9241863635424368,1.340197132733122,-0.0989346872452995,3.965045366748188,-0.4436973324717846,1.3237061726352286
67.0,255.0,129.88369750976562,-0.0374477628801099,2.682657028303648,-4.114838900894199,-3.678870043592088,-1.9251837276112644,1.3405201841317955,-0.0987901150784344,3.964675583138253,-0.4423633760043502,1.3238448057713843
67.0,255.0,129.88369750976562,-0.0382635524696136,2.682419967614642,-4.114786126384205,-3.679311634560755,-1.925978686292598,1.3411333845684037,-0.0987597980305496,3.9641414728433215,-0.4424791061193618,1.320928414315454
67.0,255.0,129.88369750976562,-0.0384394284723971,2.682975909148543,-4.114785849651962,-3.679239009035948,-1.9244454601702328,1.3399968271028857,-0.0992974966139006,3.9634126109169294,-0.4438348749963561,1.323728487499586
67.0,255.0,129.88369750976562,-0.0375151009923383,2.6815405326175563,-4.11492126820321,-3.678696413336605,-1.9248538354858755,1.3399425126041962,-0.0987835979778907,3.963714046279793,-0.4446811609730565,1.323395357397754
67.0,255.0,129.88369750976562,-0.0377454066103169,2.6825043046280004,-4.114788089707397,-3.679652743106941,-1.9244710726958925,1.340134709603629,-0.1004671214614538,3.9636188560680137,-0.4424447477359667,1.3231665976907154
67.0,255.0,129.88369750976562,-0.0364954623203145,2.682236998039043,-4.1151194879360045,-3.678349310488348,-1.9266135679514724,1.3402469514634694,-0.0997973225445006,3.96391029317396,-0.4446940722613329,1.3226826898546231
67.0,255.0,129.88369750976562,-0.0383554438796345,2.6837078456050074,-4.1148397309375175,-3.6796427651577615,-1.925935618093105,1.3413987342605571,-0.0995517511654577,3.963735392106942,-0.4447510661004394,1.3223569690262462
67.0,255.0,129.88369750976562,-0.0374471514184957,2.6830290313127803,-4.114093649499316,-3.679834210451842,-1.924097479454128,1.3403730799535918,-0.0989693227775162,3.9646815998637,-0.4441470635204132,1.3235251103658887
67.0,255.0,129.88369750976562,-0.0382710782515905,2.682893249029939,-4.115279657961465,-3.6792257495786993,-1.924598940320268,1.340114582927606,-0.0982937747407807,3.963413311773425,-0.4438361054294831,1.3238186492275428
67.0,255.0,129.88369750976562,-0.0386767940782647,2.6825724445294745,-4.114978013222114,-3.6803825219341575,-1.925471672712967,1.340026883894302,-0.1000383970307691,3.965015974768844,-0.4424138905121658,1.3231790020943524
67.0,255.0,129.88369750976562,-0.0386743878574695,2.682514171969066,-4.114506661615946,-3.679438333994672,-1.9243521442453364,1.339783745789752,-0.0992489063510318,3.963839175972056,-0.4434921678817331,1.3240327725928551
67.0,255.0,129.88369750976562,-0.0378622370720957,2.681968301780857,-4.11483420834631,-3.6800866107675727,-1.924030423868726,1.3402908182460136,-0.0994770964367983,3.9636342318458793,-0.4433138246954711,1.324016149664466
67.0,255.0,129.88369750976562,-0.038409736125438,2.683223324443615,-4.114847609240932,-3.679415568245977,-1.9254956460903945,1.339956890140793,-0.0993767820110977,3.96545346379171,-0.4440833734044859,1.3235641918682983
67.0,255.0,129.88369750976562,-0.0365283721779428,2.6821798842695697,-4.11603441881068,-3.679486054107372,-1.9251379515389608,1.3405617104052885,-0.1002226474128503,3.96390962240616,-0.4420402715724512,1.3236767237550735
67.0,255.0,129.88369750976562,-0.0364397398083592,2.6825071178585005,-4.115088219917484,-3.67970139592296,-1.9261702671341336,1.340268587447146,-0.1007867068112726,3.963668351548983,-0.4431968561648036,1.323600593218882
67.0,255.0,129.88369750976562,-0.0383216637770437,2.6825741157856324,-4.114967170153109,-3.6780063208760607,-1.924454085840296,1.3404595116488414,-0.099584917212826,3.9638032536282113,-0.4437830930453497,1.3237113962040006
67.0,255.0,129.88369750976562,-0.0379767604336877,2.680744641094622,-4.114477853527157,-3.6801701846835897,-1.924400799866619,1.3404674448137248,-0.0999418297218291,3.9646977554076215,-0.4444012423801128,1.3236911002911962
67.0,255.0,129.88369750976562,-0.0390478143195861,2.682337844354252,-4.115926773235828,-3.6795526101329856,-1.924688573970111,1.3412594732204302,-0.0998160293303123,3.963891675060848,-0.4428856325751028,1.3240663398786898
67.0,255.0,129.88369750976562,-0.0383148729229902,2.6832796999404445,-4.116294179060572,-3.6793979513078847,-1.9250865185851764,1.340689295518906,-0.0983386555168854,3.963023765613142,-0.4436402091529069,1.323783064095721
67.0,255.0,129.88369750976562,-0.0379627504806742,2.6821752792535305,-4.115112653936806,-3.679108163981376,-1.9271989799946387,1.3404670547282131,-0.0989285936155462,3.963762776092248,-0.4436037889685726,1.3234545198064809
67.0,255.0,129.88369750976562,-0.0392187524807247,2.683054261908589,-4.114922136147859,-3.6795777604845856,-1.925288325593142,1.3412020927009516,-0.0999221139832497,3.9638507441902,-0.4441360716815598,1.3240769948011513
67.0,255.0,129.88369750976562,-0.0383849644671473,2.6829565493324656,-4.1152425670406885,-3.679085536259625,-1.9245625020625792,1.3398362901102925,-0.0989136901687004,3.964908554644228,-0.4445902552466633,1.3237140521602766
67.0,255.0,129.88369750976562,-0.0381150873514049,2.682542042709517,-4.114430642239843,-3.678878579382245,-1.9244999050184943,1.3406975087022637,-0.0999938618507068,3.963198803446204,-0.4438787615061223,1.3237429493033557
67.0,255.0,129.88369750976562,-0.0356061132564945,2.682682236611596,-4.114853691872366,-3.679371797552783,-1.926117401442866,1.3402494852328133,-0.0995158924403936,3.963593572879813,-0.4432809198229624,1.3217267572875264
67.0,255.0,129.88369750976562,-0.0370319986549597,2.682141311654721,-4.11568919640137,-3.679601765843594,-1.9250876999733395,1.3398228311447469,-0.1004837490685165,3.964237534852891,-0.442657322459007,1.323574800022745
67.0,255.0,129.88369750976562,-0.0370807272260081,2.68264859514898,-4.115168223632826,-3.678252415128613,-1.9239598296335736,1.3405486072531194,-0.098422161926668,3.964345449074509,-0.4430919035377933,1.32368118639016
67.0,255.0,129.88369750976562,-0.0371588517049898,2.6805734538012,-4.114829362922763,-3.680286246949066,-1.92656536943232,1.339947151786356,-0.0988547495593402,3.9637048782995135,-0.4439045648392518,1.323849355521426
67.0,255.0,129.88369750976562,-0.0375504977495809,2.682280533818246,-4.115233018272244,-3.679761393898062,-1.925012808213688,1.3408448440508045,-0.0991535257406458,3.963799535448471,-0.4426996479812786,1.32341862225405
67.0,255.0,129.88369750976562,-0.0364782580288229,2.6818429670123987,-4.11474322378592,-3.679358600708835,-1.9243445464444973,1.3403015173573354,-0.09960695951543,3.965946662438152,-0.4428471831983755,1.3238509640840692
67.0,255.0,129.88369750976562,-0.0375050067521598,2.682394795215691,-4.114718372567042,-3.678092981168621,-1.9258440914610253,1.3400083563894525,-0.099182553119151,3.966016159885976,-0.4438312502809411,1.3218137438897066
67.0,255.0,129.88369750976562,-0.0385790505121479,2.6829151465589978,-4.114800802167872,-3.680258446862143,-1.924409893497719,1.340273682270729,-0.0988903953142273,3.964274155720028,-0.443693939368691,1.324358976709781
67.0,255.0,129.88369750976562,-0.0373377203114786,2.682486630971601,-4.114913017838977,-3.6783634873448783,-1.9265970819780125,1.3403155553342478,-0.099168483249192,3.963433477689972,-0.4450287501643289,1.3241048847555466
67.0,255.0,129.88369750976562,-0.0379180192985064,2.682247815866732,-4.11618169808676,-3.678672127199636,-1.9243215382018104,1.341224665253827,-0.0999942253138913,3.964944788080395,-0.4445476548029366,1.3237704141458422
67.0,255.0,129.88369750976562,-0.0379024272348933,2.681548237319513,-4.1147750510204935,-3.679808883893499,-1.9248620463978097,1.3398379650494014,-0.0992112748296654,3.963017815678836,-0.4424179299426491,1.3233375186841294
67.0,255.0,129.88369750976562,-0.0386119900478477,2.682502921158186,-4.115330536104988,-3.67922120648243,-1.924454899099244,1.3398214621333258,-0.0993185791376466,3.963886887649888,-0.4432911272000954,1.323338099550023
67.0,255.0,129.88369750976562,-0.0382477403859779,2.68273101332882,-4.115921932644253,-3.677978964649831,-1.924749009834854,1.3417441945558162,-0.0989616560098664,3.9650317801400976,-0.4436610931860999,1.3237025486479133
67.0,255.0,129.88369750976562,-0.0368336824364338,2.6826832487827823,-4.114591204394081,-3.678575812548972,-1.925641460409574,1.3405690717413157,-0.0993023327242637,3.963040004737601,-0.4453726377459595,1.3228519700821009
67.0,255.0,129.88369750976562,-0.0368682580867013,2.6829220535883818,-4.115330151241876,-3.6800847775118006,-1.924143475813016,1.3403634962947215,-0.0977891263415146,3.964305456688996,-0.4434524361281761,1.323232495747224
67.0,255.0,129.88369750976562,-0.0385555590400413,2.682332051900679,-4.11561887003485,-3.678886500882304,-1.9246899936591084,1.339812599810698,-0.0990985889591814,3.964719517917539,-0.4435134565679196,1.3239478618172835
67.0,255.0,129.88369750976562,-0.0362685215543273,2.6824785535414897,-4.115228802300194,-3.679666890710486,-1.924817154336768,1.3397913112986377,-0.0984104785689082,3.965220519508229,-0.4431274438343454,1.3229101875008091
67.0,255.0,129.88369750976562,-0.0375539125029723,2.683178260371717,-4.114369649219112,-3.679430716965344,-1.9246000535494767,1.3402022966892828,-0.0991060381317665,3.964045450719317,-0.4435850165156397,1.3232991003993002
67.0,255.0,129.88369750976562,-0.0373747018816963,2.6827891322424366,-4.115831560265851,-3.678720605069845,-1.925137080380172,1.3403258327157284,-0.0988966046907536,3.963632318963182,-0.4426579316869733,1.3218509770686553
67.0,255.0,129.88369750976562,-0.0370591034729298,2.6826218239917727,-4.115266560061377,-3.679595996907135,-1.926209819046368,1.3414009745971895,-0.0987779561750726,3.964208636924238,-0.4451036432456676,1.3236569489549574
67.0,255.0,129.88369750976562,-0.0391015901040685,2.6832066369908216,-4.11469770047713,-3.680059309122311,-1.9260168474946973,1.3411719572718803,-0.0990887163406583,3.963894911594921,-0.4433537251091182,1.3222977704533132
67.0,255.0,129.88369750976562,-0.0371238674580442,2.6828863163114574,-4.116450644235016,-3.678852193219088,-1.9245006772364748,1.340853961483298,-0.1003745299408251,3.96483297132265,-0.4438758320633198,1.32253467512871
67.0,255.0,129.88369750976562,-0.0387529514039979,2.682332987600346,-4.114907536737543,-3.6795098013530296,-1.9263257462158496,1.3407473142017434,-0.0999818312495976,3.964815872089346,-0.4437279455012012,1.3221885533632094
67.0,255.0,129.88369750976562,-0.0385026246801999,2.681902136710416,-4.116577281202409,-3.680540846948508,-1.92433206385908,1.3402460540770993,-0.099126385258616,3.9633692913641982,-0.4437405342625667,1.3232985721522927
67.0,256.0,129.88369750976562,-0.0372763731490363,2.6826167704504225,-4.114823442455658,-3.6783468022659607,-1.9261520268860424,1.3403612303406105,-0.0998002543669788,3.963755631935773,-0.4432836224847902,1.323920551784124
67.0,256.0,129.88369750976562,-0.0386144815276365,2.682602177420531,-4.114692785083619,-3.6782825809630206,-1.925857278402108,1.3408475275948784,-0.0997619686173913,3.964034353113425,-0.4420803106852294,1.323383683790692
67.0,256.0,129.88369750976562,-0.0384255196221009,2.6828457518910365,-4.115229419906435,-3.678280070499364,-1.9241863635424368,1.340197132733122,-0.0989346872452995,3.965045366748188,-0.4436973324717846,1.3237061726352286
67.0,256.0,129.88369750976562,-0.0374477628801099,2.682657028303648,-4.114838900894199,-3.678870043592088,-1.9251837276112644,1.3405201841317955,-0.0987901150784344,3.964675583138253,-0.4423633760043502,1.3238448057713843
67.0,256.0,129.88369750976562,-0.0382635524696136,2.682419967614642,-4.114786126384205,-3.679311634560755,-1.925978686292598,1.3411333845684037,-0.0987597980305496,3.9641414728433215,-0.4424791061193618,1.320928414315454
67.0,256.0,129.88369750976562,-0.0384394284723971,2.682975909148543,-4.114785849651962,-3.679239009035948,-1.9244454601702328,1.3399968271028857,-0.0992974966139006,3.9634126109169294,-0.4438348749963561,1.323728487499586
67.0,256.0,129.88369750976562,-0.0375151009923383,2.6815405326175563,-4.11492126820321,-3.678696413336605,-1.9248538354858755,1.3399425126041962,-0.0987835979778907,3.963714046279793,-0.4446811609730565,1.323395357397754
67.0,256.0,129.88369750976562,-0.0377454066103169,2.6825043046280004,-4.114788089707397,-3.679652743106941,-1.9244710726958925,1.340134709603629,-0.1004671214614538,3.9636188560680137,-0.4424447477359667,1.3231665976907154
67.0,256.0,129.88369750976562,-0.0364954623203145,2.682236998039043,-4.1151194879360045,-3.678349310488348,-1.9266135679514724,1.3402469514634694,-0.0997973225445006,3.96391029317396,-0.4446940722613329,1.3226826898546231
67.0,256.0,129.88369750976562,-0.0383554438796345,2.6837078456050074,-4.1148397309375175,-3.6796427651577615,-1.925935618093105,1.3413987342605571,-0.0995517511654577,3.963735392106942,-0.4447510661004394,1.3223569690262462
67.0,256.0,129.88369750976562,-0.0374471514184957,2.6830290313127803,-4.114093649499316,-3.679834210451842,-1.924097479454128,1.3403730799535918,-0.0989693227775162,3.9646815998637,-0.4441470635204132,1.3235251103658887
67.0,256.0,129.88369750976562,-0.0382710782515905,2.682893249029939,-4.115279657961465,-3.6792257495786993,-1.924598940320268,1.340114582927606,-0.0982937747407807,3.963413311773425,-0.4438361054294831,1.3238186492275428
67.0,256.0,129.88369750976562,-0.0386767940782647,2.6825724445294745,-4.114978013222114,-3.6803825219341575,-1.925471672712967,1.340026883894302,-0.1000383970307691,3.965015974768844,-0.4424138905121658,1.3231790020943524
67.0,256.0,129.88369750976562,-0.0386743878574695,2.682514171969066,-4.114506661615946,-3.679438333994672,-1.9243521442453364,1.339783745789752,-0.0992489063510318,3.963839175972056,-0.4434921678817331,1.3240327725928551
67.0,256.0,129.88369750976562,-0.0378622370720957,2.681968301780857,-4.11483420834631,-3.6800866107675727,-1.924030423868726,1.3402908182460136,-0.0994770964367983,3.9636342318458793,-0.4433138246954711,1.324016149664466
67.0,256.0,129.88369750976562,-0.038409736125438,2.683223324443615,-4.114847609240932,-3.679415568245977,-1.9254956460903945,1.339956890140793,-0.0993767820110977,3.96545346379171,-0.4440833734044859,1.3235641918682983
67.0,256.0,129.88369750976562,-0.0365283721779428,2.6821798842695697,-4.11603441881068,-3.679486054107372,-1.9251379515389608,1.3405617104052885,-0.1002226474128503,3.96390962240616,-0.4420402715724512,1.3236767237550735
67.0,256.0,129.88369750976562,-0.0364397398083592,2.6825071178585005,-4.115088219917484,-3.67970139592296,-1.9261702671341336,1.340268587447146,-0.1007867068112726,3.963668351548983,-0.4431968561648036,1.323600593218882
67.0,256.0,129.88369750976562,-0.0383216637770437,2.6825741157856324,-4.114967170153109,-3.6780063208760607,-1.924454085840296,1.3404595116488414,-0.099584917212826,3.9638032536282113,-0.4437830930453497,1.3237113962040006
67.0,256.0,129.88369750976562,-0.0379767604336877,2.680744641094622,-4.114477853527157,-3.6801701846835897,-1.924400799866619,1.3404674448137248,-0.0999418297218291,3.9646977554076215,-0.4444012423801128,1.3236911002911962
67.0,256.0,129.88369750976562,-0.0390478143195861,2.682337844354252,-4.115926773235828,-3.6795526101329856,-1.924688573970111,1.3412594732204302,-0.0998160293303123,3.963891675060848,-0.4428856325751028,1.3240663398786898
67.0,256.0,129.88369750976562,-0.0383148729229902,2.6832796999404445,-4.116294179060572,-3.6793979513078847,-1.9250865185851764,1.340689295518906,-0.0983386555168854,3.963023765613142,-0.4436402091529069,1.323783064095721
67.0,256.0,129.88369750976562,-0.0379627504806742,2.6821752792535305,-4.115112653936806,-3.679108163981376,-1.9271989799946387,1.3404670547282131,-0.0989285936155462,3.963762776092248,-0.4436037889685726,1.3234545198064809
67.0,256.0,129.88369750976562,-0.0392187524807247,2.683054261908589,-4.114922136147859,-3.6795777604845856,-1.925288325593142,1.3412020927009516,-0.0999221139832497,3.9638507441902,-0.4441360716815598,1.3240769948011513
67.0,256.0,129.88369750976562,-0.0383849644671473,2.6829565493324656,-4.1152425670406885,-3.679085536259625,-1.9245625020625792,1.3398362901102925,-0.0989136901687004,3.964908554644228,-0.4445902552466633,1.3237140521602766
67.0,256.0,129.88369750976562,-0.0381150873514049,2.682542042709517,-4.114430642239843,-3.678878579382245,-1.9244999050184943,1.3406975087022637,-0.0999938618507068,3.963198803446204,-0.4438787615061223,1.3237429493033557
67.0,256.0,129.88369750976562,-0.0356061132564945,2.682682236611596,-4.114853691872366,-3.679371797552783,-1.926117401442866,1.3402494852328133,-0.0995158924403936,3.963593572879813,-0.4432809198229624,1.3217267572875264
67.0,256.0,129.88369750976562,-0.0370319986549597,2.682141311654721,-4.11568919640137,-3.679601765843594,-1.9250876999733395,1.3398228311447469,-0.1004837490685165,3.964237534852891,-0.442657322459007,1.323574800022745
67.0,256.0,129.88369750976562,-0.0370807272260081,2.68264859514898,-4.115168223632826,-3.678252415128613,-1.9239598296335736,1.3405486072531194,-0.098422161926668,3.964345449074509,-0.4430919035377933,1.32368118639016
67.0,256.0,129.88369750976562,-0.0371588517049898,2.6805734538012,-4.114829362922763,-3.680286246949066,-1.92656536943232,1.339947151786356,-0.0988547495593402,3.9637048782995135,-0.4439045648392518,1.323849355521426
67.0,256.0,129.88369750976562,-0.0375504977495809,2.682280533818246,-4.115233018272244,-3.679761393898062,-1.925012808213688,1.3408448440508045,-0.0991535257406458,3.963799535448471,-0.4426996479812786,1.32341862225405
67.0,256.0,129.88369750976562,-0.0364782580288229,2.6818429670123987,-4.11474322378592,-3.679358600708835,-1.9243445464444973,1.3403015173573354,-0.09960695951543,3.965946662438152,-0.4428471831983755,1.3238509640840692
67.0,256.0,129.88369750976562,-0.0375050067521598,2.682394795215691,-4.114718372567042,-3.678092981168621,-1.9258440914610253,1.3400083563894525,-0.099182553119151,3.966016159885976,-0.4438312502809411,1.3218137438897066
67.0,256.0,129.88369750976562,-0.0385790505121479,2.6829151465589978,-4.114800802167872,-3.680258446862143,-1.924409893497719,1.340273682270729,-0.0988903953142273,3.964274155720028,-0.443693939368691,1.324358976709781
67.0,256.0,129.88369750976562,-0.0373377203114786,2.682486630971601,-4.114913017838977,-3.6783634873448783,-1.9265970819780125,1.3403155553342478,-0.099168483249192,3.963433477689972,-0.4450287501643289,1.3241048847555466
67.0,256.0,129.88369750976562,-0.0379180192985064,2.682247815866732,-4.11618169808676,-3.678672127199636,-1.9243215382018104,1.341224665253827,-0.0999942253138913,3.964944788080395,-0.4445476548029366,1.3237704141458422
67.0,256.0,129.88369750976562,-0.0379024272348933,2.681548237319513,-4.1147750510204935,-3.679808883893499,-1.9248620463978097,1.3398379650494014,-0.0992112748296654,3.963017815678836,-0.4424179299426491,1.3233375186841294
67.0,256.0,129.88369750976562,-0.0386119900478477,2.682502921158186,-4.115330536104988,-3.67922120648243,-1.924454899099244,1.3398214621333258,-0.0993185791376466,3.963886887649888,-0.4432911272000954,1.323338099550023
67.0,256.0,129.88369750976562,-0.0382477403859779,2.68273101332882,-4.115921932644253,-3.677978964649831,-1.924749009834854,1.3417441945558162,-0.0989616560098664,3.9650317801400976,-0.4436610931860999,1.3237025486479133
67.0,256.0,129.88369750976562,-0.0368336824364338,2.6826832487827823,-4.114591204394081,-3.678575812548972,-1.925641460409574,1.3405690717413157,-0.0993023327242637,3.963040004737601,-0.4453726377459595,1.3228519700821009
67.0,256.0,129.88369750976562,-0.0368682580867013,2.6829220535883818,-4.115330151241876,-3.6800847775118006,-1.924143475813016,1.3403634962947215,-0.0977891263415146,3.964305456688996,-0.4434524361281761,1.323232495747224
67.0,256.0,129.88369750976562,-0.0385555590400413,2.682332051900679,-4.11561887003485,-3.678886500882304,-1.9246899936591084,1.339812599810698,-0.0990985889591814,3.964719517917539,-0.4435134565679196,1.3239478618172835
67.0,256.0,129.88369750976562,-0.0362685215543273,2.6824785535414897,-4.115228802300194,-3.679666890710486,-1.924817154336768,1.3397913112986377,-0.0984104785689082,3.965220519508229,-0.4431274438343454,1.3229101875008091
67.0,256.0,129.88369750976562,-0.0375539125029723,2.683178260371717,-4.114369649219112,-3.679430716965344,-1.9246000535494767,1.3402022966892828,-0.0991060381317665,3.964045450719317,-0.4435850165156397,1.3232991003993002
67.0,256.0,129.88369750976562,-0.0373747018816963,2.6827891322424366,-4.115831560265851,-3.678720605069845,-1.925137080380172,1.3403258327157284,-0.0988966046907536,3.963632318963182,-0.4426579316869733,1.3218509770686553
67.0,256.0,129.88369750976562,-0.0370591034729298,2.6826218239917727,-4.115266560061377,-3.679595996907135,-1.926209819046368,1.3414009745971895,-0.0987779561750726,3.964208636924238,-0.4451036432456676,1.3236569489549574
67.0,256.0,129.88369750976562,-0.0391015901040685,2.6832066369908216,-4.11469770047713,-3.680059309122311,-1.9260168474946973,1.3411719572718803,-0.0990887163406583,3.963894911594921,-0.4433537251091182,1.3222977704533132
67.0,256.0,129.88369750976562,-0.0371238674580442,2.6828863163114574,-4.116450644235016,-3.678852193219088,-1.9245006772364748,1.340853961483298,-0.1003745299408251,3.96483297132265,-0.4438758320633198,1.32253467512871
67.0,256.0,129.88369750976562,-0.0387529514039979,2.682332987600346,-4.114907536737543,-3.6795098013530296,-1.9263257462158496,1.3407473142017434,-0.0999818312495976,3.964815872089346,-0.4437279455012012,1.3221885533632094
67.0,256.0,129.88369750976562,-0.0385026246801999,2.681902136710416,-4.116577281202409,-3.680540846948508,-1.92433206385908,1.3402460540770993,-0.099126385258616,3.9633692913641982,-0.4437405342625667,1.3232985721522927
67.0,257.0,129.88369750976562,-0.0372763731490363,2.6826167704504225,-4.114823442455658,-3.6783468022659607,-1.9261520268860424,1.3403612303406105,-0.0998002543669788,3.963755631935773,-0.4432836224847902,1.323920551784124
67.0,257.0,129.88369750976562,-0.0386144815276365,2.682602177420531,-4.114692785083619,-3.6782825809630206,-1.925857278402108,1.3408475275948784,-0.0997619686173913,3.964034353113425,-0.4420803106852294,1.323383683790692
67.0,257.0,129.88369750976562,-0.0384255196221009,2.6828457518910365,-4.115229419906435,-3.678280070499364,-1.9241863635424368,1.340197132733122,-0.0989346872452995,3.965045366748188,-0.4436973324717846,1.3237061726352286
67.0,257.0,129.88369750976562,-0.0374477628801099,2.682657028303648,-4.114838900894199,-3.678870043592088,-1.9251837276112644,1.3405201841317955,-0.0987901150784344,3.964675583138253,-0.4423633760043502,1.3238448057713843
67.0,257.0,129.88369750976562,-0.0382635524696136,2.682419967614642,-4.114786126384205,-3.679311634560755,-1.925978686292598,1.3411333845684037,-0.0987597980305496,3.9641414728433215,-0.4424791061193618,1.320928414315454
67.0,257.0,129.88369750976562,-0.0384394284723971,2.682975909148543,-4.114785849651962,-3.679239009035948,-1.9244454601702328,1.3399968271028857,-0.0992974966139006,3.9634126109169294,-0.4438348749963561,1.323728487499586
67.0,257.0,129.88369750976562,-0.0375151009923383,2.6815405326175563,-4.11492126820321,-3.678696413336605,-1.9248538354858755,1.3399425126041962,-0.0987835979778907,3.963714046279793,-0.4446811609730565,1.323395357397754
67.0,257.0,129.88369750976562,-0.0377454066103169,2.6825043046280004,-4.114788089707397,-3.679652743106941,-1.9244710726958925,1.340134709603629,-0.1004671214614538,3.9636188560680137,-0.4424447477359667,1.3231665976907154
67.0,257.0,129.88369750976562,-0.0364954623203145,2.682236998039043,-4.1151194879360045,-3.678349310488348,-1.9266135679514724,1.3402469514634694,-0.0997973225445006,3.96391029317396,-0.4446940722613329,1.3226826898546231
67.0,257.0,129.88369750976562,-0.0383554438796345,2.6837078456050074,-4.1148397309375175,-3.6796427651577615,-1.925935618093105,1.3413987342605571,-0.0995517511654577,3.963735392106942,-0.4447510661004394,1.3223569690262462
67.0,257.0,129.88369750976562,-0.0374471514184957,2.6830290313127803,-4.114093649499316,-3.679834210451842,-1.924097479454128,1.3403730799535918,-0.0989693227775162,3.9646815998637,-0.4441470635204132,1.3235251103658887
67.0,257.0,129.88369750976562,-0.0382710782515905,2.682893249029939,-4.115279657961465,-3.6792257495786993,-1.924598940320268,1.340114582927606,-0.0982937747407807,3.963413311773425,-0.4438361054294831,1.3238186492275428
67.0,257.0,129.88369750976562,-0.0386767940782647,2.6825724445294745,-4.114978013222114,-3.6803825219341575,-1.925471672712967,1.340026883894302,-0.1000383970307691,3.965015974768844,-0.4424138905121658,1.3231790020943524
67.0,257.0,129.88369750976562,-0.0386743878574695,2.682514171969066,-4.114506661615946,-3.679438333994672,-1.9243521442453364,1.339783745789752,-0.0992489063510318,3.963839175972056,-0.4434921678817331,1.3240327725928551
67.0,257.0,129.88369750976562,-0.0378622370720957,2.681968301780857,-4.11483420834631,-3.6800866107675727,-1.924030423868726,1.3402908182460136,-0.0994770964367983,3.9636342318458793,-0.4433138246954711,1.324016149664466
67.0,257.0,129.88369750976562,-0.038409736125438,2.683223324443615,-4.114847609240932,-3.679415568245977,-1.9254956460903945,1.339956890140793,-0.0993767820110977,3.96545346379171,-0.4440833734044859,1.3235641918682983
67.0,257.0,129.88369750976562,-0.0365283721779428,2.6821798842695697,-4.11603441881068,-3.679486054107372,-1.9251379515389608,1.3405617104052885,-0.1002226474128503,3.96390962240616,-0.4420402715724512,1.3236767237550735
67.0,257.0,129.88369750976562,-0.0364397398083592,2.6825071178585005,-4.115088219917484,-3.67970139592296,-1.9261702671341336,1.340268587447146,-0.1007867068112726,3.963668351548983,-0.4431968561648036,1.323600593218882
67.0,257.0,129.88369750976562,-0.0383216637770437,2.6825741157856324,-4.114967170153109,-3.6780063208760607,-1.924454085840296,1.3404595116488414,-0.099584917212826,3.9638032536282113,-0.4437830930453497,1.3237113962040006
67.0,257.0,129.88369750976562,-0.0379767604336877,2.680744641094622,-4.114477853527157,-3.6801701846835897,-1.924400799866619,1.3404674448137248,-0.0999418297218291,3.9646977554076215,-0.4444012423801128,1.3236911002911962
67.0,257.0,129.88369750976562,-0.0390478143195861,2.682337844354252,-4.115926773235828,-3.6795526101329856,-1.924688573970111,1.3412594732204302,-0.0998160293303123,3.963891675060848,-0.4428856325751028,1.3240663398786898
67.0,257.0,129.88369750976562,-0.0383148729229902,2.6832796999404445,-4.116294179060572,-3.6793979513078847,-1.9250865185851764,1.340689295518906,-0.0983386555168854,3.963023765613142,-0.4436402091529069,1.323783064095721
67.0,257.0,129.88369750976562,-0.0379627504806742,2.6821752792535305,-4.115112653936806,-3.679108163981376,-1.9271989799946387,1.3404670547282131,-0.0989285936155462,3.963762776092248,-0.4436037889685726,1.3234545198064809
67.0,257.0,129.88369750976562,-0.0392187524807247,2.683054261908589,-4.114922136147859,-3.6795777604845856,-1.925288325593142,1.3412020927009516,-0.0999221139832497,3.9638507441902,-0.4441360716815598,1.3240769948011513
67.0,257.0,129.88369750976562,-0.0383849644671473,2.6829565493324656,-4.1152425670406885,-3.679085536259625,-1.9245625020625792,1.3398362901102925,-0.0989136901687004,3.964908554644228,-0.4445902552466633,1.3237140521602766
67.0,257.0,129.88369750976562,-0.0381150873514049,2.682542042709517,-4.114430642239843,-3.678878579382245,-1.9244999050184943,1.3406975087022637,-0.0999938618507068,3.963198803446204,-0.4438787615061223,1.3237429493033557
67.0,257.0,129.88369750976562,-0.0356061132564945,2.682682236611596,-4.114853691872366,-3.679371797552783,-1.926117401442866,1.3402494852328133,-0.0995158924403936,3.963593572879813,-0.4432809198229624,1.3217267572875264
67.0,257.0,129.88369750976562,-0.0370319986549597,2.682141311654721,-4.11568919640137,-3.679601765843594,-1.9250876999733395,1.3398228311447469,-0.1004837490685165,3.964237534852891,-0.442657322459007,1.323574800022745
67.0,257.0,129.88369750976562,-0.0370807272260081,2.68264859514898,-4.115168223632826,-3.678252415128613,-1.9239598296335736,1.3405486072531194,-0.098422161926668,3.964345449074509,-0.4430919035377933,1.32368118639016
67.0,257.0,129.88369750976562,-0.0371588517049898,2.6805734538012,-4.114829362922763,-3.680286246949066,-1.92656536943232,1.339947151786356,-0.0988547495593402,3.9637048782995135,-0.4439045648392518,1.323849355521426
67.0,257.0,129.88369750976562,-0.0375504977495809,2.682280533818246,-4.115233018272244,-3.679761393898062,-1.925012808213688,1.3408448440508045,-0.0991535257406458,3.963799535448471,-0.4426996479812786,1.32341862225405
67.0,257.0,129.88369750976562,-0.0364782580288229,2.6818429670123987,-4.11474322378592,-3.679358600708835,-1.9243445464444973,1.3403015173573354,-0.09960695951543,3.965946662438152,-0.4428471831983755,1.3238509640840692
67.0,257.0,129.88369750976562,-0.0375050067521598,2.682394795215691,-4.114718372567042,-3.678092981168621,-1.9258440914610253,1.3400083563894525,-0.099182553119151,3.966016159885976,-0.4438312502809411,1.3218137438897066
67.0,257.0,129.88369750976562,-0.0385790505121479,2.6829151465589978,-4.114800802167872,-3.680258446862143,-1.924409893497719,1.340273682270729,-0.0988903953142273,3.964274155720028,-0.443693939368691,1.324358976709781
67.0,257.0,129.88369750976562,-0.0373377203114786,2.682486630971601,-4.114913017838977,-3.6783634873448783,-1.9265970819780125,1.3403155553342478,-0.099168483249192,3.963433477689972,-0.4450287501643289,1.3241048847555466
67.0,257.0,129.88369750976562,-0.0379180192985064,2.682247815866732,-4.11618169808676,-3.678672127199636,-1.9243215382018104,1.341224665253827,-0.0999942253138913,3.964944788080395,-0.4445476548029366,1.3237704141458422
67.0,257.0,129.88369750976562,-0.0379024272348933,2.681548237319513,-4.1147750510204935,-3.679808883893499,-1.9248620463978097,1.3398379650494014,-0.0992112748296654,3.963017815678836,-0.4424179299426491,1.3233375186841294
67.0,257.0,129.88369750976562,-0.0386119900478477,2.682502921158186,-4.115330536104988,-3.67922120648243,-1.924454899099244,1.3398214621333258,-0.0993185791376466,3.963886887649888,-0.4432911272000954,1.323338099550023
67.0,257.0,129.88369750976562,-0.0382477403859779,2.68273101332882,-4.115921932644253,-3.677978964649831,-1.924749009834854,1.3417441945558162,-0.0989616560098664,3.9650317801400976,-0.4436610931860999,1.3237025486479133
67.0,257.0,129.88369750976562,-0.0368336824364338,2.6826832487827823,-4.114591204394081,-3.678575812548972,-1.925641460409574,1.3405690717413157,-0.0993023327242637,3.963040004737601,-0.4453726377459595,1.3228519700821009
67.0,257.0,129.88369750976562,-0.0368682580867013,2.6829220535883818,-4.115330151241876,-3.6800847775118006,-1.924143475813016,1.3403634962947215,-0.0977891263415146,3.964305456688996,-0.4434524361281761,1.323232495747224
67.0,257.0,129.88369750976562,-0.0385555590400413,2.682332051900679,-4.11561887003485,-3.678886500882304,-1.9246899936591084,1.339812599810698,-0.0990985889591814,3.964719517917539,-0.4435134565679196,1.3239478618172835
67.0,257.0,129.88369750976562,-0.0362685215543273,2.6824785535414897,-4.115228802300194,-3.679666890710486,-1.924817154336768,1.3397913112986377,-0.0984104785689082,3.965220519508229,-0.4431274438343454,1.3229101875008091
67.0,257.0,129.88369750976562,-0.0375539125029723,2.683178260371717,-4.114369649219112,-3.679430716965344,-1.9246000535494767,1.3402022966892828,-0.0991060381317665,3.964045450719317,-0.4435850165156397,1.3232991003993002
67.0,257.0,129.88369750976562,-0.0373747018816963,2.6827891322424366,-4.115831560265851,-3.678720605069845,-1.925137080380172,1.3403258327157284,-0.0988966046907536,3.963632318963182,-0.4426579316869733,1.3218509770686553
67.0,257.0,129.88369750976562,-0.0370591034729298,2.6826218239917727,-4.115266560061377,-3.679595996907135,-1.926209819046368,1.3414009745971895,-0.0987779561750726,3.964208636924238,-0.4451036432456676,1.3236569489549574
67.0,257.0,129.88369750976562,-0.0391015901040685,2.6832066369908216,-4.11469770047713,-3.680059309122311,-1.9260168474946973,1.3411719572718803,-0.0990887163406583,3.963894911594921,-0.4433537251091182,1.3222977704533132
67.0,257.0,129.88369750976562,-0.0371238674580442,2.6828863163114574,-4.116450644235016,-3.678852193219088,-1.9245006772364748,1.340853961483298,-0.1003745299408251,3.96483297132265,-0.4438758320633198,1.32253467512871
67.0,257.0,129.88369750976562,-0.0387529514039979,2.682332987600346,-4.114907536737543,-3.6795098013530296,-1.9263257462158496,1.3407473142017434,-0.0999818312495976,3.964815872089346,-0.4437279455012012,1.3221885533632094
67.0,257.0,129.88369750976562,-0.0385026246801999,2.681902136710416,-4.116577281202409,-3.680540846948508,-1.92433206385908,1.3402460540770993,-0.099126385258616,3.9633692913641982,-0.4437405342625667,1.3232985721522927
67.0,258.0,129.88369750976562,-0.0372763731490363,2.6826167704504225,-4.114823442455658,-3.6783468022659607,-1.9261520268860424,1.3403612303406105,-0.0998002543669788,3.963755631935773,-0.4432836224847902,1.323920551784124
67.0,258.0,129.88369750976562,-0.0386144815276365,2.682602177420531,-4.114692785083619,-3.6782825809630206,-1.925857278402108,1.3408475275948784,-0.0997619686173913,3.964034353113425,-0.4420803106852294,1.323383683790692
67.0,258.0,129.88369750976562,-0.0384255196221009,2.6828457518910365,-4.115229419906435,-3.678280070499364,-1.9241863635424368,1.340197132733122,-0.0989346872452995,3.965045366748188,-0.4436973324717846,1.3237061726352286
67.0,258.0,129.88369750976562,-0.0374477628801099,2.682657028303648,-4.114838900894199,-3.678870043592088,-1.9251837276112644,1.3405201841317955,-0.0987901150784344,3.964675583138253,-0.4423633760043502,1.3238448057713843
67.0,258.0,129.88369750976562,-0.0382635524696136,2.682419967614642,-4.114786126384205,-3.679311634560755,-1.925978686292598,1.3411333845684037,-0.0987597980305496,3.9641414728433215,-0.4424791061193618,1.320928414315454
67.0,258.0,129.88369750976562,-0.0384394284723971,2.682975909148543,-4.114785849651962,-3.679239009035948,-1.9244454601702328,1.3399968271028857,-0.0992974966139006,3.9634126109169294,-0.4438348749963561,1.323728487499586
67.0,258.0,129.88369750976562,-0.0375151009923383,2.6815405326175563,-4.11492126820321,-3.678696413336605,-1.9248538354858755,1.3399425126041962,-0.0987835979778907,3.963714046279793,-0.4446811609730565,1.323395357397754
67.0,258.0,129.88369750976562,-0.0377454066103169,2.6825043046280004,-4.114788089707397,-3.679652743106941,-1.9244710726958925,1.340134709603629,-0.1004671214614538,3.9636188560680137,-0.4424447477359667,1.3231665976907154
67.0,258.0,129.88369750976562,-0.0364954623203145,2.682236998039043,-4.1151194879360045,-3.678349310488348,-1.9266135679514724,1.3402469514634694,-0.0997973225445006,3.96391029317396,-0.4446940722613329,1.3226826898546231
67.0,258.0,129.88369750976562,-0.0383554438796345,2.6837078456050074,-4.1148397309375175,-3.6796427651577615,-1.925935618093105,1.3413987342605571,-0.0995517511654577,3.963735392106942,-0.4447510661004394,1.3223569690262462
67.0,258.0,129.88369750976562,-0.0374471514184957,2.6830290313127803,-4.114093649499316,-3.679834210451842,-1.924097479454128,1.3403730799535918,-0.0989693227775162,3.9646815998637,-0.4441470635204132,1.3235251103658887
67.0,258.0,129.88369750976562,-0.0382710782515905,2.682893249029939,-4.115279657961465,-3.6792257495786993,-1.924598940320268,1.340114582927606,-0.0982937747407807,3.963413311773425,-0.4438361054294831,1.3238186492275428
67.0,258.0,129.88369750976562,-0.0386767940782647,2.6825724445294745,-4.114978013222114,-3.6803825219341575,-1.925471672712967,1.340026883894302,-0.1000383970307691,3.965015974768844,-0.4424138905121658,1.3231790020943524
67.0,258.0,129.88369750976562,-0.0386743878574695,2.682514171969066,-4.114506661615946,-3.679438333994672,-1.9243521442453364,1.339783745789752,-0.0992489063510318,3.963839175972056,-0.4434921678817331,1.3240327725928551
67.0,258.0,129.88369750976562,-0.0378622370720957,2.681968301780857,-4.11483420834631,-3.6800866107675727,-1.924030423868726,1.3402908182460136,-0.0994770964367983,3.9636342318458793,-0.4433138246954711,1.324016149664466
67.0,258.0,129.88369750976562,-0.038409736125438,2.683223324443615,-4.114847609240932,-3.679415568245977,-1.9254956460903945,1.339956890140793,-0.0993767820110977,3.96545346379171,-0.4440833734044859,1.3235641918682983
67.0,258.0,129.88369750976562,-0.0365283721779428,2.6821798842695697,-4.11603441881068,-3.679486054107372,-1.9251379515389608,1.3405617104052885,-0.1002226474128503,3.96390962240616,-0.4420402715724512,1.3236767237550735
67.0,258.0,129.88369750976562,-0.0364397398083592,2.6825071178585005,-4.115088219917484,-3.67970139592296,-1.9261702671341336,1.340268587447146,-0.1007867068112726,3.963668351548983,-0.4431968561648036,1.323600593218882
67.0,258.0,129.88369750976562,-0.0383216637770437,2.6825741157856324,-4.114967170153109,-3.6780063208760607,-1.924454085840296,1.3404595116488414,-0.099584917212826,3.9638032536282113,-0.4437830930453497,1.3237113962040006
67.0,258.0,129.88369750976562,-0.0379767604336877,2.680744641094622,-4.114477853527157,-3.6801701846835897,-1.924400799866619,1.3404674448137248,-0.0999418297218291,3.9646977554076215,-0.4444012423801128,1.3236911002911962
67.0,258.0,129.88369750976562,-0.0390478143195861,2.682337844354252,-4.115926773235828,-3.6795526101329856,-1.924688573970111,1.3412594732204302,-0.0998160293303123,3.963891675060848,-0.4428856325751028,1.3240663398786898
67.0,258.0,129.88369750976562,-0.0383148729229902,2.6832796999404445,-4.116294179060572,-3.6793979513078847,-1.9250865185851764,1.340689295518906,-0.0983386555168854,3.963023765613142,-0.4436402091529069,1.323783064095721
67.0,258.0,129.88369750976562,-0.0379627504806742,2.6821752792535305,-4.115112653936806,-3.679108163981376,-1.9271989799946387,1.3404670547282131,-0.0989285936155462,3.963762776092248,-0.4436037889685726,1.3234545198064809
67.0,258.0,129.88369750976562,-0.0392187524807247,2.683054261908589,-4.114922136147859,-3.6795777604845856,-1.925288325593142,1.3412020927009516,-0.0999221139832497,3.9638507441902,-0.4441360716815598,1.3240769948011513
67.0,258.0,129.88369750976562,-0.0383849644671473,2.6829565493324656,-4.1152425670406885,-3.679085536259625,-1.9245625020625792,1.3398362901102925,-0.0989136901687004,3.964908554644228,-0.4445902552466633,1.3237140521602766
67.0,258.0,129.88369750976562,-0.0381150873514049,2.682542042709517,-4.114430642239843,-3.678878579382245,-1.9244999050184943,1.3406975087022637,-0.0999938618507068,3.963198803446204,-0.4438787615061223,1.3237429493033557
67.0,258.0,129.88369750976562,-0.0356061132564945,2.682682236611596,-4.114853691872366,-3.679371797552783,-1.926117401442866,1.3402494852328133,-0.0995158924403936,3.963593572879813,-0.4432809198229624,1.3217267572875264
67.0,258.0,129.88369750976562,-0.0370319986549597,2.682141311654721,-4.11568919640137,-3.679601765843594,-1.9250876999733395,1.3398228311447469,-0.1004837490685165,3.964237534852891,-0.442657322459007,1.323574800022745
67.0,258.0,129.88369750976562,-0.0370807272260081,2.68264859514898,-4.115168223632826,-3.678252415128613,-1.9239598296335736,1.3405486072531194,-0.098422161926668,3.964345449074509,-0.4430919035377933,1.32368118639016
67.0,258.0,129.88369750976562,-0.0371588517049898,2.6805734538012,-4.114829362922763,-3.680286246949066,-1.92656536943232,1.339947151786356,-0.0988547495593402,3.9637048782995135,-0.4439045648392518,1.323849355521426
67.0,258.0,129.88369750976562,-0.0375504977495809,2.682280533818246,-4.115233018272244,-3.679761393898062,-1.925012808213688,1.3408448440508045,-0.0991535257406458,3.963799535448471,-0.4426996479812786,1.32341862225405
67.0,258.0,129.88369750976562,-0.0364782580288229,2.6818429670123987,-4.11474322378592,-3.679358600708835,-1.9243445464444973,1.3403015173573354,-0.09960695951543,3.965946662438152,-0.4428471831983755,1.3238509640840692
67.0,258.0,129.88369750976562,-0.0375050067521598,2.682394795215691,-4.114718372567042,-3.678092981168621,-1.9258440914610253,1.3400083563894525,-0.099182553119151,3.966016159885976,-0.4438312502809411,1.3218137438897066
67.0,258.0,129.88369750976562,-0.0385790505121479,2.6829151465589978,-4.114800802167872,-3.680258446862143,-1.924409893497719,1.340273682270729,-0.0988903953142273,3.964274155720028,-0.443693939368691,1.324358976709781
67.0,258.0,129.88369750976562,-0.0373377203114786,2.682486630971601,-4.114913017838977,-3.6783634873448783,-1.9265970819780125,1.3403155553342478,-0.099168483249192,3.963433477689972,-0.4450287501643289,1.3241048847555466
67.0,258.0,129.88369750976562,-0.0379180192985064,2.682247815866732,-4.11618169808676,-3.678672127199636,-1.9243215382018104,1.341224665253827,-0.0999942253138913,3.964944788080395,-0.4445476548029366,1.3237704141458422
67.0,258.0,129.88369750976562,-0.0379024272348933,2.681548237319513,-4.1147750510204935,-3.679808883893499,-1.9248620463978097,1.3398379650494014,-0.0992112748296654,3.963017815678836,-0.4424179299426491,1.3233375186841294
67.0,258.0,129.88369750976562,-0.0386119900478477,2.682502921158186,-4.115330536104988,-3.67922120648243,-1.924454899099244,1.3398214621333258,-0.0993185791376466,3.963886887649888,-0.4432911272000954,1.323338099550023
67.0,258.0,129.88369750976562,-0.0382477403859779,2.68273101332882,-4.115921932644253,-3.677978964649831,-1.924749009834854,1.3417441945558162,-0.0989616560098664,3.9650317801400976,-0.4436610931860999,1.3237025486479133
67.0,258.0,129.88369750976562,-0.0368336824364338,2.6826832487827823,-4.114591204394081,-3.678575812548972,-1.925641460409574,1.3405690717413157,-0.0993023327242637,3.963040004737601,-0.4453726377459595,1.3228519700821009
67.0,258.0,129.88369750976562,-0.0368682580867013,2.6829220535883818,-4.115330151241876,-3.6800847775118006,-1.924143475813016,1.3403634962947215,-0.0977891263415146,3.964305456688996,-0.4434524361281761,1.323232495747224
67.0,258.0,129.88369750976562,-0.0385555590400413,2.682332051900679,-4.11561887003485,-3.678886500882304,-1.9246899936591084,1.339812599810698,-0.0990985889591814,3.964719517917539,-0.4435134565679196,1.3239478618172835
67.0,258.0,129.88369750976562,-0.0362685215543273,2.6824785535414897,-4.115228802300194,-3.679666890710486,-1.924817154336768,1.3397913112986377,-0.0984104785689082,3.965220519508229,-0.4431274438343454,1.3229101875008091
67.0,258.0,129.88369750976562,-0.0375539125029723,2.683178260371717,-4.114369649219112,-3.679430716965344,-1.9246000535494767,1.3402022966892828,-0.0991060381317665,3.964045450719317,-0.4435850165156397,1.3232991003993002
67.0,258.0,129.88369750976562,-0.0373747018816963,2.6827891322424366,-4.115831560265851,-3.678720605069845,-1.925137080380172,1.3403258327157284,-0.0988966046907536,3.963632318963182,-0.4426579316869733,1.3218509770686553
67.0,258.0,129.88369750976562,-0.0370591034729298,2.6826218239917727,-4.115266560061377,-3.679595996907135,-1.926209819046368,1.3414009745971895,-0.0987779561750726,3.964208636924238,-0.4451036432456676,1.3236569489549574
67.0,258.0,129.88369750976562,-0.0391015901040685,2.6832066369908216,-4.11469770047713,-3.680059309122311,-1.9260168474946973,1.3411719572718803,-0.0990887163406583,3.963894911594921,-0.4433537251091182,1.3222977704533132
67.0,258.0,129.88369750976562,-0.0371238674580442,2.6828863163114574,-4.116450644235016,-3.678852193219088,-1.9245006772364748,1.340853961483298,-0.1003745299408251,3.96483297132265,-0.4438758320633198,1.32253467512871
67.0,258.0,129.88369750976562,-0.0387529514039979,2.682332987600346,-4.114907536737543,-3.6795098013530296,-1.9263257462158496,1.3407473142017434,-0.0999818312495976,3.964815872089346,-0.4437279455012012,1.3221885533632094
67.0,258.0,129.88369750976562,-0.0385026246801999,2.681902136710416,-4.116577281202409,-3.680540846948508,-1.92433206385908,1.3402460540770993,-0.099126385258616,3.9633692913641982,-0.4437405342625667,1.3232985721522927
67.0,259.0,129.88369750976562,-0.0372763731490363,2.6826167704504225,-4.114823442455658,-3.6783468022659607,-1.9261520268860424,1.3403612303406105,-0.0998002543669788,3.963755631935773,-0.4432836224847902,1.323920551784124
67.0,259.0,129.88369750976562,-0.0386144815276365,2.682602177420531,-4.114692785083619,-3.6782825809630206,-1.925857278402108,1.3408475275948784,-0.0997619686173913,3.964034353113425,-0.4420803106852294,1.323383683790692
67.0,259.0,129.88369750976562,-0.0384255196221009,2.6828457518910365,-4.115229419906435,-3.678280070499364,-1.9241863635424368,1.340197132733122,-0.0989346872452995,3.965045366748188,-0.4436973324717846,1.3237061726352286
67.0,259.0,129.88369750976562,-0.0374477628801099,2.682657028303648,-4.114838900894199,-3.678870043592088,-1.9251837276112644,1.3405201841317955,-0.0987901150784344,3.964675583138253,-0.4423633760043502,1.3238448057713843
67.0,259.0,129.88369750976562,-0.0382635524696136,2.682419967614642,-4.114786126384205,-3.679311634560755,-1.925978686292598,1.3411333845684037,-0.0987597980305496,3.9641414728433215,-0.4424791061193618,1.320928414315454
67.0,259.0,129.88369750976562,-0.0384394284723971,2.682975909148543,-4.114785849651962,-3.679239009035948,-1.9244454601702328,1.3399968271028857,-0.0992974966139006,3.9634126109169294,-0.4438348749963561,1.323728487499586
67.0,259.0,129.88369750976562,-0.0375151009923383,2.6815405326175563,-4.11492126820321,-3.678696413336605,-1.9248538354858755,1.3399425126041962,-0.0987835979778907,3.963714046279793,-0.4446811609730565,1.323395357397754
67.0,259.0,129.88369750976562,-0.0377454066103169,2.6825043046280004,-4.114788089707397,-3.679652743106941,-1.9244710726958925,1.340134709603629,-0.1004671214614538,3.9636188560680137,-0.4424447477359667,1.3231665976907154
67.0,259.0,129.88369750976562,-0.0364954623203145,2.682236998039043,-4.1151194879360045,-3.678349310488348,-1.9266135679514724,1.3402469514634694,-0.0997973225445006,3.96391029317396,-0.4446940722613329,1.3226826898546231
67.0,259.0,129.88369750976562,-0.0383554438796345,2.6837078456050074,-4.1148397309375175,-3.6796427651577615,-1.925935618093105,1.3413987342605571,-0.0995517511654577,3.963735392106942,-0.4447510661004394,1.3223569690262462
67.0,259.0,129.88369750976562,-0.0374471514184957,2.6830290313127803,-4.114093649499316,-3.679834210451842,-1.924097479454128,1.3403730799535918,-0.0989693227775162,3.9646815998637,-0.4441470635204132,1.3235251103658887
67.0,259.0,129.88369750976562,-0.0382710782515905,2.682893249029939,-4.115279657961465,-3.6792257495786993,-1.924598940320268,1.340114582927606,-0.0982937747407807,3.963413311773425,-0.4438361054294831,1.3238186492275428
67.0,259.0,129.88369750976562,-0.0386767940782647,2.6825724445294745,-4.114978013222114,-3.6803825219341575,-1.925471672712967,1.340026883894302,-0.1000383970307691,3.965015974768844,-0.4424138905121658,1.3231790020943524
67.0,259.0,129.88369750976562,-0.0386743878574695,2.682514171969066,-4.114506661615946,-3.679438333994672,-1.9243521442453364,1.339783745789752,-0.0992489063510318,3.963839175972056,-0.4434921678817331,1.3240327725928551
67.0,259.0,129.88369750976562,-0.0378622370720957,2.681968301780857,-4.11483420834631,-3.6800866107675727,-1.924030423868726,1.3402908182460136,-0.0994770964367983,3.9636342318458793,-0.4433138246954711,1.324016149664466
67.0,259.0,129.88369750976562,-0.038409736125438,2.683223324443615,-4.114847609240932,-3.679415568245977,-1.9254956460903945,1.339956890140793,-0.0993767820110977,3.96545346379171,-0.4440833734044859,1.3235641918682983
67.0,259.0,129.88369750976562,-0.0365283721779428,2.6821798842695697,-4.11603441881068,-3.679486054107372,-1.9251379515389608,1.3405617104052885,-0.1002226474128503,3.96390962240616,-0.4420402715724512,1.3236767237550735
67.0,259.0,129.88369750976562,-0.0364397398083592,2.6825071178585005,-4.115088219917484,-3.67970139592296,-1.9261702671341336,1.340268587447146,-0.1007867068112726,3.963668351548983,-0.4431968561648036,1.323600593218882
67.0,259.0,129.88369750976562,-0.0383216637770437,2.6825741157856324,-4.114967170153109,-3.6780063208760607,-1.924454085840296,1.3404595116488414,-0.099584917212826,3.9638032536282113,-0.4437830930453497,1.3237113962040006
67.0,259.0,129.88369750976562,-0.0379767604336877,2.680744641094622,-4.114477853527157,-3.6801701846835897,-1.924400799866619,1.3404674448137248,-0.0999418297218291,3.9646977554076215,-0.4444012423801128,1.3236911002911962
67.0,259.0,129.88369750976562,-0.0390478143195861,2.682337844354252,-4.115926773235828,-3.6795526101329856,-1.924688573970111,1.3412594732204302,-0.0998160293303123,3.963891675060848,-0.4428856325751028,1.3240663398786898
67.0,259.0,129.88369750976562,-0.0383148729229902,2.6832796999404445,-4.116294179060572,-3.6793979513078847,-1.9250865185851764,1.340689295518906,-0.0983386555168854,3.963023765613142,-0.4436402091529069,1.323783064095721
67.0,259.0,129.88369750976562,-0.0379627504806742,2.6821752792535305,-4.115112653936806,-3.679108163981376,-1.9271989799946387,1.3404670547282131,-0.0989285936155462,3.963762776092248,-0.4436037889685726,1.3234545198064809
67.0,259.0,129.88369750976562,-0.0392187524807247,2.683054261908589,-4.114922136147859,-3.6795777604845856,-1.925288325593142,1.3412020927009516,-0.0999221139832497,3.9638507441902,-0.4441360716815598,1.3240769948011513
67.0,259.0,129.88369750976562,-0.0383849644671473,2.6829565493324656,-4.1152425670406885,-3.679085536259625,-1.9245625020625792,1.3398362901102925,-0.0989136901687004,3.964908554644228,-0.4445902552466633,1.3237140521602766
67.0,259.0,129.88369750976562,-0.0381150873514049,2.682542042709517,-4.114430642239843,-3.678878579382245,-1.9244999050184943,1.3406975087022637,-0.0999938618507068,3.963198803446204,-0.4438787615061223,1.3237429493033557
67.0,259.0,129.88369750976562,-0.0356061132564945,2.682682236611596,-4.114853691872366,-3.679371797552783,-1.926117401442866,1.3402494852328133,-0.0995158924403936,3.963593572879813,-0.4432809198229624,1.3217267572875264
67.0,259.0,129.88369750976562,-0.0370319986549597,2.682141311654721,-4.11568919640137,-3.679601765843594,-1.9250876999733395,1.3398228311447469,-0.1004837490685165,3.964237534852891,-0.442657322459007,1.323574800022745
67.0,259.0,129.88369750976562,-0.0370807272260081,2.68264859514898,-4.115168223632826,-3.678252415128613,-1.9239598296335736,1.3405486072531194,-0.098422161926668,3.964345449074509,-0.4430919035377933,1.32368118639016
67.0,259.0,129.88369750976562,-0.0371588517049898,2.6805734538012,-4.114829362922763,-3.680286246949066,-1.92656536943232,1.339947151786356,-0.0988547495593402,3.9637048782995135,-0.4439045648392518,1.323849355521426
67.0,259.0,129.88369750976562,-0.0375504977495809,2.682280533818246,-4.115233018272244,-3.679761393898062,-1.925012808213688,1.3408448440508045,-0.0991535257406458,3.963799535448471,-0.4426996479812786,1.32341862225405
67.0,259.0,129.88369750976562,-0.0364782580288229,2.6818429670123987,-4.11474322378592,-3.679358600708835,-1.9243445464444973,1.3403015173573354,-0.09960695951543,3.965946662438152,-0.4428471831983755,1.3238509640840692
67.0,259.0,129.88369750976562,-0.0375050067521598,2.682394795215691,-4.114718372567042,-3.678092981168621,-1.9258440914610253,1.3400083563894525,-0.099182553119151,3.966016159885976,-0.4438312502809411,1.3218137438897066
67.0,259.0,129.88369750976562,-0.0385790505121479,2.6829151465589978,-4.114800802167872,-3.680258446862143,-1.924409893497719,1.340273682270729,-0.0988903953142273,3.964274155720028,-0.443693939368691,1.324358976709781
67.0,259.0,129.88369750976562,-0.0373377203114786,2.682486630971601,-4.114913017838977,-3.6783634873448783,-1.9265970819780125,1.3403155553342478,-0.099168483249192,3.963433477689972,-0.4450287501643289,1.3241048847555466
67.0,259.0,129.88369750976562,-0.0379180192985064,2.682247815866732,-4.11618169808676,-3.678672127199636,-1.9243215382018104,1.341224665253827,-0.0999942253138913,3.964944788080395,-0.4445476548029366,1.3237704141458422
67.0,259.0,129.88369750976562,-0.0379024272348933,2.681548237319513,-4.1147750510204935,-3.679808883893499,-1.9248620463978097,1.3398379650494014,-0.0992112748296654,3.963017815678836,-0.4424179299426491,1.3233375186841294
67.0,259.0,129.88369750976562,-0.0386119900478477,2.682502921158186,-4.115330536104988,-3.67922120648243,-1.924454899099244,1.3398214621333258,-0.0993185791376466,3.963886887649888,-0.4432911272000954,1.323338099550023
67.0,259.0,129.88369750976562,-0.0382477403859779,2.68273101332882,-4.115921932644253,-3.677978964649831,-1.924749009834854,1.3417441945558162,-0.0989616560098664,3.9650317801400976,-0.4436610931860999,1.3237025486479133
67.0,259.0,129.88369750976562,-0.0368336824364338,2.6826832487827823,-4.114591204394081,-3.678575812548972,-1.925641460409574,1.3405690717413157,-0.0993023327242637,3.963040004737601,-0.4453726377459595,1.3228519700821009
67.0,259.0,129.88369750976562,-0.0368682580867013,2.6829220535883818,-4.115330151241876,-3.6800847775118006,-1.924143475813016,1.3403634962947215,-0.0977891263415146,3.964305456688996,-0.4434524361281761,1.323232495747224
67.0,259.0,129.88369750976562,-0.0385555590400413,2.682332051900679,-4.11561887003485,-3.678886500882304,-1.9246899936591084,1.339812599810698,-0.0990985889591814,3.964719517917539,-0.4435134565679196,1.3239478618172835
67.0,259.0,129.88369750976562,-0.0362685215543273,2.6824785535414897,-4.115228802300194,-3.679666890710486,-1.924817154336768,1.3397913112986377,-0.0984104785689082,3.965220519508229,-0.4431274438343454,1.3229101875008091
67.0,259.0,129.88369750976562,-0.0375539125029723,2.683178260371717,-4.114369649219112,-3.679430716965344,-1.9246000535494767,1.3402022966892828,-0.0991060381317665,3.964045450719317,-0.4435850165156397,1.3232991003993002
67.0,259.0,129.88369750976562,-0.0373747018816963,2.6827891322424366,-4.115831560265851,-3.678720605069845,-1.925137080380172,1.3403258327157284,-0.0988966046907536,3.963632318963182,-0.4426579316869733,1.3218509770686553
67.0,259.0,129.88369750976562,-0.0370591034729298,2.6826218239917727,-4.115266560061377,-3.679595996907135,-1.926209819046368,1.3414009745971895,-0.0987779561750726,3.964208636924238,-0.4451036432456676,1.3236569489549574
67.0,259.0,129.88369750976562,-0.0391015901040685,2.6832066369908216,-4.11469770047713,-3.680059309122311,-1.9260168474946973,1.3411719572718803,-0.0990887163406583,3.963894911594921,-0.4433537251091182,1.3222977704533132
67.0,259.0,129.88369750976562,-0.0371238674580442,2.6828863163114574,-4.116450644235016,-3.678852193219088,-1.9245006772364748,1.340853961483298,-0.1003745299408251,3.96483297132265,-0.4438758320633198,1.32253467512871
67.0,259.0,129.88369750976562,-0.0387529514039979,2.682332987600346,-4.114907536737543,-3.6795098013530296,-1.9263257462158496,1.3407473142017434,-0.0999818312495976,3.964815872089346,-0.4437279455012012,1.3221885533632094
67.0,259.0,129.88369750976562,-0.0385026246801999,2.681902136710416,-4.116577281202409,-3.680540846948508,-1.92433206385908,1.3402460540770993,-0.099126385258616,3.9633692913641982,-0.4437405342625667,1.3232985721522927
67.0,260.0,129.88369750976562,-0.0372763731490363,2.6826167704504225,-4.114823442455658,-3.6783468022659607,-1.9261520268860424,1.3403612303406105,-0.0998002543669788,3.963755631935773,-0.4432836224847902,1.323920551784124
67.0,260.0,129.88369750976562,-0.0386144815276365,2.682602177420531,-4.114692785083619,-3.6782825809630206,-1.925857278402108,1.3408475275948784,-0.0997619686173913,3.964034353113425,-0.4420803106852294,1.323383683790692
67.0,260.0,129.88369750976562,-0.0384255196221009,2.6828457518910365,-4.115229419906435,-3.678280070499364,-1.9241863635424368,1.340197132733122,-0.0989346872452995,3.965045366748188,-0.4436973324717846,1.3237061726352286
67.0,260.0,129.88369750976562,-0.0374477628801099,2.682657028303648,-4.114838900894199,-3.678870043592088,-1.9251837276112644,1.3405201841317955,-0.0987901150784344,3.964675583138253,-0.4423633760043502,1.3238448057713843
67.0,260.0,129.88369750976562,-0.0382635524696136,2.682419967614642,-4.114786126384205,-3.679311634560755,-1.925978686292598,1.3411333845684037,-0.0987597980305496,3.9641414728433215,-0.4424791061193618,1.320928414315454
67.0,260.0,129.88369750976562,-0.0384394284723971,2.682975909148543,-4.114785849651962,-3.679239009035948,-1.9244454601702328,1.3399968271028857,-0.0992974966139006,3.9634126109169294,-0.4438348749963561,1.323728487499586
67.0,260.0,129.88369750976562,-0.0375151009923383,2.6815405326175563,-4.11492126820321,-3.678696413336605,-1.9248538354858755,1.3399425126041962,-0.0987835979778907,3.963714046279793,-0.4446811609730565,1.323395357397754
67.0,260.0,129.88369750976562,-0.0377454066103169,2.6825043046280004,-4.114788089707397,-3.679652743106941,-1.9244710726958925,1.340134709603629,-0.1004671214614538,3.9636188560680137,-0.4424447477359667,1.3231665976907154
67.0,260.0,129.88369750976562,-0.0364954623203145,2.682236998039043,-4.1151194879360045,-3.678349310488348,-1.9266135679514724,1.3402469514634694,-0.0997973225445006,3.96391029317396,-0.4446940722613329,1.3226826898546231
67.0,260.0,129.88369750976562,-0.0383554438796345,2.6837078456050074,-4.1148397309375175,-3.6796427651577615,-1.925935618093105,1.3413987342605571,-0.0995517511654577,3.963735392106942,-0.4447510661004394,1.3223569690262462
67.0,260.0,129.88369750976562,-0.0374471514184957,2.6830290313127803,-4.114093649499316,-3.679834210451842,-1.924097479454128,1.3403730799535918,-0.0989693227775162,3.9646815998637,-0.4441470635204132,1.3235251103658887
67.0,260.0,129.88369750976562,-0.0382710782515905,2.682893249029939,-4.115279657961465,-3.6792257495786993,-1.924598940320268,1.340114582927606,-0.0982937747407807,3.963413311773425,-0.4438361054294831,1.3238186492275428
67.0,260.0,129.88369750976562,-0.0386767940782647,2.6825724445294745,-4.114978013222114,-3.6803825219341575,-1.925471672712967,1.340026883894302,-0.1000383970307691,3.965015974768844,-0.4424138905121658,1.3231790020943524
67.0,260.0,129.88369750976562,-0.0386743878574695,2.682514171969066,-4.114506661615946,-3.679438333994672,-1.9243521442453364,1.339783745789752,-0.0992489063510318,3.963839175972056,-0.4434921678817331,1.3240327725928551
67.0,260.0,129.88369750976562,-0.0378622370720957,2.681968301780857,-4.11483420834631,-3.6800866107675727,-1.924030423868726,1.3402908182460136,-0.0994770964367983,3.9636342318458793,-0.4433138246954711,1.324016149664466
67.0,260.0,129.88369750976562,-0.038409736125438,2.683223324443615,-4.114847609240932,-3.679415568245977,-1.9254956460903945,1.339956890140793,-0.0993767820110977,3.96545346379171,-0.4440833734044859,1.3235641918682983
67.0,260.0,129.88369750976562,-0.0365283721779428,2.6821798842695697,-4.11603441881068,-3.679486054107372,-1.9251379515389608,1.3405617104052885,-0.1002226474128503,3.96390962240616,-0.4420402715724512,1.3236767237550735
67.0,260.0,129.88369750976562,-0.0364397398083592,2.6825071178585005,-4.115088219917484,-3.67970139592296,-1.9261702671341336,1.340268587447146,-0.1007867068112726,3.963668351548983,-0.4431968561648036,1.323600593218882
67.0,260.0,129.88369750976562,-0.0383216637770437,2.6825741157856324,-4.114967170153109,-3.6780063208760607,-1.924454085840296,1.3404595116488414,-0.099584917212826,3.9638032536282113,-0.4437830930453497,1.3237113962040006
67.0,260.0,129.88369750976562,-0.0379767604336877,2.680744641094622,-4.114477853527157,-3.6801701846835897,-1.924400799866619,1.3404674448137248,-0.0999418297218291,3.9646977554076215,-0.4444012423801128,1.3236911002911962
67.0,260.0,129.88369750976562,-0.0390478143195861,2.682337844354252,-4.115926773235828,-3.6795526101329856,-1.924688573970111,1.3412594732204302,-0.0998160293303123,3.963891675060848,-0.4428856325751028,1.3240663398786898
67.0,260.0,129.88369750976562,-0.0383148729229902,2.6832796999404445,-4.116294179060572,-3.6793979513078847,-1.9250865185851764,1.340689295518906,-0.0983386555168854,3.963023765613142,-0.4436402091529069,1.323783064095721
67.0,260.0,129.88369750976562,-0.0379627504806742,2.6821752792535305,-4.115112653936806,-3.679108163981376,-1.9271989799946387,1.3404670547282131,-0.0989285936155462,3.963762776092248,-0.4436037889685726,1.3234545198064809
67.0,260.0,129.88369750976562,-0.0392187524807247,2.683054261908589,-4.114922136147859,-3.6795777604845856,-1.925288325593142,1.3412020927009516,-0.0999221139832497,3.9638507441902,-0.4441360716815598,1.3240769948011513
67.0,260.0,129.88369750976562,-0.0383849644671473,2.6829565493324656,-4.1152425670406885,-3.679085536259625,-1.9245625020625792,1.3398362901102925,-0.0989136901687004,3.964908554644228,-0.4445902552466633,1.3237140521602766
67.0,260.0,129.88369750976562,-0.0381150873514049,2.682542042709517,-4.114430642239843,-3.678878579382245,-1.9244999050184943,1.3406975087022637,-0.0999938618507068,3.963198803446204,-0.4438787615061223,1.3237429493033557
67.0,260.0,129.88369750976562,-0.0356061132564945,2.682682236611596,-4.114853691872366,-3.679371797552783,-1.926117401442866,1.3402494852328133,-0.0995158924403936,3.963593572879813,-0.4432809198229624,1.3217267572875264
67.0,260.0,129.88369750976562,-0.0370319986549597,2.682141311654721,-4.11568919640137,-3.679601765843594,-1.9250876999733395,1.3398228311447469,-0.1004837490685165,3.964237534852891,-0.442657322459007,1.323574800022745
67.0,260.0,129.88369750976562,-0.0370807272260081,2.68264859514898,-4.115168223632826,-3.678252415128613,-1.9239598296335736,1.3405486072531194,-0.098422161926668,3.964345449074509,-0.4430919035377933,1.32368118639016
67.0,260.0,129.88369750976562,-0.0371588517049898,2.6805734538012,-4.114829362922763,-3.680286246949066,-1.92656536943232,1.339947151786356,-0.0988547495593402,3.9637048782995135,-0.4439045648392518,1.323849355521426
67.0,260.0,129.88369750976562,-0.0375504977495809,2.682280533818246,-4.115233018272244,-3.679761393898062,-1.925012808213688,1.3408448440508045,-0.0991535257406458,3.963799535448471,-0.4426996479812786,1.32341862225405
67.0,260.0,129.88369750976562,-0.0364782580288229,2.6818429670123987,-4.11474322378592,-3.679358600708835,-1.9243445464444973,1.3403015173573354,-0.09960695951543,3.965946662438152,-0.4428471831983755,1.3238509640840692
67.0,260.0,129.88369750976562,-0.0375050067521598,2.682394795215691,-4.114718372567042,-3.678092981168621,-1.9258440914610253,1.3400083563894525,-0.099182553119151,3.966016159885976,-0.4438312502809411,1.3218137438897066
67.0,260.0,129.88369750976562,-0.0385790505121479,2.6829151465589978,-4.114800802167872,-3.680258446862143,-1.924409893497719,1.340273682270729,-0.0988903953142273,3.964274155720028,-0.443693939368691,1.324358976709781
67.0,260.0,129.88369750976562,-0.0373377203114786,2.682486630971601,-4.114913017838977,-3.6783634873448783,-1.9265970819780125,1.3403155553342478,-0.099168483249192,3.963433477689972,-0.4450287501643289,1.3241048847555466
67.0,260.0,129.88369750976562,-0.0379180192985064,2.682247815866732,-4.11618169808676,-3.678672127199636,-1.9243215382018104,1.341224665253827,-0.0999942253138913,3.964944788080395,-0.4445476548029366,1.3237704141458422
67.0,260.0,129.88369750976562,-0.0379024272348933,2.681548237319513,-4.1147750510204935,-3.679808883893499,-1.9248620463978097,1.3398379650494014,-0.0992112748296654,3.963017815678836,-0.4424179299426491,1.3233375186841294
67.0,260.0,129.88369750976562,-0.0386119900478477,2.682502921158186,-4.115330536104988,-3.67922120648243,-1.924454899099244,1.3398214621333258,-0.0993185791376466,3.963886887649888,-0.4432911272000954,1.323338099550023
67.0,260.0,129.88369750976562,-0.0382477403859779,2.68273101332882,-4.115921932644253,-3.677978964649831,-1.924749009834854,1.3417441945558162,-0.0989616560098664,3.9650317801400976,-0.4436610931860999,1.3237025486479133
67.0,260.0,129.88369750976562,-0.0368336824364338,2.6826832487827823,-4.114591204394081,-3.678575812548972,-1.925641460409574,1.3405690717413157,-0.0993023327242637,3.963040004737601,-0.4453726377459595,1.3228519700821009
67.0,260.0,129.88369750976562,-0.0368682580867013,2.6829220535883818,-4.115330151241876,-3.6800847775118006,-1.924143475813016,1.3403634962947215,-0.0977891263415146,3.964305456688996,-0.4434524361281761,1.323232495747224
67.0,260.0,129.88369750976562,-0.0385555590400413,2.682332051900679,-4.11561887003485,-3.678886500882304,-1.9246899936591084,1.339812599810698,-0.0990985889591814,3.964719517917539,-0.4435134565679196,1.3239478618172835
67.0,260.0,129.88369750976562,-0.0362685215543273,2.6824785535414897,-4.115228802300194,-3.679666890710486,-1.924817154336768,1.3397913112986377,-0.0984104785689082,3.965220519508229,-0.4431274438343454,1.3229101875008091
67.0,260.0,129.88369750976562,-0.0375539125029723,2.683178260371717,-4.114369649219112,-3.679430716965344,-1.9246000535494767,1.3402022966892828,-0.0991060381317665,3.964045450719317,-0.4435850165156397,1.3232991003993002
67.0,260.0,129.88369750976562,-0.0373747018816963,2.6827891322424366,-4.115831560265851,-3.678720605069845,-1.925137080380172,1.3403258327157284,-0.0988966046907536,3.963632318963182,-0.4426579316869733,1.3218509770686553
67.0,260.0,129.88369750976562,-0.0370591034729298,2.6826218239917727,-4.115266560061377,-3.679595996907135,-1.926209819046368,1.3414009745971895,-0.0987779561750726,3.964208636924238,-0.4451036432456676,1.3236569489549574
67.0,260.0,129.88369750976562,-0.0391015901040685,2.6832066369908216,-4.11469770047713,-3.680059309122311,-1.9260168474946973,1.3411719572718803,-0.0990887163406583,3.963894911594921,-0.4433537251091182,1.3222977704533132
67.0,260.0,129.88369750976562,-0.0371238674580442,2.6828863163114574,-4.116450644235016,-3.678852193219088,-1.9245006772364748,1.340853961483298,-0.1003745299408251,3.96483297132265,-0.4438758320633198,1.32253467512871
67.0,260.0,129.88369750976562,-0.0387529514039979,2.682332987600346,-4.114907536737543,-3.6795098013530296,-1.9263257462158496,1.3407473142017434,-0.0999818312495976,3.964815872089346,-0.4437279455012012,1.3221885533632094
67.0,260.0,129.88369750976562,-0.0385026246801999,2.681902136710416,-4.116577281202409,-3.680540846948508,-1.92433206385908,1.3402460540770993,-0.099126385258616,3.9633692913641982,-0.4437405342625667,1.3232985721522927
67.0,261.0,129.88369750976562,-0.0372763731490363,2.6826167704504225,-4.114823442455658,-3.6783468022659607,-1.9261520268860424,1.3403612303406105,-0.0998002543669788,3.963755631935773,-0.4432836224847902,1.323920551784124
67.0,261.0,129.88369750976562,-0.0386144815276365,2.682602177420531,-4.114692785083619,-3.6782825809630206,-1.925857278402108,1.3408475275948784,-0.0997619686173913,3.964034353113425,-0.4420803106852294,1.323383683790692
67.0,261.0,129.88369750976562,-0.0384255196221009,2.6828457518910365,-4.115229419906435,-3.678280070499364,-1.9241863635424368,1.340197132733122,-0.0989346872452995,3.965045366748188,-0.4436973324717846,1.3237061726352286
67.0,261.0,129.88369750976562,-0.0374477628801099,2.682657028303648,-4.114838900894199,-3.678870043592088,-1.9251837276112644,1.3405201841317955,-0.0987901150784344,3.964675583138253,-0.4423633760043502,1.3238448057713843
67.0,261.0,129.88369750976562,-0.0382635524696136,2.682419967614642,-4.114786126384205,-3.679311634560755,-1.925978686292598,1.3411333845684037,-0.0987597980305496,3.9641414728433215,-0.4424791061193618,1.320928414315454
67.0,261.0,129.88369750976562,-0.0384394284723971,2.682975909148543,-4.114785849651962,-3.679239009035948,-1.9244454601702328,1.3399968271028857,-0.0992974966139006,3.9634126109169294,-0.4438348749963561,1.323728487499586
67.0,261.0,129.88369750976562,-0.0375151009923383,2.6815405326175563,-4.11492126820321,-3.678696413336605,-1.9248538354858755,1.3399425126041962,-0.0987835979778907,3.963714046279793,-0.4446811609730565,1.323395357397754
67.0,261.0,129.88369750976562,-0.0377454066103169,2.6825043046280004,-4.114788089707397,-3.679652743106941,-1.9244710726958925,1.340134709603629,-0.1004671214614538,3.9636188560680137,-0.4424447477359667,1.3231665976907154
67.0,261.0,129.88369750976562,-0.0364954623203145,2.682236998039043,-4.1151194879360045,-3.678349310488348,-1.9266135679514724,1.3402469514634694,-0.0997973225445006,3.96391029317396,-0.4446940722613329,1.3226826898546231
67.0,261.0,129.88369750976562,-0.0383554438796345,2.6837078456050074,-4.1148397309375175,-3.6796427651577615,-1.925935618093105,1.3413987342605571,-0.0995517511654577,3.963735392106942,-0.4447510661004394,1.3223569690262462
67.0,261.0,129.88369750976562,-0.0374471514184957,2.6830290313127803,-4.114093649499316,-3.679834210451842,-1.924097479454128,1.3403730799535918,-0.0989693227775162,3.9646815998637,-0.4441470635204132,1.3235251103658887
67.0,261.0,129.88369750976562,-0.0382710782515905,2.682893249029939,-4.115279657961465,-3.6792257495786993,-1.924598940320268,1.340114582927606,-0.0982937747407807,3.963413311773425,-0.4438361054294831,1.3238186492275428
67.0,261.0,129.88369750976562,-0.0386767940782647,2.6825724445294745,-4.114978013222114,-3.6803825219341575,-1.925471672712967,1.340026883894302,-0.1000383970307691,3.965015974768844,-0.4424138905121658,1.3231790020943524
67.0,261.0,129.88369750976562,-0.0386743878574695,2.682514171969066,-4.114506661615946,-3.679438333994672,-1.9243521442453364,1.339783745789752,-0.0992489063510318,3.963839175972056,-0.4434921678817331,1.3240327725928551
67.0,261.0,129.88369750976562,-0.0378622370720957,2.681968301780857,-4.11483420834631,-3.6800866107675727,-1.924030423868726,1.3402908182460136,-0.0994770964367983,3.9636342318458793,-0.4433138246954711,1.324016149664466
67.0,261.0,129.88369750976562,-0.038409736125438,2.683223324443615,-4.114847609240932,-3.679415568245977,-1.9254956460903945,1.339956890140793,-0.0993767820110977,3.96545346379171,-0.4440833734044859,1.3235641918682983
67.0,261.0,129.88369750976562,-0.0365283721779428,2.6821798842695697,-4.11603441881068,-3.679486054107372,-1.9251379515389608,1.3405617104052885,-0.1002226474128503,3.96390962240616,-0.4420402715724512,1.3236767237550735
67.0,261.0,129.88369750976562,-0.0364397398083592,2.6825071178585005,-4.115088219917484,-3.67970139592296,-1.9261702671341336,1.340268587447146,-0.1007867068112726,3.963668351548983,-0.4431968561648036,1.323600593218882
67.0,261.0,129.88369750976562,-0.0383216637770437,2.6825741157856324,-4.114967170153109,-3.6780063208760607,-1.924454085840296,1.3404595116488414,-0.099584917212826,3.9638032536282113,-0.4437830930453497,1.3237113962040006
67.0,261.0,129.88369750976562,-0.0379767604336877,2.680744641094622,-4.114477853527157,-3.6801701846835897,-1.924400799866619,1.3404674448137248,-0.0999418297218291,3.9646977554076215,-0.4444012423801128,1.3236911002911962
67.0,261.0,129.88369750976562,-0.0390478143195861,2.682337844354252,-4.115926773235828,-3.6795526101329856,-1.924688573970111,1.3412594732204302,-0.0998160293303123,3.963891675060848,-0.4428856325751028,1.3240663398786898
67.0,261.0,129.88369750976562,-0.0383148729229902,2.6832796999404445,-4.116294179060572,-3.6793979513078847,-1.9250865185851764,1.340689295518906,-0.0983386555168854,3.963023765613142,-0.4436402091529069,1.323783064095721
67.0,261.0,129.88369750976562,-0.0379627504806742,2.6821752792535305,-4.115112653936806,-3.679108163981376,-1.9271989799946387,1.3404670547282131,-0.0989285936155462,3.963762776092248,-0.4436037889685726,1.3234545198064809
67.0,261.0,129.88369750976562,-0.0392187524807247,2.683054261908589,-4.114922136147859,-3.6795777604845856,-1.925288325593142,1.3412020927009516,-0.0999221139832497,3.9638507441902,-0.4441360716815598,1.3240769948011513
67.0,261.0,129.88369750976562,-0.0383849644671473,2.6829565493324656,-4.1152425670406885,-3.679085536259625,-1.9245625020625792,1.3398362901102925,-0.0989136901687004,3.964908554644228,-0.4445902552466633,1.3237140521602766
67.0,261.0,129.88369750976562,-0.0381150873514049,2.682542042709517,-4.114430642239843,-3.678878579382245,-1.9244999050184943,1.3406975087022637,-0.0999938618507068,3.963198803446204,-0.4438787615061223,1.3237429493033557
67.0,261.0,129.88369750976562,-0.0356061132564945,2.682682236611596,-4.114853691872366,-3.679371797552783,-1.926117401442866,1.3402494852328133,-0.0995158924403936,3.963593572879813,-0.4432809198229624,1.3217267572875264
67.0,261.0,129.88369750976562,-0.0370319986549597,2.682141311654721,-4.11568919640137,-3.679601765843594,-1.9250876999733395,1.3398228311447469,-0.1004837490685165,3.964237534852891,-0.442657322459007,1.323574800022745
67.0,261.0,129.88369750976562,-0.0370807272260081,2.68264859514898,-4.115168223632826,-3.678252415128613,-1.9239598296335736,1.3405486072531194,-0.098422161926668,3.964345449074509,-0.4430919035377933,1.32368118639016
67.0,261.0,129.88369750976562,-0.0371588517049898,2.6805734538012,-4.114829362922763,-3.680286246949066,-1.92656536943232,1.339947151786356,-0.0988547495593402,3.9637048782995135,-0.4439045648392518,1.323849355521426
67.0,261.0,129.88369750976562,-0.0375504977495809,2.682280533818246,-4.115233018272244,-3.679761393898062,-1.925012808213688,1.3408448440508045,-0.0991535257406458,3.963799535448471,-0.4426996479812786,1.32341862225405
67.0,261.0,129.88369750976562,-0.0364782580288229,2.6818429670123987,-4.11474322378592,-3.679358600708835,-1.9243445464444973,1.3403015173573354,-0.09960695951543,3.965946662438152,-0.4428471831983755,1.3238509640840692
67.0,261.0,129.88369750976562,-0.0375050067521598,2.682394795215691,-4.114718372567042,-3.678092981168621,-1.9258440914610253,1.3400083563894525,-0.099182553119151,3.966016159885976,-0.4438312502809411,1.3218137438897066
67.0,261.0,129.88369750976562,-0.0385790505121479,2.6829151465589978,-4.114800802167872,-3.680258446862143,-1.924409893497719,1.340273682270729,-0.0988903953142273,3.964274155720028,-0.443693939368691,1.324358976709781
67.0,261.0,129.88369750976562,-0.0373377203114786,2.682486630971601,-4.114913017838977,-3.6783634873448783,-1.9265970819780125,1.3403155553342478,-0.099168483249192,3.963433477689972,-0.4450287501643289,1.3241048847555466
67.0,261.0,129.88369750976562,-0.0379180192985064,2.682247815866732,-4.11618169808676,-3.678672127199636,-1.9243215382018104,1.341224665253827,-0.0999942253138913,3.964944788080395,-0.4445476548029366,1.3237704141458422
67.0,261.0,129.88369750976562,-0.0379024272348933,2.681548237319513,-4.1147750510204935,-3.679808883893499,-1.9248620463978097,1.3398379650494014,-0.0992112748296654,3.963017815678836,-0.4424179299426491,1.3233375186841294
67.0,261.0,129.88369750976562,-0.0386119900478477,2.682502921158186,-4.115330536104988,-3.67922120648243,-1.924454899099244,1.3398214621333258,-0.0993185791376466,3.963886887649888,-0.4432911272000954,1.323338099550023
67.0,261.0,129.88369750976562,-0.0382477403859779,2.68273101332882,-4.115921932644253,-3.677978964649831,-1.924749009834854,1.3417441945558162,-0.0989616560098664,3.9650317801400976,-0.4436610931860999,1.3237025486479133
67.0,261.0,129.88369750976562,-0.0368336824364338,2.6826832487827823,-4.114591204394081,-3.678575812548972,-1.925641460409574,1.3405690717413157,-0.0993023327242637,3.963040004737601,-0.4453726377459595,1.3228519700821009
67.0,261.0,129.88369750976562,-0.0368682580867013,2.6829220535883818,-4.115330151241876,-3.6800847775118006,-1.924143475813016,1.3403634962947215,-0.0977891263415146,3.964305456688996,-0.4434524361281761,1.323232495747224
67.0,261.0,129.88369750976562,-0.0385555590400413,2.682332051900679,-4.11561887003485,-3.678886500882304,-1.9246899936591084,1.339812599810698,-0.0990985889591814,3.964719517917539,-0.4435134565679196,1.3239478618172835
67.0,261.0,129.88369750976562,-0.0362685215543273,2.6824785535414897,-4.115228802300194,-3.679666890710486,-1.924817154336768,1.3397913112986377,-0.0984104785689082,3.965220519508229,-0.4431274438343454,1.3229101875008091
67.0,261.0,129.88369750976562,-0.0375539125029723,2.683178260371717,-4.114369649219112,-3.679430716965344,-1.9246000535494767,1.3402022966892828,-0.0991060381317665,3.964045450719317,-0.4435850165156397,1.3232991003993002
67.0,261.0,129.88369750976562,-0.0373747018816963,2.6827891322424366,-4.115831560265851,-3.678720605069845,-1.925137080380172,1.3403258327157284,-0.0988966046907536,3.963632318963182,-0.4426579316869733,1.3218509770686553
67.0,261.0,129.88369750976562,-0.0370591034729298,2.6826218239917727,-4.115266560061377,-3.679595996907135,-1.926209819046368,1.3414009745971895,-0.0987779561750726,3.964208636924238,-0.4451036432456676,1.3236569489549574
67.0,261.0,129.88369750976562,-0.0391015901040685,2.6832066369908216,-4.11469770047713,-3.680059309122311,-1.9260168474946973,1.3411719572718803,-0.0990887163406583,3.963894911594921,-0.4433537251091182,1.3222977704533132
67.0,261.0,129.88369750976562,-0.0371238674580442,2.6828863163114574,-4.116450644235016,-3.678852193219088,-1.9245006772364748,1.340853961483298,-0.1003745299408251,3.96483297132265,-0.4438758320633198,1.32253467512871
67.0,261.0,129.88369750976562,-0.0387529514039979,2.682332987600346,-4.114907536737543,-3.6795098013530296,-1.9263257462158496,1.3407473142017434,-0.0999818312495976,3.964815872089346,-0.4437279455012012,1.3221885533632094
67.0,261.0,129.88369750976562,-0.0385026246801999,2.681902136710416,-4.116577281202409,-3.680540846948508,-1.92433206385908,1.3402460540770993,-0.099126385258616,3.9633692913641982,-0.4437405342625667,1.3232985721522927
67.0,262.0,129.88369750976562,-0.0372763731490363,2.6826167704504225,-4.114823442455658,-3.6783468022659607,-1.9261520268860424,1.3403612303406105,-0.0998002543669788,3.963755631935773,-0.4432836224847902,1.323920551784124
67.0,262.0,129.88369750976562,-0.0386144815276365,2.682602177420531,-4.114692785083619,-3.6782825809630206,-1.925857278402108,1.3408475275948784,-0.0997619686173913,3.964034353113425,-0.4420803106852294,1.323383683790692
67.0,262.0,129.88369750976562,-0.0384255196221009,2.6828457518910365,-4.115229419906435,-3.678280070499364,-1.9241863635424368,1.340197132733122,-0.0989346872452995,3.965045366748188,-0.4436973324717846,1.3237061726352286
67.0,262.0,129.88369750976562,-0.0374477628801099,2.682657028303648,-4.114838900894199,-3.678870043592088,-1.9251837276112644,1.3405201841317955,-0.0987901150784344,3.964675583138253,-0.4423633760043502,1.3238448057713843
67.0,262.0,129.88369750976562,-0.0382635524696136,2.682419967614642,-4.114786126384205,-3.679311634560755,-1.925978686292598,1.3411333845684037,-0.0987597980305496,3.9641414728433215,-0.4424791061193618,1.320928414315454
67.0,262.0,129.88369750976562,-0.0384394284723971,2.682975909148543,-4.114785849651962,-3.679239009035948,-1.9244454601702328,1.3399968271028857,-0.0992974966139006,3.9634126109169294,-0.4438348749963561,1.323728487499586
67.0,262.0,129.88369750976562,-0.0375151009923383,2.6815405326175563,-4.11492126820321,-3.678696413336605,-1.9248538354858755,1.3399425126041962,-0.0987835979778907,3.963714046279793,-0.4446811609730565,1.323395357397754
67.0,262.0,129.88369750976562,-0.0377454066103169,2.6825043046280004,-4.114788089707397,-3.679652743106941,-1.9244710726958925,1.340134709603629,-0.1004671214614538,3.9636188560680137,-0.4424447477359667,1.3231665976907154
67.0,262.0,129.88369750976562,-0.0364954623203145,2.682236998039043,-4.1151194879360045,-3.678349310488348,-1.9266135679514724,1.3402469514634694,-0.0997973225445006,3.96391029317396,-0.4446940722613329,1.3226826898546231
67.0,262.0,129.88369750976562,-0.0383554438796345,2.6837078456050074,-4.1148397309375175,-3.6796427651577615,-1.925935618093105,1.3413987342605571,-0.0995517511654577,3.963735392106942,-0.4447510661004394,1.3223569690262462
67.0,262.0,129.88369750976562,-0.0374471514184957,2.6830290313127803,-4.114093649499316,-3.679834210451842,-1.924097479454128,1.3403730799535918,-0.0989693227775162,3.9646815998637,-0.4441470635204132,1.3235251103658887
67.0,262.0,129.88369750976562,-0.0382710782515905,2.682893249029939,-4.115279657961465,-3.6792257495786993,-1.924598940320268,1.340114582927606,-0.0982937747407807,3.963413311773425,-0.4438361054294831,1.3238186492275428
67.0,262.0,129.88369750976562,-0.0386767940782647,2.6825724445294745,-4.114978013222114,-3.6803825219341575,-1.925471672712967,1.340026883894302,-0.1000383970307691,3.965015974768844,-0.4424138905121658,1.3231790020943524
67.0,262.0,129.88369750976562,-0.0386743878574695,2.682514171969066,-4.114506661615946,-3.679438333994672,-1.9243521442453364,1.339783745789752,-0.0992489063510318,3.963839175972056,-0.4434921678817331,1.3240327725928551
67.0,262.0,129.88369750976562,-0.0378622370720957,2.681968301780857,-4.11483420834631,-3.6800866107675727,-1.924030423868726,1.3402908182460136,-0.0994770964367983,3.9636342318458793,-0.4433138246954711,1.324016149664466
67.0,262.0,129.88369750976562,-0.038409736125438,2.683223324443615,-4.114847609240932,-3.679415568245977,-1.9254956460903945,1.339956890140793,-0.0993767820110977,3.96545346379171,-0.4440833734044859,1.3235641918682983
67.0,262.0,129.88369750976562,-0.0365283721779428,2.6821798842695697,-4.11603441881068,-3.679486054107372,-1.9251379515389608,1.3405617104052885,-0.1002226474128503,3.96390962240616,-0.4420402715724512,1.3236767237550735
67.0,262.0,129.88369750976562,-0.0364397398083592,2.6825071178585005,-4.115088219917484,-3.67970139592296,-1.9261702671341336,1.340268587447146,-0.1007867068112726,3.963668351548983,-0.4431968561648036,1.323600593218882
67.0,262.0,129.88369750976562,-0.0383216637770437,2.6825741157856324,-4.114967170153109,-3.6780063208760607,-1.924454085840296,1.3404595116488414,-0.099584917212826,3.9638032536282113,-0.4437830930453497,1.3237113962040006
67.0,262.0,129.88369750976562,-0.0379767604336877,2.680744641094622,-4.114477853527157,-3.6801701846835897,-1.924400799866619,1.3404674448137248,-0.0999418297218291,3.9646977554076215,-0.4444012423801128,1.3236911002911962
67.0,262.0,129.88369750976562,-0.0390478143195861,2.682337844354252,-4.115926773235828,-3.6795526101329856,-1.924688573970111,1.3412594732204302,-0.0998160293303123,3.963891675060848,-0.4428856325751028,1.3240663398786898
67.0,262.0,129.88369750976562,-0.0383148729229902,2.6832796999404445,-4.116294179060572,-3.6793979513078847,-1.9250865185851764,1.340689295518906,-0.0983386555168854,3.963023765613142,-0.4436402091529069,1.323783064095721
67.0,262.0,129.88369750976562,-0.0379627504806742,2.6821752792535305,-4.115112653936806,-3.679108163981376,-1.9271989799946387,1.3404670547282131,-0.0989285936155462,3.963762776092248,-0.4436037889685726,1.3234545198064809
67.0,262.0,129.88369750976562,-0.0392187524807247,2.683054261908589,-4.114922136147859,-3.6795777604845856,-1.925288325593142,1.3412020927009516,-0.0999221139832497,3.9638507441902,-0.4441360716815598,1.3240769948011513
67.0,262.0,129.88369750976562,-0.0383849644671473,2.6829565493324656,-4.1152425670406885,-3.679085536259625,-1.9245625020625792,1.3398362901102925,-0.0989136901687004,3.964908554644228,-0.4445902552466633,1.3237140521602766
67.0,262.0,129.88369750976562,-0.0381150873514049,2.682542042709517,-4.114430642239843,-3.678878579382245,-1.9244999050184943,1.3406975087022637,-0.0999938618507068,3.963198803446204,-0.4438787615061223,1.3237429493033557
67.0,262.0,129.88369750976562,-0.0356061132564945,2.682682236611596,-4.114853691872366,-3.679371797552783,-1.926117401442866,1.3402494852328133,-0.0995158924403936,3.963593572879813,-0.4432809198229624,1.3217267572875264
67.0,262.0,129.88369750976562,-0.0370319986549597,2.682141311654721,-4.11568919640137,-3.679601765843594,-1.9250876999733395,1.3398228311447469,-0.1004837490685165,3.964237534852891,-0.442657322459007,1.323574800022745
67.0,262.0,129.88369750976562,-0.0370807272260081,2.68264859514898,-4.115168223632826,-3.678252415128613,-1.9239598296335736,1.3405486072531194,-0.098422161926668,3.964345449074509,-0.4430919035377933,1.32368118639016
67.0,262.0,129.88369750976562,-0.0371588517049898,2.6805734538012,-4.114829362922763,-3.680286246949066,-1.92656536943232,1.339947151786356,-0.0988547495593402,3.9637048782995135,-0.4439045648392518,1.323849355521426
67.0,262.0,129.88369750976562,-0.0375504977495809,2.682280533818246,-4.115233018272244,-3.679761393898062,-1.925012808213688,1.3408448440508045,-0.0991535257406458,3.963799535448471,-0.4426996479812786,1.32341862225405
67.0,262.0,129.88369750976562,-0.0364782580288229,2.6818429670123987,-4.11474322378592,-3.679358600708835,-1.9243445464444973,1.3403015173573354,-0.09960695951543,3.965946662438152,-0.4428471831983755,1.3238509640840692
67.0,262.0,129.88369750976562,-0.0375050067521598,2.682394795215691,-4.114718372567042,-3.678092981168621,-1.9258440914610253,1.3400083563894525,-0.099182553119151,3.966016159885976,-0.4438312502809411,1.3218137438897066
67.0,262.0,129.88369750976562,-0.0385790505121479,2.6829151465589978,-4.114800802167872,-3.680258446862143,-1.924409893497719,1.340273682270729,-0.0988903953142273,3.964274155720028,-0.443693939368691,1.324358976709781
67.0,262.0,129.88369750976562,-0.0373377203114786,2.682486630971601,-4.114913017838977,-3.6783634873448783,-1.9265970819780125,1.3403155553342478,-0.099168483249192,3.963433477689972,-0.4450287501643289,1.3241048847555466
67.0,262.0,129.88369750976562,-0.0379180192985064,2.682247815866732,-4.11618169808676,-3.678672127199636,-1.9243215382018104,1.341224665253827,-0.0999942253138913,3.964944788080395,-0.4445476548029366,1.3237704141458422
67.0,262.0,129.88369750976562,-0.0379024272348933,2.681548237319513,-4.1147750510204935,-3.679808883893499,-1.9248620463978097,1.3398379650494014,-0.0992112748296654,3.963017815678836,-0.4424179299426491,1.3233375186841294
67.0,262.0,129.88369750976562,-0.0386119900478477,2.682502921158186,-4.115330536104988,-3.67922120648243,-1.924454899099244,1.3398214621333258,-0.0993185791376466,3.963886887649888,-0.4432911272000954,1.323338099550023
67.0,262.0,129.88369750976562,-0.0382477403859779,2.68273101332882,-4.115921932644253,-3.677978964649831,-1.924749009834854,1.3417441945558162,-0.0989616560098664,3.9650317801400976,-0.4436610931860999,1.3237025486479133
67.0,262.0,129.88369750976562,-0.0368336824364338,2.6826832487827823,-4.114591204394081,-3.678575812548972,-1.925641460409574,1.3405690717413157,-0.0993023327242637,3.963040004737601,-0.4453726377459595,1.3228519700821009
67.0,262.0,129.88369750976562,-0.0368682580867013,2.6829220535883818,-4.115330151241876,-3.6800847775118006,-1.924143475813016,1.3403634962947215,-0.0977891263415146,3.964305456688996,-0.4434524361281761,1.323232495747224
67.0,262.0,129.88369750976562,-0.0385555590400413,2.682332051900679,-4.11561887003485,-3.678886500882304,-1.9246899936591084,1.339812599810698,-0.0990985889591814,3.964719517917539,-0.4435134565679196,1.3239478618172835
67.0,262.0,129.88369750976562,-0.0362685215543273,2.6824785535414897,-4.115228802300194,-3.679666890710486,-1.924817154336768,1.3397913112986377,-0.0984104785689082,3.965220519508229,-0.4431274438343454,1.3229101875008091
67.0,262.0,129.88369750976562,-0.0375539125029723,2.683178260371717,-4.114369649219112,-3.679430716965344,-1.9246000535494767,1.3402022966892828,-0.0991060381317665,3.964045450719317,-0.4435850165156397,1.3232991003993002
67.0,262.0,129.88369750976562,-0.0373747018816963,2.6827891322424366,-4.115831560265851,-3.678720605069845,-1.925137080380172,1.3403258327157284,-0.0988966046907536,3.963632318963182,-0.4426579316869733,1.3218509770686553
67.0,262.0,129.88369750976562,-0.0370591034729298,2.6826218239917727,-4.115266560061377,-3.679595996907135,-1.926209819046368,1.3414009745971895,-0.0987779561750726,3.964208636924238,-0.4451036432456676,1.3236569489549574
67.0,262.0,129.88369750976562,-0.0391015901040685,2.6832066369908216,-4.11469770047713,-3.680059309122311,-1.9260168474946973,1.3411719572718803,-0.0990887163406583,3.963894911594921,-0.4433537251091182,1.3222977704533132
67.0,262.0,129.88369750976562,-0.0371238674580442,2.6828863163114574,-4.116450644235016,-3.678852193219088,-1.9245006772364748,1.340853961483298,-0.1003745299408251,3.96483297132265,-0.4438758320633198,1.32253467512871
67.0,262.0,129.88369750976562,-0.0387529514039979,2.682332987600346,-4.114907536737543,-3.6795098013530296,-1.9263257462158496,1.3407473142017434,-0.0999818312495976,3.964815872089346,-0.4437279455012012,1.3221885533632094
67.0,262.0,129.88369750976562,-0.0385026246801999,2.681902136710416,-4.116577281202409,-3.680540846948508,-1.92433206385908,1.3402460540770993,-0.099126385258616,3.9633692913641982,-0.4437405342625667,1.3232985721522927
67.0,263.0,129.88369750976562,-0.0372763731490363,2.6826167704504225,-4.114823442455658,-3.6783468022659607,-1.9261520268860424,1.3403612303406105,-0.0998002543669788,3.963755631935773,-0.4432836224847902,1.323920551784124
67.0,263.0,129.88369750976562,-0.0386144815276365,2.682602177420531,-4.114692785083619,-3.6782825809630206,-1.925857278402108,1.3408475275948784,-0.0997619686173913,3.964034353113425,-0.4420803106852294,1.323383683790692
67.0,263.0,129.88369750976562,-0.0384255196221009,2.6828457518910365,-4.115229419906435,-3.678280070499364,-1.9241863635424368,1.340197132733122,-0.0989346872452995,3.965045366748188,-0.4436973324717846,1.3237061726352286
67.0,263.0,129.88369750976562,-0.0374477628801099,2.682657028303648,-4.114838900894199,-3.678870043592088,-1.9251837276112644,1.3405201841317955,-0.0987901150784344,3.964675583138253,-0.4423633760043502,1.3238448057713843
67.0,263.0,129.88369750976562,-0.0382635524696136,2.682419967614642,-4.114786126384205,-3.679311634560755,-1.925978686292598,1.3411333845684037,-0.0987597980305496,3.9641414728433215,-0.4424791061193618,1.320928414315454
67.0,263.0,129.88369750976562,-0.0384394284723971,2.682975909148543,-4.114785849651962,-3.679239009035948,-1.9244454601702328,1.3399968271028857,-0.0992974966139006,3.9634126109169294,-0.4438348749963561,1.323728487499586
67.0,263.0,129.88369750976562,-0.0375151009923383,2.6815405326175563,-4.11492126820321,-3.678696413336605,-1.9248538354858755,1.3399425126041962,-0.0987835979778907,3.963714046279793,-0.4446811609730565,1.323395357397754
67.0,263.0,129.88369750976562,-0.0377454066103169,2.6825043046280004,-4.114788089707397,-3.679652743106941,-1.9244710726958925,1.340134709603629,-0.1004671214614538,3.9636188560680137,-0.4424447477359667,1.3231665976907154
67.0,263.0,129.88369750976562,-0.0364954623203145,2.682236998039043,-4.1151194879360045,-3.678349310488348,-1.9266135679514724,1.3402469514634694,-0.0997973225445006,3.96391029317396,-0.4446940722613329,1.3226826898546231
67.0,263.0,129.88369750976562,-0.0383554438796345,2.6837078456050074,-4.1148397309375175,-3.6796427651577615,-1.925935618093105,1.3413987342605571,-0.0995517511654577,3.963735392106942,-0.4447510661004394,1.3223569690262462
67.0,263.0,129.88369750976562,-0.0374471514184957,2.6830290313127803,-4.114093649499316,-3.679834210451842,-1.924097479454128,1.3403730799535918,-0.0989693227775162,3.9646815998637,-0.4441470635204132,1.3235251103658887
67.0,263.0,129.88369750976562,-0.0382710782515905,2.682893249029939,-4.115279657961465,-3.6792257495786993,-1.924598940320268,1.340114582927606,-0.0982937747407807,3.963413311773425,-0.4438361054294831,1.3238186492275428
67.0,263.0,129.88369750976562,-0.0386767940782647,2.6825724445294745,-4.114978013222114,-3.6803825219341575,-1.925471672712967,1.340026883894302,-0.1000383970307691,3.965015974768844,-0.4424138905121658,1.3231790020943524
67.0,263.0,129.88369750976562,-0.0386743878574695,2.682514171969066,-4.114506661615946,-3.679438333994672,-1.9243521442453364,1.339783745789752,-0.0992489063510318,3.963839175972056,-0.4434921678817331,1.3240327725928551
67.0,263.0,129.88369750976562,-0.0378622370720957,2.681968301780857,-4.11483420834631,-3.6800866107675727,-1.924030423868726,1.3402908182460136,-0.0994770964367983,3.9636342318458793,-0.4433138246954711,1.324016149664466
67.0,263.0,129.88369750976562,-0.038409736125438,2.683223324443615,-4.114847609240932,-3.679415568245977,-1.9254956460903945,1.339956890140793,-0.0993767820110977,3.96545346379171,-0.4440833734044859,1.3235641918682983
67.0,263.0,129.88369750976562,-0.0365283721779428,2.6821798842695697,-4.11603441881068,-3.679486054107372,-1.9251379515389608,1.3405617104052885,-0.1002226474128503,3.96390962240616,-0.4420402715724512,1.3236767237550735
67.0,263.0,129.88369750976562,-0.0364397398083592,2.6825071178585005,-4.115088219917484,-3.67970139592296,-1.9261702671341336,1.340268587447146,-0.1007867068112726,3.963668351548983,-0.4431968561648036,1.323600593218882
67.0,263.0,129.88369750976562,-0.0383216637770437,2.6825741157856324,-4.114967170153109,-3.6780063208760607,-1.924454085840296,1.3404595116488414,-0.099584917212826,3.9638032536282113,-0.4437830930453497,1.3237113962040006
67.0,263.0,129.88369750976562,-0.0379767604336877,2.680744641094622,-4.114477853527157,-3.6801701846835897,-1.924400799866619,1.3404674448137248,-0.0999418297218291,3.9646977554076215,-0.4444012423801128,1.3236911002911962
67.0,263.0,129.88369750976562,-0.0390478143195861,2.682337844354252,-4.115926773235828,-3.6795526101329856,-1.924688573970111,1.3412594732204302,-0.0998160293303123,3.963891675060848,-0.4428856325751028,1.3240663398786898
67.0,263.0,129.88369750976562,-0.0383148729229902,2.6832796999404445,-4.116294179060572,-3.6793979513078847,-1.9250865185851764,1.340689295518906,-0.0983386555168854,3.963023765613142,-0.4436402091529069,1.323783064095721
67.0,263.0,129.88369750976562,-0.0379627504806742,2.6821752792535305,-4.115112653936806,-3.679108163981376,-1.9271989799946387,1.3404670547282131,-0.0989285936155462,3.963762776092248,-0.4436037889685726,1.3234545198064809
67.0,263.0,129.88369750976562,-0.0392187524807247,2.683054261908589,-4.114922136147859,-3.6795777604845856,-1.925288325593142,1.3412020927009516,-0.0999221139832497,3.9638507441902,-0.4441360716815598,1.3240769948011513
67.0,263.0,129.88369750976562,-0.0383849644671473,2.6829565493324656,-4.1152425670406885,-3.679085536259625,-1.9245625020625792,1.3398362901102925,-0.0989136901687004,3.964908554644228,-0.4445902552466633,1.3237140521602766
67.0,263.0,129.88369750976562,-0.0381150873514049,2.682542042709517,-4.114430642239843,-3.678878579382245,-1.9244999050184943,1.3406975087022637,-0.0999938618507068,3.963198803446204,-0.4438787615061223,1.3237429493033557
67.0,263.0,129.88369750976562,-0.0356061132564945,2.682682236611596,-4.114853691872366,-3.679371797552783,-1.926117401442866,1.3402494852328133,-0.0995158924403936,3.963593572879813,-0.4432809198229624,1.3217267572875264
67.0,263.0,129.88369750976562,-0.0370319986549597,2.682141311654721,-4.11568919640137,-3.679601765843594,-1.9250876999733395,1.3398228311447469,-0.1004837490685165,3.964237534852891,-0.442657322459007,1.323574800022745
67.0,263.0,129.88369750976562,-0.0370807272260081,2.68264859514898,-4.115168223632826,-3.678252415128613,-1.9239598296335736,1.3405486072531194,-0.098422161926668,3.964345449074509,-0.4430919035377933,1.32368118639016
67.0,263.0,129.88369750976562,-0.0371588517049898,2.6805734538012,-4.114829362922763,-3.680286246949066,-1.92656536943232,1.339947151786356,-0.0988547495593402,3.9637048782995135,-0.4439045648392518,1.323849355521426
67.0,263.0,129.88369750976562,-0.0375504977495809,2.682280533818246,-4.115233018272244,-3.679761393898062,-1.925012808213688,1.3408448440508045,-0.0991535257406458,3.963799535448471,-0.4426996479812786,1.32341862225405
67.0,263.0,129.88369750976562,-0.0364782580288229,2.6818429670123987,-4.11474322378592,-3.679358600708835,-1.9243445464444973,1.3403015173573354,-0.09960695951543,3.965946662438152,-0.4428471831983755,1.3238509640840692
67.0,263.0,129.88369750976562,-0.0375050067521598,2.682394795215691,-4.114718372567042,-3.678092981168621,-1.9258440914610253,1.3400083563894525,-0.099182553119151,3.966016159885976,-0.4438312502809411,1.3218137438897066
67.0,263.0,129.88369750976562,-0.0385790505121479,2.6829151465589978,-4.114800802167872,-3.680258446862143,-1.924409893497719,1.340273682270729,-0.0988903953142273,3.964274155720028,-0.443693939368691,1.324358976709781
67.0,263.0,129.88369750976562,-0.0373377203114786,2.682486630971601,-4.114913017838977,-3.6783634873448783,-1.9265970819780125,1.3403155553342478,-0.099168483249192,3.963433477689972,-0.4450287501643289,1.3241048847555466
67.0,263.0,129.88369750976562,-0.0379180192985064,2.682247815866732,-4.11618169808676,-3.678672127199636,-1.9243215382018104,1.341224665253827,-0.0999942253138913,3.964944788080395,-0.4445476548029366,1.3237704141458422
67.0,263.0,129.88369750976562,-0.0379024272348933,2.681548237319513,-4.1147750510204935,-3.679808883893499,-1.9248620463978097,1.3398379650494014,-0.0992112748296654,3.963017815678836,-0.4424179299426491,1.3233375186841294
67.0,263.0,129.88369750976562,-0.0386119900478477,2.682502921158186,-4.115330536104988,-3.67922120648243,-1.924454899099244,1.3398214621333258,-0.0993185791376466,3.963886887649888,-0.4432911272000954,1.323338099550023
67.0,263.0,129.88369750976562,-0.0382477403859779,2.68273101332882,-4.115921932644253,-3.677978964649831,-1.924749009834854,1.3417441945558162,-0.0989616560098664,3.9650317801400976,-0.4436610931860999,1.3237025486479133
67.0,263.0,129.88369750976562,-0.0368336824364338,2.6826832487827823,-4.114591204394081,-3.678575812548972,-1.925641460409574,1.3405690717413157,-0.0993023327242637,3.963040004737601,-0.4453726377459595,1.3228519700821009
67.0,263.0,129.88369750976562,-0.0368682580867013,2.6829220535883818,-4.115330151241876,-3.6800847775118006,-1.924143475813016,1.3403634962947215,-0.0977891263415146,3.964305456688996,-0.4434524361281761,1.323232495747224
67.0,263.0,129.88369750976562,-0.0385555590400413,2.682332051900679,-4.11561887003485,-3.678886500882304,-1.9246899936591084,1.339812599810698,-0.0990985889591814,3.964719517917539,-0.4435134565679196,1.3239478618172835
67.0,263.0,129.88369750976562,-0.0362685215543273,2.6824785535414897,-4.115228802300194,-3.679666890710486,-1.924817154336768,1.3397913112986377,-0.0984104785689082,3.965220519508229,-0.4431274438343454,1.3229101875008091
67.0,263.0,129.88369750976562,-0.0375539125029723,2.683178260371717,-4.114369649219112,-3.679430716965344,-1.9246000535494767,1.3402022966892828,-0.0991060381317665,3.964045450719317,-0.4435850165156397,1.3232991003993002
67.0,263.0,129.88369750976562,-0.0373747018816963,2.6827891322424366,-4.115831560265851,-3.678720605069845,-1.925137080380172,1.3403258327157284,-0.0988966046907536,3.963632318963182,-0.4426579316869733,1.3218509770686553
67.0,263.0,129.88369750976562,-0.0370591034729298,2.6826218239917727,-4.115266560061377,-3.679595996907135,-1.926209819046368,1.3414009745971895,-0.0987779561750726,3.964208636924238,-0.4451036432456676,1.3236569489549574
67.0,263.0,129.88369750976562,-0.0391015901040685,2.6832066369908216,-4.11469770047713,-3.680059309122311,-1.9260168474946973,1.3411719572718803,-0.0990887163406583,3.963894911594921,-0.4433537251091182,1.3222977704533132
67.0,263.0,129.88369750976562,-0.0371238674580442,2.6828863163114574,-4.116450644235016,-3.678852193219088,-1.9245006772364748,1.340853961483298,-0.1003745299408251,3.96483297132265,-0.4438758320633198,1.32253467512871
67.0,263.0,129.88369750976562,-0.0387529514039979,2.682332987600346,-4.114907536737543,-3.6795098013530296,-1.9263257462158496,1.3407473142017434,-0.0999818312495976,3.964815872089346,-0.4437279455012012,1.3221885533632094
67.0,263.0,129.88369750976562,-0.0385026246801999,2.681902136710416,-4.116577281202409,-3.680540846948508,-1.92433206385908,1.3402460540770993,-0.099126385258616,3.9633692913641982,-0.4437405342625667,1.3232985721522927
67.0,264.0,129.88369750976562,-0.0372763731490363,2.6826167704504225,-4.114823442455658,-3.6783468022659607,-1.9261520268860424,1.3403612303406105,-0.0998002543669788,3.963755631935773,-0.4432836224847902,1.323920551784124
67.0,264.0,129.88369750976562,-0.0386144815276365,2.682602177420531,-4.114692785083619,-3.6782825809630206,-1.925857278402108,1.3408475275948784,-0.0997619686173913,3.964034353113425,-0.4420803106852294,1.323383683790692
67.0,264.0,129.88369750976562,-0.0384255196221009,2.6828457518910365,-4.115229419906435,-3.678280070499364,-1.9241863635424368,1.340197132733122,-0.0989346872452995,3.965045366748188,-0.4436973324717846,1.3237061726352286
67.0,264.0,129.88369750976562,-0.0374477628801099,2.682657028303648,-4.114838900894199,-3.678870043592088,-1.9251837276112644,1.3405201841317955,-0.0987901150784344,3.964675583138253,-0.4423633760043502,1.3238448057713843
67.0,264.0,129.88369750976562,-0.0382635524696136,2.682419967614642,-4.114786126384205,-3.679311634560755,-1.925978686292598,1.3411333845684037,-0.0987597980305496,3.9641414728433215,-0.4424791061193618,1.320928414315454
67.0,264.0,129.88369750976562,-0.0384394284723971,2.682975909148543,-4.114785849651962,-3.679239009035948,-1.9244454601702328,1.3399968271028857,-0.0992974966139006,3.9634126109169294,-0.4438348749963561,1.323728487499586
67.0,264.0,129.88369750976562,-0.0375151009923383,2.6815405326175563,-4.11492126820321,-3.678696413336605,-1.9248538354858755,1.3399425126041962,-0.0987835979778907,3.963714046279793,-0.4446811609730565,1.323395357397754
67.0,264.0,129.88369750976562,-0.0377454066103169,2.6825043046280004,-4.114788089707397,-3.679652743106941,-1.9244710726958925,1.340134709603629,-0.1004671214614538,3.9636188560680137,-0.4424447477359667,1.3231665976907154
67.0,264.0,129.88369750976562,-0.0364954623203145,2.682236998039043,-4.1151194879360045,-3.678349310488348,-1.9266135679514724,1.3402469514634694,-0.0997973225445006,3.96391029317396,-0.4446940722613329,1.3226826898546231
67.0,264.0,129.88369750976562,-0.0383554438796345,2.6837078456050074,-4.1148397309375175,-3.6796427651577615,-1.925935618093105,1.3413987342605571,-0.0995517511654577,3.963735392106942,-0.4447510661004394,1.3223569690262462
67.0,264.0,129.88369750976562,-0.0374471514184957,2.6830290313127803,-4.114093649499316,-3.679834210451842,-1.924097479454128,1.3403730799535918,-0.0989693227775162,3.9646815998637,-0.4441470635204132,1.3235251103658887
67.0,264.0,129.88369750976562,-0.0382710782515905,2.682893249029939,-4.115279657961465,-3.6792257495786993,-1.924598940320268,1.340114582927606,-0.0982937747407807,3.963413311773425,-0.4438361054294831,1.3238186492275428
67.0,264.0,129.88369750976562,-0.0386767940782647,2.6825724445294745,-4.114978013222114,-3.6803825219341575,-1.925471672712967,1.340026883894302,-0.1000383970307691,3.965015974768844,-0.4424138905121658,1.3231790020943524
67.0,264.0,129.88369750976562,-0.0386743878574695,2.682514171969066,-4.114506661615946,-3.679438333994672,-1.9243521442453364,1.339783745789752,-0.0992489063510318,3.963839175972056,-0.4434921678817331,1.3240327725928551
67.0,264.0,129.88369750976562,-0.0378622370720957,2.681968301780857,-4.11483420834631,-3.6800866107675727,-1.924030423868726,1.3402908182460136,-0.0994770964367983,3.9636342318458793,-0.4433138246954711,1.324016149664466
67.0,264.0,129.88369750976562,-0.038409736125438,2.683223324443615,-4.114847609240932,-3.679415568245977,-1.9254956460903945,1.339956890140793,-0.0993767820110977,3.96545346379171,-0.4440833734044859,1.3235641918682983
67.0,264.0,129.88369750976562,-0.0365283721779428,2.6821798842695697,-4.11603441881068,-3.679486054107372,-1.9251379515389608,1.3405617104052885,-0.1002226474128503,3.96390962240616,-0.4420402715724512,1.3236767237550735
67.0,264.0,129.88369750976562,-0.0364397398083592,2.6825071178585005,-4.115088219917484,-3.67970139592296,-1.9261702671341336,1.340268587447146,-0.1007867068112726,3.963668351548983,-0.4431968561648036,1.323600593218882
67.0,264.0,129.88369750976562,-0.0383216637770437,2.6825741157856324,-4.114967170153109,-3.6780063208760607,-1.924454085840296,1.3404595116488414,-0.099584917212826,3.9638032536282113,-0.4437830930453497,1.3237113962040006
67.0,264.0,129.88369750976562,-0.0379767604336877,2.680744641094622,-4.114477853527157,-3.6801701846835897,-1.924400799866619,1.3404674448137248,-0.0999418297218291,3.9646977554076215,-0.4444012423801128,1.3236911002911962
67.0,264.0,129.88369750976562,-0.0390478143195861,2.682337844354252,-4.115926773235828,-3.6795526101329856,-1.924688573970111,1.3412594732204302,-0.0998160293303123,3.963891675060848,-0.4428856325751028,1.3240663398786898
67.0,264.0,129.88369750976562,-0.0383148729229902,2.6832796999404445,-4.116294179060572,-3.6793979513078847,-1.9250865185851764,1.340689295518906,-0.0983386555168854,3.963023765613142,-0.4436402091529069,1.323783064095721
67.0,264.0,129.88369750976562,-0.0379627504806742,2.6821752792535305,-4.115112653936806,-3.679108163981376,-1.9271989799946387,1.3404670547282131,-0.0989285936155462,3.963762776092248,-0.4436037889685726,1.3234545198064809
67.0,264.0,129.88369750976562,-0.0392187524807247,2.683054261908589,-4.114922136147859,-3.6795777604845856,-1.925288325593142,1.3412020927009516,-0.0999221139832497,3.9638507441902,-0.4441360716815598,1.3240769948011513
67.0,264.0,129.88369750976562,-0.0383849644671473,2.6829565493324656,-4.1152425670406885,-3.679085536259625,-1.9245625020625792,1.3398362901102925,-0.0989136901687004,3.964908554644228,-0.4445902552466633,1.3237140521602766
67.0,264.0,129.88369750976562,-0.0381150873514049,2.682542042709517,-4.114430642239843,-3.678878579382245,-1.9244999050184943,1.3406975087022637,-0.0999938618507068,3.963198803446204,-0.4438787615061223,1.3237429493033557
67.0,264.0,129.88369750976562,-0.0356061132564945,2.682682236611596,-4.114853691872366,-3.679371797552783,-1.926117401442866,1.3402494852328133,-0.0995158924403936,3.963593572879813,-0.4432809198229624,1.3217267572875264
67.0,264.0,129.88369750976562,-0.0370319986549597,2.682141311654721,-4.11568919640137,-3.679601765843594,-1.9250876999733395,1.3398228311447469,-0.1004837490685165,3.964237534852891,-0.442657322459007,1.323574800022745
67.0,264.0,129.88369750976562,-0.0370807272260081,2.68264859514898,-4.115168223632826,-3.678252415128613,-1.9239598296335736,1.3405486072531194,-0.098422161926668,3.964345449074509,-0.4430919035377933,1.32368118639016
67.0,264.0,129.88369750976562,-0.0371588517049898,2.6805734538012,-4.114829362922763,-3.680286246949066,-1.92656536943232,1.339947151786356,-0.0988547495593402,3.9637048782995135,-0.4439045648392518,1.323849355521426
67.0,264.0,129.88369750976562,-0.0375504977495809,2.682280533818246,-4.115233018272244,-3.679761393898062,-1.925012808213688,1.3408448440508045,-0.0991535257406458,3.963799535448471,-0.4426996479812786,1.32341862225405
67.0,264.0,129.88369750976562,-0.0364782580288229,2.6818429670123987,-4.11474322378592,-3.679358600708835,-1.9243445464444973,1.3403015173573354,-0.09960695951543,3.965946662438152,-0.4428471831983755,1.3238509640840692
67.0,264.0,129.88369750976562,-0.0375050067521598,2.682394795215691,-4.114718372567042,-3.678092981168621,-1.9258440914610253,1.3400083563894525,-0.099182553119151,3.966016159885976,-0.4438312502809411,1.3218137438897066
67.0,264.0,129.88369750976562,-0.0385790505121479,2.6829151465589978,-4.114800802167872,-3.680258446862143,-1.924409893497719,1.340273682270729,-0.0988903953142273,3.964274155720028,-0.443693939368691,1.324358976709781
67.0,264.0,129.88369750976562,-0.0373377203114786,2.682486630971601,-4.114913017838977,-3.6783634873448783,-1.9265970819780125,1.3403155553342478,-0.099168483249192,3.963433477689972,-0.4450287501643289,1.3241048847555466
67.0,264.0,129.88369750976562,-0.0379180192985064,2.682247815866732,-4.11618169808676,-3.678672127199636,-1.9243215382018104,1.341224665253827,-0.0999942253138913,3.964944788080395,-0.4445476548029366,1.3237704141458422
67.0,264.0,129.88369750976562,-0.0379024272348933,2.681548237319513,-4.1147750510204935,-3.679808883893499,-1.9248620463978097,1.3398379650494014,-0.0992112748296654,3.963017815678836,-0.4424179299426491,1.3233375186841294
67.0,264.0,129.88369750976562,-0.0386119900478477,2.682502921158186,-4.115330536104988,-3.67922120648243,-1.924454899099244,1.3398214621333258,-0.0993185791376466,3.963886887649888,-0.4432911272000954,1.323338099550023
67.0,264.0,129.88369750976562,-0.0382477403859779,2.68273101332882,-4.115921932644253,-3.677978964649831,-1.924749009834854,1.3417441945558162,-0.0989616560098664,3.9650317801400976,-0.4436610931860999,1.3237025486479133
67.0,264.0,129.88369750976562,-0.0368336824364338,2.6826832487827823,-4.114591204394081,-3.678575812548972,-1.925641460409574,1.3405690717413157,-0.0993023327242637,3.963040004737601,-0.4453726377459595,1.3228519700821009
67.0,264.0,129.88369750976562,-0.0368682580867013,2.6829220535883818,-4.115330151241876,-3.6800847775118006,-1.924143475813016,1.3403634962947215,-0.0977891263415146,3.964305456688996,-0.4434524361281761,1.323232495747224
67.0,264.0,129.88369750976562,-0.0385555590400413,2.682332051900679,-4.11561887003485,-3.678886500882304,-1.9246899936591084,1.339812599810698,-0.0990985889591814,3.964719517917539,-0.4435134565679196,1.3239478618172835
67.0,264.0,129.88369750976562,-0.0362685215543273,2.6824785535414897,-4.115228802300194,-3.679666890710486,-1.924817154336768,1.3397913112986377,-0.0984104785689082,3.965220519508229,-0.4431274438343454,1.3229101875008091
67.0,264.0,129.88369750976562,-0.0375539125029723,2.683178260371717,-4.114369649219112,-3.679430716965344,-1.9246000535494767,1.3402022966892828,-0.0991060381317665,3.964045450719317,-0.4435850165156397,1.3232991003993002
67.0,264.0,129.88369750976562,-0.0373747018816963,2.6827891322424366,-4.115831560265851,-3.678720605069845,-1.925137080380172,1.3403258327157284,-0.0988966046907536,3.963632318963182,-0.4426579316869733,1.3218509770686553
67.0,264.0,129.88369750976562,-0.0370591034729298,2.6826218239917727,-4.115266560061377,-3.679595996907135,-1.926209819046368,1.3414009745971895,-0.0987779561750726,3.964208636924238,-0.4451036432456676,1.3236569489549574
67.0,264.0,129.88369750976562,-0.0391015901040685,2.6832066369908216,-4.11469770047713,-3.680059309122311,-1.9260168474946973,1.3411719572718803,-0.0990887163406583,3.963894911594921,-0.4433537251091182,1.3222977704533132
67.0,264.0,129.88369750976562,-0.0371238674580442,2.6828863163114574,-4.116450644235016,-3.678852193219088,-1.9245006772364748,1.340853961483298,-0.1003745299408251,3.96483297132265,-0.4438758320633198,1.32253467512871
67.0,264.0,129.88369750976562,-0.0387529514039979,2.682332987600346,-4.114907536737543,-3.6795098013530296,-1.9263257462158496,1.3407473142017434,-0.0999818312495976,3.964815872089346,-0.4437279455012012,1.3221885533632094
67.0,264.0,129.88369750976562,-0.0385026246801999,2.681902136710416,-4.116577281202409,-3.680540846948508,-1.92433206385908,1.3402460540770993,-0.099126385258616,3.9633692913641982,-0.4437405342625667,1.3232985721522927
67.0,265.0,129.88369750976562,-0.0372763731490363,2.6826167704504225,-4.114823442455658,-3.6783468022659607,-1.9261520268860424,1.3403612303406105,-0.0998002543669788,3.963755631935773,-0.4432836224847902,1.323920551784124
67.0,265.0,129.88369750976562,-0.0386144815276365,2.682602177420531,-4.114692785083619,-3.6782825809630206,-1.925857278402108,1.3408475275948784,-0.0997619686173913,3.964034353113425,-0.4420803106852294,1.323383683790692
67.0,265.0,129.88369750976562,-0.0384255196221009,2.6828457518910365,-4.115229419906435,-3.678280070499364,-1.9241863635424368,1.340197132733122,-0.0989346872452995,3.965045366748188,-0.4436973324717846,1.3237061726352286
67.0,265.0,129.88369750976562,-0.0374477628801099,2.682657028303648,-4.114838900894199,-3.678870043592088,-1.9251837276112644,1.3405201841317955,-0.0987901150784344,3.964675583138253,-0.4423633760043502,1.3238448057713843
67.0,265.0,129.88369750976562,-0.0382635524696136,2.682419967614642,-4.114786126384205,-3.679311634560755,-1.925978686292598,1.3411333845684037,-0.0987597980305496,3.9641414728433215,-0.4424791061193618,1.320928414315454
67.0,265.0,129.88369750976562,-0.0384394284723971,2.682975909148543,-4.114785849651962,-3.679239009035948,-1.9244454601702328,1.3399968271028857,-0.0992974966139006,3.9634126109169294,-0.4438348749963561,1.323728487499586
67.0,265.0,129.88369750976562,-0.0375151009923383,2.6815405326175563,-4.11492126820321,-3.678696413336605,-1.9248538354858755,1.3399425126041962,-0.0987835979778907,3.963714046279793,-0.4446811609730565,1.323395357397754
67.0,265.0,129.88369750976562,-0.0377454066103169,2.6825043046280004,-4.114788089707397,-3.679652743106941,-1.9244710726958925,1.340134709603629,-0.1004671214614538,3.9636188560680137,-0.4424447477359667,1.3231665976907154
67.0,265.0,129.88369750976562,-0.0364954623203145,2.682236998039043,-4.1151194879360045,-3.678349310488348,-1.9266135679514724,1.3402469514634694,-0.0997973225445006,3.96391029317396,-0.4446940722613329,1.3226826898546231
67.0,265.0,129.88369750976562,-0.0383554438796345,2.6837078456050074,-4.1148397309375175,-3.6796427651577615,-1.925935618093105,1.3413987342605571,-0.0995517511654577,3.963735392106942,-0.4447510661004394,1.3223569690262462
67.0,265.0,129.88369750976562,-0.0374471514184957,2.6830290313127803,-4.114093649499316,-3.679834210451842,-1.924097479454128,1.3403730799535918,-0.0989693227775162,3.9646815998637,-0.4441470635204132,1.3235251103658887
67.0,265.0,129.88369750976562,-0.0382710782515905,2.682893249029939,-4.115279657961465,-3.6792257495786993,-1.924598940320268,1.340114582927606,-0.0982937747407807,3.963413311773425,-0.4438361054294831,1.3238186492275428
67.0,265.0,129.88369750976562,-0.0386767940782647,2.6825724445294745,-4.114978013222114,-3.6803825219341575,-1.925471672712967,1.340026883894302,-0.1000383970307691,3.965015974768844,-0.4424138905121658,1.3231790020943524
67.0,265.0,129.88369750976562,-0.0386743878574695,2.682514171969066,-4.114506661615946,-3.679438333994672,-1.9243521442453364,1.339783745789752,-0.0992489063510318,3.963839175972056,-0.4434921678817331,1.3240327725928551
67.0,265.0,129.88369750976562,-0.0378622370720957,2.681968301780857,-4.11483420834631,-3.6800866107675727,-1.924030423868726,1.3402908182460136,-0.0994770964367983,3.9636342318458793,-0.4433138246954711,1.324016149664466
67.0,265.0,129.88369750976562,-0.038409736125438,2.683223324443615,-4.114847609240932,-3.679415568245977,-1.9254956460903945,1.339956890140793,-0.0993767820110977,3.96545346379171,-0.4440833734044859,1.3235641918682983
67.0,265.0,129.88369750976562,-0.0365283721779428,2.6821798842695697,-4.11603441881068,-3.679486054107372,-1.9251379515389608,1.3405617104052885,-0.1002226474128503,3.96390962240616,-0.4420402715724512,1.3236767237550735
67.0,265.0,129.88369750976562,-0.0364397398083592,2.6825071178585005,-4.115088219917484,-3.67970139592296,-1.9261702671341336,1.340268587447146,-0.1007867068112726,3.963668351548983,-0.4431968561648036,1.323600593218882
67.0,265.0,129.88369750976562,-0.0383216637770437,2.6825741157856324,-4.114967170153109,-3.6780063208760607,-1.924454085840296,1.3404595116488414,-0.099584917212826,3.9638032536282113,-0.4437830930453497,1.3237113962040006
67.0,265.0,129.88369750976562,-0.0379767604336877,2.680744641094622,-4.114477853527157,-3.6801701846835897,-1.924400799866619,1.3404674448137248,-0.0999418297218291,3.9646977554076215,-0.4444012423801128,1.3236911002911962
67.0,265.0,129.88369750976562,-0.0390478143195861,2.682337844354252,-4.115926773235828,-3.6795526101329856,-1.924688573970111,1.3412594732204302,-0.0998160293303123,3.963891675060848,-0.4428856325751028,1.3240663398786898
67.0,265.0,129.88369750976562,-0.0383148729229902,2.6832796999404445,-4.116294179060572,-3.6793979513078847,-1.9250865185851764,1.340689295518906,-0.0983386555168854,3.963023765613142,-0.4436402091529069,1.323783064095721
67.0,265.0,129.88369750976562,-0.0379627504806742,2.6821752792535305,-4.115112653936806,-3.679108163981376,-1.9271989799946387,1.3404670547282131,-0.0989285936155462,3.963762776092248,-0.4436037889685726,1.3234545198064809
67.0,265.0,129.88369750976562,-0.0392187524807247,2.683054261908589,-4.114922136147859,-3.6795777604845856,-1.925288325593142,1.3412020927009516,-0.0999221139832497,3.9638507441902,-0.4441360716815598,1.3240769948011513
67.0,265.0,129.88369750976562,-0.0383849644671473,2.6829565493324656,-4.1152425670406885,-3.679085536259625,-1.9245625020625792,1.3398362901102925,-0.0989136901687004,3.964908554644228,-0.4445902552466633,1.3237140521602766
67.0,265.0,129.88369750976562,-0.0381150873514049,2.682542042709517,-4.114430642239843,-3.678878579382245,-1.9244999050184943,1.3406975087022637,-0.0999938618507068,3.963198803446204,-0.4438787615061223,1.3237429493033557
67.0,265.0,129.88369750976562,-0.0356061132564945,2.682682236611596,-4.114853691872366,-3.679371797552783,-1.926117401442866,1.3402494852328133,-0.0995158924403936,3.963593572879813,-0.4432809198229624,1.3217267572875264
67.0,265.0,129.88369750976562,-0.0370319986549597,2.682141311654721,-4.11568919640137,-3.679601765843594,-1.9250876999733395,1.3398228311447469,-0.1004837490685165,3.964237534852891,-0.442657322459007,1.323574800022745
67.0,265.0,129.88369750976562,-0.0370807272260081,2.68264859514898,-4.115168223632826,-3.678252415128613,-1.9239598296335736,1.3405486072531194,-0.098422161926668,3.964345449074509,-0.4430919035377933,1.32368118639016
67.0,265.0,129.88369750976562,-0.0371588517049898,2.6805734538012,-4.114829362922763,-3.680286246949066,-1.92656536943232,1.339947151786356,-0.0988547495593402,3.9637048782995135,-0.4439045648392518,1.323849355521426
67.0,265.0,129.88369750976562,-0.0375504977495809,2.682280533818246,-4.115233018272244,-3.679761393898062,-1.925012808213688,1.3408448440508045,-0.0991535257406458,3.963799535448471,-0.4426996479812786,1.32341862225405
67.0,265.0,129.88369750976562,-0.0364782580288229,2.6818429670123987,-4.11474322378592,-3.679358600708835,-1.9243445464444973,1.3403015173573354,-0.09960695951543,3.965946662438152,-0.4428471831983755,1.3238509640840692
67.0,265.0,129.88369750976562,-0.0375050067521598,2.682394795215691,-4.114718372567042,-3.678092981168621,-1.9258440914610253,1.3400083563894525,-0.099182553119151,3.966016159885976,-0.4438312502809411,1.3218137438897066
67.0,265.0,129.88369750976562,-0.0385790505121479,2.6829151465589978,-4.114800802167872,-3.680258446862143,-1.924409893497719,1.340273682270729,-0.0988903953142273,3.964274155720028,-0.443693939368691,1.324358976709781
67.0,265.0,129.88369750976562,-0.0373377203114786,2.682486630971601,-4.114913017838977,-3.6783634873448783,-1.9265970819780125,1.3403155553342478,-0.099168483249192,3.963433477689972,-0.4450287501643289,1.3241048847555466
67.0,265.0,129.88369750976562,-0.0379180192985064,2.682247815866732,-4.11618169808676,-3.678672127199636,-1.9243215382018104,1.341224665253827,-0.0999942253138913,3.964944788080395,-0.4445476548029366,1.3237704141458422
67.0,265.0,129.88369750976562,-0.0379024272348933,2.681548237319513,-4.1147750510204935,-3.679808883893499,-1.9248620463978097,1.3398379650494014,-0.0992112748296654,3.963017815678836,-0.4424179299426491,1.3233375186841294
67.0,265.0,129.88369750976562,-0.0386119900478477,2.682502921158186,-4.115330536104988,-3.67922120648243,-1.924454899099244,1.3398214621333258,-0.0993185791376466,3.963886887649888,-0.4432911272000954,1.323338099550023
67.0,265.0,129.88369750976562,-0.0382477403859779,2.68273101332882,-4.115921932644253,-3.677978964649831,-1.924749009834854,1.3417441945558162,-0.0989616560098664,3.9650317801400976,-0.4436610931860999,1.3237025486479133
67.0,265.0,129.88369750976562,-0.0368336824364338,2.6826832487827823,-4.114591204394081,-3.678575812548972,-1.925641460409574,1.3405690717413157,-0.0993023327242637,3.963040004737601,-0.4453726377459595,1.3228519700821009
67.0,265.0,129.88369750976562,-0.0368682580867013,2.6829220535883818,-4.115330151241876,-3.6800847775118006,-1.924143475813016,1.3403634962947215,-0.0977891263415146,3.964305456688996,-0.4434524361281761,1.323232495747224
67.0,265.0,129.88369750976562,-0.0385555590400413,2.682332051900679,-4.11561887003485,-3.678886500882304,-1.9246899936591084,1.339812599810698,-0.0990985889591814,3.964719517917539,-0.4435134565679196,1.3239478618172835
67.0,265.0,129.88369750976562,-0.0362685215543273,2.6824785535414897,-4.115228802300194,-3.679666890710486,-1.924817154336768,1.3397913112986377,-0.0984104785689082,3.965220519508229,-0.4431274438343454,1.3229101875008091
67.0,265.0,129.88369750976562,-0.0375539125029723,2.683178260371717,-4.114369649219112,-3.679430716965344,-1.9246000535494767,1.3402022966892828,-0.0991060381317665,3.964045450719317,-0.4435850165156397,1.3232991003993002
67.0,265.0,129.88369750976562,-0.0373747018816963,2.6827891322424366,-4.115831560265851,-3.678720605069845,-1.925137080380172,1.3403258327157284,-0.0988966046907536,3.963632318963182,-0.4426579316869733,1.3218509770686553
67.0,265.0,129.88369750976562,-0.0370591034729298,2.6826218239917727,-4.115266560061377,-3.679595996907135,-1.926209819046368,1.3414009745971895,-0.0987779561750726,3.964208636924238,-0.4451036432456676,1.3236569489549574
67.0,265.0,129.88369750976562,-0.0391015901040685,2.6832066369908216,-4.11469770047713,-3.680059309122311,-1.9260168474946973,1.3411719572718803,-0.0990887163406583,3.963894911594921,-0.4433537251091182,1.3222977704533132
67.0,265.0,129.88369750976562,-0.0371238674580442,2.6828863163114574,-4.116450644235016,-3.678852193219088,-1.9245006772364748,1.340853961483298,-0.1003745299408251,3.96483297132265,-0.4438758320633198,1.32253467512871
67.0,265.0,129.88369750976562,-0.0387529514039979,2.682332987600346,-4.114907536737543,-3.6795098013530296,-1.9263257462158496,1.3407473142017434,-0.0999818312495976,3.964815872089346,-0.4437279455012012,1.3221885533632094
67.0,265.0,129.88369750976562,-0.0385026246801999,2.681902136710416,-4.116577281202409,-3.680540846948508,-1.92433206385908,1.3402460540770993,-0.099126385258616,3.9633692913641982,-0.4437405342625667,1.3232985721522927
67.0,266.0,129.88369750976562,-0.0372763731490363,2.6826167704504225,-4.114823442455658,-3.6783468022659607,-1.9261520268860424,1.3403612303406105,-0.0998002543669788,3.963755631935773,-0.4432836224847902,1.323920551784124
67.0,266.0,129.88369750976562,-0.0386144815276365,2.682602177420531,-4.114692785083619,-3.6782825809630206,-1.925857278402108,1.3408475275948784,-0.0997619686173913,3.964034353113425,-0.4420803106852294,1.323383683790692
67.0,266.0,129.88369750976562,-0.0384255196221009,2.6828457518910365,-4.115229419906435,-3.678280070499364,-1.9241863635424368,1.340197132733122,-0.0989346872452995,3.965045366748188,-0.4436973324717846,1.3237061726352286
67.0,266.0,129.88369750976562,-0.0374477628801099,2.682657028303648,-4.114838900894199,-3.678870043592088,-1.9251837276112644,1.3405201841317955,-0.0987901150784344,3.964675583138253,-0.4423633760043502,1.3238448057713843
67.0,266.0,129.88369750976562,-0.0382635524696136,2.682419967614642,-4.114786126384205,-3.679311634560755,-1.925978686292598,1.3411333845684037,-0.0987597980305496,3.9641414728433215,-0.4424791061193618,1.320928414315454
67.0,266.0,129.88369750976562,-0.0384394284723971,2.682975909148543,-4.114785849651962,-3.679239009035948,-1.9244454601702328,1.3399968271028857,-0.0992974966139006,3.9634126109169294,-0.4438348749963561,1.323728487499586
67.0,266.0,129.88369750976562,-0.0375151009923383,2.6815405326175563,-4.11492126820321,-3.678696413336605,-1.9248538354858755,1.3399425126041962,-0.0987835979778907,3.963714046279793,-0.4446811609730565,1.323395357397754
67.0,266.0,129.88369750976562,-0.0377454066103169,2.6825043046280004,-4.114788089707397,-3.679652743106941,-1.9244710726958925,1.340134709603629,-0.1004671214614538,3.9636188560680137,-0.4424447477359667,1.3231665976907154
67.0,266.0,129.88369750976562,-0.0364954623203145,2.682236998039043,-4.1151194879360045,-3.678349310488348,-1.9266135679514724,1.3402469514634694,-0.0997973225445006,3.96391029317396,-0.4446940722613329,1.3226826898546231
67.0,266.0,129.88369750976562,-0.0383554438796345,2.6837078456050074,-4.1148397309375175,-3.6796427651577615,-1.925935618093105,1.3413987342605571,-0.0995517511654577,3.963735392106942,-0.4447510661004394,1.3223569690262462
67.0,266.0,129.88369750976562,-0.0374471514184957,2.6830290313127803,-4.114093649499316,-3.679834210451842,-1.924097479454128,1.3403730799535918,-0.0989693227775162,3.9646815998637,-0.4441470635204132,1.3235251103658887
67.0,266.0,129.88369750976562,-0.0382710782515905,2.682893249029939,-4.115279657961465,-3.6792257495786993,-1.924598940320268,1.340114582927606,-0.0982937747407807,3.963413311773425,-0.4438361054294831,1.3238186492275428
67.0,266.0,129.88369750976562,-0.0386767940782647,2.6825724445294745,-4.114978013222114,-3.6803825219341575,-1.925471672712967,1.340026883894302,-0.1000383970307691,3.965015974768844,-0.4424138905121658,1.3231790020943524
67.0,266.0,129.88369750976562,-0.0386743878574695,2.682514171969066,-4.114506661615946,-3.679438333994672,-1.9243521442453364,1.339783745789752,-0.0992489063510318,3.963839175972056,-0.4434921678817331,1.3240327725928551
67.0,266.0,129.88369750976562,-0.0378622370720957,2.681968301780857,-4.11483420834631,-3.6800866107675727,-1.924030423868726,1.3402908182460136,-0.0994770964367983,3.9636342318458793,-0.4433138246954711,1.324016149664466
67.0,266.0,129.88369750976562,-0.038409736125438,2.683223324443615,-4.114847609240932,-3.679415568245977,-1.9254956460903945,1.339956890140793,-0.0993767820110977,3.96545346379171,-0.4440833734044859,1.3235641918682983
67.0,266.0,129.88369750976562,-0.0365283721779428,2.6821798842695697,-4.11603441881068,-3.679486054107372,-1.9251379515389608,1.3405617104052885,-0.1002226474128503,3.96390962240616,-0.4420402715724512,1.3236767237550735
67.0,266.0,129.88369750976562,-0.0364397398083592,2.6825071178585005,-4.115088219917484,-3.67970139592296,-1.9261702671341336,1.340268587447146,-0.1007867068112726,3.963668351548983,-0.4431968561648036,1.323600593218882
67.0,266.0,129.88369750976562,-0.0383216637770437,2.6825741157856324,-4.114967170153109,-3.6780063208760607,-1.924454085840296,1.3404595116488414,-0.099584917212826,3.9638032536282113,-0.4437830930453497,1.3237113962040006
67.0,266.0,129.88369750976562,-0.0379767604336877,2.680744641094622,-4.114477853527157,-3.6801701846835897,-1.924400799866619,1.3404674448137248,-0.0999418297218291,3.9646977554076215,-0.4444012423801128,1.3236911002911962
67.0,266.0,129.88369750976562,-0.0390478143195861,2.682337844354252,-4.115926773235828,-3.6795526101329856,-1.924688573970111,1.3412594732204302,-0.0998160293303123,3.963891675060848,-0.4428856325751028,1.3240663398786898
67.0,266.0,129.88369750976562,-0.0383148729229902,2.6832796999404445,-4.116294179060572,-3.6793979513078847,-1.9250865185851764,1.340689295518906,-0.0983386555168854,3.963023765613142,-0.4436402091529069,1.323783064095721
67.0,266.0,129.88369750976562,-0.0379627504806742,2.6821752792535305,-4.115112653936806,-3.679108163981376,-1.9271989799946387,1.3404670547282131,-0.0989285936155462,3.963762776092248,-0.4436037889685726,1.3234545198064809
67.0,266.0,129.88369750976562,-0.0392187524807247,2.683054261908589,-4.114922136147859,-3.6795777604845856,-1.925288325593142,1.3412020927009516,-0.0999221139832497,3.9638507441902,-0.4441360716815598,1.3240769948011513
67.0,266.0,129.88369750976562,-0.0383849644671473,2.6829565493324656,-4.1152425670406885,-3.679085536259625,-1.9245625020625792,1.3398362901102925,-0.0989136901687004,3.964908554644228,-0.4445902552466633,1.3237140521602766
67.0,266.0,129.88369750976562,-0.0381150873514049,2.682542042709517,-4.114430642239843,-3.678878579382245,-1.9244999050184943,1.3406975087022637,-0.0999938618507068,3.963198803446204,-0.4438787615061223,1.3237429493033557
67.0,266.0,129.88369750976562,-0.0356061132564945,2.682682236611596,-4.114853691872366,-3.679371797552783,-1.926117401442866,1.3402494852328133,-0.0995158924403936,3.963593572879813,-0.4432809198229624,1.3217267572875264
67.0,266.0,129.88369750976562,-0.0370319986549597,2.682141311654721,-4.11568919640137,-3.679601765843594,-1.9250876999733395,1.3398228311447469,-0.1004837490685165,3.964237534852891,-0.442657322459007,1.323574800022745
67.0,266.0,129.88369750976562,-0.0370807272260081,2.68264859514898,-4.115168223632826,-3.678252415128613,-1.9239598296335736,1.3405486072531194,-0.098422161926668,3.964345449074509,-0.4430919035377933,1.32368118639016
67.0,266.0,129.88369750976562,-0.0371588517049898,2.6805734538012,-4.114829362922763,-3.680286246949066,-1.92656536943232,1.339947151786356,-0.0988547495593402,3.9637048782995135,-0.4439045648392518,1.323849355521426
67.0,266.0,129.88369750976562,-0.0375504977495809,2.682280533818246,-4.115233018272244,-3.679761393898062,-1.925012808213688,1.3408448440508045,-0.0991535257406458,3.963799535448471,-0.4426996479812786,1.32341862225405
67.0,266.0,129.88369750976562,-0.0364782580288229,2.6818429670123987,-4.11474322378592,-3.679358600708835,-1.9243445464444973,1.3403015173573354,-0.09960695951543,3.965946662438152,-0.4428471831983755,1.3238509640840692
67.0,266.0,129.88369750976562,-0.0375050067521598,2.682394795215691,-4.114718372567042,-3.678092981168621,-1.9258440914610253,1.3400083563894525,-0.099182553119151,3.966016159885976,-0.4438312502809411,1.3218137438897066
67.0,266.0,129.88369750976562,-0.0385790505121479,2.6829151465589978,-4.114800802167872,-3.680258446862143,-1.924409893497719,1.340273682270729,-0.0988903953142273,3.964274155720028,-0.443693939368691,1.324358976709781
67.0,266.0,129.88369750976562,-0.0373377203114786,2.682486630971601,-4.114913017838977,-3.6783634873448783,-1.9265970819780125,1.3403155553342478,-0.099168483249192,3.963433477689972,-0.4450287501643289,1.3241048847555466
67.0,266.0,129.88369750976562,-0.0379180192985064,2.682247815866732,-4.11618169808676,-3.678672127199636,-1.9243215382018104,1.341224665253827,-0.0999942253138913,3.964944788080395,-0.4445476548029366,1.3237704141458422
67.0,266.0,129.88369750976562,-0.0379024272348933,2.681548237319513,-4.1147750510204935,-3.679808883893499,-1.9248620463978097,1.3398379650494014,-0.0992112748296654,3.963017815678836,-0.4424179299426491,1.3233375186841294
67.0,266.0,129.88369750976562,-0.0386119900478477,2.682502921158186,-4.115330536104988,-3.67922120648243,-1.924454899099244,1.3398214621333258,-0.0993185791376466,3.963886887649888,-0.4432911272000954,1.323338099550023
67.0,266.0,129.88369750976562,-0.0382477403859779,2.68273101332882,-4.115921932644253,-3.677978964649831,-1.924749009834854,1.3417441945558162,-0.0989616560098664,3.9650317801400976,-0.4436610931860999,1.3237025486479133
67.0,266.0,129.88369750976562,-0.0368336824364338,2.6826832487827823,-4.114591204394081,-3.678575812548972,-1.925641460409574,1.3405690717413157,-0.0993023327242637,3.963040004737601,-0.4453726377459595,1.3228519700821009
67.0,266.0,129.88369750976562,-0.0368682580867013,2.6829220535883818,-4.115330151241876,-3.6800847775118006,-1.924143475813016,1.3403634962947215,-0.0977891263415146,3.964305456688996,-0.4434524361281761,1.323232495747224
67.0,266.0,129.88369750976562,-0.0385555590400413,2.682332051900679,-4.11561887003485,-3.678886500882304,-1.9246899936591084,1.339812599810698,-0.0990985889591814,3.964719517917539,-0.4435134565679196,1.3239478618172835
67.0,266.0,129.88369750976562,-0.0362685215543273,2.6824785535414897,-4.115228802300194,-3.679666890710486,-1.924817154336768,1.3397913112986377,-0.0984104785689082,3.965220519508229,-0.4431274438343454,1.3229101875008091
67.0,266.0,129.88369750976562,-0.0375539125029723,2.683178260371717,-4.114369649219112,-3.679430716965344,-1.9246000535494767,1.3402022966892828,-0.0991060381317665,3.964045450719317,-0.4435850165156397,1.3232991003993002
67.0,266.0,129.88369750976562,-0.0373747018816963,2.6827891322424366,-4.115831560265851,-3.678720605069845,-1.925137080380172,1.3403258327157284,-0.0988966046907536,3.963632318963182,-0.4426579316869733,1.3218509770686553
67.0,266.0,129.88369750976562,-0.0370591034729298,2.6826218239917727,-4.115266560061377,-3.679595996907135,-1.926209819046368,1.3414009745971895,-0.0987779561750726,3.964208636924238,-0.4451036432456676,1.3236569489549574
67.0,266.0,129.88369750976562,-0.0391015901040685,2.6832066369908216,-4.11469770047713,-3.680059309122311,-1.9260168474946973,1.3411719572718803,-0.0990887163406583,3.963894911594921,-0.4433537251091182,1.3222977704533132
67.0,266.0,129.88369750976562,-0.0371238674580442,2.6828863163114574,-4.116450644235016,-3.678852193219088,-1.9245006772364748,1.340853961483298,-0.1003745299408251,3.96483297132265,-0.4438758320633198,1.32253467512871
67.0,266.0,129.88369750976562,-0.0387529514039979,2.682332987600346,-4.114907536737543,-3.6795098013530296,-1.9263257462158496,1.3407473142017434,-0.0999818312495976,3.964815872089346,-0.4437279455012012,1.3221885533632094
67.0,266.0,129.88369750976562,-0.0385026246801999,2.681902136710416,-4.116577281202409,-3.680540846948508,-1.92433206385908,1.3402460540770993,-0.099126385258616,3.9633692913641982,-0.4437405342625667,1.3232985721522927
67.0,267.0,129.88369750976562,-0.0372763731490363,2.6826167704504225,-4.114823442455658,-3.6783468022659607,-1.9261520268860424,1.3403612303406105,-0.0998002543669788,3.963755631935773,-0.4432836224847902,1.323920551784124
67.0,267.0,129.88369750976562,-0.0386144815276365,2.682602177420531,-4.114692785083619,-3.6782825809630206,-1.925857278402108,1.3408475275948784,-0.0997619686173913,3.964034353113425,-0.4420803106852294,1.323383683790692
67.0,267.0,129.88369750976562,-0.0384255196221009,2.6828457518910365,-4.115229419906435,-3.678280070499364,-1.9241863635424368,1.340197132733122,-0.0989346872452995,3.965045366748188,-0.4436973324717846,1.3237061726352286
67.0,267.0,129.88369750976562,-0.0374477628801099,2.682657028303648,-4.114838900894199,-3.678870043592088,-1.9251837276112644,1.3405201841317955,-0.0987901150784344,3.964675583138253,-0.4423633760043502,1.3238448057713843
67.0,267.0,129.88369750976562,-0.0382635524696136,2.682419967614642,-4.114786126384205,-3.679311634560755,-1.925978686292598,1.3411333845684037,-0.0987597980305496,3.9641414728433215,-0.4424791061193618,1.320928414315454
67.0,267.0,129.88369750976562,-0.0384394284723971,2.682975909148543,-4.114785849651962,-3.679239009035948,-1.9244454601702328,1.3399968271028857,-0.0992974966139006,3.9634126109169294,-0.4438348749963561,1.323728487499586
67.0,267.0,129.88369750976562,-0.0375151009923383,2.6815405326175563,-4.11492126820321,-3.678696413336605,-1.9248538354858755,1.3399425126041962,-0.0987835979778907,3.963714046279793,-0.4446811609730565,1.323395357397754
67.0,267.0,129.88369750976562,-0.0377454066103169,2.6825043046280004,-4.114788089707397,-3.679652743106941,-1.9244710726958925,1.340134709603629,-0.1004671214614538,3.9636188560680137,-0.4424447477359667,1.3231665976907154
67.0,267.0,129.88369750976562,-0.0364954623203145,2.682236998039043,-4.1151194879360045,-3.678349310488348,-1.9266135679514724,1.3402469514634694,-0.0997973225445006,3.96391029317396,-0.4446940722613329,1.3226826898546231
67.0,267.0,129.88369750976562,-0.0383554438796345,2.6837078456050074,-4.1148397309375175,-3.6796427651577615,-1.925935618093105,1.3413987342605571,-0.0995517511654577,3.963735392106942,-0.4447510661004394,1.3223569690262462
67.0,267.0,129.88369750976562,-0.0374471514184957,2.6830290313127803,-4.114093649499316,-3.679834210451842,-1.924097479454128,1.3403730799535918,-0.0989693227775162,3.9646815998637,-0.4441470635204132,1.3235251103658887
67.0,267.0,129.88369750976562,-0.0382710782515905,2.682893249029939,-4.115279657961465,-3.6792257495786993,-1.924598940320268,1.340114582927606,-0.0982937747407807,3.963413311773425,-0.4438361054294831,1.3238186492275428
67.0,267.0,129.88369750976562,-0.0386767940782647,2.6825724445294745,-4.114978013222114,-3.6803825219341575,-1.925471672712967,1.340026883894302,-0.1000383970307691,3.965015974768844,-0.4424138905121658,1.3231790020943524
67.0,267.0,129.88369750976562,-0.0386743878574695,2.682514171969066,-4.114506661615946,-3.679438333994672,-1.9243521442453364,1.339783745789752,-0.0992489063510318,3.963839175972056,-0.4434921678817331,1.3240327725928551
67.0,267.0,129.88369750976562,-0.0378622370720957,2.681968301780857,-4.11483420834631,-3.6800866107675727,-1.924030423868726,1.3402908182460136,-0.0994770964367983,3.9636342318458793,-0.4433138246954711,1.324016149664466
67.0,267.0,129.88369750976562,-0.038409736125438,2.683223324443615,-4.114847609240932,-3.679415568245977,-1.9254956460903945,1.339956890140793,-0.0993767820110977,3.96545346379171,-0.4440833734044859,1.3235641918682983
67.0,267.0,129.88369750976562,-0.0365283721779428,2.6821798842695697,-4.11603441881068,-3.679486054107372,-1.9251379515389608,1.3405617104052885,-0.1002226474128503,3.96390962240616,-0.4420402715724512,1.3236767237550735
67.0,267.0,129.88369750976562,-0.0364397398083592,2.6825071178585005,-4.115088219917484,-3.67970139592296,-1.9261702671341336,1.340268587447146,-0.1007867068112726,3.963668351548983,-0.4431968561648036,1.323600593218882
67.0,267.0,129.88369750976562,-0.0383216637770437,2.6825741157856324,-4.114967170153109,-3.6780063208760607,-1.924454085840296,1.3404595116488414,-0.099584917212826,3.9638032536282113,-0.4437830930453497,1.3237113962040006
67.0,267.0,129.88369750976562,-0.0379767604336877,2.680744641094622,-4.114477853527157,-3.6801701846835897,-1.924400799866619,1.3404674448137248,-0.0999418297218291,3.9646977554076215,-0.4444012423801128,1.3236911002911962
67.0,267.0,129.88369750976562,-0.0390478143195861,2.682337844354252,-4.115926773235828,-3.6795526101329856,-1.924688573970111,1.3412594732204302,-0.0998160293303123,3.963891675060848,-0.4428856325751028,1.3240663398786898
67.0,267.0,129.88369750976562,-0.0383148729229902,2.6832796999404445,-4.116294179060572,-3.6793979513078847,-1.9250865185851764,1.340689295518906,-0.0983386555168854,3.963023765613142,-0.4436402091529069,1.323783064095721
67.0,267.0,129.88369750976562,-0.0379627504806742,2.6821752792535305,-4.115112653936806,-3.679108163981376,-1.9271989799946387,1.3404670547282131,-0.0989285936155462,3.963762776092248,-0.4436037889685726,1.3234545198064809
67.0,267.0,129.88369750976562,-0.0392187524807247,2.683054261908589,-4.114922136147859,-3.6795777604845856,-1.925288325593142,1.3412020927009516,-0.0999221139832497,3.9638507441902,-0.4441360716815598,1.3240769948011513
67.0,267.0,129.88369750976562,-0.0383849644671473,2.6829565493324656,-4.1152425670406885,-3.679085536259625,-1.9245625020625792,1.3398362901102925,-0.0989136901687004,3.964908554644228,-0.4445902552466633,1.3237140521602766
67.0,267.0,129.88369750976562,-0.0381150873514049,2.682542042709517,-4.114430642239843,-3.678878579382245,-1.9244999050184943,1.3406975087022637,-0.0999938618507068,3.963198803446204,-0.4438787615061223,1.3237429493033557
67.0,267.0,129.88369750976562,-0.0356061132564945,2.682682236611596,-4.114853691872366,-3.679371797552783,-1.926117401442866,1.3402494852328133,-0.0995158924403936,3.963593572879813,-0.4432809198229624,1.3217267572875264
67.0,267.0,129.88369750976562,-0.0370319986549597,2.682141311654721,-4.11568919640137,-3.679601765843594,-1.9250876999733395,1.3398228311447469,-0.1004837490685165,3.964237534852891,-0.442657322459007,1.323574800022745
67.0,267.0,129.88369750976562,-0.0370807272260081,2.68264859514898,-4.115168223632826,-3.678252415128613,-1.9239598296335736,1.3405486072531194,-0.098422161926668,3.964345449074509,-0.4430919035377933,1.32368118639016
67.0,267.0,129.88369750976562,-0.0371588517049898,2.6805734538012,-4.114829362922763,-3.680286246949066,-1.92656536943232,1.339947151786356,-0.0988547495593402,3.9637048782995135,-0.4439045648392518,1.323849355521426
67.0,267.0,129.88369750976562,-0.0375504977495809,2.682280533818246,-4.115233018272244,-3.679761393898062,-1.925012808213688,1.3408448440508045,-0.0991535257406458,3.963799535448471,-0.4426996479812786,1.32341862225405
67.0,267.0,129.88369750976562,-0.0364782580288229,2.6818429670123987,-4.11474322378592,-3.679358600708835,-1.9243445464444973,1.3403015173573354,-0.09960695951543,3.965946662438152,-0.4428471831983755,1.3238509640840692
67.0,267.0,129.88369750976562,-0.0375050067521598,2.682394795215691,-4.114718372567042,-3.678092981168621,-1.9258440914610253,1.3400083563894525,-0.099182553119151,3.966016159885976,-0.4438312502809411,1.3218137438897066
67.0,267.0,129.88369750976562,-0.0385790505121479,2.6829151465589978,-4.114800802167872,-3.680258446862143,-1.924409893497719,1.340273682270729,-0.0988903953142273,3.964274155720028,-0.443693939368691,1.324358976709781
67.0,267.0,129.88369750976562,-0.0373377203114786,2.682486630971601,-4.114913017838977,-3.6783634873448783,-1.9265970819780125,1.3403155553342478,-0.099168483249192,3.963433477689972,-0.4450287501643289,1.3241048847555466
67.0,267.0,129.88369750976562,-0.0379180192985064,2.682247815866732,-4.11618169808676,-3.678672127199636,-1.9243215382018104,1.341224665253827,-0.0999942253138913,3.964944788080395,-0.4445476548029366,1.3237704141458422
67.0,267.0,129.88369750976562,-0.0379024272348933,2.681548237319513,-4.1147750510204935,-3.679808883893499,-1.9248620463978097,1.3398379650494014,-0.0992112748296654,3.963017815678836,-0.4424179299426491,1.3233375186841294
67.0,267.0,129.88369750976562,-0.0386119900478477,2.682502921158186,-4.115330536104988,-3.67922120648243,-1.924454899099244,1.3398214621333258,-0.0993185791376466,3.963886887649888,-0.4432911272000954,1.323338099550023
67.0,267.0,129.88369750976562,-0.0382477403859779,2.68273101332882,-4.115921932644253,-3.677978964649831,-1.924749009834854,1.3417441945558162,-0.0989616560098664,3.9650317801400976,-0.4436610931860999,1.3237025486479133
67.0,267.0,129.88369750976562,-0.0368336824364338,2.6826832487827823,-4.114591204394081,-3.678575812548972,-1.925641460409574,1.3405690717413157,-0.0993023327242637,3.963040004737601,-0.4453726377459595,1.3228519700821009
67.0,267.0,129.88369750976562,-0.0368682580867013,2.6829220535883818,-4.115330151241876,-3.6800847775118006,-1.924143475813016,1.3403634962947215,-0.0977891263415146,3.964305456688996,-0.4434524361281761,1.323232495747224
67.0,267.0,129.88369750976562,-0.0385555590400413,2.682332051900679,-4.11561887003485,-3.678886500882304,-1.9246899936591084,1.339812599810698,-0.0990985889591814,3.964719517917539,-0.4435134565679196,1.3239478618172835
67.0,267.0,129.88369750976562,-0.0362685215543273,2.6824785535414897,-4.115228802300194,-3.679666890710486,-1.924817154336768,1.3397913112986377,-0.0984104785689082,3.965220519508229,-0.4431274438343454,1.3229101875008091
67.0,267.0,129.88369750976562,-0.0375539125029723,2.683178260371717,-4.114369649219112,-3.679430716965344,-1.9246000535494767,1.3402022966892828,-0.0991060381317665,3.964045450719317,-0.4435850165156397,1.3232991003993002
67.0,267.0,129.88369750976562,-0.0373747018816963,2.6827891322424366,-4.115831560265851,-3.678720605069845,-1.925137080380172,1.3403258327157284,-0.0988966046907536,3.963632318963182,-0.4426579316869733,1.3218509770686553
67.0,267.0,129.88369750976562,-0.0370591034729298,2.6826218239917727,-4.115266560061377,-3.679595996907135,-1.926209819046368,1.3414009745971895,-0.0987779561750726,3.964208636924238,-0.4451036432456676,1.3236569489549574
67.0,267.0,129.88369750976562,-0.0391015901040685,2.6832066369908216,-4.11469770047713,-3.680059309122311,-1.9260168474946973,1.3411719572718803,-0.0990887163406583,3.963894911594921,-0.4433537251091182,1.3222977704533132
67.0,267.0,129.88369750976562,-0.0371238674580442,2.6828863163114574,-4.116450644235016,-3.678852193219088,-1.9245006772364748,1.340853961483298,-0.1003745299408251,3.96483297132265,-0.4438758320633198,1.32253467512871
67.0,267.0,129.88369750976562,-0.0387529514039979,2.682332987600346,-4.114907536737543,-3.6795098013530296,-1.9263257462158496,1.3407473142017434,-0.0999818312495976,3.964815872089346,-0.4437279455012012,1.3221885533632094
67.0,267.0,129.88369750976562,-0.0385026246801999,2.681902136710416,-4.116577281202409,-3.680540846948508,-1.92433206385908,1.3402460540770993,-0.099126385258616,3.9633692913641982,-0.4437405342625667,1.3232985721522927
67.0,268.0,129.88369750976562,-0.0372763731490363,2.6826167704504225,-4.114823442455658,-3.6783468022659607,-1.9261520268860424,1.3403612303406105,-0.0998002543669788,3.963755631935773,-0.4432836224847902,1.323920551784124
67.0,268.0,129.88369750976562,-0.0386144815276365,2.682602177420531,-4.114692785083619,-3.6782825809630206,-1.925857278402108,1.3408475275948784,-0.0997619686173913,3.964034353113425,-0.4420803106852294,1.323383683790692
67.0,268.0,129.88369750976562,-0.0384255196221009,2.6828457518910365,-4.115229419906435,-3.678280070499364,-1.9241863635424368,1.340197132733122,-0.0989346872452995,3.965045366748188,-0.4436973324717846,1.3237061726352286
67.0,268.0,129.88369750976562,-0.0374477628801099,2.682657028303648,-4.114838900894199,-3.678870043592088,-1.9251837276112644,1.3405201841317955,-0.0987901150784344,3.964675583138253,-0.4423633760043502,1.3238448057713843
67.0,268.0,129.88369750976562,-0.0382635524696136,2.682419967614642,-4.114786126384205,-3.679311634560755,-1.925978686292598,1.3411333845684037,-0.0987597980305496,3.9641414728433215,-0.4424791061193618,1.320928414315454
67.0,268.0,129.88369750976562,-0.0384394284723971,2.682975909148543,-4.114785849651962,-3.679239009035948,-1.9244454601702328,1.3399968271028857,-0.0992974966139006,3.9634126109169294,-0.4438348749963561,1.323728487499586
67.0,268.0,129.88369750976562,-0.0375151009923383,2.6815405326175563,-4.11492126820321,-3.678696413336605,-1.9248538354858755,1.3399425126041962,-0.0987835979778907,3.963714046279793,-0.4446811609730565,1.323395357397754
67.0,268.0,129.88369750976562,-0.0377454066103169,2.6825043046280004,-4.114788089707397,-3.679652743106941,-1.9244710726958925,1.340134709603629,-0.1004671214614538,3.9636188560680137,-0.4424447477359667,1.3231665976907154
67.0,268.0,129.88369750976562,-0.0364954623203145,2.682236998039043,-4.1151194879360045,-3.678349310488348,-1.9266135679514724,1.3402469514634694,-0.0997973225445006,3.96391029317396,-0.4446940722613329,1.3226826898546231
67.0,268.0,129.88369750976562,-0.0383554438796345,2.6837078456050074,-4.1148397309375175,-3.6796427651577615,-1.925935618093105,1.3413987342605571,-0.0995517511654577,3.963735392106942,-0.4447510661004394,1.3223569690262462
67.0,268.0,129.88369750976562,-0.0374471514184957,2.6830290313127803,-4.114093649499316,-3.679834210451842,-1.924097479454128,1.3403730799535918,-0.0989693227775162,3.9646815998637,-0.4441470635204132,1.3235251103658887
67.0,268.0,129.88369750976562,-0.0382710782515905,2.682893249029939,-4.115279657961465,-3.6792257495786993,-1.924598940320268,1.340114582927606,-0.0982937747407807,3.963413311773425,-0.4438361054294831,1.3238186492275428
67.0,268.0,129.88369750976562,-0.0386767940782647,2.6825724445294745,-4.114978013222114,-3.6803825219341575,-1.925471672712967,1.340026883894302,-0.1000383970307691,3.965015974768844,-0.4424138905121658,1.3231790020943524
67.0,268.0,129.88369750976562,-0.0386743878574695,2.682514171969066,-4.114506661615946,-3.679438333994672,-1.9243521442453364,1.339783745789752,-0.0992489063510318,3.963839175972056,-0.4434921678817331,1.3240327725928551
67.0,268.0,129.88369750976562,-0.0378622370720957,2.681968301780857,-4.11483420834631,-3.6800866107675727,-1.924030423868726,1.3402908182460136,-0.0994770964367983,3.9636342318458793,-0.4433138246954711,1.324016149664466
67.0,268.0,129.88369750976562,-0.038409736125438,2.683223324443615,-4.114847609240932,-3.679415568245977,-1.9254956460903945,1.339956890140793,-0.0993767820110977,3.96545346379171,-0.4440833734044859,1.3235641918682983
67.0,268.0,129.88369750976562,-0.0365283721779428,2.6821798842695697,-4.11603441881068,-3.679486054107372,-1.9251379515389608,1.3405617104052885,-0.1002226474128503,3.96390962240616,-0.4420402715724512,1.3236767237550735
67.0,268.0,129.88369750976562,-0.0364397398083592,2.6825071178585005,-4.115088219917484,-3.67970139592296,-1.9261702671341336,1.340268587447146,-0.1007867068112726,3.963668351548983,-0.4431968561648036,1.323600593218882
67.0,268.0,129.88369750976562,-0.0383216637770437,2.6825741157856324,-4.114967170153109,-3.6780063208760607,-1.924454085840296,1.3404595116488414,-0.099584917212826,3.9638032536282113,-0.4437830930453497,1.3237113962040006
67.0,268.0,129.88369750976562,-0.0379767604336877,2.680744641094622,-4.114477853527157,-3.6801701846835897,-1.924400799866619,1.3404674448137248,-0.0999418297218291,3.9646977554076215,-0.4444012423801128,1.3236911002911962
67.0,268.0,129.88369750976562,-0.0390478143195861,2.682337844354252,-4.115926773235828,-3.6795526101329856,-1.924688573970111,1.3412594732204302,-0.0998160293303123,3.963891675060848,-0.4428856325751028,1.3240663398786898
67.0,268.0,129.88369750976562,-0.0383148729229902,2.6832796999404445,-4.116294179060572,-3.6793979513078847,-1.9250865185851764,1.340689295518906,-0.0983386555168854,3.963023765613142,-0.4436402091529069,1.323783064095721
67.0,268.0,129.88369750976562,-0.0379627504806742,2.6821752792535305,-4.115112653936806,-3.679108163981376,-1.9271989799946387,1.3404670547282131,-0.0989285936155462,3.963762776092248,-0.4436037889685726,1.3234545198064809
67.0,268.0,129.88369750976562,-0.0392187524807247,2.683054261908589,-4.114922136147859,-3.6795777604845856,-1.925288325593142,1.3412020927009516,-0.0999221139832497,3.9638507441902,-0.4441360716815598,1.3240769948011513
67.0,268.0,129.88369750976562,-0.0383849644671473,2.6829565493324656,-4.1152425670406885,-3.679085536259625,-1.9245625020625792,1.3398362901102925,-0.0989136901687004,3.964908554644228,-0.4445902552466633,1.3237140521602766
67.0,268.0,129.88369750976562,-0.0381150873514049,2.682542042709517,-4.114430642239843,-3.678878579382245,-1.9244999050184943,1.3406975087022637,-0.0999938618507068,3.963198803446204,-0.4438787615061223,1.3237429493033557
67.0,268.0,129.88369750976562,-0.0356061132564945,2.682682236611596,-4.114853691872366,-3.679371797552783,-1.926117401442866,1.3402494852328133,-0.0995158924403936,3.963593572879813,-0.4432809198229624,1.3217267572875264
67.0,268.0,129.88369750976562,-0.0370319986549597,2.682141311654721,-4.11568919640137,-3.679601765843594,-1.9250876999733395,1.3398228311447469,-0.1004837490685165,3.964237534852891,-0.442657322459007,1.323574800022745
67.0,268.0,129.88369750976562,-0.0370807272260081,2.68264859514898,-4.115168223632826,-3.678252415128613,-1.9239598296335736,1.3405486072531194,-0.098422161926668,3.964345449074509,-0.4430919035377933,1.32368118639016
67.0,268.0,129.88369750976562,-0.0371588517049898,2.6805734538012,-4.114829362922763,-3.680286246949066,-1.92656536943232,1.339947151786356,-0.0988547495593402,3.9637048782995135,-0.4439045648392518,1.323849355521426
67.0,268.0,129.88369750976562,-0.0375504977495809,2.682280533818246,-4.115233018272244,-3.679761393898062,-1.925012808213688,1.3408448440508045,-0.0991535257406458,3.963799535448471,-0.4426996479812786,1.32341862225405
67.0,268.0,129.88369750976562,-0.0364782580288229,2.6818429670123987,-4.11474322378592,-3.679358600708835,-1.9243445464444973,1.3403015173573354,-0.09960695951543,3.965946662438152,-0.4428471831983755,1.3238509640840692
67.0,268.0,129.88369750976562,-0.0375050067521598,2.682394795215691,-4.114718372567042,-3.678092981168621,-1.9258440914610253,1.3400083563894525,-0.099182553119151,3.966016159885976,-0.4438312502809411,1.3218137438897066
67.0,268.0,129.88369750976562,-0.0385790505121479,2.6829151465589978,-4.114800802167872,-3.680258446862143,-1.924409893497719,1.340273682270729,-0.0988903953142273,3.964274155720028,-0.443693939368691,1.324358976709781
67.0,268.0,129.88369750976562,-0.0373377203114786,2.682486630971601,-4.114913017838977,-3.6783634873448783,-1.9265970819780125,1.3403155553342478,-0.099168483249192,3.963433477689972,-0.4450287501643289,1.3241048847555466
67.0,268.0,129.88369750976562,-0.0379180192985064,2.682247815866732,-4.11618169808676,-3.678672127199636,-1.9243215382018104,1.341224665253827,-0.0999942253138913,3.964944788080395,-0.4445476548029366,1.3237704141458422
67.0,268.0,129.88369750976562,-0.0379024272348933,2.681548237319513,-4.1147750510204935,-3.679808883893499,-1.9248620463978097,1.3398379650494014,-0.0992112748296654,3.963017815678836,-0.4424179299426491,1.3233375186841294
67.0,268.0,129.88369750976562,-0.0386119900478477,2.682502921158186,-4.115330536104988,-3.67922120648243,-1.924454899099244,1.3398214621333258,-0.0993185791376466,3.963886887649888,-0.4432911272000954,1.323338099550023
67.0,268.0,129.88369750976562,-0.0382477403859779,2.68273101332882,-4.115921932644253,-3.677978964649831,-1.924749009834854,1.3417441945558162,-0.0989616560098664,3.9650317801400976,-0.4436610931860999,1.3237025486479133
67.0,268.0,129.88369750976562,-0.0368336824364338,2.6826832487827823,-4.114591204394081,-3.678575812548972,-1.925641460409574,1.3405690717413157,-0.0993023327242637,3.963040004737601,-0.4453726377459595,1.3228519700821009
67.0,268.0,129.88369750976562,-0.0368682580867013,2.6829220535883818,-4.115330151241876,-3.6800847775118006,-1.924143475813016,1.3403634962947215,-0.0977891263415146,3.964305456688996,-0.4434524361281761,1.323232495747224
67.0,268.0,129.88369750976562,-0.0385555590400413,2.682332051900679,-4.11561887003485,-3.678886500882304,-1.9246899936591084,1.339812599810698,-0.0990985889591814,3.964719517917539,-0.4435134565679196,1.3239478618172835
67.0,268.0,129.88369750976562,-0.0362685215543273,2.6824785535414897,-4.115228802300194,-3.679666890710486,-1.924817154336768,1.3397913112986377,-0.0984104785689082,3.965220519508229,-0.4431274438343454,1.3229101875008091
67.0,268.0,129.88369750976562,-0.0375539125029723,2.683178260371717,-4.114369649219112,-3.679430716965344,-1.9246000535494767,1.3402022966892828,-0.0991060381317665,3.964045450719317,-0.4435850165156397,1.3232991003993002
67.0,268.0,129.88369750976562,-0.0373747018816963,2.6827891322424366,-4.115831560265851,-3.678720605069845,-1.925137080380172,1.3403258327157284,-0.0988966046907536,3.963632318963182,-0.4426579316869733,1.3218509770686553
67.0,268.0,129.88369750976562,-0.0370591034729298,2.6826218239917727,-4.115266560061377,-3.679595996907135,-1.926209819046368,1.3414009745971895,-0.0987779561750726,3.964208636924238,-0.4451036432456676,1.3236569489549574
67.0,268.0,129.88369750976562,-0.0391015901040685,2.6832066369908216,-4.11469770047713,-3.680059309122311,-1.9260168474946973,1.3411719572718803,-0.0990887163406583,3.963894911594921,-0.4433537251091182,1.3222977704533132
67.0,268.0,129.88369750976562,-0.0371238674580442,2.6828863163114574,-4.116450644235016,-3.678852193219088,-1.9245006772364748,1.340853961483298,-0.1003745299408251,3.96483297132265,-0.4438758320633198,1.32253467512871
67.0,268.0,129.88369750976562,-0.0387529514039979,2.682332987600346,-4.114907536737543,-3.6795098013530296,-1.9263257462158496,1.3407473142017434,-0.0999818312495976,3.964815872089346,-0.4437279455012012,1.3221885533632094
67.0,268.0,129.88369750976562,-0.0385026246801999,2.681902136710416,-4.116577281202409,-3.680540846948508,-1.92433206385908,1.3402460540770993,-0.099126385258616,3.9633692913641982,-0.4437405342625667,1.3232985721522927
67.0,269.0,129.88369750976562,-0.0372763731490363,2.6826167704504225,-4.114823442455658,-3.6783468022659607,-1.9261520268860424,1.3403612303406105,-0.0998002543669788,3.963755631935773,-0.4432836224847902,1.323920551784124
67.0,269.0,129.88369750976562,-0.0386144815276365,2.682602177420531,-4.114692785083619,-3.6782825809630206,-1.925857278402108,1.3408475275948784,-0.0997619686173913,3.964034353113425,-0.4420803106852294,1.323383683790692
67.0,269.0,129.88369750976562,-0.0384255196221009,2.6828457518910365,-4.115229419906435,-3.678280070499364,-1.9241863635424368,1.340197132733122,-0.0989346872452995,3.965045366748188,-0.4436973324717846,1.3237061726352286
67.0,269.0,129.88369750976562,-0.0374477628801099,2.682657028303648,-4.114838900894199,-3.678870043592088,-1.9251837276112644,1.3405201841317955,-0.0987901150784344,3.964675583138253,-0.4423633760043502,1.3238448057713843
67.0,269.0,129.88369750976562,-0.0382635524696136,2.682419967614642,-4.114786126384205,-3.679311634560755,-1.925978686292598,1.3411333845684037,-0.0987597980305496,3.9641414728433215,-0.4424791061193618,1.320928414315454
67.0,269.0,129.88369750976562,-0.0384394284723971,2.682975909148543,-4.114785849651962,-3.679239009035948,-1.9244454601702328,1.3399968271028857,-0.0992974966139006,3.9634126109169294,-0.4438348749963561,1.323728487499586
67.0,269.0,129.88369750976562,-0.0375151009923383,2.6815405326175563,-4.11492126820321,-3.678696413336605,-1.9248538354858755,1.3399425126041962,-0.0987835979778907,3.963714046279793,-0.4446811609730565,1.323395357397754
67.0,269.0,129.88369750976562,-0.0377454066103169,2.6825043046280004,-4.114788089707397,-3.679652743106941,-1.9244710726958925,1.340134709603629,-0.1004671214614538,3.9636188560680137,-0.4424447477359667,1.3231665976907154
67.0,269.0,129.88369750976562,-0.0364954623203145,2.682236998039043,-4.1151194879360045,-3.678349310488348,-1.9266135679514724,1.3402469514634694,-0.0997973225445006,3.96391029317396,-0.4446940722613329,1.3226826898546231
67.0,269.0,129.88369750976562,-0.0383554438796345,2.6837078456050074,-4.1148397309375175,-3.6796427651577615,-1.925935618093105,1.3413987342605571,-0.0995517511654577,3.963735392106942,-0.4447510661004394,1.3223569690262462
67.0,269.0,129.88369750976562,-0.0374471514184957,2.6830290313127803,-4.114093649499316,-3.679834210451842,-1.924097479454128,1.3403730799535918,-0.0989693227775162,3.9646815998637,-0.4441470635204132,1.3235251103658887
67.0,269.0,129.88369750976562,-0.0382710782515905,2.682893249029939,-4.115279657961465,-3.6792257495786993,-1.924598940320268,1.340114582927606,-0.0982937747407807,3.963413311773425,-0.4438361054294831,1.3238186492275428
67.0,269.0,129.88369750976562,-0.0386767940782647,2.6825724445294745,-4.114978013222114,-3.6803825219341575,-1.925471672712967,1.340026883894302,-0.1000383970307691,3.965015974768844,-0.4424138905121658,1.3231790020943524
67.0,269.0,129.88369750976562,-0.0386743878574695,2.682514171969066,-4.114506661615946,-3.679438333994672,-1.9243521442453364,1.339783745789752,-0.0992489063510318,3.963839175972056,-0.4434921678817331,1.3240327725928551
67.0,269.0,129.88369750976562,-0.0378622370720957,2.681968301780857,-4.11483420834631,-3.6800866107675727,-1.924030423868726,1.3402908182460136,-0.0994770964367983,3.9636342318458793,-0.4433138246954711,1.324016149664466
67.0,269.0,129.88369750976562,-0.038409736125438,2.683223324443615,-4.114847609240932,-3.679415568245977,-1.9254956460903945,1.339956890140793,-0.0993767820110977,3.96545346379171,-0.4440833734044859,1.3235641918682983
67.0,269.0,129.88369750976562,-0.0365283721779428,2.6821798842695697,-4.11603441881068,-3.679486054107372,-1.9251379515389608,1.3405617104052885,-0.1002226474128503,3.96390962240616,-0.4420402715724512,1.3236767237550735
67.0,269.0,129.88369750976562,-0.0364397398083592,2.6825071178585005,-4.115088219917484,-3.67970139592296,-1.9261702671341336,1.340268587447146,-0.1007867068112726,3.963668351548983,-0.4431968561648036,1.323600593218882
67.0,269.0,129.88369750976562,-0.0383216637770437,2.6825741157856324,-4.114967170153109,-3.6780063208760607,-1.924454085840296,1.3404595116488414,-0.099584917212826,3.9638032536282113,-0.4437830930453497,1.3237113962040006
67.0,269.0,129.88369750976562,-0.0379767604336877,2.680744641094622,-4.114477853527157,-3.6801701846835897,-1.924400799866619,1.3404674448137248,-0.0999418297218291,3.9646977554076215,-0.4444012423801128,1.3236911002911962
67.0,269.0,129.88369750976562,-0.0390478143195861,2.682337844354252,-4.115926773235828,-3.6795526101329856,-1.924688573970111,1.3412594732204302,-0.0998160293303123,3.963891675060848,-0.4428856325751028,1.3240663398786898
67.0,269.0,129.88369750976562,-0.0383148729229902,2.6832796999404445,-4.116294179060572,-3.6793979513078847,-1.9250865185851764,1.340689295518906,-0.0983386555168854,3.963023765613142,-0.4436402091529069,1.323783064095721
67.0,269.0,129.88369750976562,-0.0379627504806742,2.6821752792535305,-4.115112653936806,-3.679108163981376,-1.9271989799946387,1.3404670547282131,-0.0989285936155462,3.963762776092248,-0.4436037889685726,1.3234545198064809
67.0,269.0,129.88369750976562,-0.0392187524807247,2.683054261908589,-4.114922136147859,-3.6795777604845856,-1.925288325593142,1.3412020927009516,-0.0999221139832497,3.9638507441902,-0.4441360716815598,1.3240769948011513
67.0,269.0,129.88369750976562,-0.0383849644671473,2.6829565493324656,-4.1152425670406885,-3.679085536259625,-1.9245625020625792,1.3398362901102925,-0.0989136901687004,3.964908554644228,-0.4445902552466633,1.3237140521602766
67.0,269.0,129.88369750976562,-0.0381150873514049,2.682542042709517,-4.114430642239843,-3.678878579382245,-1.9244999050184943,1.3406975087022637,-0.0999938618507068,3.963198803446204,-0.4438787615061223,1.3237429493033557
67.0,269.0,129.88369750976562,-0.0356061132564945,2.682682236611596,-4.114853691872366,-3.679371797552783,-1.926117401442866,1.3402494852328133,-0.0995158924403936,3.963593572879813,-0.4432809198229624,1.3217267572875264
67.0,269.0,129.88369750976562,-0.0370319986549597,2.682141311654721,-4.11568919640137,-3.679601765843594,-1.9250876999733395,1.3398228311447469,-0.1004837490685165,3.964237534852891,-0.442657322459007,1.323574800022745
67.0,269.0,129.88369750976562,-0.0370807272260081,2.68264859514898,-4.115168223632826,-3.678252415128613,-1.9239598296335736,1.3405486072531194,-0.098422161926668,3.964345449074509,-0.4430919035377933,1.32368118639016
67.0,269.0,129.88369750976562,-0.0371588517049898,2.6805734538012,-4.114829362922763,-3.680286246949066,-1.92656536943232,1.339947151786356,-0.0988547495593402,3.9637048782995135,-0.4439045648392518,1.323849355521426
67.0,269.0,129.88369750976562,-0.0375504977495809,2.682280533818246,-4.115233018272244,-3.679761393898062,-1.925012808213688,1.3408448440508045,-0.0991535257406458,3.963799535448471,-0.4426996479812786,1.32341862225405
67.0,269.0,129.88369750976562,-0.0364782580288229,2.6818429670123987,-4.11474322378592,-3.679358600708835,-1.9243445464444973,1.3403015173573354,-0.09960695951543,3.965946662438152,-0.4428471831983755,1.3238509640840692
67.0,269.0,129.88369750976562,-0.0375050067521598,2.682394795215691,-4.114718372567042,-3.678092981168621,-1.9258440914610253,1.3400083563894525,-0.099182553119151,3.966016159885976,-0.4438312502809411,1.3218137438897066
67.0,269.0,129.88369750976562,-0.0385790505121479,2.6829151465589978,-4.114800802167872,-3.680258446862143,-1.924409893497719,1.340273682270729,-0.0988903953142273,3.964274155720028,-0.443693939368691,1.324358976709781
67.0,269.0,129.88369750976562,-0.0373377203114786,2.682486630971601,-4.114913017838977,-3.6783634873448783,-1.9265970819780125,1.3403155553342478,-0.099168483249192,3.963433477689972,-0.4450287501643289,1.3241048847555466
67.0,269.0,129.88369750976562,-0.0379180192985064,2.682247815866732,-4.11618169808676,-3.678672127199636,-1.9243215382018104,1.341224665253827,-0.0999942253138913,3.964944788080395,-0.4445476548029366,1.3237704141458422
67.0,269.0,129.88369750976562,-0.0379024272348933,2.681548237319513,-4.1147750510204935,-3.679808883893499,-1.9248620463978097,1.3398379650494014,-0.0992112748296654,3.963017815678836,-0.4424179299426491,1.3233375186841294
67.0,269.0,129.88369750976562,-0.0386119900478477,2.682502921158186,-4.115330536104988,-3.67922120648243,-1.924454899099244,1.3398214621333258,-0.0993185791376466,3.963886887649888,-0.4432911272000954,1.323338099550023
67.0,269.0,129.88369750976562,-0.0382477403859779,2.68273101332882,-4.115921932644253,-3.677978964649831,-1.924749009834854,1.3417441945558162,-0.0989616560098664,3.9650317801400976,-0.4436610931860999,1.3237025486479133
67.0,269.0,129.88369750976562,-0.0368336824364338,2.6826832487827823,-4.114591204394081,-3.678575812548972,-1.925641460409574,1.3405690717413157,-0.0993023327242637,3.963040004737601,-0.4453726377459595,1.3228519700821009
67.0,269.0,129.88369750976562,-0.0368682580867013,2.6829220535883818,-4.115330151241876,-3.6800847775118006,-1.924143475813016,1.3403634962947215,-0.0977891263415146,3.964305456688996,-0.4434524361281761,1.323232495747224
67.0,269.0,129.88369750976562,-0.0385555590400413,2.682332051900679,-4.11561887003485,-3.678886500882304,-1.9246899936591084,1.339812599810698,-0.0990985889591814,3.964719517917539,-0.4435134565679196,1.3239478618172835
67.0,269.0,129.88369750976562,-0.0362685215543273,2.6824785535414897,-4.115228802300194,-3.679666890710486,-1.924817154336768,1.3397913112986377,-0.0984104785689082,3.965220519508229,-0.4431274438343454,1.3229101875008091
67.0,269.0,129.88369750976562,-0.0375539125029723,2.683178260371717,-4.114369649219112,-3.679430716965344,-1.9246000535494767,1.3402022966892828,-0.0991060381317665,3.964045450719317,-0.4435850165156397,1.3232991003993002
67.0,269.0,129.88369750976562,-0.0373747018816963,2.6827891322424366,-4.115831560265851,-3.678720605069845,-1.925137080380172,1.3403258327157284,-0.0988966046907536,3.963632318963182,-0.4426579316869733,1.3218509770686553
67.0,269.0,129.88369750976562,-0.0370591034729298,2.6826218239917727,-4.115266560061377,-3.679595996907135,-1.926209819046368,1.3414009745971895,-0.0987779561750726,3.964208636924238,-0.4451036432456676,1.3236569489549574
67.0,269.0,129.88369750976562,-0.0391015901040685,2.6832066369908216,-4.11469770047713,-3.680059309122311,-1.9260168474946973,1.3411719572718803,-0.0990887163406583,3.963894911594921,-0.4433537251091182,1.3222977704533132
67.0,269.0,129.88369750976562,-0.0371238674580442,2.6828863163114574,-4.116450644235016,-3.678852193219088,-1.9245006772364748,1.340853961483298,-0.1003745299408251,3.96483297132265,-0.4438758320633198,1.32253467512871
67.0,269.0,129.88369750976562,-0.0387529514039979,2.682332987600346,-4.114907536737543,-3.6795098013530296,-1.9263257462158496,1.3407473142017434,-0.0999818312495976,3.964815872089346,-0.4437279455012012,1.3221885533632094
67.0,269.0,129.88369750976562,-0.0385026246801999,2.681902136710416,-4.116577281202409,-3.680540846948508,-1.92433206385908,1.3402460540770993,-0.099126385258616,3.9633692913641982,-0.4437405342625667,1.3232985721522927
67.0,270.0,129.88369750976562,-0.0372763731490363,2.6826167704504225,-4.114823442455658,-3.6783468022659607,-1.9261520268860424,1.3403612303406105,-0.0998002543669788,3.963755631935773,-0.4432836224847902,1.323920551784124
67.0,270.0,129.88369750976562,-0.0386144815276365,2.682602177420531,-4.114692785083619,-3.6782825809630206,-1.925857278402108,1.3408475275948784,-0.0997619686173913,3.964034353113425,-0.4420803106852294,1.323383683790692
67.0,270.0,129.88369750976562,-0.0384255196221009,2.6828457518910365,-4.115229419906435,-3.678280070499364,-1.9241863635424368,1.340197132733122,-0.0989346872452995,3.965045366748188,-0.4436973324717846,1.3237061726352286
67.0,270.0,129.88369750976562,-0.0374477628801099,2.682657028303648,-4.114838900894199,-3.678870043592088,-1.9251837276112644,1.3405201841317955,-0.0987901150784344,3.964675583138253,-0.4423633760043502,1.3238448057713843
67.0,270.0,129.88369750976562,-0.0382635524696136,2.682419967614642,-4.114786126384205,-3.679311634560755,-1.925978686292598,1.3411333845684037,-0.0987597980305496,3.9641414728433215,-0.4424791061193618,1.320928414315454
67.0,270.0,129.88369750976562,-0.0384394284723971,2.682975909148543,-4.114785849651962,-3.679239009035948,-1.9244454601702328,1.3399968271028857,-0.0992974966139006,3.9634126109169294,-0.4438348749963561,1.323728487499586
67.0,270.0,129.88369750976562,-0.0375151009923383,2.6815405326175563,-4.11492126820321,-3.678696413336605,-1.9248538354858755,1.3399425126041962,-0.0987835979778907,3.963714046279793,-0.4446811609730565,1.323395357397754
67.0,270.0,129.88369750976562,-0.0377454066103169,2.6825043046280004,-4.114788089707397,-3.679652743106941,-1.9244710726958925,1.340134709603629,-0.1004671214614538,3.9636188560680137,-0.4424447477359667,1.3231665976907154
67.0,270.0,129.88369750976562,-0.0364954623203145,2.682236998039043,-4.1151194879360045,-3.678349310488348,-1.9266135679514724,1.3402469514634694,-0.0997973225445006,3.96391029317396,-0.4446940722613329,1.3226826898546231
67.0,270.0,129.88369750976562,-0.0383554438796345,2.6837078456050074,-4.1148397309375175,-3.6796427651577615,-1.925935618093105,1.3413987342605571,-0.0995517511654577,3.963735392106942,-0.4447510661004394,1.3223569690262462
67.0,270.0,129.88369750976562,-0.0374471514184957,2.6830290313127803,-4.114093649499316,-3.679834210451842,-1.924097479454128,1.3403730799535918,-0.0989693227775162,3.9646815998637,-0.4441470635204132,1.3235251103658887
67.0,270.0,129.88369750976562,-0.0382710782515905,2.682893249029939,-4.115279657961465,-3.6792257495786993,-1.924598940320268,1.340114582927606,-0.0982937747407807,3.963413311773425,-0.4438361054294831,1.3238186492275428
67.0,270.0,129.88369750976562,-0.0386767940782647,2.6825724445294745,-4.114978013222114,-3.6803825219341575,-1.925471672712967,1.340026883894302,-0.1000383970307691,3.965015974768844,-0.4424138905121658,1.3231790020943524
67.0,270.0,129.88369750976562,-0.0386743878574695,2.682514171969066,-4.114506661615946,-3.679438333994672,-1.9243521442453364,1.339783745789752,-0.0992489063510318,3.963839175972056,-0.4434921678817331,1.3240327725928551
67.0,270.0,129.88369750976562,-0.0378622370720957,2.681968301780857,-4.11483420834631,-3.6800866107675727,-1.924030423868726,1.3402908182460136,-0.0994770964367983,3.9636342318458793,-0.4433138246954711,1.324016149664466
67.0,270.0,129.88369750976562,-0.038409736125438,2.683223324443615,-4.114847609240932,-3.679415568245977,-1.9254956460903945,1.339956890140793,-0.0993767820110977,3.96545346379171,-0.4440833734044859,1.3235641918682983
67.0,270.0,129.88369750976562,-0.0365283721779428,2.6821798842695697,-4.11603441881068,-3.679486054107372,-1.9251379515389608,1.3405617104052885,-0.1002226474128503,3.96390962240616,-0.4420402715724512,1.3236767237550735
67.0,270.0,129.88369750976562,-0.0364397398083592,2.6825071178585005,-4.115088219917484,-3.67970139592296,-1.9261702671341336,1.340268587447146,-0.1007867068112726,3.963668351548983,-0.4431968561648036,1.323600593218882
67.0,270.0,129.88369750976562,-0.0383216637770437,2.6825741157856324,-4.114967170153109,-3.6780063208760607,-1.924454085840296,1.3404595116488414,-0.099584917212826,3.9638032536282113,-0.4437830930453497,1.3237113962040006
67.0,270.0,129.88369750976562,-0.0379767604336877,2.680744641094622,-4.114477853527157,-3.6801701846835897,-1.924400799866619,1.3404674448137248,-0.0999418297218291,3.9646977554076215,-0.4444012423801128,1.3236911002911962
67.0,270.0,129.88369750976562,-0.0390478143195861,2.682337844354252,-4.115926773235828,-3.6795526101329856,-1.924688573970111,1.3412594732204302,-0.0998160293303123,3.963891675060848,-0.4428856325751028,1.3240663398786898
67.0,270.0,129.88369750976562,-0.0383148729229902,2.6832796999404445,-4.116294179060572,-3.6793979513078847,-1.9250865185851764,1.340689295518906,-0.0983386555168854,3.963023765613142,-0.4436402091529069,1.323783064095721
67.0,270.0,129.88369750976562,-0.0379627504806742,2.6821752792535305,-4.115112653936806,-3.679108163981376,-1.9271989799946387,1.3404670547282131,-0.0989285936155462,3.963762776092248,-0.4436037889685726,1.3234545198064809
67.0,270.0,129.88369750976562,-0.0392187524807247,2.683054261908589,-4.114922136147859,-3.6795777604845856,-1.925288325593142,1.3412020927009516,-0.0999221139832497,3.9638507441902,-0.4441360716815598,1.3240769948011513
67.0,270.0,129.88369750976562,-0.0383849644671473,2.6829565493324656,-4.1152425670406885,-3.679085536259625,-1.9245625020625792,1.3398362901102925,-0.0989136901687004,3.964908554644228,-0.4445902552466633,1.3237140521602766
67.0,270.0,129.88369750976562,-0.0381150873514049,2.682542042709517,-4.114430642239843,-3.678878579382245,-1.9244999050184943,1.3406975087022637,-0.0999938618507068,3.963198803446204,-0.4438787615061223,1.3237429493033557
67.0,270.0,129.88369750976562,-0.0356061132564945,2.682682236611596,-4.114853691872366,-3.679371797552783,-1.926117401442866,1.3402494852328133,-0.0995158924403936,3.963593572879813,-0.4432809198229624,1.3217267572875264
67.0,270.0,129.88369750976562,-0.0370319986549597,2.682141311654721,-4.11568919640137,-3.679601765843594,-1.9250876999733395,1.3398228311447469,-0.1004837490685165,3.964237534852891,-0.442657322459007,1.323574800022745
67.0,270.0,129.88369750976562,-0.0370807272260081,2.68264859514898,-4.115168223632826,-3.678252415128613,-1.9239598296335736,1.3405486072531194,-0.098422161926668,3.964345449074509,-0.4430919035377933,1.32368118639016
67.0,270.0,129.88369750976562,-0.0371588517049898,2.6805734538012,-4.114829362922763,-3.680286246949066,-1.92656536943232,1.339947151786356,-0.0988547495593402,3.9637048782995135,-0.4439045648392518,1.323849355521426
67.0,270.0,129.88369750976562,-0.0375504977495809,2.682280533818246,-4.115233018272244,-3.679761393898062,-1.925012808213688,1.3408448440508045,-0.0991535257406458,3.963799535448471,-0.4426996479812786,1.32341862225405
67.0,270.0,129.88369750976562,-0.0364782580288229,2.6818429670123987,-4.11474322378592,-3.679358600708835,-1.9243445464444973,1.3403015173573354,-0.09960695951543,3.965946662438152,-0.4428471831983755,1.3238509640840692
67.0,270.0,129.88369750976562,-0.0375050067521598,2.682394795215691,-4.114718372567042,-3.678092981168621,-1.9258440914610253,1.3400083563894525,-0.099182553119151,3.966016159885976,-0.4438312502809411,1.3218137438897066
67.0,270.0,129.88369750976562,-0.0385790505121479,2.6829151465589978,-4.114800802167872,-3.680258446862143,-1.924409893497719,1.340273682270729,-0.0988903953142273,3.964274155720028,-0.443693939368691,1.324358976709781
67.0,270.0,129.88369750976562,-0.0373377203114786,2.682486630971601,-4.114913017838977,-3.6783634873448783,-1.9265970819780125,1.3403155553342478,-0.099168483249192,3.963433477689972,-0.4450287501643289,1.3241048847555466
67.0,270.0,129.88369750976562,-0.0379180192985064,2.682247815866732,-4.11618169808676,-3.678672127199636,-1.9243215382018104,1.341224665253827,-0.0999942253138913,3.964944788080395,-0.4445476548029366,1.3237704141458422
67.0,270.0,129.88369750976562,-0.0379024272348933,2.681548237319513,-4.1147750510204935,-3.679808883893499,-1.9248620463978097,1.3398379650494014,-0.0992112748296654,3.963017815678836,-0.4424179299426491,1.3233375186841294
67.0,270.0,129.88369750976562,-0.0386119900478477,2.682502921158186,-4.115330536104988,-3.67922120648243,-1.924454899099244,1.3398214621333258,-0.0993185791376466,3.963886887649888,-0.4432911272000954,1.323338099550023
67.0,270.0,129.88369750976562,-0.0382477403859779,2.68273101332882,-4.115921932644253,-3.677978964649831,-1.924749009834854,1.3417441945558162,-0.0989616560098664,3.9650317801400976,-0.4436610931860999,1.3237025486479133
67.0,270.0,129.88369750976562,-0.0368336824364338,2.6826832487827823,-4.114591204394081,-3.678575812548972,-1.925641460409574,1.3405690717413157,-0.0993023327242637,3.963040004737601,-0.4453726377459595,1.3228519700821009
67.0,270.0,129.88369750976562,-0.0368682580867013,2.6829220535883818,-4.115330151241876,-3.6800847775118006,-1.924143475813016,1.3403634962947215,-0.0977891263415146,3.964305456688996,-0.4434524361281761,1.323232495747224
67.0,270.0,129.88369750976562,-0.0385555590400413,2.682332051900679,-4.11561887003485,-3.678886500882304,-1.9246899936591084,1.339812599810698,-0.0990985889591814,3.964719517917539,-0.4435134565679196,1.3239478618172835
67.0,270.0,129.88369750976562,-0.0362685215543273,2.6824785535414897,-4.115228802300194,-3.679666890710486,-1.924817154336768,1.3397913112986377,-0.0984104785689082,3.965220519508229,-0.4431274438343454,1.3229101875008091
67.0,270.0,129.88369750976562,-0.0375539125029723,2.683178260371717,-4.114369649219112,-3.679430716965344,-1.9246000535494767,1.3402022966892828,-0.0991060381317665,3.964045450719317,-0.4435850165156397,1.3232991003993002
67.0,270.0,129.88369750976562,-0.0373747018816963,2.6827891322424366,-4.115831560265851,-3.678720605069845,-1.925137080380172,1.3403258327157284,-0.0988966046907536,3.963632318963182,-0.4426579316869733,1.3218509770686553
67.0,270.0,129.88369750976562,-0.0370591034729298,2.6826218239917727,-4.115266560061377,-3.679595996907135,-1.926209819046368,1.3414009745971895,-0.0987779561750726,3.964208636924238,-0.4451036432456676,1.3236569489549574
67.0,270.0,129.88369750976562,-0.0391015901040685,2.6832066369908216,-4.11469770047713,-3.680059309122311,-1.9260168474946973,1.3411719572718803,-0.0990887163406583,3.963894911594921,-0.4433537251091182,1.3222977704533132
67.0,270.0,129.88369750976562,-0.0371238674580442,2.6828863163114574,-4.116450644235016,-3.678852193219088,-1.9245006772364748,1.340853961483298,-0.1003745299408251,3.96483297132265,-0.4438758320633198,1.32253467512871
67.0,270.0,129.88369750976562,-0.0387529514039979,2.682332987600346,-4.114907536737543,-3.6795098013530296,-1.9263257462158496,1.3407473142017434,-0.0999818312495976,3.964815872089346,-0.4437279455012012,1.3221885533632094
67.0,270.0,129.88369750976562,-0.0385026246801999,2.681902136710416,-4.116577281202409,-3.680540846948508,-1.92433206385908,1.3402460540770993,-0.099126385258616,3.9633692913641982,-0.4437405342625667,1.3232985721522927
67.0,271.0,129.88369750976562,-0.0372763731490363,2.6826167704504225,-4.114823442455658,-3.6783468022659607,-1.9261520268860424,1.3403612303406105,-0.0998002543669788,3.963755631935773,-0.4432836224847902,1.323920551784124
67.0,271.0,129.88369750976562,-0.0386144815276365,2.682602177420531,-4.114692785083619,-3.6782825809630206,-1.925857278402108,1.3408475275948784,-0.0997619686173913,3.964034353113425,-0.4420803106852294,1.323383683790692
67.0,271.0,129.88369750976562,-0.0384255196221009,2.6828457518910365,-4.115229419906435,-3.678280070499364,-1.9241863635424368,1.340197132733122,-0.0989346872452995,3.965045366748188,-0.4436973324717846,1.3237061726352286
67.0,271.0,129.88369750976562,-0.0374477628801099,2.682657028303648,-4.114838900894199,-3.678870043592088,-1.9251837276112644,1.3405201841317955,-0.0987901150784344,3.964675583138253,-0.4423633760043502,1.3238448057713843
67.0,271.0,129.88369750976562,-0.0382635524696136,2.682419967614642,-4.114786126384205,-3.679311634560755,-1.925978686292598,1.3411333845684037,-0.0987597980305496,3.9641414728433215,-0.4424791061193618,1.320928414315454
67.0,271.0,129.88369750976562,-0.0384394284723971,2.682975909148543,-4.114785849651962,-3.679239009035948,-1.9244454601702328,1.3399968271028857,-0.0992974966139006,3.9634126109169294,-0.4438348749963561,1.323728487499586
67.0,271.0,129.88369750976562,-0.0375151009923383,2.6815405326175563,-4.11492126820321,-3.678696413336605,-1.9248538354858755,1.3399425126041962,-0.0987835979778907,3.963714046279793,-0.4446811609730565,1.323395357397754
67.0,271.0,129.88369750976562,-0.0377454066103169,2.6825043046280004,-4.114788089707397,-3.679652743106941,-1.9244710726958925,1.340134709603629,-0.1004671214614538,3.9636188560680137,-0.4424447477359667,1.3231665976907154
67.0,271.0,129.88369750976562,-0.0364954623203145,2.682236998039043,-4.1151194879360045,-3.678349310488348,-1.9266135679514724,1.3402469514634694,-0.0997973225445006,3.96391029317396,-0.4446940722613329,1.3226826898546231
67.0,271.0,129.88369750976562,-0.0383554438796345,2.6837078456050074,-4.1148397309375175,-3.6796427651577615,-1.925935618093105,1.3413987342605571,-0.0995517511654577,3.963735392106942,-0.4447510661004394,1.3223569690262462
67.0,271.0,129.88369750976562,-0.0374471514184957,2.6830290313127803,-4.114093649499316,-3.679834210451842,-1.924097479454128,1.3403730799535918,-0.0989693227775162,3.9646815998637,-0.4441470635204132,1.3235251103658887
67.0,271.0,129.88369750976562,-0.0382710782515905,2.682893249029939,-4.115279657961465,-3.6792257495786993,-1.924598940320268,1.340114582927606,-0.0982937747407807,3.963413311773425,-0.4438361054294831,1.3238186492275428
67.0,271.0,129.88369750976562,-0.0386767940782647,2.6825724445294745,-4.114978013222114,-3.6803825219341575,-1.925471672712967,1.340026883894302,-0.1000383970307691,3.965015974768844,-0.4424138905121658,1.3231790020943524
67.0,271.0,129.88369750976562,-0.0386743878574695,2.682514171969066,-4.114506661615946,-3.679438333994672,-1.9243521442453364,1.339783745789752,-0.0992489063510318,3.963839175972056,-0.4434921678817331,1.3240327725928551
67.0,271.0,129.88369750976562,-0.0378622370720957,2.681968301780857,-4.11483420834631,-3.6800866107675727,-1.924030423868726,1.3402908182460136,-0.0994770964367983,3.9636342318458793,-0.4433138246954711,1.324016149664466
67.0,271.0,129.88369750976562,-0.038409736125438,2.683223324443615,-4.114847609240932,-3.679415568245977,-1.9254956460903945,1.339956890140793,-0.0993767820110977,3.96545346379171,-0.4440833734044859,1.3235641918682983
67.0,271.0,129.88369750976562,-0.0365283721779428,2.6821798842695697,-4.11603441881068,-3.679486054107372,-1.9251379515389608,1.3405617104052885,-0.1002226474128503,3.96390962240616,-0.4420402715724512,1.3236767237550735
67.0,271.0,129.88369750976562,-0.0364397398083592,2.6825071178585005,-4.115088219917484,-3.67970139592296,-1.9261702671341336,1.340268587447146,-0.1007867068112726,3.963668351548983,-0.4431968561648036,1.323600593218882
67.0,271.0,129.88369750976562,-0.0383216637770437,2.6825741157856324,-4.114967170153109,-3.6780063208760607,-1.924454085840296,1.3404595116488414,-0.099584917212826,3.9638032536282113,-0.4437830930453497,1.3237113962040006
67.0,271.0,129.88369750976562,-0.0379767604336877,2.680744641094622,-4.114477853527157,-3.6801701846835897,-1.924400799866619,1.3404674448137248,-0.0999418297218291,3.9646977554076215,-0.4444012423801128,1.3236911002911962
67.0,271.0,129.88369750976562,-0.0390478143195861,2.682337844354252,-4.115926773235828,-3.6795526101329856,-1.924688573970111,1.3412594732204302,-0.0998160293303123,3.963891675060848,-0.4428856325751028,1.3240663398786898
67.0,271.0,129.88369750976562,-0.0383148729229902,2.6832796999404445,-4.116294179060572,-3.6793979513078847,-1.9250865185851764,1.340689295518906,-0.0983386555168854,3.963023765613142,-0.4436402091529069,1.323783064095721
67.0,271.0,129.88369750976562,-0.0379627504806742,2.6821752792535305,-4.115112653936806,-3.679108163981376,-1.9271989799946387,1.3404670547282131,-0.0989285936155462,3.963762776092248,-0.4436037889685726,1.3234545198064809
67.0,271.0,129.88369750976562,-0.0392187524807247,2.683054261908589,-4.114922136147859,-3.6795777604845856,-1.925288325593142,1.3412020927009516,-0.0999221139832497,3.9638507441902,-0.4441360716815598,1.3240769948011513
67.0,271.0,129.88369750976562,-0.0383849644671473,2.6829565493324656,-4.1152425670406885,-3.679085536259625,-1.9245625020625792,1.3398362901102925,-0.0989136901687004,3.964908554644228,-0.4445902552466633,1.3237140521602766
67.0,271.0,129.88369750976562,-0.0381150873514049,2.682542042709517,-4.114430642239843,-3.678878579382245,-1.9244999050184943,1.3406975087022637,-0.0999938618507068,3.963198803446204,-0.4438787615061223,1.3237429493033557
67.0,271.0,129.88369750976562,-0.0356061132564945,2.682682236611596,-4.114853691872366,-3.679371797552783,-1.926117401442866,1.3402494852328133,-0.0995158924403936,3.963593572879813,-0.4432809198229624,1.3217267572875264
67.0,271.0,129.88369750976562,-0.0370319986549597,2.682141311654721,-4.11568919640137,-3.679601765843594,-1.9250876999733395,1.3398228311447469,-0.1004837490685165,3.964237534852891,-0.442657322459007,1.323574800022745
67.0,271.0,129.88369750976562,-0.0370807272260081,2.68264859514898,-4.115168223632826,-3.678252415128613,-1.9239598296335736,1.3405486072531194,-0.098422161926668,3.964345449074509,-0.4430919035377933,1.32368118639016
67.0,271.0,129.88369750976562,-0.0371588517049898,2.6805734538012,-4.114829362922763,-3.680286246949066,-1.92656536943232,1.339947151786356,-0.0988547495593402,3.9637048782995135,-0.4439045648392518,1.323849355521426
67.0,271.0,129.88369750976562,-0.0375504977495809,2.682280533818246,-4.115233018272244,-3.679761393898062,-1.925012808213688,1.3408448440508045,-0.0991535257406458,3.963799535448471,-0.4426996479812786,1.32341862225405
67.0,271.0,129.88369750976562,-0.0364782580288229,2.6818429670123987,-4.11474322378592,-3.679358600708835,-1.9243445464444973,1.3403015173573354,-0.09960695951543,3.965946662438152,-0.4428471831983755,1.3238509640840692
67.0,271.0,129.88369750976562,-0.0375050067521598,2.682394795215691,-4.114718372567042,-3.678092981168621,-1.9258440914610253,1.3400083563894525,-0.099182553119151,3.966016159885976,-0.4438312502809411,1.3218137438897066
67.0,271.0,129.88369750976562,-0.0385790505121479,2.6829151465589978,-4.114800802167872,-3.680258446862143,-1.924409893497719,1.340273682270729,-0.0988903953142273,3.964274155720028,-0.443693939368691,1.324358976709781
67.0,271.0,129.88369750976562,-0.0373377203114786,2.682486630971601,-4.114913017838977,-3.6783634873448783,-1.9265970819780125,1.3403155553342478,-0.099168483249192,3.963433477689972,-0.4450287501643289,1.3241048847555466
67.0,271.0,129.88369750976562,-0.0379180192985064,2.682247815866732,-4.11618169808676,-3.678672127199636,-1.9243215382018104,1.341224665253827,-0.0999942253138913,3.964944788080395,-0.4445476548029366,1.3237704141458422
67.0,271.0,129.88369750976562,-0.0379024272348933,2.681548237319513,-4.1147750510204935,-3.679808883893499,-1.9248620463978097,1.3398379650494014,-0.0992112748296654,3.963017815678836,-0.4424179299426491,1.3233375186841294
67.0,271.0,129.88369750976562,-0.0386119900478477,2.682502921158186,-4.115330536104988,-3.67922120648243,-1.924454899099244,1.3398214621333258,-0.0993185791376466,3.963886887649888,-0.4432911272000954,1.323338099550023
67.0,271.0,129.88369750976562,-0.0382477403859779,2.68273101332882,-4.115921932644253,-3.677978964649831,-1.924749009834854,1.3417441945558162,-0.0989616560098664,3.9650317801400976,-0.4436610931860999,1.3237025486479133
67.0,271.0,129.88369750976562,-0.0368336824364338,2.6826832487827823,-4.114591204394081,-3.678575812548972,-1.925641460409574,1.3405690717413157,-0.0993023327242637,3.963040004737601,-0.4453726377459595,1.3228519700821009
67.0,271.0,129.88369750976562,-0.0368682580867013,2.6829220535883818,-4.115330151241876,-3.6800847775118006,-1.924143475813016,1.3403634962947215,-0.0977891263415146,3.964305456688996,-0.4434524361281761,1.323232495747224
67.0,271.0,129.88369750976562,-0.0385555590400413,2.682332051900679,-4.11561887003485,-3.678886500882304,-1.9246899936591084,1.339812599810698,-0.0990985889591814,3.964719517917539,-0.4435134565679196,1.3239478618172835
67.0,271.0,129.88369750976562,-0.0362685215543273,2.6824785535414897,-4.115228802300194,-3.679666890710486,-1.924817154336768,1.3397913112986377,-0.0984104785689082,3.965220519508229,-0.4431274438343454,1.3229101875008091
67.0,271.0,129.88369750976562,-0.0375539125029723,2.683178260371717,-4.114369649219112,-3.679430716965344,-1.9246000535494767,1.3402022966892828,-0.0991060381317665,3.964045450719317,-0.4435850165156397,1.3232991003993002
67.0,271.0,129.88369750976562,-0.0373747018816963,2.6827891322424366,-4.115831560265851,-3.678720605069845,-1.925137080380172,1.3403258327157284,-0.0988966046907536,3.963632318963182,-0.4426579316869733,1.3218509770686553
67.0,271.0,129.88369750976562,-0.0370591034729298,2.6826218239917727,-4.115266560061377,-3.679595996907135,-1.926209819046368,1.3414009745971895,-0.0987779561750726,3.964208636924238,-0.4451036432456676,1.3236569489549574
67.0,271.0,129.88369750976562,-0.0391015901040685,2.6832066369908216,-4.11469770047713,-3.680059309122311,-1.9260168474946973,1.3411719572718803,-0.0990887163406583,3.963894911594921,-0.4433537251091182,1.3222977704533132
67.0,271.0,129.88369750976562,-0.0371238674580442,2.6828863163114574,-4.116450644235016,-3.678852193219088,-1.9245006772364748,1.340853961483298,-0.1003745299408251,3.96483297132265,-0.4438758320633198,1.32253467512871
67.0,271.0,129.88369750976562,-0.0387529514039979,2.682332987600346,-4.114907536737543,-3.6795098013530296,-1.9263257462158496,1.3407473142017434,-0.0999818312495976,3.964815872089346,-0.4437279455012012,1.3221885533632094
67.0,271.0,129.88369750976562,-0.0385026246801999,2.681902136710416,-4.116577281202409,-3.680540846948508,-1.92433206385908,1.3402460540770993,-0.099126385258616,3.9633692913641982,-0.4437405342625667,1.3232985721522927
67.0,272.0,129.88369750976562,-0.0372763731490363,2.6826167704504225,-4.114823442455658,-3.6783468022659607,-1.9261520268860424,1.3403612303406105,-0.0998002543669788,3.963755631935773,-0.4432836224847902,1.323920551784124
67.0,272.0,129.88369750976562,-0.0386144815276365,2.682602177420531,-4.114692785083619,-3.6782825809630206,-1.925857278402108,1.3408475275948784,-0.0997619686173913,3.964034353113425,-0.4420803106852294,1.323383683790692
67.0,272.0,129.88369750976562,-0.0384255196221009,2.6828457518910365,-4.115229419906435,-3.678280070499364,-1.9241863635424368,1.340197132733122,-0.0989346872452995,3.965045366748188,-0.4436973324717846,1.3237061726352286
67.0,272.0,129.88369750976562,-0.0374477628801099,2.682657028303648,-4.114838900894199,-3.678870043592088,-1.9251837276112644,1.3405201841317955,-0.0987901150784344,3.964675583138253,-0.4423633760043502,1.3238448057713843
67.0,272.0,129.88369750976562,-0.0382635524696136,2.682419967614642,-4.114786126384205,-3.679311634560755,-1.925978686292598,1.3411333845684037,-0.0987597980305496,3.9641414728433215,-0.4424791061193618,1.320928414315454
67.0,272.0,129.88369750976562,-0.0384394284723971,2.682975909148543,-4.114785849651962,-3.679239009035948,-1.9244454601702328,1.3399968271028857,-0.0992974966139006,3.9634126109169294,-0.4438348749963561,1.323728487499586
67.0,272.0,129.88369750976562,-0.0375151009923383,2.6815405326175563,-4.11492126820321,-3.678696413336605,-1.9248538354858755,1.3399425126041962,-0.0987835979778907,3.963714046279793,-0.4446811609730565,1.323395357397754
67.0,272.0,129.88369750976562,-0.0377454066103169,2.6825043046280004,-4.114788089707397,-3.679652743106941,-1.9244710726958925,1.340134709603629,-0.1004671214614538,3.9636188560680137,-0.4424447477359667,1.3231665976907154
67.0,272.0,129.88369750976562,-0.0364954623203145,2.682236998039043,-4.1151194879360045,-3.678349310488348,-1.9266135679514724,1.3402469514634694,-0.0997973225445006,3.96391029317396,-0.4446940722613329,1.3226826898546231
67.0,272.0,129.88369750976562,-0.0383554438796345,2.6837078456050074,-4.1148397309375175,-3.6796427651577615,-1.925935618093105,1.3413987342605571,-0.0995517511654577,3.963735392106942,-0.4447510661004394,1.3223569690262462
67.0,272.0,129.88369750976562,-0.0374471514184957,2.6830290313127803,-4.114093649499316,-3.679834210451842,-1.924097479454128,1.3403730799535918,-0.0989693227775162,3.9646815998637,-0.4441470635204132,1.3235251103658887
67.0,272.0,129.88369750976562,-0.0382710782515905,2.682893249029939,-4.115279657961465,-3.6792257495786993,-1.924598940320268,1.340114582927606,-0.0982937747407807,3.963413311773425,-0.4438361054294831,1.3238186492275428
67.0,272.0,129.88369750976562,-0.0386767940782647,2.6825724445294745,-4.114978013222114,-3.6803825219341575,-1.925471672712967,1.340026883894302,-0.1000383970307691,3.965015974768844,-0.4424138905121658,1.3231790020943524
67.0,272.0,129.88369750976562,-0.0386743878574695,2.682514171969066,-4.114506661615946,-3.679438333994672,-1.9243521442453364,1.339783745789752,-0.0992489063510318,3.963839175972056,-0.4434921678817331,1.3240327725928551
67.0,272.0,129.88369750976562,-0.0378622370720957,2.681968301780857,-4.11483420834631,-3.6800866107675727,-1.924030423868726,1.3402908182460136,-0.0994770964367983,3.9636342318458793,-0.4433138246954711,1.324016149664466
67.0,272.0,129.88369750976562,-0.038409736125438,2.683223324443615,-4.114847609240932,-3.679415568245977,-1.9254956460903945,1.339956890140793,-0.0993767820110977,3.96545346379171,-0.4440833734044859,1.3235641918682983
67.0,272.0,129.88369750976562,-0.0365283721779428,2.6821798842695697,-4.11603441881068,-3.679486054107372,-1.9251379515389608,1.3405617104052885,-0.1002226474128503,3.96390962240616,-0.4420402715724512,1.3236767237550735
67.0,272.0,129.88369750976562,-0.0364397398083592,2.6825071178585005,-4.115088219917484,-3.67970139592296,-1.9261702671341336,1.340268587447146,-0.1007867068112726,3.963668351548983,-0.4431968561648036,1.323600593218882
67.0,272.0,129.88369750976562,-0.0383216637770437,2.6825741157856324,-4.114967170153109,-3.6780063208760607,-1.924454085840296,1.3404595116488414,-0.099584917212826,3.9638032536282113,-0.4437830930453497,1.3237113962040006
67.0,272.0,129.88369750976562,-0.0379767604336877,2.680744641094622,-4.114477853527157,-3.6801701846835897,-1.924400799866619,1.3404674448137248,-0.0999418297218291,3.9646977554076215,-0.4444012423801128,1.3236911002911962
67.0,272.0,129.88369750976562,-0.0390478143195861,2.682337844354252,-4.115926773235828,-3.6795526101329856,-1.924688573970111,1.3412594732204302,-0.0998160293303123,3.963891675060848,-0.4428856325751028,1.3240663398786898
67.0,272.0,129.88369750976562,-0.0383148729229902,2.6832796999404445,-4.116294179060572,-3.6793979513078847,-1.9250865185851764,1.340689295518906,-0.0983386555168854,3.963023765613142,-0.4436402091529069,1.323783064095721
67.0,272.0,129.88369750976562,-0.0379627504806742,2.6821752792535305,-4.115112653936806,-3.679108163981376,-1.9271989799946387,1.3404670547282131,-0.0989285936155462,3.963762776092248,-0.4436037889685726,1.3234545198064809
67.0,272.0,129.88369750976562,-0.0392187524807247,2.683054261908589,-4.114922136147859,-3.6795777604845856,-1.925288325593142,1.3412020927009516,-0.0999221139832497,3.9638507441902,-0.4441360716815598,1.3240769948011513
67.0,272.0,129.88369750976562,-0.0383849644671473,2.6829565493324656,-4.1152425670406885,-3.679085536259625,-1.9245625020625792,1.3398362901102925,-0.0989136901687004,3.964908554644228,-0.4445902552466633,1.3237140521602766
67.0,272.0,129.88369750976562,-0.0381150873514049,2.682542042709517,-4.114430642239843,-3.678878579382245,-1.9244999050184943,1.3406975087022637,-0.0999938618507068,3.963198803446204,-0.4438787615061223,1.3237429493033557
67.0,272.0,129.88369750976562,-0.0356061132564945,2.682682236611596,-4.114853691872366,-3.679371797552783,-1.926117401442866,1.3402494852328133,-0.0995158924403936,3.963593572879813,-0.4432809198229624,1.3217267572875264
67.0,272.0,129.88369750976562,-0.0370319986549597,2.682141311654721,-4.11568919640137,-3.679601765843594,-1.9250876999733395,1.3398228311447469,-0.1004837490685165,3.964237534852891,-0.442657322459007,1.323574800022745
67.0,272.0,129.88369750976562,-0.0370807272260081,2.68264859514898,-4.115168223632826,-3.678252415128613,-1.9239598296335736,1.3405486072531194,-0.098422161926668,3.964345449074509,-0.4430919035377933,1.32368118639016
67.0,272.0,129.88369750976562,-0.0371588517049898,2.6805734538012,-4.114829362922763,-3.680286246949066,-1.92656536943232,1.339947151786356,-0.0988547495593402,3.9637048782995135,-0.4439045648392518,1.323849355521426
67.0,272.0,129.88369750976562,-0.0375504977495809,2.682280533818246,-4.115233018272244,-3.679761393898062,-1.925012808213688,1.3408448440508045,-0.0991535257406458,3.963799535448471,-0.4426996479812786,1.32341862225405
67.0,272.0,129.88369750976562,-0.0364782580288229,2.6818429670123987,-4.11474322378592,-3.679358600708835,-1.9243445464444973,1.3403015173573354,-0.09960695951543,3.965946662438152,-0.4428471831983755,1.3238509640840692
67.0,272.0,129.88369750976562,-0.0375050067521598,2.682394795215691,-4.114718372567042,-3.678092981168621,-1.9258440914610253,1.3400083563894525,-0.099182553119151,3.966016159885976,-0.4438312502809411,1.3218137438897066
67.0,272.0,129.88369750976562,-0.0385790505121479,2.6829151465589978,-4.114800802167872,-3.680258446862143,-1.924409893497719,1.340273682270729,-0.0988903953142273,3.964274155720028,-0.443693939368691,1.324358976709781
67.0,272.0,129.88369750976562,-0.0373377203114786,2.682486630971601,-4.114913017838977,-3.6783634873448783,-1.9265970819780125,1.3403155553342478,-0.099168483249192,3.963433477689972,-0.4450287501643289,1.3241048847555466
67.0,272.0,129.88369750976562,-0.0379180192985064,2.682247815866732,-4.11618169808676,-3.678672127199636,-1.9243215382018104,1.341224665253827,-0.0999942253138913,3.964944788080395,-0.4445476548029366,1.3237704141458422
67.0,272.0,129.88369750976562,-0.0379024272348933,2.681548237319513,-4.1147750510204935,-3.679808883893499,-1.9248620463978097,1.3398379650494014,-0.0992112748296654,3.963017815678836,-0.4424179299426491,1.3233375186841294
67.0,272.0,129.88369750976562,-0.0386119900478477,2.682502921158186,-4.115330536104988,-3.67922120648243,-1.924454899099244,1.3398214621333258,-0.0993185791376466,3.963886887649888,-0.4432911272000954,1.323338099550023
67.0,272.0,129.88369750976562,-0.0382477403859779,2.68273101332882,-4.115921932644253,-3.677978964649831,-1.924749009834854,1.3417441945558162,-0.0989616560098664,3.9650317801400976,-0.4436610931860999,1.3237025486479133
67.0,272.0,129.88369750976562,-0.0368336824364338,2.6826832487827823,-4.114591204394081,-3.678575812548972,-1.925641460409574,1.3405690717413157,-0.0993023327242637,3.963040004737601,-0.4453726377459595,1.3228519700821009
67.0,272.0,129.88369750976562,-0.0368682580867013,2.6829220535883818,-4.115330151241876,-3.6800847775118006,-1.924143475813016,1.3403634962947215,-0.0977891263415146,3.964305456688996,-0.4434524361281761,1.323232495747224
67.0,272.0,129.88369750976562,-0.0385555590400413,2.682332051900679,-4.11561887003485,-3.678886500882304,-1.9246899936591084,1.339812599810698,-0.0990985889591814,3.964719517917539,-0.4435134565679196,1.3239478618172835
67.0,272.0,129.88369750976562,-0.0362685215543273,2.6824785535414897,-4.115228802300194,-3.679666890710486,-1.924817154336768,1.3397913112986377,-0.0984104785689082,3.965220519508229,-0.4431274438343454,1.3229101875008091
67.0,272.0,129.88369750976562,-0.0375539125029723,2.683178260371717,-4.114369649219112,-3.679430716965344,-1.9246000535494767,1.3402022966892828,-0.0991060381317665,3.964045450719317,-0.4435850165156397,1.3232991003993002
67.0,272.0,129.88369750976562,-0.0373747018816963,2.6827891322424366,-4.115831560265851,-3.678720605069845,-1.925137080380172,1.3403258327157284,-0.0988966046907536,3.963632318963182,-0.4426579316869733,1.3218509770686553
67.0,272.0,129.88369750976562,-0.0370591034729298,2.6826218239917727,-4.115266560061377,-3.679595996907135,-1.926209819046368,1.3414009745971895,-0.0987779561750726,3.964208636924238,-0.4451036432456676,1.3236569489549574
67.0,272.0,129.88369750976562,-0.0391015901040685,2.6832066369908216,-4.11469770047713,-3.680059309122311,-1.9260168474946973,1.3411719572718803,-0.0990887163406583,3.963894911594921,-0.4433537251091182,1.3222977704533132
67.0,272.0,129.88369750976562,-0.0371238674580442,2.6828863163114574,-4.116450644235016,-3.678852193219088,-1.9245006772364748,1.340853961483298,-0.1003745299408251,3.96483297132265,-0.4438758320633198,1.32253467512871
67.0,272.0,129.88369750976562,-0.0387529514039979,2.682332987600346,-4.114907536737543,-3.6795098013530296,-1.9263257462158496,1.3407473142017434,-0.0999818312495976,3.964815872089346,-0.4437279455012012,1.3221885533632094
67.0,272.0,129.88369750976562,-0.0385026246801999,2.681902136710416,-4.116577281202409,-3.680540846948508,-1.92433206385908,1.3402460540770993,-0.099126385258616,3.9633692913641982,-0.4437405342625667,1.3232985721522927
67.0,273.0,129.88369750976562,-0.0372763731490363,2.6826167704504225,-4.114823442455658,-3.6783468022659607,-1.9261520268860424,1.3403612303406105,-0.0998002543669788,3.963755631935773,-0.4432836224847902,1.323920551784124
67.0,273.0,129.88369750976562,-0.0386144815276365,2.682602177420531,-4.114692785083619,-3.6782825809630206,-1.925857278402108,1.3408475275948784,-0.0997619686173913,3.964034353113425,-0.4420803106852294,1.323383683790692
67.0,273.0,129.88369750976562,-0.0384255196221009,2.6828457518910365,-4.115229419906435,-3.678280070499364,-1.9241863635424368,1.340197132733122,-0.0989346872452995,3.965045366748188,-0.4436973324717846,1.3237061726352286
67.0,273.0,129.88369750976562,-0.0374477628801099,2.682657028303648,-4.114838900894199,-3.678870043592088,-1.9251837276112644,1.3405201841317955,-0.0987901150784344,3.964675583138253,-0.4423633760043502,1.3238448057713843
67.0,273.0,129.88369750976562,-0.0382635524696136,2.682419967614642,-4.114786126384205,-3.679311634560755,-1.925978686292598,1.3411333845684037,-0.0987597980305496,3.9641414728433215,-0.4424791061193618,1.320928414315454
67.0,273.0,129.88369750976562,-0.0384394284723971,2.682975909148543,-4.114785849651962,-3.679239009035948,-1.9244454601702328,1.3399968271028857,-0.0992974966139006,3.9634126109169294,-0.4438348749963561,1.323728487499586
67.0,273.0,129.88369750976562,-0.0375151009923383,2.6815405326175563,-4.11492126820321,-3.678696413336605,-1.9248538354858755,1.3399425126041962,-0.0987835979778907,3.963714046279793,-0.4446811609730565,1.323395357397754
67.0,273.0,129.88369750976562,-0.0377454066103169,2.6825043046280004,-4.114788089707397,-3.679652743106941,-1.9244710726958925,1.340134709603629,-0.1004671214614538,3.9636188560680137,-0.4424447477359667,1.3231665976907154
67.0,273.0,129.88369750976562,-0.0364954623203145,2.682236998039043,-4.1151194879360045,-3.678349310488348,-1.9266135679514724,1.3402469514634694,-0.0997973225445006,3.96391029317396,-0.4446940722613329,1.3226826898546231
67.0,273.0,129.88369750976562,-0.0383554438796345,2.6837078456050074,-4.1148397309375175,-3.6796427651577615,-1.925935618093105,1.3413987342605571,-0.0995517511654577,3.963735392106942,-0.4447510661004394,1.3223569690262462
67.0,273.0,129.88369750976562,-0.0374471514184957,2.6830290313127803,-4.114093649499316,-3.679834210451842,-1.924097479454128,1.3403730799535918,-0.0989693227775162,3.9646815998637,-0.4441470635204132,1.3235251103658887
67.0,273.0,129.88369750976562,-0.0382710782515905,2.682893249029939,-4.115279657961465,-3.6792257495786993,-1.924598940320268,1.340114582927606,-0.0982937747407807,3.963413311773425,-0.4438361054294831,1.3238186492275428
67.0,273.0,129.88369750976562,-0.0386767940782647,2.6825724445294745,-4.114978013222114,-3.6803825219341575,-1.925471672712967,1.340026883894302,-0.1000383970307691,3.965015974768844,-0.4424138905121658,1.3231790020943524
67.0,273.0,129.88369750976562,-0.0386743878574695,2.682514171969066,-4.114506661615946,-3.679438333994672,-1.9243521442453364,1.339783745789752,-0.0992489063510318,3.963839175972056,-0.4434921678817331,1.3240327725928551
67.0,273.0,129.88369750976562,-0.0378622370720957,2.681968301780857,-4.11483420834631,-3.6800866107675727,-1.924030423868726,1.3402908182460136,-0.0994770964367983,3.9636342318458793,-0.4433138246954711,1.324016149664466
67.0,273.0,129.88369750976562,-0.038409736125438,2.683223324443615,-4.114847609240932,-3.679415568245977,-1.9254956460903945,1.339956890140793,-0.0993767820110977,3.96545346379171,-0.4440833734044859,1.3235641918682983
67.0,273.0,129.88369750976562,-0.0365283721779428,2.6821798842695697,-4.11603441881068,-3.679486054107372,-1.9251379515389608,1.3405617104052885,-0.1002226474128503,3.96390962240616,-0.4420402715724512,1.3236767237550735
67.0,273.0,129.88369750976562,-0.0364397398083592,2.6825071178585005,-4.115088219917484,-3.67970139592296,-1.9261702671341336,1.340268587447146,-0.1007867068112726,3.963668351548983,-0.4431968561648036,1.323600593218882
67.0,273.0,129.88369750976562,-0.0383216637770437,2.6825741157856324,-4.114967170153109,-3.6780063208760607,-1.924454085840296,1.3404595116488414,-0.099584917212826,3.9638032536282113,-0.4437830930453497,1.3237113962040006
67.0,273.0,129.88369750976562,-0.0379767604336877,2.680744641094622,-4.114477853527157,-3.6801701846835897,-1.924400799866619,1.3404674448137248,-0.0999418297218291,3.9646977554076215,-0.4444012423801128,1.3236911002911962
67.0,273.0,129.88369750976562,-0.0390478143195861,2.682337844354252,-4.115926773235828,-3.6795526101329856,-1.924688573970111,1.3412594732204302,-0.0998160293303123,3.963891675060848,-0.4428856325751028,1.3240663398786898
67.0,273.0,129.88369750976562,-0.0383148729229902,2.6832796999404445,-4.116294179060572,-3.6793979513078847,-1.9250865185851764,1.340689295518906,-0.0983386555168854,3.963023765613142,-0.4436402091529069,1.323783064095721
67.0,273.0,129.88369750976562,-0.0379627504806742,2.6821752792535305,-4.115112653936806,-3.679108163981376,-1.9271989799946387,1.3404670547282131,-0.0989285936155462,3.963762776092248,-0.4436037889685726,1.3234545198064809
67.0,273.0,129.88369750976562,-0.0392187524807247,2.683054261908589,-4.114922136147859,-3.6795777604845856,-1.925288325593142,1.3412020927009516,-0.0999221139832497,3.9638507441902,-0.4441360716815598,1.3240769948011513
67.0,273.0,129.88369750976562,-0.0383849644671473,2.6829565493324656,-4.1152425670406885,-3.679085536259625,-1.9245625020625792,1.3398362901102925,-0.0989136901687004,3.964908554644228,-0.4445902552466633,1.3237140521602766
67.0,273.0,129.88369750976562,-0.0381150873514049,2.682542042709517,-4.114430642239843,-3.678878579382245,-1.9244999050184943,1.3406975087022637,-0.0999938618507068,3.963198803446204,-0.4438787615061223,1.3237429493033557
67.0,273.0,129.88369750976562,-0.0356061132564945,2.682682236611596,-4.114853691872366,-3.679371797552783,-1.926117401442866,1.3402494852328133,-0.0995158924403936,3.963593572879813,-0.4432809198229624,1.3217267572875264
67.0,273.0,129.88369750976562,-0.0370319986549597,2.682141311654721,-4.11568919640137,-3.679601765843594,-1.9250876999733395,1.3398228311447469,-0.1004837490685165,3.964237534852891,-0.442657322459007,1.323574800022745
67.0,273.0,129.88369750976562,-0.0370807272260081,2.68264859514898,-4.115168223632826,-3.678252415128613,-1.9239598296335736,1.3405486072531194,-0.098422161926668,3.964345449074509,-0.4430919035377933,1.32368118639016
67.0,273.0,129.88369750976562,-0.0371588517049898,2.6805734538012,-4.114829362922763,-3.680286246949066,-1.92656536943232,1.339947151786356,-0.0988547495593402,3.9637048782995135,-0.4439045648392518,1.323849355521426
67.0,273.0,129.88369750976562,-0.0375504977495809,2.682280533818246,-4.115233018272244,-3.679761393898062,-1.925012808213688,1.3408448440508045,-0.0991535257406458,3.963799535448471,-0.4426996479812786,1.32341862225405
67.0,273.0,129.88369750976562,-0.0364782580288229,2.6818429670123987,-4.11474322378592,-3.679358600708835,-1.9243445464444973,1.3403015173573354,-0.09960695951543,3.965946662438152,-0.4428471831983755,1.3238509640840692
67.0,273.0,129.88369750976562,-0.0375050067521598,2.682394795215691,-4.114718372567042,-3.678092981168621,-1.9258440914610253,1.3400083563894525,-0.099182553119151,3.966016159885976,-0.4438312502809411,1.3218137438897066
67.0,273.0,129.88369750976562,-0.0385790505121479,2.6829151465589978,-4.114800802167872,-3.680258446862143,-1.924409893497719,1.340273682270729,-0.0988903953142273,3.964274155720028,-0.443693939368691,1.324358976709781
67.0,273.0,129.88369750976562,-0.0373377203114786,2.682486630971601,-4.114913017838977,-3.6783634873448783,-1.9265970819780125,1.3403155553342478,-0.099168483249192,3.963433477689972,-0.4450287501643289,1.3241048847555466
67.0,273.0,129.88369750976562,-0.0379180192985064,2.682247815866732,-4.11618169808676,-3.678672127199636,-1.9243215382018104,1.341224665253827,-0.0999942253138913,3.964944788080395,-0.4445476548029366,1.3237704141458422
67.0,273.0,129.88369750976562,-0.0379024272348933,2.681548237319513,-4.1147750510204935,-3.679808883893499,-1.9248620463978097,1.3398379650494014,-0.0992112748296654,3.963017815678836,-0.4424179299426491,1.3233375186841294
67.0,273.0,129.88369750976562,-0.0386119900478477,2.682502921158186,-4.115330536104988,-3.67922120648243,-1.924454899099244,1.3398214621333258,-0.0993185791376466,3.963886887649888,-0.4432911272000954,1.323338099550023
67.0,273.0,129.88369750976562,-0.0382477403859779,2.68273101332882,-4.115921932644253,-3.677978964649831,-1.924749009834854,1.3417441945558162,-0.0989616560098664,3.9650317801400976,-0.4436610931860999,1.3237025486479133
67.0,273.0,129.88369750976562,-0.0368336824364338,2.6826832487827823,-4.114591204394081,-3.678575812548972,-1.925641460409574,1.3405690717413157,-0.0993023327242637,3.963040004737601,-0.4453726377459595,1.3228519700821009
67.0,273.0,129.88369750976562,-0.0368682580867013,2.6829220535883818,-4.115330151241876,-3.6800847775118006,-1.924143475813016,1.3403634962947215,-0.0977891263415146,3.964305456688996,-0.4434524361281761,1.323232495747224
67.0,273.0,129.88369750976562,-0.0385555590400413,2.682332051900679,-4.11561887003485,-3.678886500882304,-1.9246899936591084,1.339812599810698,-0.0990985889591814,3.964719517917539,-0.4435134565679196,1.3239478618172835
67.0,273.0,129.88369750976562,-0.0362685215543273,2.6824785535414897,-4.115228802300194,-3.679666890710486,-1.924817154336768,1.3397913112986377,-0.0984104785689082,3.965220519508229,-0.4431274438343454,1.3229101875008091
67.0,273.0,129.88369750976562,-0.0375539125029723,2.683178260371717,-4.114369649219112,-3.679430716965344,-1.9246000535494767,1.3402022966892828,-0.0991060381317665,3.964045450719317,-0.4435850165156397,1.3232991003993002
67.0,273.0,129.88369750976562,-0.0373747018816963,2.6827891322424366,-4.115831560265851,-3.678720605069845,-1.925137080380172,1.3403258327157284,-0.0988966046907536,3.963632318963182,-0.4426579316869733,1.3218509770686553
67.0,273.0,129.88369750976562,-0.0370591034729298,2.6826218239917727,-4.115266560061377,-3.679595996907135,-1.926209819046368,1.3414009745971895,-0.0987779561750726,3.964208636924238,-0.4451036432456676,1.3236569489549574
67.0,273.0,129.88369750976562,-0.0391015901040685,2.6832066369908216,-4.11469770047713,-3.680059309122311,-1.9260168474946973,1.3411719572718803,-0.0990887163406583,3.963894911594921,-0.4433537251091182,1.3222977704533132
67.0,273.0,129.88369750976562,-0.0371238674580442,2.6828863163114574,-4.116450644235016,-3.678852193219088,-1.9245006772364748,1.340853961483298,-0.1003745299408251,3.96483297132265,-0.4438758320633198,1.32253467512871
67.0,273.0,129.88369750976562,-0.0387529514039979,2.682332987600346,-4.114907536737543,-3.6795098013530296,-1.9263257462158496,1.3407473142017434,-0.0999818312495976,3.964815872089346,-0.4437279455012012,1.3221885533632094
67.0,273.0,129.88369750976562,-0.0385026246801999,2.681902136710416,-4.116577281202409,-3.680540846948508,-1.92433206385908,1.3402460540770993,-0.099126385258616,3.9633692913641982,-0.4437405342625667,1.3232985721522927
67.0,274.0,129.88369750976562,-0.0372763731490363,2.6826167704504225,-4.114823442455658,-3.6783468022659607,-1.9261520268860424,1.3403612303406105,-0.0998002543669788,3.963755631935773,-0.4432836224847902,1.323920551784124
67.0,274.0,129.88369750976562,-0.0386144815276365,2.682602177420531,-4.114692785083619,-3.6782825809630206,-1.925857278402108,1.3408475275948784,-0.0997619686173913,3.964034353113425,-0.4420803106852294,1.323383683790692
67.0,274.0,129.88369750976562,-0.0384255196221009,2.6828457518910365,-4.115229419906435,-3.678280070499364,-1.9241863635424368,1.340197132733122,-0.0989346872452995,3.965045366748188,-0.4436973324717846,1.3237061726352286
67.0,274.0,129.88369750976562,-0.0374477628801099,2.682657028303648,-4.114838900894199,-3.678870043592088,-1.9251837276112644,1.3405201841317955,-0.0987901150784344,3.964675583138253,-0.4423633760043502,1.3238448057713843
67.0,274.0,129.88369750976562,-0.0382635524696136,2.682419967614642,-4.114786126384205,-3.679311634560755,-1.925978686292598,1.3411333845684037,-0.0987597980305496,3.9641414728433215,-0.4424791061193618,1.320928414315454
67.0,274.0,129.88369750976562,-0.0384394284723971,2.682975909148543,-4.114785849651962,-3.679239009035948,-1.9244454601702328,1.3399968271028857,-0.0992974966139006,3.9634126109169294,-0.4438348749963561,1.323728487499586
67.0,274.0,129.88369750976562,-0.0375151009923383,2.6815405326175563,-4.11492126820321,-3.678696413336605,-1.9248538354858755,1.3399425126041962,-0.0987835979778907,3.963714046279793,-0.4446811609730565,1.323395357397754
67.0,274.0,129.88369750976562,-0.0377454066103169,2.6825043046280004,-4.114788089707397,-3.679652743106941,-1.9244710726958925,1.340134709603629,-0.1004671214614538,3.9636188560680137,-0.4424447477359667,1.3231665976907154
67.0,274.0,129.88369750976562,-0.0364954623203145,2.682236998039043,-4.1151194879360045,-3.678349310488348,-1.9266135679514724,1.3402469514634694,-0.0997973225445006,3.96391029317396,-0.4446940722613329,1.3226826898546231
67.0,274.0,129.88369750976562,-0.0383554438796345,2.6837078456050074,-4.1148397309375175,-3.6796427651577615,-1.925935618093105,1.3413987342605571,-0.0995517511654577,3.963735392106942,-0.4447510661004394,1.3223569690262462
67.0,274.0,129.88369750976562,-0.0374471514184957,2.6830290313127803,-4.114093649499316,-3.679834210451842,-1.924097479454128,1.3403730799535918,-0.0989693227775162,3.9646815998637,-0.4441470635204132,1.3235251103658887
67.0,274.0,129.88369750976562,-0.0382710782515905,2.682893249029939,-4.115279657961465,-3.6792257495786993,-1.924598940320268,1.340114582927606,-0.0982937747407807,3.963413311773425,-0.4438361054294831,1.3238186492275428
67.0,274.0,129.88369750976562,-0.0386767940782647,2.6825724445294745,-4.114978013222114,-3.6803825219341575,-1.925471672712967,1.340026883894302,-0.1000383970307691,3.965015974768844,-0.4424138905121658,1.3231790020943524
67.0,274.0,129.88369750976562,-0.0386743878574695,2.682514171969066,-4.114506661615946,-3.679438333994672,-1.9243521442453364,1.339783745789752,-0.0992489063510318,3.963839175972056,-0.4434921678817331,1.3240327725928551
67.0,274.0,129.88369750976562,-0.0378622370720957,2.681968301780857,-4.11483420834631,-3.6800866107675727,-1.924030423868726,1.3402908182460136,-0.0994770964367983,3.9636342318458793,-0.4433138246954711,1.324016149664466
67.0,274.0,129.88369750976562,-0.038409736125438,2.683223324443615,-4.114847609240932,-3.679415568245977,-1.9254956460903945,1.339956890140793,-0.0993767820110977,3.96545346379171,-0.4440833734044859,1.3235641918682983
67.0,274.0,129.88369750976562,-0.0365283721779428,2.6821798842695697,-4.11603441881068,-3.679486054107372,-1.9251379515389608,1.3405617104052885,-0.1002226474128503,3.96390962240616,-0.4420402715724512,1.3236767237550735
67.0,274.0,129.88369750976562,-0.0364397398083592,2.6825071178585005,-4.115088219917484,-3.67970139592296,-1.9261702671341336,1.340268587447146,-0.1007867068112726,3.963668351548983,-0.4431968561648036,1.323600593218882
67.0,274.0,129.88369750976562,-0.0383216637770437,2.6825741157856324,-4.114967170153109,-3.6780063208760607,-1.924454085840296,1.3404595116488414,-0.099584917212826,3.9638032536282113,-0.4437830930453497,1.3237113962040006
67.0,274.0,129.88369750976562,-0.0379767604336877,2.680744641094622,-4.114477853527157,-3.6801701846835897,-1.924400799866619,1.3404674448137248,-0.0999418297218291,3.9646977554076215,-0.4444012423801128,1.3236911002911962
67.0,274.0,129.88369750976562,-0.0390478143195861,2.682337844354252,-4.115926773235828,-3.6795526101329856,-1.924688573970111,1.3412594732204302,-0.0998160293303123,3.963891675060848,-0.4428856325751028,1.3240663398786898
67.0,274.0,129.88369750976562,-0.0383148729229902,2.6832796999404445,-4.116294179060572,-3.6793979513078847,-1.9250865185851764,1.340689295518906,-0.0983386555168854,3.963023765613142,-0.4436402091529069,1.323783064095721
67.0,274.0,129.88369750976562,-0.0379627504806742,2.6821752792535305,-4.115112653936806,-3.679108163981376,-1.9271989799946387,1.3404670547282131,-0.0989285936155462,3.963762776092248,-0.4436037889685726,1.3234545198064809
67.0,274.0,129.88369750976562,-0.0392187524807247,2.683054261908589,-4.114922136147859,-3.6795777604845856,-1.925288325593142,1.3412020927009516,-0.0999221139832497,3.9638507441902,-0.4441360716815598,1.3240769948011513
67.0,274.0,129.88369750976562,-0.0383849644671473,2.6829565493324656,-4.1152425670406885,-3.679085536259625,-1.9245625020625792,1.3398362901102925,-0.0989136901687004,3.964908554644228,-0.4445902552466633,1.3237140521602766
67.0,274.0,129.88369750976562,-0.0381150873514049,2.682542042709517,-4.114430642239843,-3.678878579382245,-1.9244999050184943,1.3406975087022637,-0.0999938618507068,3.963198803446204,-0.4438787615061223,1.3237429493033557
67.0,274.0,129.88369750976562,-0.0356061132564945,2.682682236611596,-4.114853691872366,-3.679371797552783,-1.926117401442866,1.3402494852328133,-0.0995158924403936,3.963593572879813,-0.4432809198229624,1.3217267572875264
67.0,274.0,129.88369750976562,-0.0370319986549597,2.682141311654721,-4.11568919640137,-3.679601765843594,-1.9250876999733395,1.3398228311447469,-0.1004837490685165,3.964237534852891,-0.442657322459007,1.323574800022745
67.0,274.0,129.88369750976562,-0.0370807272260081,2.68264859514898,-4.115168223632826,-3.678252415128613,-1.9239598296335736,1.3405486072531194,-0.098422161926668,3.964345449074509,-0.4430919035377933,1.32368118639016
67.0,274.0,129.88369750976562,-0.0371588517049898,2.6805734538012,-4.114829362922763,-3.680286246949066,-1.92656536943232,1.339947151786356,-0.0988547495593402,3.9637048782995135,-0.4439045648392518,1.323849355521426
67.0,274.0,129.88369750976562,-0.0375504977495809,2.682280533818246,-4.115233018272244,-3.679761393898062,-1.925012808213688,1.3408448440508045,-0.0991535257406458,3.963799535448471,-0.4426996479812786,1.32341862225405
67.0,274.0,129.88369750976562,-0.0364782580288229,2.6818429670123987,-4.11474322378592,-3.679358600708835,-1.9243445464444973,1.3403015173573354,-0.09960695951543,3.965946662438152,-0.4428471831983755,1.3238509640840692
67.0,274.0,129.88369750976562,-0.0375050067521598,2.682394795215691,-4.114718372567042,-3.678092981168621,-1.9258440914610253,1.3400083563894525,-0.099182553119151,3.966016159885976,-0.4438312502809411,1.3218137438897066
67.0,274.0,129.88369750976562,-0.0385790505121479,2.6829151465589978,-4.114800802167872,-3.680258446862143,-1.924409893497719,1.340273682270729,-0.0988903953142273,3.964274155720028,-0.443693939368691,1.324358976709781
67.0,274.0,129.88369750976562,-0.0373377203114786,2.682486630971601,-4.114913017838977,-3.6783634873448783,-1.9265970819780125,1.3403155553342478,-0.099168483249192,3.963433477689972,-0.4450287501643289,1.3241048847555466
67.0,274.0,129.88369750976562,-0.0379180192985064,2.682247815866732,-4.11618169808676,-3.678672127199636,-1.9243215382018104,1.341224665253827,-0.0999942253138913,3.964944788080395,-0.4445476548029366,1.3237704141458422
67.0,274.0,129.88369750976562,-0.0379024272348933,2.681548237319513,-4.1147750510204935,-3.679808883893499,-1.9248620463978097,1.3398379650494014,-0.0992112748296654,3.963017815678836,-0.4424179299426491,1.3233375186841294
67.0,274.0,129.88369750976562,-0.0386119900478477,2.682502921158186,-4.115330536104988,-3.67922120648243,-1.924454899099244,1.3398214621333258,-0.0993185791376466,3.963886887649888,-0.4432911272000954,1.323338099550023
67.0,274.0,129.88369750976562,-0.0382477403859779,2.68273101332882,-4.115921932644253,-3.677978964649831,-1.924749009834854,1.3417441945558162,-0.0989616560098664,3.9650317801400976,-0.4436610931860999,1.3237025486479133
67.0,274.0,129.88369750976562,-0.0368336824364338,2.6826832487827823,-4.114591204394081,-3.678575812548972,-1.925641460409574,1.3405690717413157,-0.0993023327242637,3.963040004737601,-0.4453726377459595,1.3228519700821009
67.0,274.0,129.88369750976562,-0.0368682580867013,2.6829220535883818,-4.115330151241876,-3.6800847775118006,-1.924143475813016,1.3403634962947215,-0.0977891263415146,3.964305456688996,-0.4434524361281761,1.323232495747224
67.0,274.0,129.88369750976562,-0.0385555590400413,2.682332051900679,-4.11561887003485,-3.678886500882304,-1.9246899936591084,1.339812599810698,-0.0990985889591814,3.964719517917539,-0.4435134565679196,1.3239478618172835
67.0,274.0,129.88369750976562,-0.0362685215543273,2.6824785535414897,-4.115228802300194,-3.679666890710486,-1.924817154336768,1.3397913112986377,-0.0984104785689082,3.965220519508229,-0.4431274438343454,1.3229101875008091
67.0,274.0,129.88369750976562,-0.0375539125029723,2.683178260371717,-4.114369649219112,-3.679430716965344,-1.9246000535494767,1.3402022966892828,-0.0991060381317665,3.964045450719317,-0.4435850165156397,1.3232991003993002
67.0,274.0,129.88369750976562,-0.0373747018816963,2.6827891322424366,-4.115831560265851,-3.678720605069845,-1.925137080380172,1.3403258327157284,-0.0988966046907536,3.963632318963182,-0.4426579316869733,1.3218509770686553
67.0,274.0,129.88369750976562,-0.0370591034729298,2.6826218239917727,-4.115266560061377,-3.679595996907135,-1.926209819046368,1.3414009745971895,-0.0987779561750726,3.964208636924238,-0.4451036432456676,1.3236569489549574
67.0,274.0,129.88369750976562,-0.0391015901040685,2.6832066369908216,-4.11469770047713,-3.680059309122311,-1.9260168474946973,1.3411719572718803,-0.0990887163406583,3.963894911594921,-0.4433537251091182,1.3222977704533132
67.0,274.0,129.88369750976562,-0.0371238674580442,2.6828863163114574,-4.116450644235016,-3.678852193219088,-1.9245006772364748,1.340853961483298,-0.1003745299408251,3.96483297132265,-0.4438758320633198,1.32253467512871
67.0,274.0,129.88369750976562,-0.0387529514039979,2.682332987600346,-4.114907536737543,-3.6795098013530296,-1.9263257462158496,1.3407473142017434,-0.0999818312495976,3.964815872089346,-0.4437279455012012,1.3221885533632094
67.0,274.0,129.88369750976562,-0.0385026246801999,2.681902136710416,-4.116577281202409,-3.680540846948508,-1.92433206385908,1.3402460540770993,-0.099126385258616,3.9633692913641982,-0.4437405342625667,1.3232985721522927
67.0,275.0,129.88369750976562,-0.0372763731490363,2.6826167704504225,-4.114823442455658,-3.6783468022659607,-1.9261520268860424,1.3403612303406105,-0.0998002543669788,3.963755631935773,-0.4432836224847902,1.323920551784124
67.0,275.0,129.88369750976562,-0.0386144815276365,2.682602177420531,-4.114692785083619,-3.6782825809630206,-1.925857278402108,1.3408475275948784,-0.0997619686173913,3.964034353113425,-0.4420803106852294,1.323383683790692
67.0,275.0,129.88369750976562,-0.0384255196221009,2.6828457518910365,-4.115229419906435,-3.678280070499364,-1.9241863635424368,1.340197132733122,-0.0989346872452995,3.965045366748188,-0.4436973324717846,1.3237061726352286
67.0,275.0,129.88369750976562,-0.0374477628801099,2.682657028303648,-4.114838900894199,-3.678870043592088,-1.9251837276112644,1.3405201841317955,-0.0987901150784344,3.964675583138253,-0.4423633760043502,1.3238448057713843
67.0,275.0,129.88369750976562,-0.0382635524696136,2.682419967614642,-4.114786126384205,-3.679311634560755,-1.925978686292598,1.3411333845684037,-0.0987597980305496,3.9641414728433215,-0.4424791061193618,1.320928414315454
67.0,275.0,129.88369750976562,-0.0384394284723971,2.682975909148543,-4.114785849651962,-3.679239009035948,-1.9244454601702328,1.3399968271028857,-0.0992974966139006,3.9634126109169294,-0.4438348749963561,1.323728487499586
67.0,275.0,129.88369750976562,-0.0375151009923383,2.6815405326175563,-4.11492126820321,-3.678696413336605,-1.9248538354858755,1.3399425126041962,-0.0987835979778907,3.963714046279793,-0.4446811609730565,1.323395357397754
67.0,275.0,129.88369750976562,-0.0377454066103169,2.6825043046280004,-4.114788089707397,-3.679652743106941,-1.9244710726958925,1.340134709603629,-0.1004671214614538,3.9636188560680137,-0.4424447477359667,1.3231665976907154
67.0,275.0,129.88369750976562,-0.0364954623203145,2.682236998039043,-4.1151194879360045,-3.678349310488348,-1.9266135679514724,1.3402469514634694,-0.0997973225445006,3.96391029317396,-0.4446940722613329,1.3226826898546231
67.0,275.0,129.88369750976562,-0.0383554438796345,2.6837078456050074,-4.1148397309375175,-3.6796427651577615,-1.925935618093105,1.3413987342605571,-0.0995517511654577,3.963735392106942,-0.4447510661004394,1.3223569690262462
67.0,275.0,129.88369750976562,-0.0374471514184957,2.6830290313127803,-4.114093649499316,-3.679834210451842,-1.924097479454128,1.3403730799535918,-0.0989693227775162,3.9646815998637,-0.4441470635204132,1.3235251103658887
67.0,275.0,129.88369750976562,-0.0382710782515905,2.682893249029939,-4.115279657961465,-3.6792257495786993,-1.924598940320268,1.340114582927606,-0.0982937747407807,3.963413311773425,-0.4438361054294831,1.3238186492275428
67.0,275.0,129.88369750976562,-0.0386767940782647,2.6825724445294745,-4.114978013222114,-3.6803825219341575,-1.925471672712967,1.340026883894302,-0.1000383970307691,3.965015974768844,-0.4424138905121658,1.3231790020943524
67.0,275.0,129.88369750976562,-0.0386743878574695,2.682514171969066,-4.114506661615946,-3.679438333994672,-1.9243521442453364,1.339783745789752,-0.0992489063510318,3.963839175972056,-0.4434921678817331,1.3240327725928551
67.0,275.0,129.88369750976562,-0.0378622370720957,2.681968301780857,-4.11483420834631,-3.6800866107675727,-1.924030423868726,1.3402908182460136,-0.0994770964367983,3.9636342318458793,-0.4433138246954711,1.324016149664466
67.0,275.0,129.88369750976562,-0.038409736125438,2.683223324443615,-4.114847609240932,-3.679415568245977,-1.9254956460903945,1.339956890140793,-0.0993767820110977,3.96545346379171,-0.4440833734044859,1.3235641918682983
67.0,275.0,129.88369750976562,-0.0365283721779428,2.6821798842695697,-4.11603441881068,-3.679486054107372,-1.9251379515389608,1.3405617104052885,-0.1002226474128503,3.96390962240616,-0.4420402715724512,1.3236767237550735
67.0,275.0,129.88369750976562,-0.0364397398083592,2.6825071178585005,-4.115088219917484,-3.67970139592296,-1.9261702671341336,1.340268587447146,-0.1007867068112726,3.963668351548983,-0.4431968561648036,1.323600593218882
67.0,275.0,129.88369750976562,-0.0383216637770437,2.6825741157856324,-4.114967170153109,-3.6780063208760607,-1.924454085840296,1.3404595116488414,-0.099584917212826,3.9638032536282113,-0.4437830930453497,1.3237113962040006
67.0,275.0,129.88369750976562,-0.0379767604336877,2.680744641094622,-4.114477853527157,-3.6801701846835897,-1.924400799866619,1.3404674448137248,-0.0999418297218291,3.9646977554076215,-0.4444012423801128,1.3236911002911962
67.0,275.0,129.88369750976562,-0.0390478143195861,2.682337844354252,-4.115926773235828,-3.6795526101329856,-1.924688573970111,1.3412594732204302,-0.0998160293303123,3.963891675060848,-0.4428856325751028,1.3240663398786898
67.0,275.0,129.88369750976562,-0.0383148729229902,2.6832796999404445,-4.116294179060572,-3.6793979513078847,-1.9250865185851764,1.340689295518906,-0.0983386555168854,3.963023765613142,-0.4436402091529069,1.323783064095721
67.0,275.0,129.88369750976562,-0.0379627504806742,2.6821752792535305,-4.115112653936806,-3.679108163981376,-1.9271989799946387,1.3404670547282131,-0.0989285936155462,3.963762776092248,-0.4436037889685726,1.3234545198064809
67.0,275.0,129.88369750976562,-0.0392187524807247,2.683054261908589,-4.114922136147859,-3.6795777604845856,-1.925288325593142,1.3412020927009516,-0.0999221139832497,3.9638507441902,-0.4441360716815598,1.3240769948011513
67.0,275.0,129.88369750976562,-0.0383849644671473,2.6829565493324656,-4.1152425670406885,-3.679085536259625,-1.9245625020625792,1.3398362901102925,-0.0989136901687004,3.964908554644228,-0.4445902552466633,1.3237140521602766
67.0,275.0,129.88369750976562,-0.0381150873514049,2.682542042709517,-4.114430642239843,-3.678878579382245,-1.9244999050184943,1.3406975087022637,-0.0999938618507068,3.963198803446204,-0.4438787615061223,1.3237429493033557
67.0,275.0,129.88369750976562,-0.0356061132564945,2.682682236611596,-4.114853691872366,-3.679371797552783,-1.926117401442866,1.3402494852328133,-0.0995158924403936,3.963593572879813,-0.4432809198229624,1.3217267572875264
67.0,275.0,129.88369750976562,-0.0370319986549597,2.682141311654721,-4.11568919640137,-3.679601765843594,-1.9250876999733395,1.3398228311447469,-0.1004837490685165,3.964237534852891,-0.442657322459007,1.323574800022745
67.0,275.0,129.88369750976562,-0.0370807272260081,2.68264859514898,-4.115168223632826,-3.678252415128613,-1.9239598296335736,1.3405486072531194,-0.098422161926668,3.964345449074509,-0.4430919035377933,1.32368118639016
67.0,275.0,129.88369750976562,-0.0371588517049898,2.6805734538012,-4.114829362922763,-3.680286246949066,-1.92656536943232,1.339947151786356,-0.0988547495593402,3.9637048782995135,-0.4439045648392518,1.323849355521426
67.0,275.0,129.88369750976562,-0.0375504977495809,2.682280533818246,-4.115233018272244,-3.679761393898062,-1.925012808213688,1.3408448440508045,-0.0991535257406458,3.963799535448471,-0.4426996479812786,1.32341862225405
67.0,275.0,129.88369750976562,-0.0364782580288229,2.6818429670123987,-4.11474322378592,-3.679358600708835,-1.9243445464444973,1.3403015173573354,-0.09960695951543,3.965946662438152,-0.4428471831983755,1.3238509640840692
67.0,275.0,129.88369750976562,-0.0375050067521598,2.682394795215691,-4.114718372567042,-3.678092981168621,-1.9258440914610253,1.3400083563894525,-0.099182553119151,3.966016159885976,-0.4438312502809411,1.3218137438897066
67.0,275.0,129.88369750976562,-0.0385790505121479,2.6829151465589978,-4.114800802167872,-3.680258446862143,-1.924409893497719,1.340273682270729,-0.0988903953142273,3.964274155720028,-0.443693939368691,1.324358976709781
67.0,275.0,129.88369750976562,-0.0373377203114786,2.682486630971601,-4.114913017838977,-3.6783634873448783,-1.9265970819780125,1.3403155553342478,-0.099168483249192,3.963433477689972,-0.4450287501643289,1.3241048847555466
67.0,275.0,129.88369750976562,-0.0379180192985064,2.682247815866732,-4.11618169808676,-3.678672127199636,-1.9243215382018104,1.341224665253827,-0.0999942253138913,3.964944788080395,-0.4445476548029366,1.3237704141458422
67.0,275.0,129.88369750976562,-0.0379024272348933,2.681548237319513,-4.1147750510204935,-3.679808883893499,-1.9248620463978097,1.3398379650494014,-0.0992112748296654,3.963017815678836,-0.4424179299426491,1.3233375186841294
67.0,275.0,129.88369750976562,-0.0386119900478477,2.682502921158186,-4.115330536104988,-3.67922120648243,-1.924454899099244,1.3398214621333258,-0.0993185791376466,3.963886887649888,-0.4432911272000954,1.323338099550023
67.0,275.0,129.88369750976562,-0.0382477403859779,2.68273101332882,-4.115921932644253,-3.677978964649831,-1.924749009834854,1.3417441945558162,-0.0989616560098664,3.9650317801400976,-0.4436610931860999,1.3237025486479133
67.0,275.0,129.88369750976562,-0.0368336824364338,2.6826832487827823,-4.114591204394081,-3.678575812548972,-1.925641460409574,1.3405690717413157,-0.0993023327242637,3.963040004737601,-0.4453726377459595,1.3228519700821009
67.0,275.0,129.88369750976562,-0.0368682580867013,2.6829220535883818,-4.115330151241876,-3.6800847775118006,-1.924143475813016,1.3403634962947215,-0.0977891263415146,3.964305456688996,-0.4434524361281761,1.323232495747224
67.0,275.0,129.88369750976562,-0.0385555590400413,2.682332051900679,-4.11561887003485,-3.678886500882304,-1.9246899936591084,1.339812599810698,-0.0990985889591814,3.964719517917539,-0.4435134565679196,1.3239478618172835
67.0,275.0,129.88369750976562,-0.0362685215543273,2.6824785535414897,-4.115228802300194,-3.679666890710486,-1.924817154336768,1.3397913112986377,-0.0984104785689082,3.965220519508229,-0.4431274438343454,1.3229101875008091
67.0,275.0,129.88369750976562,-0.0375539125029723,2.683178260371717,-4.114369649219112,-3.679430716965344,-1.9246000535494767,1.3402022966892828,-0.0991060381317665,3.964045450719317,-0.4435850165156397,1.3232991003993002
67.0,275.0,129.88369750976562,-0.0373747018816963,2.6827891322424366,-4.115831560265851,-3.678720605069845,-1.925137080380172,1.3403258327157284,-0.0988966046907536,3.963632318963182,-0.4426579316869733,1.3218509770686553
67.0,275.0,129.88369750976562,-0.0370591034729298,2.6826218239917727,-4.115266560061377,-3.679595996907135,-1.926209819046368,1.3414009745971895,-0.0987779561750726,3.964208636924238,-0.4451036432456676,1.3236569489549574
67.0,275.0,129.88369750976562,-0.0391015901040685,2.6832066369908216,-4.11469770047713,-3.680059309122311,-1.9260168474946973,1.3411719572718803,-0.0990887163406583,3.963894911594921,-0.4433537251091182,1.3222977704533132
67.0,275.0,129.88369750976562,-0.0371238674580442,2.6828863163114574,-4.116450644235016,-3.678852193219088,-1.9245006772364748,1.340853961483298,-0.1003745299408251,3.96483297132265,-0.4438758320633198,1.32253467512871
67.0,275.0,129.88369750976562,-0.0387529514039979,2.682332987600346,-4.114907536737543,-3.6795098013530296,-1.9263257462158496,1.3407473142017434,-0.0999818312495976,3.964815872089346,-0.4437279455012012,1.3221885533632094
67.0,275.0,129.88369750976562,-0.0385026246801999,2.681902136710416,-4.116577281202409,-3.680540846948508,-1.92433206385908,1.3402460540770993,-0.099126385258616,3.9633692913641982,-0.4437405342625667,1.3232985721522927
67.0,276.0,129.88369750976562,-0.0372763731490363,2.6826167704504225,-4.114823442455658,-3.6783468022659607,-1.9261520268860424,1.3403612303406105,-0.0998002543669788,3.963755631935773,-0.4432836224847902,1.323920551784124
67.0,276.0,129.88369750976562,-0.0386144815276365,2.682602177420531,-4.114692785083619,-3.6782825809630206,-1.925857278402108,1.3408475275948784,-0.0997619686173913,3.964034353113425,-0.4420803106852294,1.323383683790692
67.0,276.0,129.88369750976562,-0.0384255196221009,2.6828457518910365,-4.115229419906435,-3.678280070499364,-1.9241863635424368,1.340197132733122,-0.0989346872452995,3.965045366748188,-0.4436973324717846,1.3237061726352286
67.0,276.0,129.88369750976562,-0.0374477628801099,2.682657028303648,-4.114838900894199,-3.678870043592088,-1.9251837276112644,1.3405201841317955,-0.0987901150784344,3.964675583138253,-0.4423633760043502,1.3238448057713843
67.0,276.0,129.88369750976562,-0.0382635524696136,2.682419967614642,-4.114786126384205,-3.679311634560755,-1.925978686292598,1.3411333845684037,-0.0987597980305496,3.9641414728433215,-0.4424791061193618,1.320928414315454
67.0,276.0,129.88369750976562,-0.0384394284723971,2.682975909148543,-4.114785849651962,-3.679239009035948,-1.9244454601702328,1.3399968271028857,-0.0992974966139006,3.9634126109169294,-0.4438348749963561,1.323728487499586
67.0,276.0,129.88369750976562,-0.0375151009923383,2.6815405326175563,-4.11492126820321,-3.678696413336605,-1.9248538354858755,1.3399425126041962,-0.0987835979778907,3.963714046279793,-0.4446811609730565,1.323395357397754
67.0,276.0,129.88369750976562,-0.0377454066103169,2.6825043046280004,-4.114788089707397,-3.679652743106941,-1.9244710726958925,1.340134709603629,-0.1004671214614538,3.9636188560680137,-0.4424447477359667,1.3231665976907154
67.0,276.0,129.88369750976562,-0.0364954623203145,2.682236998039043,-4.1151194879360045,-3.678349310488348,-1.9266135679514724,1.3402469514634694,-0.0997973225445006,3.96391029317396,-0.4446940722613329,1.3226826898546231
67.0,276.0,129.88369750976562,-0.0383554438796345,2.6837078456050074,-4.1148397309375175,-3.6796427651577615,-1.925935618093105,1.3413987342605571,-0.0995517511654577,3.963735392106942,-0.4447510661004394,1.3223569690262462
67.0,276.0,129.88369750976562,-0.0374471514184957,2.6830290313127803,-4.114093649499316,-3.679834210451842,-1.924097479454128,1.3403730799535918,-0.0989693227775162,3.9646815998637,-0.4441470635204132,1.3235251103658887
67.0,276.0,129.88369750976562,-0.0382710782515905,2.682893249029939,-4.115279657961465,-3.6792257495786993,-1.924598940320268,1.340114582927606,-0.0982937747407807,3.963413311773425,-0.4438361054294831,1.3238186492275428
67.0,276.0,129.88369750976562,-0.0386767940782647,2.6825724445294745,-4.114978013222114,-3.6803825219341575,-1.925471672712967,1.340026883894302,-0.1000383970307691,3.965015974768844,-0.4424138905121658,1.3231790020943524
67.0,276.0,129.88369750976562,-0.0386743878574695,2.682514171969066,-4.114506661615946,-3.679438333994672,-1.9243521442453364,1.339783745789752,-0.0992489063510318,3.963839175972056,-0.4434921678817331,1.3240327725928551
67.0,276.0,129.88369750976562,-0.0378622370720957,2.681968301780857,-4.11483420834631,-3.6800866107675727,-1.924030423868726,1.3402908182460136,-0.0994770964367983,3.9636342318458793,-0.4433138246954711,1.324016149664466
67.0,276.0,129.88369750976562,-0.038409736125438,2.683223324443615,-4.114847609240932,-3.679415568245977,-1.9254956460903945,1.339956890140793,-0.0993767820110977,3.96545346379171,-0.4440833734044859,1.3235641918682983
67.0,276.0,129.88369750976562,-0.0365283721779428,2.6821798842695697,-4.11603441881068,-3.679486054107372,-1.9251379515389608,1.3405617104052885,-0.1002226474128503,3.96390962240616,-0.4420402715724512,1.3236767237550735
67.0,276.0,129.88369750976562,-0.0364397398083592,2.6825071178585005,-4.115088219917484,-3.67970139592296,-1.9261702671341336,1.340268587447146,-0.1007867068112726,3.963668351548983,-0.4431968561648036,1.323600593218882
67.0,276.0,129.88369750976562,-0.0383216637770437,2.6825741157856324,-4.114967170153109,-3.6780063208760607,-1.924454085840296,1.3404595116488414,-0.099584917212826,3.9638032536282113,-0.4437830930453497,1.3237113962040006
67.0,276.0,129.88369750976562,-0.0379767604336877,2.680744641094622,-4.114477853527157,-3.6801701846835897,-1.924400799866619,1.3404674448137248,-0.0999418297218291,3.9646977554076215,-0.4444012423801128,1.3236911002911962
67.0,276.0,129.88369750976562,-0.0390478143195861,2.682337844354252,-4.115926773235828,-3.6795526101329856,-1.924688573970111,1.3412594732204302,-0.0998160293303123,3.963891675060848,-0.4428856325751028,1.3240663398786898
67.0,276.0,129.88369750976562,-0.0383148729229902,2.6832796999404445,-4.116294179060572,-3.6793979513078847,-1.9250865185851764,1.340689295518906,-0.0983386555168854,3.963023765613142,-0.4436402091529069,1.323783064095721
67.0,276.0,129.88369750976562,-0.0379627504806742,2.6821752792535305,-4.115112653936806,-3.679108163981376,-1.9271989799946387,1.3404670547282131,-0.0989285936155462,3.963762776092248,-0.4436037889685726,1.3234545198064809
67.0,276.0,129.88369750976562,-0.0392187524807247,2.683054261908589,-4.114922136147859,-3.6795777604845856,-1.925288325593142,1.3412020927009516,-0.0999221139832497,3.9638507441902,-0.4441360716815598,1.3240769948011513
67.0,276.0,129.88369750976562,-0.0383849644671473,2.6829565493324656,-4.1152425670406885,-3.679085536259625,-1.9245625020625792,1.3398362901102925,-0.0989136901687004,3.964908554644228,-0.4445902552466633,1.3237140521602766
67.0,276.0,129.88369750976562,-0.0381150873514049,2.682542042709517,-4.114430642239843,-3.678878579382245,-1.9244999050184943,1.3406975087022637,-0.0999938618507068,3.963198803446204,-0.4438787615061223,1.3237429493033557
67.0,276.0,129.88369750976562,-0.0356061132564945,2.682682236611596,-4.114853691872366,-3.679371797552783,-1.926117401442866,1.3402494852328133,-0.0995158924403936,3.963593572879813,-0.4432809198229624,1.3217267572875264
67.0,276.0,129.88369750976562,-0.0370319986549597,2.682141311654721,-4.11568919640137,-3.679601765843594,-1.9250876999733395,1.3398228311447469,-0.1004837490685165,3.964237534852891,-0.442657322459007,1.323574800022745
67.0,276.0,129.88369750976562,-0.0370807272260081,2.68264859514898,-4.115168223632826,-3.678252415128613,-1.9239598296335736,1.3405486072531194,-0.098422161926668,3.964345449074509,-0.4430919035377933,1.32368118639016
67.0,276.0,129.88369750976562,-0.0371588517049898,2.6805734538012,-4.114829362922763,-3.680286246949066,-1.92656536943232,1.339947151786356,-0.0988547495593402,3.9637048782995135,-0.4439045648392518,1.323849355521426
67.0,276.0,129.88369750976562,-0.0375504977495809,2.682280533818246,-4.115233018272244,-3.679761393898062,-1.925012808213688,1.3408448440508045,-0.0991535257406458,3.963799535448471,-0.4426996479812786,1.32341862225405
67.0,276.0,129.88369750976562,-0.0364782580288229,2.6818429670123987,-4.11474322378592,-3.679358600708835,-1.9243445464444973,1.3403015173573354,-0.09960695951543,3.965946662438152,-0.4428471831983755,1.3238509640840692
67.0,276.0,129.88369750976562,-0.0375050067521598,2.682394795215691,-4.114718372567042,-3.678092981168621,-1.9258440914610253,1.3400083563894525,-0.099182553119151,3.966016159885976,-0.4438312502809411,1.3218137438897066
67.0,276.0,129.88369750976562,-0.0385790505121479,2.6829151465589978,-4.114800802167872,-3.680258446862143,-1.924409893497719,1.340273682270729,-0.0988903953142273,3.964274155720028,-0.443693939368691,1.324358976709781
67.0,276.0,129.88369750976562,-0.0373377203114786,2.682486630971601,-4.114913017838977,-3.6783634873448783,-1.9265970819780125,1.3403155553342478,-0.099168483249192,3.963433477689972,-0.4450287501643289,1.3241048847555466
67.0,276.0,129.88369750976562,-0.0379180192985064,2.682247815866732,-4.11618169808676,-3.678672127199636,-1.9243215382018104,1.341224665253827,-0.0999942253138913,3.964944788080395,-0.4445476548029366,1.3237704141458422
67.0,276.0,129.88369750976562,-0.0379024272348933,2.681548237319513,-4.1147750510204935,-3.679808883893499,-1.9248620463978097,1.3398379650494014,-0.0992112748296654,3.963017815678836,-0.4424179299426491,1.3233375186841294
67.0,276.0,129.88369750976562,-0.0386119900478477,2.682502921158186,-4.115330536104988,-3.67922120648243,-1.924454899099244,1.3398214621333258,-0.0993185791376466,3.963886887649888,-0.4432911272000954,1.323338099550023
67.0,276.0,129.88369750976562,-0.0382477403859779,2.68273101332882,-4.115921932644253,-3.677978964649831,-1.924749009834854,1.3417441945558162,-0.0989616560098664,3.9650317801400976,-0.4436610931860999,1.3237025486479133
67.0,276.0,129.88369750976562,-0.0368336824364338,2.6826832487827823,-4.114591204394081,-3.678575812548972,-1.925641460409574,1.3405690717413157,-0.0993023327242637,3.963040004737601,-0.4453726377459595,1.3228519700821009
67.0,276.0,129.88369750976562,-0.0368682580867013,2.6829220535883818,-4.115330151241876,-3.6800847775118006,-1.924143475813016,1.3403634962947215,-0.0977891263415146,3.964305456688996,-0.4434524361281761,1.323232495747224
67.0,276.0,129.88369750976562,-0.0385555590400413,2.682332051900679,-4.11561887003485,-3.678886500882304,-1.9246899936591084,1.339812599810698,-0.0990985889591814,3.964719517917539,-0.4435134565679196,1.3239478618172835
67.0,276.0,129.88369750976562,-0.0362685215543273,2.6824785535414897,-4.115228802300194,-3.679666890710486,-1.924817154336768,1.3397913112986377,-0.0984104785689082,3.965220519508229,-0.4431274438343454,1.3229101875008091
67.0,276.0,129.88369750976562,-0.0375539125029723,2.683178260371717,-4.114369649219112,-3.679430716965344,-1.9246000535494767,1.3402022966892828,-0.0991060381317665,3.964045450719317,-0.4435850165156397,1.3232991003993002
67.0,276.0,129.88369750976562,-0.0373747018816963,2.6827891322424366,-4.115831560265851,-3.678720605069845,-1.925137080380172,1.3403258327157284,-0.0988966046907536,3.963632318963182,-0.4426579316869733,1.3218509770686553
67.0,276.0,129.88369750976562,-0.0370591034729298,2.6826218239917727,-4.115266560061377,-3.679595996907135,-1.926209819046368,1.3414009745971895,-0.0987779561750726,3.964208636924238,-0.4451036432456676,1.3236569489549574
67.0,276.0,129.88369750976562,-0.0391015901040685,2.6832066369908216,-4.11469770047713,-3.680059309122311,-1.9260168474946973,1.3411719572718803,-0.0990887163406583,3.963894911594921,-0.4433537251091182,1.3222977704533132
67.0,276.0,129.88369750976562,-0.0371238674580442,2.6828863163114574,-4.116450644235016,-3.678852193219088,-1.9245006772364748,1.340853961483298,-0.1003745299408251,3.96483297132265,-0.4438758320633198,1.32253467512871
67.0,276.0,129.88369750976562,-0.0387529514039979,2.682332987600346,-4.114907536737543,-3.6795098013530296,-1.9263257462158496,1.3407473142017434,-0.0999818312495976,3.964815872089346,-0.4437279455012012,1.3221885533632094
67.0,276.0,129.88369750976562,-0.0385026246801999,2.681902136710416,-4.116577281202409,-3.680540846948508,-1.92433206385908,1.3402460540770993,-0.099126385258616,3.9633692913641982,-0.4437405342625667,1.3232985721522927
67.0,277.0,129.88369750976562,-0.0372763731490363,2.6826167704504225,-4.114823442455658,-3.6783468022659607,-1.9261520268860424,1.3403612303406105,-0.0998002543669788,3.963755631935773,-0.4432836224847902,1.323920551784124
67.0,277.0,129.88369750976562,-0.0386144815276365,2.682602177420531,-4.114692785083619,-3.6782825809630206,-1.925857278402108,1.3408475275948784,-0.0997619686173913,3.964034353113425,-0.4420803106852294,1.323383683790692
67.0,277.0,129.88369750976562,-0.0384255196221009,2.6828457518910365,-4.115229419906435,-3.678280070499364,-1.9241863635424368,1.340197132733122,-0.0989346872452995,3.965045366748188,-0.4436973324717846,1.3237061726352286
67.0,277.0,129.88369750976562,-0.0374477628801099,2.682657028303648,-4.114838900894199,-3.678870043592088,-1.9251837276112644,1.3405201841317955,-0.0987901150784344,3.964675583138253,-0.4423633760043502,1.3238448057713843
67.0,277.0,129.88369750976562,-0.0382635524696136,2.682419967614642,-4.114786126384205,-3.679311634560755,-1.925978686292598,1.3411333845684037,-0.0987597980305496,3.9641414728433215,-0.4424791061193618,1.320928414315454
67.0,277.0,129.88369750976562,-0.0384394284723971,2.682975909148543,-4.114785849651962,-3.679239009035948,-1.9244454601702328,1.3399968271028857,-0.0992974966139006,3.9634126109169294,-0.4438348749963561,1.323728487499586
67.0,277.0,129.88369750976562,-0.0375151009923383,2.6815405326175563,-4.11492126820321,-3.678696413336605,-1.9248538354858755,1.3399425126041962,-0.0987835979778907,3.963714046279793,-0.4446811609730565,1.323395357397754
67.0,277.0,129.88369750976562,-0.0377454066103169,2.6825043046280004,-4.114788089707397,-3.679652743106941,-1.9244710726958925,1.340134709603629,-0.1004671214614538,3.9636188560680137,-0.4424447477359667,1.3231665976907154
67.0,277.0,129.88369750976562,-0.0364954623203145,2.682236998039043,-4.1151194879360045,-3.678349310488348,-1.9266135679514724,1.3402469514634694,-0.0997973225445006,3.96391029317396,-0.4446940722613329,1.3226826898546231
67.0,277.0,129.88369750976562,-0.0383554438796345,2.6837078456050074,-4.1148397309375175,-3.6796427651577615,-1.925935618093105,1.3413987342605571,-0.0995517511654577,3.963735392106942,-0.4447510661004394,1.3223569690262462
67.0,277.0,129.88369750976562,-0.0374471514184957,2.6830290313127803,-4.114093649499316,-3.679834210451842,-1.924097479454128,1.3403730799535918,-0.0989693227775162,3.9646815998637,-0.4441470635204132,1.3235251103658887
67.0,277.0,129.88369750976562,-0.0382710782515905,2.682893249029939,-4.115279657961465,-3.6792257495786993,-1.924598940320268,1.340114582927606,-0.0982937747407807,3.963413311773425,-0.4438361054294831,1.3238186492275428
67.0,277.0,129.88369750976562,-0.0386767940782647,2.6825724445294745,-4.114978013222114,-3.6803825219341575,-1.925471672712967,1.340026883894302,-0.1000383970307691,3.965015974768844,-0.4424138905121658,1.3231790020943524
67.0,277.0,129.88369750976562,-0.0386743878574695,2.682514171969066,-4.114506661615946,-3.679438333994672,-1.9243521442453364,1.339783745789752,-0.0992489063510318,3.963839175972056,-0.4434921678817331,1.3240327725928551
67.0,277.0,129.88369750976562,-0.0378622370720957,2.681968301780857,-4.11483420834631,-3.6800866107675727,-1.924030423868726,1.3402908182460136,-0.0994770964367983,3.9636342318458793,-0.4433138246954711,1.324016149664466
67.0,277.0,129.88369750976562,-0.038409736125438,2.683223324443615,-4.114847609240932,-3.679415568245977,-1.9254956460903945,1.339956890140793,-0.0993767820110977,3.96545346379171,-0.4440833734044859,1.3235641918682983
67.0,277.0,129.88369750976562,-0.0365283721779428,2.6821798842695697,-4.11603441881068,-3.679486054107372,-1.9251379515389608,1.3405617104052885,-0.1002226474128503,3.96390962240616,-0.4420402715724512,1.3236767237550735
67.0,277.0,129.88369750976562,-0.0364397398083592,2.6825071178585005,-4.115088219917484,-3.67970139592296,-1.9261702671341336,1.340268587447146,-0.1007867068112726,3.963668351548983,-0.4431968561648036,1.323600593218882
67.0,277.0,129.88369750976562,-0.0383216637770437,2.6825741157856324,-4.114967170153109,-3.6780063208760607,-1.924454085840296,1.3404595116488414,-0.099584917212826,3.9638032536282113,-0.4437830930453497,1.3237113962040006
67.0,277.0,129.88369750976562,-0.0379767604336877,2.680744641094622,-4.114477853527157,-3.6801701846835897,-1.924400799866619,1.3404674448137248,-0.0999418297218291,3.9646977554076215,-0.4444012423801128,1.3236911002911962
67.0,277.0,129.88369750976562,-0.0390478143195861,2.682337844354252,-4.115926773235828,-3.6795526101329856,-1.924688573970111,1.3412594732204302,-0.0998160293303123,3.963891675060848,-0.4428856325751028,1.3240663398786898
67.0,277.0,129.88369750976562,-0.0383148729229902,2.6832796999404445,-4.116294179060572,-3.6793979513078847,-1.9250865185851764,1.340689295518906,-0.0983386555168854,3.963023765613142,-0.4436402091529069,1.323783064095721
67.0,277.0,129.88369750976562,-0.0379627504806742,2.6821752792535305,-4.115112653936806,-3.679108163981376,-1.9271989799946387,1.3404670547282131,-0.0989285936155462,3.963762776092248,-0.4436037889685726,1.3234545198064809
67.0,277.0,129.88369750976562,-0.0392187524807247,2.683054261908589,-4.114922136147859,-3.6795777604845856,-1.925288325593142,1.3412020927009516,-0.0999221139832497,3.9638507441902,-0.4441360716815598,1.3240769948011513
67.0,277.0,129.88369750976562,-0.0383849644671473,2.6829565493324656,-4.1152425670406885,-3.679085536259625,-1.9245625020625792,1.3398362901102925,-0.0989136901687004,3.964908554644228,-0.4445902552466633,1.3237140521602766
67.0,277.0,129.88369750976562,-0.0381150873514049,2.682542042709517,-4.114430642239843,-3.678878579382245,-1.9244999050184943,1.3406975087022637,-0.0999938618507068,3.963198803446204,-0.4438787615061223,1.3237429493033557
67.0,277.0,129.88369750976562,-0.0356061132564945,2.682682236611596,-4.114853691872366,-3.679371797552783,-1.926117401442866,1.3402494852328133,-0.0995158924403936,3.963593572879813,-0.4432809198229624,1.3217267572875264
67.0,277.0,129.88369750976562,-0.0370319986549597,2.682141311654721,-4.11568919640137,-3.679601765843594,-1.9250876999733395,1.3398228311447469,-0.1004837490685165,3.964237534852891,-0.442657322459007,1.323574800022745
67.0,277.0,129.88369750976562,-0.0370807272260081,2.68264859514898,-4.115168223632826,-3.678252415128613,-1.9239598296335736,1.3405486072531194,-0.098422161926668,3.964345449074509,-0.4430919035377933,1.32368118639016
67.0,277.0,129.88369750976562,-0.0371588517049898,2.6805734538012,-4.114829362922763,-3.680286246949066,-1.92656536943232,1.339947151786356,-0.0988547495593402,3.9637048782995135,-0.4439045648392518,1.323849355521426
67.0,277.0,129.88369750976562,-0.0375504977495809,2.682280533818246,-4.115233018272244,-3.679761393898062,-1.925012808213688,1.3408448440508045,-0.0991535257406458,3.963799535448471,-0.4426996479812786,1.32341862225405
67.0,277.0,129.88369750976562,-0.0364782580288229,2.6818429670123987,-4.11474322378592,-3.679358600708835,-1.9243445464444973,1.3403015173573354,-0.09960695951543,3.965946662438152,-0.4428471831983755,1.3238509640840692
67.0,277.0,129.88369750976562,-0.0375050067521598,2.682394795215691,-4.114718372567042,-3.678092981168621,-1.9258440914610253,1.3400083563894525,-0.099182553119151,3.966016159885976,-0.4438312502809411,1.3218137438897066
67.0,277.0,129.88369750976562,-0.0385790505121479,2.6829151465589978,-4.114800802167872,-3.680258446862143,-1.924409893497719,1.340273682270729,-0.0988903953142273,3.964274155720028,-0.443693939368691,1.324358976709781
67.0,277.0,129.88369750976562,-0.0373377203114786,2.682486630971601,-4.114913017838977,-3.6783634873448783,-1.9265970819780125,1.3403155553342478,-0.099168483249192,3.963433477689972,-0.4450287501643289,1.3241048847555466
67.0,277.0,129.88369750976562,-0.0379180192985064,2.682247815866732,-4.11618169808676,-3.678672127199636,-1.9243215382018104,1.341224665253827,-0.0999942253138913,3.964944788080395,-0.4445476548029366,1.3237704141458422
67.0,277.0,129.88369750976562,-0.0379024272348933,2.681548237319513,-4.1147750510204935,-3.679808883893499,-1.9248620463978097,1.3398379650494014,-0.0992112748296654,3.963017815678836,-0.4424179299426491,1.3233375186841294
67.0,277.0,129.88369750976562,-0.0386119900478477,2.682502921158186,-4.115330536104988,-3.67922120648243,-1.924454899099244,1.3398214621333258,-0.0993185791376466,3.963886887649888,-0.4432911272000954,1.323338099550023
67.0,277.0,129.88369750976562,-0.0382477403859779,2.68273101332882,-4.115921932644253,-3.677978964649831,-1.924749009834854,1.3417441945558162,-0.0989616560098664,3.9650317801400976,-0.4436610931860999,1.3237025486479133
67.0,277.0,129.88369750976562,-0.0368336824364338,2.6826832487827823,-4.114591204394081,-3.678575812548972,-1.925641460409574,1.3405690717413157,-0.0993023327242637,3.963040004737601,-0.4453726377459595,1.3228519700821009
67.0,277.0,129.88369750976562,-0.0368682580867013,2.6829220535883818,-4.115330151241876,-3.6800847775118006,-1.924143475813016,1.3403634962947215,-0.0977891263415146,3.964305456688996,-0.4434524361281761,1.323232495747224
67.0,277.0,129.88369750976562,-0.0385555590400413,2.682332051900679,-4.11561887003485,-3.678886500882304,-1.9246899936591084,1.339812599810698,-0.0990985889591814,3.964719517917539,-0.4435134565679196,1.3239478618172835
67.0,277.0,129.88369750976562,-0.0362685215543273,2.6824785535414897,-4.115228802300194,-3.679666890710486,-1.924817154336768,1.3397913112986377,-0.0984104785689082,3.965220519508229,-0.4431274438343454,1.3229101875008091
67.0,277.0,129.88369750976562,-0.0375539125029723,2.683178260371717,-4.114369649219112,-3.679430716965344,-1.9246000535494767,1.3402022966892828,-0.0991060381317665,3.964045450719317,-0.4435850165156397,1.3232991003993002
67.0,277.0,129.88369750976562,-0.0373747018816963,2.6827891322424366,-4.115831560265851,-3.678720605069845,-1.925137080380172,1.3403258327157284,-0.0988966046907536,3.963632318963182,-0.4426579316869733,1.3218509770686553
67.0,277.0,129.88369750976562,-0.0370591034729298,2.6826218239917727,-4.115266560061377,-3.679595996907135,-1.926209819046368,1.3414009745971895,-0.0987779561750726,3.964208636924238,-0.4451036432456676,1.3236569489549574
67.0,277.0,129.88369750976562,-0.0391015901040685,2.6832066369908216,-4.11469770047713,-3.680059309122311,-1.9260168474946973,1.3411719572718803,-0.0990887163406583,3.963894911594921,-0.4433537251091182,1.3222977704533132
67.0,277.0,129.88369750976562,-0.0371238674580442,2.6828863163114574,-4.116450644235016,-3.678852193219088,-1.9245006772364748,1.340853961483298,-0.1003745299408251,3.96483297132265,-0.4438758320633198,1.32253467512871
67.0,277.0,129.88369750976562,-0.0387529514039979,2.682332987600346,-4.114907536737543,-3.6795098013530296,-1.9263257462158496,1.3407473142017434,-0.0999818312495976,3.964815872089346,-0.4437279455012012,1.3221885533632094
67.0,277.0,129.88369750976562,-0.0385026246801999,2.681902136710416,-4.116577281202409,-3.680540846948508,-1.92433206385908,1.3402460540770993,-0.099126385258616,3.9633692913641982,-0.4437405342625667,1.3232985721522927
67.0,278.0,129.88369750976562,-0.0372763731490363,2.6826167704504225,-4.114823442455658,-3.6783468022659607,-1.9261520268860424,1.3403612303406105,-0.0998002543669788,3.963755631935773,-0.4432836224847902,1.323920551784124
67.0,278.0,129.88369750976562,-0.0386144815276365,2.682602177420531,-4.114692785083619,-3.6782825809630206,-1.925857278402108,1.3408475275948784,-0.0997619686173913,3.964034353113425,-0.4420803106852294,1.323383683790692
67.0,278.0,129.88369750976562,-0.0384255196221009,2.6828457518910365,-4.115229419906435,-3.678280070499364,-1.9241863635424368,1.340197132733122,-0.0989346872452995,3.965045366748188,-0.4436973324717846,1.3237061726352286
67.0,278.0,129.88369750976562,-0.0374477628801099,2.682657028303648,-4.114838900894199,-3.678870043592088,-1.9251837276112644,1.3405201841317955,-0.0987901150784344,3.964675583138253,-0.4423633760043502,1.3238448057713843
67.0,278.0,129.88369750976562,-0.0382635524696136,2.682419967614642,-4.114786126384205,-3.679311634560755,-1.925978686292598,1.3411333845684037,-0.0987597980305496,3.9641414728433215,-0.4424791061193618,1.320928414315454
67.0,278.0,129.88369750976562,-0.0384394284723971,2.682975909148543,-4.114785849651962,-3.679239009035948,-1.9244454601702328,1.3399968271028857,-0.0992974966139006,3.9634126109169294,-0.4438348749963561,1.323728487499586
67.0,278.0,129.88369750976562,-0.0375151009923383,2.6815405326175563,-4.11492126820321,-3.678696413336605,-1.9248538354858755,1.3399425126041962,-0.0987835979778907,3.963714046279793,-0.4446811609730565,1.323395357397754
67.0,278.0,129.88369750976562,-0.0377454066103169,2.6825043046280004,-4.114788089707397,-3.679652743106941,-1.9244710726958925,1.340134709603629,-0.1004671214614538,3.9636188560680137,-0.4424447477359667,1.3231665976907154
67.0,278.0,129.88369750976562,-0.0364954623203145,2.682236998039043,-4.1151194879360045,-3.678349310488348,-1.9266135679514724,1.3402469514634694,-0.0997973225445006,3.96391029317396,-0.4446940722613329,1.3226826898546231
67.0,278.0,129.88369750976562,-0.0383554438796345,2.6837078456050074,-4.1148397309375175,-3.6796427651577615,-1.925935618093105,1.3413987342605571,-0.0995517511654577,3.963735392106942,-0.4447510661004394,1.3223569690262462
67.0,278.0,129.88369750976562,-0.0374471514184957,2.6830290313127803,-4.114093649499316,-3.679834210451842,-1.924097479454128,1.3403730799535918,-0.0989693227775162,3.9646815998637,-0.4441470635204132,1.3235251103658887
67.0,278.0,129.88369750976562,-0.0382710782515905,2.682893249029939,-4.115279657961465,-3.6792257495786993,-1.924598940320268,1.340114582927606,-0.0982937747407807,3.963413311773425,-0.4438361054294831,1.3238186492275428
67.0,278.0,129.88369750976562,-0.0386767940782647,2.6825724445294745,-4.114978013222114,-3.6803825219341575,-1.925471672712967,1.340026883894302,-0.1000383970307691,3.965015974768844,-0.4424138905121658,1.3231790020943524
67.0,278.0,129.88369750976562,-0.0386743878574695,2.682514171969066,-4.114506661615946,-3.679438333994672,-1.9243521442453364,1.339783745789752,-0.0992489063510318,3.963839175972056,-0.4434921678817331,1.3240327725928551
67.0,278.0,129.88369750976562,-0.0378622370720957,2.681968301780857,-4.11483420834631,-3.6800866107675727,-1.924030423868726,1.3402908182460136,-0.0994770964367983,3.9636342318458793,-0.4433138246954711,1.324016149664466
67.0,278.0,129.88369750976562,-0.038409736125438,2.683223324443615,-4.114847609240932,-3.679415568245977,-1.9254956460903945,1.339956890140793,-0.0993767820110977,3.96545346379171,-0.4440833734044859,1.3235641918682983
67.0,278.0,129.88369750976562,-0.0365283721779428,2.6821798842695697,-4.11603441881068,-3.679486054107372,-1.9251379515389608,1.3405617104052885,-0.1002226474128503,3.96390962240616,-0.4420402715724512,1.3236767237550735
67.0,278.0,129.88369750976562,-0.0364397398083592,2.6825071178585005,-4.115088219917484,-3.67970139592296,-1.9261702671341336,1.340268587447146,-0.1007867068112726,3.963668351548983,-0.4431968561648036,1.323600593218882
67.0,278.0,129.88369750976562,-0.0383216637770437,2.6825741157856324,-4.114967170153109,-3.6780063208760607,-1.924454085840296,1.3404595116488414,-0.099584917212826,3.9638032536282113,-0.4437830930453497,1.3237113962040006
67.0,278.0,129.88369750976562,-0.0379767604336877,2.680744641094622,-4.114477853527157,-3.6801701846835897,-1.924400799866619,1.3404674448137248,-0.0999418297218291,3.9646977554076215,-0.4444012423801128,1.3236911002911962
67.0,278.0,129.88369750976562,-0.0390478143195861,2.682337844354252,-4.115926773235828,-3.6795526101329856,-1.924688573970111,1.3412594732204302,-0.0998160293303123,3.963891675060848,-0.4428856325751028,1.3240663398786898
67.0,278.0,129.88369750976562,-0.0383148729229902,2.6832796999404445,-4.116294179060572,-3.6793979513078847,-1.9250865185851764,1.340689295518906,-0.0983386555168854,3.963023765613142,-0.4436402091529069,1.323783064095721
67.0,278.0,129.88369750976562,-0.0379627504806742,2.6821752792535305,-4.115112653936806,-3.679108163981376,-1.9271989799946387,1.3404670547282131,-0.0989285936155462,3.963762776092248,-0.4436037889685726,1.3234545198064809
67.0,278.0,129.88369750976562,-0.0392187524807247,2.683054261908589,-4.114922136147859,-3.6795777604845856,-1.925288325593142,1.3412020927009516,-0.0999221139832497,3.9638507441902,-0.4441360716815598,1.3240769948011513
67.0,278.0,129.88369750976562,-0.0383849644671473,2.6829565493324656,-4.1152425670406885,-3.679085536259625,-1.9245625020625792,1.3398362901102925,-0.0989136901687004,3.964908554644228,-0.4445902552466633,1.3237140521602766
67.0,278.0,129.88369750976562,-0.0381150873514049,2.682542042709517,-4.114430642239843,-3.678878579382245,-1.9244999050184943,1.3406975087022637,-0.0999938618507068,3.963198803446204,-0.4438787615061223,1.3237429493033557
67.0,278.0,129.88369750976562,-0.0356061132564945,2.682682236611596,-4.114853691872366,-3.679371797552783,-1.926117401442866,1.3402494852328133,-0.0995158924403936,3.963593572879813,-0.4432809198229624,1.3217267572875264
67.0,278.0,129.88369750976562,-0.0370319986549597,2.682141311654721,-4.11568919640137,-3.679601765843594,-1.9250876999733395,1.3398228311447469,-0.1004837490685165,3.964237534852891,-0.442657322459007,1.323574800022745
67.0,278.0,129.88369750976562,-0.0370807272260081,2.68264859514898,-4.115168223632826,-3.678252415128613,-1.9239598296335736,1.3405486072531194,-0.098422161926668,3.964345449074509,-0.4430919035377933,1.32368118639016
67.0,278.0,129.88369750976562,-0.0371588517049898,2.6805734538012,-4.114829362922763,-3.680286246949066,-1.92656536943232,1.339947151786356,-0.0988547495593402,3.9637048782995135,-0.4439045648392518,1.323849355521426
67.0,278.0,129.88369750976562,-0.0375504977495809,2.682280533818246,-4.115233018272244,-3.679761393898062,-1.925012808213688,1.3408448440508045,-0.0991535257406458,3.963799535448471,-0.4426996479812786,1.32341862225405
67.0,278.0,129.88369750976562,-0.0364782580288229,2.6818429670123987,-4.11474322378592,-3.679358600708835,-1.9243445464444973,1.3403015173573354,-0.09960695951543,3.965946662438152,-0.4428471831983755,1.3238509640840692
67.0,278.0,129.88369750976562,-0.0375050067521598,2.682394795215691,-4.114718372567042,-3.678092981168621,-1.9258440914610253,1.3400083563894525,-0.099182553119151,3.966016159885976,-0.4438312502809411,1.3218137438897066
67.0,278.0,129.88369750976562,-0.0385790505121479,2.6829151465589978,-4.114800802167872,-3.680258446862143,-1.924409893497719,1.340273682270729,-0.0988903953142273,3.964274155720028,-0.443693939368691,1.324358976709781
67.0,278.0,129.88369750976562,-0.0373377203114786,2.682486630971601,-4.114913017838977,-3.6783634873448783,-1.9265970819780125,1.3403155553342478,-0.099168483249192,3.963433477689972,-0.4450287501643289,1.3241048847555466
67.0,278.0,129.88369750976562,-0.0379180192985064,2.682247815866732,-4.11618169808676,-3.678672127199636,-1.9243215382018104,1.341224665253827,-0.0999942253138913,3.964944788080395,-0.4445476548029366,1.3237704141458422
67.0,278.0,129.88369750976562,-0.0379024272348933,2.681548237319513,-4.1147750510204935,-3.679808883893499,-1.9248620463978097,1.3398379650494014,-0.0992112748296654,3.963017815678836,-0.4424179299426491,1.3233375186841294
67.0,278.0,129.88369750976562,-0.0386119900478477,2.682502921158186,-4.115330536104988,-3.67922120648243,-1.924454899099244,1.3398214621333258,-0.0993185791376466,3.963886887649888,-0.4432911272000954,1.323338099550023
67.0,278.0,129.88369750976562,-0.0382477403859779,2.68273101332882,-4.115921932644253,-3.677978964649831,-1.924749009834854,1.3417441945558162,-0.0989616560098664,3.9650317801400976,-0.4436610931860999,1.3237025486479133
67.0,278.0,129.88369750976562,-0.0368336824364338,2.6826832487827823,-4.114591204394081,-3.678575812548972,-1.925641460409574,1.3405690717413157,-0.0993023327242637,3.963040004737601,-0.4453726377459595,1.3228519700821009
67.0,278.0,129.88369750976562,-0.0368682580867013,2.6829220535883818,-4.115330151241876,-3.6800847775118006,-1.924143475813016,1.3403634962947215,-0.0977891263415146,3.964305456688996,-0.4434524361281761,1.323232495747224
67.0,278.0,129.88369750976562,-0.0385555590400413,2.682332051900679,-4.11561887003485,-3.678886500882304,-1.9246899936591084,1.339812599810698,-0.0990985889591814,3.964719517917539,-0.4435134565679196,1.3239478618172835
67.0,278.0,129.88369750976562,-0.0362685215543273,2.6824785535414897,-4.115228802300194,-3.679666890710486,-1.924817154336768,1.3397913112986377,-0.0984104785689082,3.965220519508229,-0.4431274438343454,1.3229101875008091
67.0,278.0,129.88369750976562,-0.0375539125029723,2.683178260371717,-4.114369649219112,-3.679430716965344,-1.9246000535494767,1.3402022966892828,-0.0991060381317665,3.964045450719317,-0.4435850165156397,1.3232991003993002
67.0,278.0,129.88369750976562,-0.0373747018816963,2.6827891322424366,-4.115831560265851,-3.678720605069845,-1.925137080380172,1.3403258327157284,-0.0988966046907536,3.963632318963182,-0.4426579316869733,1.3218509770686553
67.0,278.0,129.88369750976562,-0.0370591034729298,2.6826218239917727,-4.115266560061377,-3.679595996907135,-1.926209819046368,1.3414009745971895,-0.0987779561750726,3.964208636924238,-0.4451036432456676,1.3236569489549574
67.0,278.0,129.88369750976562,-0.0391015901040685,2.6832066369908216,-4.11469770047713,-3.680059309122311,-1.9260168474946973,1.3411719572718803,-0.0990887163406583,3.963894911594921,-0.4433537251091182,1.3222977704533132
67.0,278.0,129.88369750976562,-0.0371238674580442,2.6828863163114574,-4.116450644235016,-3.678852193219088,-1.9245006772364748,1.340853961483298,-0.1003745299408251,3.96483297132265,-0.4438758320633198,1.32253467512871
67.0,278.0,129.88369750976562,-0.0387529514039979,2.682332987600346,-4.114907536737543,-3.6795098013530296,-1.9263257462158496,1.3407473142017434,-0.0999818312495976,3.964815872089346,-0.4437279455012012,1.3221885533632094
67.0,278.0,129.88369750976562,-0.0385026246801999,2.681902136710416,-4.116577281202409,-3.680540846948508,-1.92433206385908,1.3402460540770993,-0.099126385258616,3.9633692913641982,-0.4437405342625667,1.3232985721522927
67.0,279.0,129.88369750976562,-0.0372763731490363,2.6826167704504225,-4.114823442455658,-3.6783468022659607,-1.9261520268860424,1.3403612303406105,-0.0998002543669788,3.963755631935773,-0.4432836224847902,1.323920551784124
67.0,279.0,129.88369750976562,-0.0386144815276365,2.682602177420531,-4.114692785083619,-3.6782825809630206,-1.925857278402108,1.3408475275948784,-0.0997619686173913,3.964034353113425,-0.4420803106852294,1.323383683790692
67.0,279.0,129.88369750976562,-0.0384255196221009,2.6828457518910365,-4.115229419906435,-3.678280070499364,-1.9241863635424368,1.340197132733122,-0.0989346872452995,3.965045366748188,-0.4436973324717846,1.3237061726352286
67.0,279.0,129.88369750976562,-0.0374477628801099,2.682657028303648,-4.114838900894199,-3.678870043592088,-1.9251837276112644,1.3405201841317955,-0.0987901150784344,3.964675583138253,-0.4423633760043502,1.3238448057713843
67.0,279.0,129.88369750976562,-0.0382635524696136,2.682419967614642,-4.114786126384205,-3.679311634560755,-1.925978686292598,1.3411333845684037,-0.0987597980305496,3.9641414728433215,-0.4424791061193618,1.320928414315454
67.0,279.0,129.88369750976562,-0.0384394284723971,2.682975909148543,-4.114785849651962,-3.679239009035948,-1.9244454601702328,1.3399968271028857,-0.0992974966139006,3.9634126109169294,-0.4438348749963561,1.323728487499586
67.0,279.0,129.88369750976562,-0.0375151009923383,2.6815405326175563,-4.11492126820321,-3.678696413336605,-1.9248538354858755,1.3399425126041962,-0.0987835979778907,3.963714046279793,-0.4446811609730565,1.323395357397754
67.0,279.0,129.88369750976562,-0.0377454066103169,2.6825043046280004,-4.114788089707397,-3.679652743106941,-1.9244710726958925,1.340134709603629,-0.1004671214614538,3.9636188560680137,-0.4424447477359667,1.3231665976907154
67.0,279.0,129.88369750976562,-0.0364954623203145,2.682236998039043,-4.1151194879360045,-3.678349310488348,-1.9266135679514724,1.3402469514634694,-0.0997973225445006,3.96391029317396,-0.4446940722613329,1.3226826898546231
67.0,279.0,129.88369750976562,-0.0383554438796345,2.6837078456050074,-4.1148397309375175,-3.6796427651577615,-1.925935618093105,1.3413987342605571,-0.0995517511654577,3.963735392106942,-0.4447510661004394,1.3223569690262462
67.0,279.0,129.88369750976562,-0.0374471514184957,2.6830290313127803,-4.114093649499316,-3.679834210451842,-1.924097479454128,1.3403730799535918,-0.0989693227775162,3.9646815998637,-0.4441470635204132,1.3235251103658887
67.0,279.0,129.88369750976562,-0.0382710782515905,2.682893249029939,-4.115279657961465,-3.6792257495786993,-1.924598940320268,1.340114582927606,-0.0982937747407807,3.963413311773425,-0.4438361054294831,1.3238186492275428
67.0,279.0,129.88369750976562,-0.0386767940782647,2.6825724445294745,-4.114978013222114,-3.6803825219341575,-1.925471672712967,1.340026883894302,-0.1000383970307691,3.965015974768844,-0.4424138905121658,1.3231790020943524
67.0,279.0,129.88369750976562,-0.0386743878574695,2.682514171969066,-4.114506661615946,-3.679438333994672,-1.9243521442453364,1.339783745789752,-0.0992489063510318,3.963839175972056,-0.4434921678817331,1.3240327725928551
67.0,279.0,129.88369750976562,-0.0378622370720957,2.681968301780857,-4.11483420834631,-3.6800866107675727,-1.924030423868726,1.3402908182460136,-0.0994770964367983,3.9636342318458793,-0.4433138246954711,1.324016149664466
67.0,279.0,129.88369750976562,-0.038409736125438,2.683223324443615,-4.114847609240932,-3.679415568245977,-1.9254956460903945,1.339956890140793,-0.0993767820110977,3.96545346379171,-0.4440833734044859,1.3235641918682983
67.0,279.0,129.88369750976562,-0.0365283721779428,2.6821798842695697,-4.11603441881068,-3.679486054107372,-1.9251379515389608,1.3405617104052885,-0.1002226474128503,3.96390962240616,-0.4420402715724512,1.3236767237550735
67.0,279.0,129.88369750976562,-0.0364397398083592,2.6825071178585005,-4.115088219917484,-3.67970139592296,-1.9261702671341336,1.340268587447146,-0.1007867068112726,3.963668351548983,-0.4431968561648036,1.323600593218882
67.0,279.0,129.88369750976562,-0.0383216637770437,2.6825741157856324,-4.114967170153109,-3.6780063208760607,-1.924454085840296,1.3404595116488414,-0.099584917212826,3.9638032536282113,-0.4437830930453497,1.3237113962040006
67.0,279.0,129.88369750976562,-0.0379767604336877,2.680744641094622,-4.114477853527157,-3.6801701846835897,-1.924400799866619,1.3404674448137248,-0.0999418297218291,3.9646977554076215,-0.4444012423801128,1.3236911002911962
67.0,279.0,129.88369750976562,-0.0390478143195861,2.682337844354252,-4.115926773235828,-3.6795526101329856,-1.924688573970111,1.3412594732204302,-0.0998160293303123,3.963891675060848,-0.4428856325751028,1.3240663398786898
67.0,279.0,129.88369750976562,-0.0383148729229902,2.6832796999404445,-4.116294179060572,-3.6793979513078847,-1.9250865185851764,1.340689295518906,-0.0983386555168854,3.963023765613142,-0.4436402091529069,1.323783064095721
67.0,279.0,129.88369750976562,-0.0379627504806742,2.6821752792535305,-4.115112653936806,-3.679108163981376,-1.9271989799946387,1.3404670547282131,-0.0989285936155462,3.963762776092248,-0.4436037889685726,1.3234545198064809
67.0,279.0,129.88369750976562,-0.0392187524807247,2.683054261908589,-4.114922136147859,-3.6795777604845856,-1.925288325593142,1.3412020927009516,-0.0999221139832497,3.9638507441902,-0.4441360716815598,1.3240769948011513
67.0,279.0,129.88369750976562,-0.0383849644671473,2.6829565493324656,-4.1152425670406885,-3.679085536259625,-1.9245625020625792,1.3398362901102925,-0.0989136901687004,3.964908554644228,-0.4445902552466633,1.3237140521602766
67.0,279.0,129.88369750976562,-0.0381150873514049,2.682542042709517,-4.114430642239843,-3.678878579382245,-1.9244999050184943,1.3406975087022637,-0.0999938618507068,3.963198803446204,-0.4438787615061223,1.3237429493033557
67.0,279.0,129.88369750976562,-0.0356061132564945,2.682682236611596,-4.114853691872366,-3.679371797552783,-1.926117401442866,1.3402494852328133,-0.0995158924403936,3.963593572879813,-0.4432809198229624,1.3217267572875264
67.0,279.0,129.88369750976562,-0.0370319986549597,2.682141311654721,-4.11568919640137,-3.679601765843594,-1.9250876999733395,1.3398228311447469,-0.1004837490685165,3.964237534852891,-0.442657322459007,1.323574800022745
67.0,279.0,129.88369750976562,-0.0370807272260081,2.68264859514898,-4.115168223632826,-3.678252415128613,-1.9239598296335736,1.3405486072531194,-0.098422161926668,3.964345449074509,-0.4430919035377933,1.32368118639016
67.0,279.0,129.88369750976562,-0.0371588517049898,2.6805734538012,-4.114829362922763,-3.680286246949066,-1.92656536943232,1.339947151786356,-0.0988547495593402,3.9637048782995135,-0.4439045648392518,1.323849355521426
67.0,279.0,129.88369750976562,-0.0375504977495809,2.682280533818246,-4.115233018272244,-3.679761393898062,-1.925012808213688,1.3408448440508045,-0.0991535257406458,3.963799535448471,-0.4426996479812786,1.32341862225405
67.0,279.0,129.88369750976562,-0.0364782580288229,2.6818429670123987,-4.11474322378592,-3.679358600708835,-1.9243445464444973,1.3403015173573354,-0.09960695951543,3.965946662438152,-0.4428471831983755,1.3238509640840692
67.0,279.0,129.88369750976562,-0.0375050067521598,2.682394795215691,-4.114718372567042,-3.678092981168621,-1.9258440914610253,1.3400083563894525,-0.099182553119151,3.966016159885976,-0.4438312502809411,1.3218137438897066
67.0,279.0,129.88369750976562,-0.0385790505121479,2.6829151465589978,-4.114800802167872,-3.680258446862143,-1.924409893497719,1.340273682270729,-0.0988903953142273,3.964274155720028,-0.443693939368691,1.324358976709781
67.0,279.0,129.88369750976562,-0.0373377203114786,2.682486630971601,-4.114913017838977,-3.6783634873448783,-1.9265970819780125,1.3403155553342478,-0.099168483249192,3.963433477689972,-0.4450287501643289,1.3241048847555466
67.0,279.0,129.88369750976562,-0.0379180192985064,2.682247815866732,-4.11618169808676,-3.678672127199636,-1.9243215382018104,1.341224665253827,-0.0999942253138913,3.964944788080395,-0.4445476548029366,1.3237704141458422
67.0,279.0,129.88369750976562,-0.0379024272348933,2.681548237319513,-4.1147750510204935,-3.679808883893499,-1.9248620463978097,1.3398379650494014,-0.0992112748296654,3.963017815678836,-0.4424179299426491,1.3233375186841294
67.0,279.0,129.88369750976562,-0.0386119900478477,2.682502921158186,-4.115330536104988,-3.67922120648243,-1.924454899099244,1.3398214621333258,-0.0993185791376466,3.963886887649888,-0.4432911272000954,1.323338099550023
67.0,279.0,129.88369750976562,-0.0382477403859779,2.68273101332882,-4.115921932644253,-3.677978964649831,-1.924749009834854,1.3417441945558162,-0.0989616560098664,3.9650317801400976,-0.4436610931860999,1.3237025486479133
67.0,279.0,129.88369750976562,-0.0368336824364338,2.6826832487827823,-4.114591204394081,-3.678575812548972,-1.925641460409574,1.3405690717413157,-0.0993023327242637,3.963040004737601,-0.4453726377459595,1.3228519700821009
67.0,279.0,129.88369750976562,-0.0368682580867013,2.6829220535883818,-4.115330151241876,-3.6800847775118006,-1.924143475813016,1.3403634962947215,-0.0977891263415146,3.964305456688996,-0.4434524361281761,1.323232495747224
67.0,279.0,129.88369750976562,-0.0385555590400413,2.682332051900679,-4.11561887003485,-3.678886500882304,-1.9246899936591084,1.339812599810698,-0.0990985889591814,3.964719517917539,-0.4435134565679196,1.3239478618172835
67.0,279.0,129.88369750976562,-0.0362685215543273,2.6824785535414897,-4.115228802300194,-3.679666890710486,-1.924817154336768,1.3397913112986377,-0.0984104785689082,3.965220519508229,-0.4431274438343454,1.3229101875008091
67.0,279.0,129.88369750976562,-0.0375539125029723,2.683178260371717,-4.114369649219112,-3.679430716965344,-1.9246000535494767,1.3402022966892828,-0.0991060381317665,3.964045450719317,-0.4435850165156397,1.3232991003993002
67.0,279.0,129.88369750976562,-0.0373747018816963,2.6827891322424366,-4.115831560265851,-3.678720605069845,-1.925137080380172,1.3403258327157284,-0.0988966046907536,3.963632318963182,-0.4426579316869733,1.3218509770686553
67.0,279.0,129.88369750976562,-0.0370591034729298,2.6826218239917727,-4.115266560061377,-3.679595996907135,-1.926209819046368,1.3414009745971895,-0.0987779561750726,3.964208636924238,-0.4451036432456676,1.3236569489549574
67.0,279.0,129.88369750976562,-0.0391015901040685,2.6832066369908216,-4.11469770047713,-3.680059309122311,-1.9260168474946973,1.3411719572718803,-0.0990887163406583,3.963894911594921,-0.4433537251091182,1.3222977704533132
67.0,279.0,129.88369750976562,-0.0371238674580442,2.6828863163114574,-4.116450644235016,-3.678852193219088,-1.9245006772364748,1.340853961483298,-0.1003745299408251,3.96483297132265,-0.4438758320633198,1.32253467512871
67.0,279.0,129.88369750976562,-0.0387529514039979,2.682332987600346,-4.114907536737543,-3.6795098013530296,-1.9263257462158496,1.3407473142017434,-0.0999818312495976,3.964815872089346,-0.4437279455012012,1.3221885533632094
67.0,279.0,129.88369750976562,-0.0385026246801999,2.681902136710416,-4.116577281202409,-3.680540846948508,-1.92433206385908,1.3402460540770993,-0.099126385258616,3.9633692913641982,-0.4437405342625667,1.3232985721522927
67.0,280.0,129.88369750976562,-0.0372763731490363,2.6826167704504225,-4.114823442455658,-3.6783468022659607,-1.9261520268860424,1.3403612303406105,-0.0998002543669788,3.963755631935773,-0.4432836224847902,1.323920551784124
67.0,280.0,129.88369750976562,-0.0386144815276365,2.682602177420531,-4.114692785083619,-3.6782825809630206,-1.925857278402108,1.3408475275948784,-0.0997619686173913,3.964034353113425,-0.4420803106852294,1.323383683790692
67.0,280.0,129.88369750976562,-0.0384255196221009,2.6828457518910365,-4.115229419906435,-3.678280070499364,-1.9241863635424368,1.340197132733122,-0.0989346872452995,3.965045366748188,-0.4436973324717846,1.3237061726352286
67.0,280.0,129.88369750976562,-0.0374477628801099,2.682657028303648,-4.114838900894199,-3.678870043592088,-1.9251837276112644,1.3405201841317955,-0.0987901150784344,3.964675583138253,-0.4423633760043502,1.3238448057713843
67.0,280.0,129.88369750976562,-0.0382635524696136,2.682419967614642,-4.114786126384205,-3.679311634560755,-1.925978686292598,1.3411333845684037,-0.0987597980305496,3.9641414728433215,-0.4424791061193618,1.320928414315454
67.0,280.0,129.88369750976562,-0.0384394284723971,2.682975909148543,-4.114785849651962,-3.679239009035948,-1.9244454601702328,1.3399968271028857,-0.0992974966139006,3.9634126109169294,-0.4438348749963561,1.323728487499586
67.0,280.0,129.88369750976562,-0.0375151009923383,2.6815405326175563,-4.11492126820321,-3.678696413336605,-1.9248538354858755,1.3399425126041962,-0.0987835979778907,3.963714046279793,-0.4446811609730565,1.323395357397754
67.0,280.0,129.88369750976562,-0.0377454066103169,2.6825043046280004,-4.114788089707397,-3.679652743106941,-1.9244710726958925,1.340134709603629,-0.1004671214614538,3.9636188560680137,-0.4424447477359667,1.3231665976907154
67.0,280.0,129.88369750976562,-0.0364954623203145,2.682236998039043,-4.1151194879360045,-3.678349310488348,-1.9266135679514724,1.3402469514634694,-0.0997973225445006,3.96391029317396,-0.4446940722613329,1.3226826898546231
67.0,280.0,129.88369750976562,-0.0383554438796345,2.6837078456050074,-4.1148397309375175,-3.6796427651577615,-1.925935618093105,1.3413987342605571,-0.0995517511654577,3.963735392106942,-0.4447510661004394,1.3223569690262462
67.0,280.0,129.88369750976562,-0.0374471514184957,2.6830290313127803,-4.114093649499316,-3.679834210451842,-1.924097479454128,1.3403730799535918,-0.0989693227775162,3.9646815998637,-0.4441470635204132,1.3235251103658887
67.0,280.0,129.88369750976562,-0.0382710782515905,2.682893249029939,-4.115279657961465,-3.6792257495786993,-1.924598940320268,1.340114582927606,-0.0982937747407807,3.963413311773425,-0.4438361054294831,1.3238186492275428
67.0,280.0,129.88369750976562,-0.0386767940782647,2.6825724445294745,-4.114978013222114,-3.6803825219341575,-1.925471672712967,1.340026883894302,-0.1000383970307691,3.965015974768844,-0.4424138905121658,1.3231790020943524
67.0,280.0,129.88369750976562,-0.0386743878574695,2.682514171969066,-4.114506661615946,-3.679438333994672,-1.9243521442453364,1.339783745789752,-0.0992489063510318,3.963839175972056,-0.4434921678817331,1.3240327725928551
67.0,280.0,129.88369750976562,-0.0378622370720957,2.681968301780857,-4.11483420834631,-3.6800866107675727,-1.924030423868726,1.3402908182460136,-0.0994770964367983,3.9636342318458793,-0.4433138246954711,1.324016149664466
67.0,280.0,129.88369750976562,-0.038409736125438,2.683223324443615,-4.114847609240932,-3.679415568245977,-1.9254956460903945,1.339956890140793,-0.0993767820110977,3.96545346379171,-0.4440833734044859,1.3235641918682983
67.0,280.0,129.88369750976562,-0.0365283721779428,2.6821798842695697,-4.11603441881068,-3.679486054107372,-1.9251379515389608,1.3405617104052885,-0.1002226474128503,3.96390962240616,-0.4420402715724512,1.3236767237550735
67.0,280.0,129.88369750976562,-0.0364397398083592,2.6825071178585005,-4.115088219917484,-3.67970139592296,-1.9261702671341336,1.340268587447146,-0.1007867068112726,3.963668351548983,-0.4431968561648036,1.323600593218882
67.0,280.0,129.88369750976562,-0.0383216637770437,2.6825741157856324,-4.114967170153109,-3.6780063208760607,-1.924454085840296,1.3404595116488414,-0.099584917212826,3.9638032536282113,-0.4437830930453497,1.3237113962040006
67.0,280.0,129.88369750976562,-0.0379767604336877,2.680744641094622,-4.114477853527157,-3.6801701846835897,-1.924400799866619,1.3404674448137248,-0.0999418297218291,3.9646977554076215,-0.4444012423801128,1.3236911002911962
67.0,280.0,129.88369750976562,-0.0390478143195861,2.682337844354252,-4.115926773235828,-3.6795526101329856,-1.924688573970111,1.3412594732204302,-0.0998160293303123,3.963891675060848,-0.4428856325751028,1.3240663398786898
67.0,280.0,129.88369750976562,-0.0383148729229902,2.6832796999404445,-4.116294179060572,-3.6793979513078847,-1.9250865185851764,1.340689295518906,-0.0983386555168854,3.963023765613142,-0.4436402091529069,1.323783064095721
67.0,280.0,129.88369750976562,-0.0379627504806742,2.6821752792535305,-4.115112653936806,-3.679108163981376,-1.9271989799946387,1.3404670547282131,-0.0989285936155462,3.963762776092248,-0.4436037889685726,1.3234545198064809
67.0,280.0,129.88369750976562,-0.0392187524807247,2.683054261908589,-4.114922136147859,-3.6795777604845856,-1.925288325593142,1.3412020927009516,-0.0999221139832497,3.9638507441902,-0.4441360716815598,1.3240769948011513
67.0,280.0,129.88369750976562,-0.0383849644671473,2.6829565493324656,-4.1152425670406885,-3.679085536259625,-1.9245625020625792,1.3398362901102925,-0.0989136901687004,3.964908554644228,-0.4445902552466633,1.3237140521602766
67.0,280.0,129.88369750976562,-0.0381150873514049,2.682542042709517,-4.114430642239843,-3.678878579382245,-1.9244999050184943,1.3406975087022637,-0.0999938618507068,3.963198803446204,-0.4438787615061223,1.3237429493033557
67.0,280.0,129.88369750976562,-0.0356061132564945,2.682682236611596,-4.114853691872366,-3.679371797552783,-1.926117401442866,1.3402494852328133,-0.0995158924403936,3.963593572879813,-0.4432809198229624,1.3217267572875264
67.0,280.0,129.88369750976562,-0.0370319986549597,2.682141311654721,-4.11568919640137,-3.679601765843594,-1.9250876999733395,1.3398228311447469,-0.1004837490685165,3.964237534852891,-0.442657322459007,1.323574800022745
67.0,280.0,129.88369750976562,-0.0370807272260081,2.68264859514898,-4.115168223632826,-3.678252415128613,-1.9239598296335736,1.3405486072531194,-0.098422161926668,3.964345449074509,-0.4430919035377933,1.32368118639016
67.0,280.0,129.88369750976562,-0.0371588517049898,2.6805734538012,-4.114829362922763,-3.680286246949066,-1.92656536943232,1.339947151786356,-0.0988547495593402,3.9637048782995135,-0.4439045648392518,1.323849355521426
67.0,280.0,129.88369750976562,-0.0375504977495809,2.682280533818246,-4.115233018272244,-3.679761393898062,-1.925012808213688,1.3408448440508045,-0.0991535257406458,3.963799535448471,-0.4426996479812786,1.32341862225405
67.0,280.0,129.88369750976562,-0.0364782580288229,2.6818429670123987,-4.11474322378592,-3.679358600708835,-1.9243445464444973,1.3403015173573354,-0.09960695951543,3.965946662438152,-0.4428471831983755,1.3238509640840692
67.0,280.0,129.88369750976562,-0.0375050067521598,2.682394795215691,-4.114718372567042,-3.678092981168621,-1.9258440914610253,1.3400083563894525,-0.099182553119151,3.966016159885976,-0.4438312502809411,1.3218137438897066
67.0,280.0,129.88369750976562,-0.0385790505121479,2.6829151465589978,-4.114800802167872,-3.680258446862143,-1.924409893497719,1.340273682270729,-0.0988903953142273,3.964274155720028,-0.443693939368691,1.324358976709781
67.0,280.0,129.88369750976562,-0.0373377203114786,2.682486630971601,-4.114913017838977,-3.6783634873448783,-1.9265970819780125,1.3403155553342478,-0.099168483249192,3.963433477689972,-0.4450287501643289,1.3241048847555466
67.0,280.0,129.88369750976562,-0.0379180192985064,2.682247815866732,-4.11618169808676,-3.678672127199636,-1.9243215382018104,1.341224665253827,-0.0999942253138913,3.964944788080395,-0.4445476548029366,1.3237704141458422
67.0,280.0,129.88369750976562,-0.0379024272348933,2.681548237319513,-4.1147750510204935,-3.679808883893499,-1.9248620463978097,1.3398379650494014,-0.0992112748296654,3.963017815678836,-0.4424179299426491,1.3233375186841294
67.0,280.0,129.88369750976562,-0.0386119900478477,2.682502921158186,-4.115330536104988,-3.67922120648243,-1.924454899099244,1.3398214621333258,-0.0993185791376466,3.963886887649888,-0.4432911272000954,1.323338099550023
67.0,280.0,129.88369750976562,-0.0382477403859779,2.68273101332882,-4.115921932644253,-3.677978964649831,-1.924749009834854,1.3417441945558162,-0.0989616560098664,3.9650317801400976,-0.4436610931860999,1.3237025486479133
67.0,280.0,129.88369750976562,-0.0368336824364338,2.6826832487827823,-4.114591204394081,-3.678575812548972,-1.925641460409574,1.3405690717413157,-0.0993023327242637,3.963040004737601,-0.4453726377459595,1.3228519700821009
67.0,280.0,129.88369750976562,-0.0368682580867013,2.6829220535883818,-4.115330151241876,-3.6800847775118006,-1.924143475813016,1.3403634962947215,-0.0977891263415146,3.964305456688996,-0.4434524361281761,1.323232495747224
67.0,280.0,129.88369750976562,-0.0385555590400413,2.682332051900679,-4.11561887003485,-3.678886500882304,-1.9246899936591084,1.339812599810698,-0.0990985889591814,3.964719517917539,-0.4435134565679196,1.3239478618172835
67.0,280.0,129.88369750976562,-0.0362685215543273,2.6824785535414897,-4.115228802300194,-3.679666890710486,-1.924817154336768,1.3397913112986377,-0.0984104785689082,3.965220519508229,-0.4431274438343454,1.3229101875008091
67.0,280.0,129.88369750976562,-0.0375539125029723,2.683178260371717,-4.114369649219112,-3.679430716965344,-1.9246000535494767,1.3402022966892828,-0.0991060381317665,3.964045450719317,-0.4435850165156397,1.3232991003993002
67.0,280.0,129.88369750976562,-0.0373747018816963,2.6827891322424366,-4.115831560265851,-3.678720605069845,-1.925137080380172,1.3403258327157284,-0.0988966046907536,3.963632318963182,-0.4426579316869733,1.3218509770686553
67.0,280.0,129.88369750976562,-0.0370591034729298,2.6826218239917727,-4.115266560061377,-3.679595996907135,-1.926209819046368,1.3414009745971895,-0.0987779561750726,3.964208636924238,-0.4451036432456676,1.3236569489549574
67.0,280.0,129.88369750976562,-0.0391015901040685,2.6832066369908216,-4.11469770047713,-3.680059309122311,-1.9260168474946973,1.3411719572718803,-0.0990887163406583,3.963894911594921,-0.4433537251091182,1.3222977704533132
67.0,280.0,129.88369750976562,-0.0371238674580442,2.6828863163114574,-4.116450644235016,-3.678852193219088,-1.9245006772364748,1.340853961483298,-0.1003745299408251,3.96483297132265,-0.4438758320633198,1.32253467512871
67.0,280.0,129.88369750976562,-0.0387529514039979,2.682332987600346,-4.114907536737543,-3.6795098013530296,-1.9263257462158496,1.3407473142017434,-0.0999818312495976,3.964815872089346,-0.4437279455012012,1.3221885533632094
67.0,280.0,129.88369750976562,-0.0385026246801999,2.681902136710416,-4.116577281202409,-3.680540846948508,-1.92433206385908,1.3402460540770993,-0.099126385258616,3.9633692913641982,-0.4437405342625667,1.3232985721522927
67.0,281.0,129.88369750976562,-0.0372763731490363,2.6826167704504225,-4.114823442455658,-3.6783468022659607,-1.9261520268860424,1.3403612303406105,-0.0998002543669788,3.963755631935773,-0.4432836224847902,1.323920551784124
67.0,281.0,129.88369750976562,-0.0386144815276365,2.682602177420531,-4.114692785083619,-3.6782825809630206,-1.925857278402108,1.3408475275948784,-0.0997619686173913,3.964034353113425,-0.4420803106852294,1.323383683790692
67.0,281.0,129.88369750976562,-0.0384255196221009,2.6828457518910365,-4.115229419906435,-3.678280070499364,-1.9241863635424368,1.340197132733122,-0.0989346872452995,3.965045366748188,-0.4436973324717846,1.3237061726352286
67.0,281.0,129.88369750976562,-0.0374477628801099,2.682657028303648,-4.114838900894199,-3.678870043592088,-1.9251837276112644,1.3405201841317955,-0.0987901150784344,3.964675583138253,-0.4423633760043502,1.3238448057713843
67.0,281.0,129.88369750976562,-0.0382635524696136,2.682419967614642,-4.114786126384205,-3.679311634560755,-1.925978686292598,1.3411333845684037,-0.0987597980305496,3.9641414728433215,-0.4424791061193618,1.320928414315454
67.0,281.0,129.88369750976562,-0.0384394284723971,2.682975909148543,-4.114785849651962,-3.679239009035948,-1.9244454601702328,1.3399968271028857,-0.0992974966139006,3.9634126109169294,-0.4438348749963561,1.323728487499586
67.0,281.0,129.88369750976562,-0.0375151009923383,2.6815405326175563,-4.11492126820321,-3.678696413336605,-1.9248538354858755,1.3399425126041962,-0.0987835979778907,3.963714046279793,-0.4446811609730565,1.323395357397754
67.0,281.0,129.88369750976562,-0.0377454066103169,2.6825043046280004,-4.114788089707397,-3.679652743106941,-1.9244710726958925,1.340134709603629,-0.1004671214614538,3.9636188560680137,-0.4424447477359667,1.3231665976907154
67.0,281.0,129.88369750976562,-0.0364954623203145,2.682236998039043,-4.1151194879360045,-3.678349310488348,-1.9266135679514724,1.3402469514634694,-0.0997973225445006,3.96391029317396,-0.4446940722613329,1.3226826898546231
67.0,281.0,129.88369750976562,-0.0383554438796345,2.6837078456050074,-4.1148397309375175,-3.6796427651577615,-1.925935618093105,1.3413987342605571,-0.0995517511654577,3.963735392106942,-0.4447510661004394,1.3223569690262462
67.0,281.0,129.88369750976562,-0.0374471514184957,2.6830290313127803,-4.114093649499316,-3.679834210451842,-1.924097479454128,1.3403730799535918,-0.0989693227775162,3.9646815998637,-0.4441470635204132,1.3235251103658887
67.0,281.0,129.88369750976562,-0.0382710782515905,2.682893249029939,-4.115279657961465,-3.6792257495786993,-1.924598940320268,1.340114582927606,-0.0982937747407807,3.963413311773425,-0.4438361054294831,1.3238186492275428
67.0,281.0,129.88369750976562,-0.0386767940782647,2.6825724445294745,-4.114978013222114,-3.6803825219341575,-1.925471672712967,1.340026883894302,-0.1000383970307691,3.965015974768844,-0.4424138905121658,1.3231790020943524
67.0,281.0,129.88369750976562,-0.0386743878574695,2.682514171969066,-4.114506661615946,-3.679438333994672,-1.9243521442453364,1.339783745789752,-0.0992489063510318,3.963839175972056,-0.4434921678817331,1.3240327725928551
67.0,281.0,129.88369750976562,-0.0378622370720957,2.681968301780857,-4.11483420834631,-3.6800866107675727,-1.924030423868726,1.3402908182460136,-0.0994770964367983,3.9636342318458793,-0.4433138246954711,1.324016149664466
67.0,281.0,129.88369750976562,-0.038409736125438,2.683223324443615,-4.114847609240932,-3.679415568245977,-1.9254956460903945,1.339956890140793,-0.0993767820110977,3.96545346379171,-0.4440833734044859,1.3235641918682983
67.0,281.0,129.88369750976562,-0.0365283721779428,2.6821798842695697,-4.11603441881068,-3.679486054107372,-1.9251379515389608,1.3405617104052885,-0.1002226474128503,3.96390962240616,-0.4420402715724512,1.3236767237550735
67.0,281.0,129.88369750976562,-0.0364397398083592,2.6825071178585005,-4.115088219917484,-3.67970139592296,-1.9261702671341336,1.340268587447146,-0.1007867068112726,3.963668351548983,-0.4431968561648036,1.323600593218882
67.0,281.0,129.88369750976562,-0.0383216637770437,2.6825741157856324,-4.114967170153109,-3.6780063208760607,-1.924454085840296,1.3404595116488414,-0.099584917212826,3.9638032536282113,-0.4437830930453497,1.3237113962040006
67.0,281.0,129.88369750976562,-0.0379767604336877,2.680744641094622,-4.114477853527157,-3.6801701846835897,-1.924400799866619,1.3404674448137248,-0.0999418297218291,3.9646977554076215,-0.4444012423801128,1.3236911002911962
67.0,281.0,129.88369750976562,-0.0390478143195861,2.682337844354252,-4.115926773235828,-3.6795526101329856,-1.924688573970111,1.3412594732204302,-0.0998160293303123,3.963891675060848,-0.4428856325751028,1.3240663398786898
67.0,281.0,129.88369750976562,-0.0383148729229902,2.6832796999404445,-4.116294179060572,-3.6793979513078847,-1.9250865185851764,1.340689295518906,-0.0983386555168854,3.963023765613142,-0.4436402091529069,1.323783064095721
67.0,281.0,129.88369750976562,-0.0379627504806742,2.6821752792535305,-4.115112653936806,-3.679108163981376,-1.9271989799946387,1.3404670547282131,-0.0989285936155462,3.963762776092248,-0.4436037889685726,1.3234545198064809
67.0,281.0,129.88369750976562,-0.0392187524807247,2.683054261908589,-4.114922136147859,-3.6795777604845856,-1.925288325593142,1.3412020927009516,-0.0999221139832497,3.9638507441902,-0.4441360716815598,1.3240769948011513
67.0,281.0,129.88369750976562,-0.0383849644671473,2.6829565493324656,-4.1152425670406885,-3.679085536259625,-1.9245625020625792,1.3398362901102925,-0.0989136901687004,3.964908554644228,-0.4445902552466633,1.3237140521602766
67.0,281.0,129.88369750976562,-0.0381150873514049,2.682542042709517,-4.114430642239843,-3.678878579382245,-1.9244999050184943,1.3406975087022637,-0.0999938618507068,3.963198803446204,-0.4438787615061223,1.3237429493033557
67.0,281.0,129.88369750976562,-0.0356061132564945,2.682682236611596,-4.114853691872366,-3.679371797552783,-1.926117401442866,1.3402494852328133,-0.0995158924403936,3.963593572879813,-0.4432809198229624,1.3217267572875264
67.0,281.0,129.88369750976562,-0.0370319986549597,2.682141311654721,-4.11568919640137,-3.679601765843594,-1.9250876999733395,1.3398228311447469,-0.1004837490685165,3.964237534852891,-0.442657322459007,1.323574800022745
67.0,281.0,129.88369750976562,-0.0370807272260081,2.68264859514898,-4.115168223632826,-3.678252415128613,-1.9239598296335736,1.3405486072531194,-0.098422161926668,3.964345449074509,-0.4430919035377933,1.32368118639016
67.0,281.0,129.88369750976562,-0.0371588517049898,2.6805734538012,-4.114829362922763,-3.680286246949066,-1.92656536943232,1.339947151786356,-0.0988547495593402,3.9637048782995135,-0.4439045648392518,1.323849355521426
67.0,281.0,129.88369750976562,-0.0375504977495809,2.682280533818246,-4.115233018272244,-3.679761393898062,-1.925012808213688,1.3408448440508045,-0.0991535257406458,3.963799535448471,-0.4426996479812786,1.32341862225405
67.0,281.0,129.88369750976562,-0.0364782580288229,2.6818429670123987,-4.11474322378592,-3.679358600708835,-1.9243445464444973,1.3403015173573354,-0.09960695951543,3.965946662438152,-0.4428471831983755,1.3238509640840692
67.0,281.0,129.88369750976562,-0.0375050067521598,2.682394795215691,-4.114718372567042,-3.678092981168621,-1.9258440914610253,1.3400083563894525,-0.099182553119151,3.966016159885976,-0.4438312502809411,1.3218137438897066
67.0,281.0,129.88369750976562,-0.0385790505121479,2.6829151465589978,-4.114800802167872,-3.680258446862143,-1.924409893497719,1.340273682270729,-0.0988903953142273,3.964274155720028,-0.443693939368691,1.324358976709781
67.0,281.0,129.88369750976562,-0.0373377203114786,2.682486630971601,-4.114913017838977,-3.6783634873448783,-1.9265970819780125,1.3403155553342478,-0.099168483249192,3.963433477689972,-0.4450287501643289,1.3241048847555466
67.0,281.0,129.88369750976562,-0.0379180192985064,2.682247815866732,-4.11618169808676,-3.678672127199636,-1.9243215382018104,1.341224665253827,-0.0999942253138913,3.964944788080395,-0.4445476548029366,1.3237704141458422
67.0,281.0,129.88369750976562,-0.0379024272348933,2.681548237319513,-4.1147750510204935,-3.679808883893499,-1.9248620463978097,1.3398379650494014,-0.0992112748296654,3.963017815678836,-0.4424179299426491,1.3233375186841294
67.0,281.0,129.88369750976562,-0.0386119900478477,2.682502921158186,-4.115330536104988,-3.67922120648243,-1.924454899099244,1.3398214621333258,-0.0993185791376466,3.963886887649888,-0.4432911272000954,1.323338099550023
67.0,281.0,129.88369750976562,-0.0382477403859779,2.68273101332882,-4.115921932644253,-3.677978964649831,-1.924749009834854,1.3417441945558162,-0.0989616560098664,3.9650317801400976,-0.4436610931860999,1.3237025486479133
67.0,281.0,129.88369750976562,-0.0368336824364338,2.6826832487827823,-4.114591204394081,-3.678575812548972,-1.925641460409574,1.3405690717413157,-0.0993023327242637,3.963040004737601,-0.4453726377459595,1.3228519700821009
67.0,281.0,129.88369750976562,-0.0368682580867013,2.6829220535883818,-4.115330151241876,-3.6800847775118006,-1.924143475813016,1.3403634962947215,-0.0977891263415146,3.964305456688996,-0.4434524361281761,1.323232495747224
67.0,281.0,129.88369750976562,-0.0385555590400413,2.682332051900679,-4.11561887003485,-3.678886500882304,-1.9246899936591084,1.339812599810698,-0.0990985889591814,3.964719517917539,-0.4435134565679196,1.3239478618172835
67.0,281.0,129.88369750976562,-0.0362685215543273,2.6824785535414897,-4.115228802300194,-3.679666890710486,-1.924817154336768,1.3397913112986377,-0.0984104785689082,3.965220519508229,-0.4431274438343454,1.3229101875008091
67.0,281.0,129.88369750976562,-0.0375539125029723,2.683178260371717,-4.114369649219112,-3.679430716965344,-1.9246000535494767,1.3402022966892828,-0.0991060381317665,3.964045450719317,-0.4435850165156397,1.3232991003993002
67.0,281.0,129.88369750976562,-0.0373747018816963,2.6827891322424366,-4.115831560265851,-3.678720605069845,-1.925137080380172,1.3403258327157284,-0.0988966046907536,3.963632318963182,-0.4426579316869733,1.3218509770686553
67.0,281.0,129.88369750976562,-0.0370591034729298,2.6826218239917727,-4.115266560061377,-3.679595996907135,-1.926209819046368,1.3414009745971895,-0.0987779561750726,3.964208636924238,-0.4451036432456676,1.3236569489549574
67.0,281.0,129.88369750976562,-0.0391015901040685,2.6832066369908216,-4.11469770047713,-3.680059309122311,-1.9260168474946973,1.3411719572718803,-0.0990887163406583,3.963894911594921,-0.4433537251091182,1.3222977704533132
67.0,281.0,129.88369750976562,-0.0371238674580442,2.6828863163114574,-4.116450644235016,-3.678852193219088,-1.9245006772364748,1.340853961483298,-0.1003745299408251,3.96483297132265,-0.4438758320633198,1.32253467512871
67.0,281.0,129.88369750976562,-0.0387529514039979,2.682332987600346,-4.114907536737543,-3.6795098013530296,-1.9263257462158496,1.3407473142017434,-0.0999818312495976,3.964815872089346,-0.4437279455012012,1.3221885533632094
67.0,281.0,129.88369750976562,-0.0385026246801999,2.681902136710416,-4.116577281202409,-3.680540846948508,-1.92433206385908,1.3402460540770993,-0.099126385258616,3.9633692913641982,-0.4437405342625667,1.3232985721522927
67.0,282.0,129.88369750976562,-0.0372763731490363,2.6826167704504225,-4.114823442455658,-3.6783468022659607,-1.9261520268860424,1.3403612303406105,-0.0998002543669788,3.963755631935773,-0.4432836224847902,1.323920551784124
67.0,282.0,129.88369750976562,-0.0386144815276365,2.682602177420531,-4.114692785083619,-3.6782825809630206,-1.925857278402108,1.3408475275948784,-0.0997619686173913,3.964034353113425,-0.4420803106852294,1.323383683790692
67.0,282.0,129.88369750976562,-0.0384255196221009,2.6828457518910365,-4.115229419906435,-3.678280070499364,-1.9241863635424368,1.340197132733122,-0.0989346872452995,3.965045366748188,-0.4436973324717846,1.3237061726352286
67.0,282.0,129.88369750976562,-0.0374477628801099,2.682657028303648,-4.114838900894199,-3.678870043592088,-1.9251837276112644,1.3405201841317955,-0.0987901150784344,3.964675583138253,-0.4423633760043502,1.3238448057713843
67.0,282.0,129.88369750976562,-0.0382635524696136,2.682419967614642,-4.114786126384205,-3.679311634560755,-1.925978686292598,1.3411333845684037,-0.0987597980305496,3.9641414728433215,-0.4424791061193618,1.320928414315454
67.0,282.0,129.88369750976562,-0.0384394284723971,2.682975909148543,-4.114785849651962,-3.679239009035948,-1.9244454601702328,1.3399968271028857,-0.0992974966139006,3.9634126109169294,-0.4438348749963561,1.323728487499586
67.0,282.0,129.88369750976562,-0.0375151009923383,2.6815405326175563,-4.11492126820321,-3.678696413336605,-1.9248538354858755,1.3399425126041962,-0.0987835979778907,3.963714046279793,-0.4446811609730565,1.323395357397754
67.0,282.0,129.88369750976562,-0.0377454066103169,2.6825043046280004,-4.114788089707397,-3.679652743106941,-1.9244710726958925,1.340134709603629,-0.1004671214614538,3.9636188560680137,-0.4424447477359667,1.3231665976907154
67.0,282.0,129.88369750976562,-0.0364954623203145,2.682236998039043,-4.1151194879360045,-3.678349310488348,-1.9266135679514724,1.3402469514634694,-0.0997973225445006,3.96391029317396,-0.4446940722613329,1.3226826898546231
67.0,282.0,129.88369750976562,-0.0383554438796345,2.6837078456050074,-4.1148397309375175,-3.6796427651577615,-1.925935618093105,1.3413987342605571,-0.0995517511654577,3.963735392106942,-0.4447510661004394,1.3223569690262462
67.0,282.0,129.88369750976562,-0.0374471514184957,2.6830290313127803,-4.114093649499316,-3.679834210451842,-1.924097479454128,1.3403730799535918,-0.0989693227775162,3.9646815998637,-0.4441470635204132,1.3235251103658887
67.0,282.0,129.88369750976562,-0.0382710782515905,2.682893249029939,-4.115279657961465,-3.6792257495786993,-1.924598940320268,1.340114582927606,-0.0982937747407807,3.963413311773425,-0.4438361054294831,1.3238186492275428
67.0,282.0,129.88369750976562,-0.0386767940782647,2.6825724445294745,-4.114978013222114,-3.6803825219341575,-1.925471672712967,1.340026883894302,-0.1000383970307691,3.965015974768844,-0.4424138905121658,1.3231790020943524
67.0,282.0,129.88369750976562,-0.0386743878574695,2.682514171969066,-4.114506661615946,-3.679438333994672,-1.9243521442453364,1.339783745789752,-0.0992489063510318,3.963839175972056,-0.4434921678817331,1.3240327725928551
67.0,282.0,129.88369750976562,-0.0378622370720957,2.681968301780857,-4.11483420834631,-3.6800866107675727,-1.924030423868726,1.3402908182460136,-0.0994770964367983,3.9636342318458793,-0.4433138246954711,1.324016149664466
67.0,282.0,129.88369750976562,-0.038409736125438,2.683223324443615,-4.114847609240932,-3.679415568245977,-1.9254956460903945,1.339956890140793,-0.0993767820110977,3.96545346379171,-0.4440833734044859,1.3235641918682983
67.0,282.0,129.88369750976562,-0.0365283721779428,2.6821798842695697,-4.11603441881068,-3.679486054107372,-1.9251379515389608,1.3405617104052885,-0.1002226474128503,3.96390962240616,-0.4420402715724512,1.3236767237550735
67.0,282.0,129.88369750976562,-0.0364397398083592,2.6825071178585005,-4.115088219917484,-3.67970139592296,-1.9261702671341336,1.340268587447146,-0.1007867068112726,3.963668351548983,-0.4431968561648036,1.323600593218882
67.0,282.0,129.88369750976562,-0.0383216637770437,2.6825741157856324,-4.114967170153109,-3.6780063208760607,-1.924454085840296,1.3404595116488414,-0.099584917212826,3.9638032536282113,-0.4437830930453497,1.3237113962040006
67.0,282.0,129.88369750976562,-0.0379767604336877,2.680744641094622,-4.114477853527157,-3.6801701846835897,-1.924400799866619,1.3404674448137248,-0.0999418297218291,3.9646977554076215,-0.4444012423801128,1.3236911002911962
67.0,282.0,129.88369750976562,-0.0390478143195861,2.682337844354252,-4.115926773235828,-3.6795526101329856,-1.924688573970111,1.3412594732204302,-0.0998160293303123,3.963891675060848,-0.4428856325751028,1.3240663398786898
67.0,282.0,129.88369750976562,-0.0383148729229902,2.6832796999404445,-4.116294179060572,-3.6793979513078847,-1.9250865185851764,1.340689295518906,-0.0983386555168854,3.963023765613142,-0.4436402091529069,1.323783064095721
67.0,282.0,129.88369750976562,-0.0379627504806742,2.6821752792535305,-4.115112653936806,-3.679108163981376,-1.9271989799946387,1.3404670547282131,-0.0989285936155462,3.963762776092248,-0.4436037889685726,1.3234545198064809
67.0,282.0,129.88369750976562,-0.0392187524807247,2.683054261908589,-4.114922136147859,-3.6795777604845856,-1.925288325593142,1.3412020927009516,-0.0999221139832497,3.9638507441902,-0.4441360716815598,1.3240769948011513
67.0,282.0,129.88369750976562,-0.0383849644671473,2.6829565493324656,-4.1152425670406885,-3.679085536259625,-1.9245625020625792,1.3398362901102925,-0.0989136901687004,3.964908554644228,-0.4445902552466633,1.3237140521602766
67.0,282.0,129.88369750976562,-0.0381150873514049,2.682542042709517,-4.114430642239843,-3.678878579382245,-1.9244999050184943,1.3406975087022637,-0.0999938618507068,3.963198803446204,-0.4438787615061223,1.3237429493033557
67.0,282.0,129.88369750976562,-0.0356061132564945,2.682682236611596,-4.114853691872366,-3.679371797552783,-1.926117401442866,1.3402494852328133,-0.0995158924403936,3.963593572879813,-0.4432809198229624,1.3217267572875264
67.0,282.0,129.88369750976562,-0.0370319986549597,2.682141311654721,-4.11568919640137,-3.679601765843594,-1.9250876999733395,1.3398228311447469,-0.1004837490685165,3.964237534852891,-0.442657322459007,1.323574800022745
67.0,282.0,129.88369750976562,-0.0370807272260081,2.68264859514898,-4.115168223632826,-3.678252415128613,-1.9239598296335736,1.3405486072531194,-0.098422161926668,3.964345449074509,-0.4430919035377933,1.32368118639016
67.0,282.0,129.88369750976562,-0.0371588517049898,2.6805734538012,-4.114829362922763,-3.680286246949066,-1.92656536943232,1.339947151786356,-0.0988547495593402,3.9637048782995135,-0.4439045648392518,1.323849355521426
67.0,282.0,129.88369750976562,-0.0375504977495809,2.682280533818246,-4.115233018272244,-3.679761393898062,-1.925012808213688,1.3408448440508045,-0.0991535257406458,3.963799535448471,-0.4426996479812786,1.32341862225405
67.0,282.0,129.88369750976562,-0.0364782580288229,2.6818429670123987,-4.11474322378592,-3.679358600708835,-1.9243445464444973,1.3403015173573354,-0.09960695951543,3.965946662438152,-0.4428471831983755,1.3238509640840692
67.0,282.0,129.88369750976562,-0.0375050067521598,2.682394795215691,-4.114718372567042,-3.678092981168621,-1.9258440914610253,1.3400083563894525,-0.099182553119151,3.966016159885976,-0.4438312502809411,1.3218137438897066
67.0,282.0,129.88369750976562,-0.0385790505121479,2.6829151465589978,-4.114800802167872,-3.680258446862143,-1.924409893497719,1.340273682270729,-0.0988903953142273,3.964274155720028,-0.443693939368691,1.324358976709781
67.0,282.0,129.88369750976562,-0.0373377203114786,2.682486630971601,-4.114913017838977,-3.6783634873448783,-1.9265970819780125,1.3403155553342478,-0.099168483249192,3.963433477689972,-0.4450287501643289,1.3241048847555466
67.0,282.0,129.88369750976562,-0.0379180192985064,2.682247815866732,-4.11618169808676,-3.678672127199636,-1.9243215382018104,1.341224665253827,-0.0999942253138913,3.964944788080395,-0.4445476548029366,1.3237704141458422
67.0,282.0,129.88369750976562,-0.0379024272348933,2.681548237319513,-4.1147750510204935,-3.679808883893499,-1.9248620463978097,1.3398379650494014,-0.0992112748296654,3.963017815678836,-0.4424179299426491,1.3233375186841294
67.0,282.0,129.88369750976562,-0.0386119900478477,2.682502921158186,-4.115330536104988,-3.67922120648243,-1.924454899099244,1.3398214621333258,-0.0993185791376466,3.963886887649888,-0.4432911272000954,1.323338099550023
67.0,282.0,129.88369750976562,-0.0382477403859779,2.68273101332882,-4.115921932644253,-3.677978964649831,-1.924749009834854,1.3417441945558162,-0.0989616560098664,3.9650317801400976,-0.4436610931860999,1.3237025486479133
67.0,282.0,129.88369750976562,-0.0368336824364338,2.6826832487827823,-4.114591204394081,-3.678575812548972,-1.925641460409574,1.3405690717413157,-0.0993023327242637,3.963040004737601,-0.4453726377459595,1.3228519700821009
67.0,282.0,129.88369750976562,-0.0368682580867013,2.6829220535883818,-4.115330151241876,-3.6800847775118006,-1.924143475813016,1.3403634962947215,-0.0977891263415146,3.964305456688996,-0.4434524361281761,1.323232495747224
67.0,282.0,129.88369750976562,-0.0385555590400413,2.682332051900679,-4.11561887003485,-3.678886500882304,-1.9246899936591084,1.339812599810698,-0.0990985889591814,3.964719517917539,-0.4435134565679196,1.3239478618172835
67.0,282.0,129.88369750976562,-0.0362685215543273,2.6824785535414897,-4.115228802300194,-3.679666890710486,-1.924817154336768,1.3397913112986377,-0.0984104785689082,3.965220519508229,-0.4431274438343454,1.3229101875008091
67.0,282.0,129.88369750976562,-0.0375539125029723,2.683178260371717,-4.114369649219112,-3.679430716965344,-1.9246000535494767,1.3402022966892828,-0.0991060381317665,3.964045450719317,-0.4435850165156397,1.3232991003993002
67.0,282.0,129.88369750976562,-0.0373747018816963,2.6827891322424366,-4.115831560265851,-3.678720605069845,-1.925137080380172,1.3403258327157284,-0.0988966046907536,3.963632318963182,-0.4426579316869733,1.3218509770686553
67.0,282.0,129.88369750976562,-0.0370591034729298,2.6826218239917727,-4.115266560061377,-3.679595996907135,-1.926209819046368,1.3414009745971895,-0.0987779561750726,3.964208636924238,-0.4451036432456676,1.3236569489549574
67.0,282.0,129.88369750976562,-0.0391015901040685,2.6832066369908216,-4.11469770047713,-3.680059309122311,-1.9260168474946973,1.3411719572718803,-0.0990887163406583,3.963894911594921,-0.4433537251091182,1.3222977704533132
67.0,282.0,129.88369750976562,-0.0371238674580442,2.6828863163114574,-4.116450644235016,-3.678852193219088,-1.9245006772364748,1.340853961483298,-0.1003745299408251,3.96483297132265,-0.4438758320633198,1.32253467512871
67.0,282.0,129.88369750976562,-0.0387529514039979,2.682332987600346,-4.114907536737543,-3.6795098013530296,-1.9263257462158496,1.3407473142017434,-0.0999818312495976,3.964815872089346,-0.4437279455012012,1.3221885533632094
67.0,282.0,129.88369750976562,-0.0385026246801999,2.681902136710416,-4.116577281202409,-3.680540846948508,-1.92433206385908,1.3402460540770993,-0.099126385258616,3.9633692913641982,-0.4437405342625667,1.3232985721522927
67.0,283.0,129.88369750976562,-0.0372763731490363,2.6826167704504225,-4.114823442455658,-3.6783468022659607,-1.9261520268860424,1.3403612303406105,-0.0998002543669788,3.963755631935773,-0.4432836224847902,1.323920551784124
67.0,283.0,129.88369750976562,-0.0386144815276365,2.682602177420531,-4.114692785083619,-3.6782825809630206,-1.925857278402108,1.3408475275948784,-0.0997619686173913,3.964034353113425,-0.4420803106852294,1.323383683790692
67.0,283.0,129.88369750976562,-0.0384255196221009,2.6828457518910365,-4.115229419906435,-3.678280070499364,-1.9241863635424368,1.340197132733122,-0.0989346872452995,3.965045366748188,-0.4436973324717846,1.3237061726352286
67.0,283.0,129.88369750976562,-0.0374477628801099,2.682657028303648,-4.114838900894199,-3.678870043592088,-1.9251837276112644,1.3405201841317955,-0.0987901150784344,3.964675583138253,-0.4423633760043502,1.3238448057713843
67.0,283.0,129.88369750976562,-0.0382635524696136,2.682419967614642,-4.114786126384205,-3.679311634560755,-1.925978686292598,1.3411333845684037,-0.0987597980305496,3.9641414728433215,-0.4424791061193618,1.320928414315454
67.0,283.0,129.88369750976562,-0.0384394284723971,2.682975909148543,-4.114785849651962,-3.679239009035948,-1.9244454601702328,1.3399968271028857,-0.0992974966139006,3.9634126109169294,-0.4438348749963561,1.323728487499586
67.0,283.0,129.88369750976562,-0.0375151009923383,2.6815405326175563,-4.11492126820321,-3.678696413336605,-1.9248538354858755,1.3399425126041962,-0.0987835979778907,3.963714046279793,-0.4446811609730565,1.323395357397754
67.0,283.0,129.88369750976562,-0.0377454066103169,2.6825043046280004,-4.114788089707397,-3.679652743106941,-1.9244710726958925,1.340134709603629,-0.1004671214614538,3.9636188560680137,-0.4424447477359667,1.3231665976907154
67.0,283.0,129.88369750976562,-0.0364954623203145,2.682236998039043,-4.1151194879360045,-3.678349310488348,-1.9266135679514724,1.3402469514634694,-0.0997973225445006,3.96391029317396,-0.4446940722613329,1.3226826898546231
67.0,283.0,129.88369750976562,-0.0383554438796345,2.6837078456050074,-4.1148397309375175,-3.6796427651577615,-1.925935618093105,1.3413987342605571,-0.0995517511654577,3.963735392106942,-0.4447510661004394,1.3223569690262462
67.0,283.0,129.88369750976562,-0.0374471514184957,2.6830290313127803,-4.114093649499316,-3.679834210451842,-1.924097479454128,1.3403730799535918,-0.0989693227775162,3.9646815998637,-0.4441470635204132,1.3235251103658887
67.0,283.0,129.88369750976562,-0.0382710782515905,2.682893249029939,-4.115279657961465,-3.6792257495786993,-1.924598940320268,1.340114582927606,-0.0982937747407807,3.963413311773425,-0.4438361054294831,1.3238186492275428
67.0,283.0,129.88369750976562,-0.0386767940782647,2.6825724445294745,-4.114978013222114,-3.6803825219341575,-1.925471672712967,1.340026883894302,-0.1000383970307691,3.965015974768844,-0.4424138905121658,1.3231790020943524
67.0,283.0,129.88369750976562,-0.0386743878574695,2.682514171969066,-4.114506661615946,-3.679438333994672,-1.9243521442453364,1.339783745789752,-0.0992489063510318,3.963839175972056,-0.4434921678817331,1.3240327725928551
67.0,283.0,129.88369750976562,-0.0378622370720957,2.681968301780857,-4.11483420834631,-3.6800866107675727,-1.924030423868726,1.3402908182460136,-0.0994770964367983,3.9636342318458793,-0.4433138246954711,1.324016149664466
67.0,283.0,129.88369750976562,-0.038409736125438,2.683223324443615,-4.114847609240932,-3.679415568245977,-1.9254956460903945,1.339956890140793,-0.0993767820110977,3.96545346379171,-0.4440833734044859,1.3235641918682983
67.0,283.0,129.88369750976562,-0.0365283721779428,2.6821798842695697,-4.11603441881068,-3.679486054107372,-1.9251379515389608,1.3405617104052885,-0.1002226474128503,3.96390962240616,-0.4420402715724512,1.3236767237550735
67.0,283.0,129.88369750976562,-0.0364397398083592,2.6825071178585005,-4.115088219917484,-3.67970139592296,-1.9261702671341336,1.340268587447146,-0.1007867068112726,3.963668351548983,-0.4431968561648036,1.323600593218882
67.0,283.0,129.88369750976562,-0.0383216637770437,2.6825741157856324,-4.114967170153109,-3.6780063208760607,-1.924454085840296,1.3404595116488414,-0.099584917212826,3.9638032536282113,-0.4437830930453497,1.3237113962040006
67.0,283.0,129.88369750976562,-0.0379767604336877,2.680744641094622,-4.114477853527157,-3.6801701846835897,-1.924400799866619,1.3404674448137248,-0.0999418297218291,3.9646977554076215,-0.4444012423801128,1.3236911002911962
67.0,283.0,129.88369750976562,-0.0390478143195861,2.682337844354252,-4.115926773235828,-3.6795526101329856,-1.924688573970111,1.3412594732204302,-0.0998160293303123,3.963891675060848,-0.4428856325751028,1.3240663398786898
67.0,283.0,129.88369750976562,-0.0383148729229902,2.6832796999404445,-4.116294179060572,-3.6793979513078847,-1.9250865185851764,1.340689295518906,-0.0983386555168854,3.963023765613142,-0.4436402091529069,1.323783064095721
67.0,283.0,129.88369750976562,-0.0379627504806742,2.6821752792535305,-4.115112653936806,-3.679108163981376,-1.9271989799946387,1.3404670547282131,-0.0989285936155462,3.963762776092248,-0.4436037889685726,1.3234545198064809
67.0,283.0,129.88369750976562,-0.0392187524807247,2.683054261908589,-4.114922136147859,-3.6795777604845856,-1.925288325593142,1.3412020927009516,-0.0999221139832497,3.9638507441902,-0.4441360716815598,1.3240769948011513
67.0,283.0,129.88369750976562,-0.0383849644671473,2.6829565493324656,-4.1152425670406885,-3.679085536259625,-1.9245625020625792,1.3398362901102925,-0.0989136901687004,3.964908554644228,-0.4445902552466633,1.3237140521602766
67.0,283.0,129.88369750976562,-0.0381150873514049,2.682542042709517,-4.114430642239843,-3.678878579382245,-1.9244999050184943,1.3406975087022637,-0.0999938618507068,3.963198803446204,-0.4438787615061223,1.3237429493033557
67.0,283.0,129.88369750976562,-0.0356061132564945,2.682682236611596,-4.114853691872366,-3.679371797552783,-1.926117401442866,1.3402494852328133,-0.0995158924403936,3.963593572879813,-0.4432809198229624,1.3217267572875264
67.0,283.0,129.88369750976562,-0.0370319986549597,2.682141311654721,-4.11568919640137,-3.679601765843594,-1.9250876999733395,1.3398228311447469,-0.1004837490685165,3.964237534852891,-0.442657322459007,1.323574800022745
67.0,283.0,129.88369750976562,-0.0370807272260081,2.68264859514898,-4.115168223632826,-3.678252415128613,-1.9239598296335736,1.3405486072531194,-0.098422161926668,3.964345449074509,-0.4430919035377933,1.32368118639016
67.0,283.0,129.88369750976562,-0.0371588517049898,2.6805734538012,-4.114829362922763,-3.680286246949066,-1.92656536943232,1.339947151786356,-0.0988547495593402,3.9637048782995135,-0.4439045648392518,1.323849355521426
67.0,283.0,129.88369750976562,-0.0375504977495809,2.682280533818246,-4.115233018272244,-3.679761393898062,-1.925012808213688,1.3408448440508045,-0.0991535257406458,3.963799535448471,-0.4426996479812786,1.32341862225405
67.0,283.0,129.88369750976562,-0.0364782580288229,2.6818429670123987,-4.11474322378592,-3.679358600708835,-1.9243445464444973,1.3403015173573354,-0.09960695951543,3.965946662438152,-0.4428471831983755,1.3238509640840692
67.0,283.0,129.88369750976562,-0.0375050067521598,2.682394795215691,-4.114718372567042,-3.678092981168621,-1.9258440914610253,1.3400083563894525,-0.099182553119151,3.966016159885976,-0.4438312502809411,1.3218137438897066
67.0,283.0,129.88369750976562,-0.0385790505121479,2.6829151465589978,-4.114800802167872,-3.680258446862143,-1.924409893497719,1.340273682270729,-0.0988903953142273,3.964274155720028,-0.443693939368691,1.324358976709781
67.0,283.0,129.88369750976562,-0.0373377203114786,2.682486630971601,-4.114913017838977,-3.6783634873448783,-1.9265970819780125,1.3403155553342478,-0.099168483249192,3.963433477689972,-0.4450287501643289,1.3241048847555466
67.0,283.0,129.88369750976562,-0.0379180192985064,2.682247815866732,-4.11618169808676,-3.678672127199636,-1.9243215382018104,1.341224665253827,-0.0999942253138913,3.964944788080395,-0.4445476548029366,1.3237704141458422
67.0,283.0,129.88369750976562,-0.0379024272348933,2.681548237319513,-4.1147750510204935,-3.679808883893499,-1.9248620463978097,1.3398379650494014,-0.0992112748296654,3.963017815678836,-0.4424179299426491,1.3233375186841294
67.0,283.0,129.88369750976562,-0.0386119900478477,2.682502921158186,-4.115330536104988,-3.67922120648243,-1.924454899099244,1.3398214621333258,-0.0993185791376466,3.963886887649888,-0.4432911272000954,1.323338099550023
67.0,283.0,129.88369750976562,-0.0382477403859779,2.68273101332882,-4.115921932644253,-3.677978964649831,-1.924749009834854,1.3417441945558162,-0.0989616560098664,3.9650317801400976,-0.4436610931860999,1.3237025486479133
67.0,283.0,129.88369750976562,-0.0368336824364338,2.6826832487827823,-4.114591204394081,-3.678575812548972,-1.925641460409574,1.3405690717413157,-0.0993023327242637,3.963040004737601,-0.4453726377459595,1.3228519700821009
67.0,283.0,129.88369750976562,-0.0368682580867013,2.6829220535883818,-4.115330151241876,-3.6800847775118006,-1.924143475813016,1.3403634962947215,-0.0977891263415146,3.964305456688996,-0.4434524361281761,1.323232495747224
67.0,283.0,129.88369750976562,-0.0385555590400413,2.682332051900679,-4.11561887003485,-3.678886500882304,-1.9246899936591084,1.339812599810698,-0.0990985889591814,3.964719517917539,-0.4435134565679196,1.3239478618172835
67.0,283.0,129.88369750976562,-0.0362685215543273,2.6824785535414897,-4.115228802300194,-3.679666890710486,-1.924817154336768,1.3397913112986377,-0.0984104785689082,3.965220519508229,-0.4431274438343454,1.3229101875008091
67.0,283.0,129.88369750976562,-0.0375539125029723,2.683178260371717,-4.114369649219112,-3.679430716965344,-1.9246000535494767,1.3402022966892828,-0.0991060381317665,3.964045450719317,-0.4435850165156397,1.3232991003993002
67.0,283.0,129.88369750976562,-0.0373747018816963,2.6827891322424366,-4.115831560265851,-3.678720605069845,-1.925137080380172,1.3403258327157284,-0.0988966046907536,3.963632318963182,-0.4426579316869733,1.3218509770686553
67.0,283.0,129.88369750976562,-0.0370591034729298,2.6826218239917727,-4.115266560061377,-3.679595996907135,-1.926209819046368,1.3414009745971895,-0.0987779561750726,3.964208636924238,-0.4451036432456676,1.3236569489549574
67.0,283.0,129.88369750976562,-0.0391015901040685,2.6832066369908216,-4.11469770047713,-3.680059309122311,-1.9260168474946973,1.3411719572718803,-0.0990887163406583,3.963894911594921,-0.4433537251091182,1.3222977704533132
67.0,283.0,129.88369750976562,-0.0371238674580442,2.6828863163114574,-4.116450644235016,-3.678852193219088,-1.9245006772364748,1.340853961483298,-0.1003745299408251,3.96483297132265,-0.4438758320633198,1.32253467512871
67.0,283.0,129.88369750976562,-0.0387529514039979,2.682332987600346,-4.114907536737543,-3.6795098013530296,-1.9263257462158496,1.3407473142017434,-0.0999818312495976,3.964815872089346,-0.4437279455012012,1.3221885533632094
67.0,283.0,129.88369750976562,-0.0385026246801999,2.681902136710416,-4.116577281202409,-3.680540846948508,-1.92433206385908,1.3402460540770993,-0.099126385258616,3.9633692913641982,-0.4437405342625667,1.3232985721522927
67.0,284.0,129.88369750976562,-0.0372763731490363,2.6826167704504225,-4.114823442455658,-3.6783468022659607,-1.9261520268860424,1.3403612303406105,-0.0998002543669788,3.963755631935773,-0.4432836224847902,1.323920551784124
67.0,284.0,129.88369750976562,-0.0386144815276365,2.682602177420531,-4.114692785083619,-3.6782825809630206,-1.925857278402108,1.3408475275948784,-0.0997619686173913,3.964034353113425,-0.4420803106852294,1.323383683790692
67.0,284.0,129.88369750976562,-0.0384255196221009,2.6828457518910365,-4.115229419906435,-3.678280070499364,-1.9241863635424368,1.340197132733122,-0.0989346872452995,3.965045366748188,-0.4436973324717846,1.3237061726352286
67.0,284.0,129.88369750976562,-0.0374477628801099,2.682657028303648,-4.114838900894199,-3.678870043592088,-1.9251837276112644,1.3405201841317955,-0.0987901150784344,3.964675583138253,-0.4423633760043502,1.3238448057713843
67.0,284.0,129.88369750976562,-0.0382635524696136,2.682419967614642,-4.114786126384205,-3.679311634560755,-1.925978686292598,1.3411333845684037,-0.0987597980305496,3.9641414728433215,-0.4424791061193618,1.320928414315454
67.0,284.0,129.88369750976562,-0.0384394284723971,2.682975909148543,-4.114785849651962,-3.679239009035948,-1.9244454601702328,1.3399968271028857,-0.0992974966139006,3.9634126109169294,-0.4438348749963561,1.323728487499586
67.0,284.0,129.88369750976562,-0.0375151009923383,2.6815405326175563,-4.11492126820321,-3.678696413336605,-1.9248538354858755,1.3399425126041962,-0.0987835979778907,3.963714046279793,-0.4446811609730565,1.323395357397754
67.0,284.0,129.88369750976562,-0.0377454066103169,2.6825043046280004,-4.114788089707397,-3.679652743106941,-1.9244710726958925,1.340134709603629,-0.1004671214614538,3.9636188560680137,-0.4424447477359667,1.3231665976907154
67.0,284.0,129.88369750976562,-0.0364954623203145,2.682236998039043,-4.1151194879360045,-3.678349310488348,-1.9266135679514724,1.3402469514634694,-0.0997973225445006,3.96391029317396,-0.4446940722613329,1.3226826898546231
67.0,284.0,129.88369750976562,-0.0383554438796345,2.6837078456050074,-4.1148397309375175,-3.6796427651577615,-1.925935618093105,1.3413987342605571,-0.0995517511654577,3.963735392106942,-0.4447510661004394,1.3223569690262462
67.0,284.0,129.88369750976562,-0.0374471514184957,2.6830290313127803,-4.114093649499316,-3.679834210451842,-1.924097479454128,1.3403730799535918,-0.0989693227775162,3.9646815998637,-0.4441470635204132,1.3235251103658887
67.0,284.0,129.88369750976562,-0.0382710782515905,2.682893249029939,-4.115279657961465,-3.6792257495786993,-1.924598940320268,1.340114582927606,-0.0982937747407807,3.963413311773425,-0.4438361054294831,1.3238186492275428
67.0,284.0,129.88369750976562,-0.0386767940782647,2.6825724445294745,-4.114978013222114,-3.6803825219341575,-1.925471672712967,1.340026883894302,-0.1000383970307691,3.965015974768844,-0.4424138905121658,1.3231790020943524
67.0,284.0,129.88369750976562,-0.0386743878574695,2.682514171969066,-4.114506661615946,-3.679438333994672,-1.9243521442453364,1.339783745789752,-0.0992489063510318,3.963839175972056,-0.4434921678817331,1.3240327725928551
67.0,284.0,129.88369750976562,-0.0378622370720957,2.681968301780857,-4.11483420834631,-3.6800866107675727,-1.924030423868726,1.3402908182460136,-0.0994770964367983,3.9636342318458793,-0.4433138246954711,1.324016149664466
67.0,284.0,129.88369750976562,-0.038409736125438,2.683223324443615,-4.114847609240932,-3.679415568245977,-1.9254956460903945,1.339956890140793,-0.0993767820110977,3.96545346379171,-0.4440833734044859,1.3235641918682983
67.0,284.0,129.88369750976562,-0.0365283721779428,2.6821798842695697,-4.11603441881068,-3.679486054107372,-1.9251379515389608,1.3405617104052885,-0.1002226474128503,3.96390962240616,-0.4420402715724512,1.3236767237550735
67.0,284.0,129.88369750976562,-0.0364397398083592,2.6825071178585005,-4.115088219917484,-3.67970139592296,-1.9261702671341336,1.340268587447146,-0.1007867068112726,3.963668351548983,-0.4431968561648036,1.323600593218882
67.0,284.0,129.88369750976562,-0.0383216637770437,2.6825741157856324,-4.114967170153109,-3.6780063208760607,-1.924454085840296,1.3404595116488414,-0.099584917212826,3.9638032536282113,-0.4437830930453497,1.3237113962040006
67.0,284.0,129.88369750976562,-0.0379767604336877,2.680744641094622,-4.114477853527157,-3.6801701846835897,-1.924400799866619,1.3404674448137248,-0.0999418297218291,3.9646977554076215,-0.4444012423801128,1.3236911002911962
67.0,284.0,129.88369750976562,-0.0390478143195861,2.682337844354252,-4.115926773235828,-3.6795526101329856,-1.924688573970111,1.3412594732204302,-0.0998160293303123,3.963891675060848,-0.4428856325751028,1.3240663398786898
67.0,284.0,129.88369750976562,-0.0383148729229902,2.6832796999404445,-4.116294179060572,-3.6793979513078847,-1.9250865185851764,1.340689295518906,-0.0983386555168854,3.963023765613142,-0.4436402091529069,1.323783064095721
67.0,284.0,129.88369750976562,-0.0379627504806742,2.6821752792535305,-4.115112653936806,-3.679108163981376,-1.9271989799946387,1.3404670547282131,-0.0989285936155462,3.963762776092248,-0.4436037889685726,1.3234545198064809
67.0,284.0,129.88369750976562,-0.0392187524807247,2.683054261908589,-4.114922136147859,-3.6795777604845856,-1.925288325593142,1.3412020927009516,-0.0999221139832497,3.9638507441902,-0.4441360716815598,1.3240769948011513
67.0,284.0,129.88369750976562,-0.0383849644671473,2.6829565493324656,-4.1152425670406885,-3.679085536259625,-1.9245625020625792,1.3398362901102925,-0.0989136901687004,3.964908554644228,-0.4445902552466633,1.3237140521602766
67.0,284.0,129.88369750976562,-0.0381150873514049,2.682542042709517,-4.114430642239843,-3.678878579382245,-1.9244999050184943,1.3406975087022637,-0.0999938618507068,3.963198803446204,-0.4438787615061223,1.3237429493033557
67.0,284.0,129.88369750976562,-0.0356061132564945,2.682682236611596,-4.114853691872366,-3.679371797552783,-1.926117401442866,1.3402494852328133,-0.0995158924403936,3.963593572879813,-0.4432809198229624,1.3217267572875264
67.0,284.0,129.88369750976562,-0.0370319986549597,2.682141311654721,-4.11568919640137,-3.679601765843594,-1.9250876999733395,1.3398228311447469,-0.1004837490685165,3.964237534852891,-0.442657322459007,1.323574800022745
67.0,284.0,129.88369750976562,-0.0370807272260081,2.68264859514898,-4.115168223632826,-3.678252415128613,-1.9239598296335736,1.3405486072531194,-0.098422161926668,3.964345449074509,-0.4430919035377933,1.32368118639016
67.0,284.0,129.88369750976562,-0.0371588517049898,2.6805734538012,-4.114829362922763,-3.680286246949066,-1.92656536943232,1.339947151786356,-0.0988547495593402,3.9637048782995135,-0.4439045648392518,1.323849355521426
67.0,284.0,129.88369750976562,-0.0375504977495809,2.682280533818246,-4.115233018272244,-3.679761393898062,-1.925012808213688,1.3408448440508045,-0.0991535257406458,3.963799535448471,-0.4426996479812786,1.32341862225405
67.0,284.0,129.88369750976562,-0.0364782580288229,2.6818429670123987,-4.11474322378592,-3.679358600708835,-1.9243445464444973,1.3403015173573354,-0.09960695951543,3.965946662438152,-0.4428471831983755,1.3238509640840692
67.0,284.0,129.88369750976562,-0.0375050067521598,2.682394795215691,-4.114718372567042,-3.678092981168621,-1.9258440914610253,1.3400083563894525,-0.099182553119151,3.966016159885976,-0.4438312502809411,1.3218137438897066
67.0,284.0,129.88369750976562,-0.0385790505121479,2.6829151465589978,-4.114800802167872,-3.680258446862143,-1.924409893497719,1.340273682270729,-0.0988903953142273,3.964274155720028,-0.443693939368691,1.324358976709781
67.0,284.0,129.88369750976562,-0.0373377203114786,2.682486630971601,-4.114913017838977,-3.6783634873448783,-1.9265970819780125,1.3403155553342478,-0.099168483249192,3.963433477689972,-0.4450287501643289,1.3241048847555466
67.0,284.0,129.88369750976562,-0.0379180192985064,2.682247815866732,-4.11618169808676,-3.678672127199636,-1.9243215382018104,1.341224665253827,-0.0999942253138913,3.964944788080395,-0.4445476548029366,1.3237704141458422
67.0,284.0,129.88369750976562,-0.0379024272348933,2.681548237319513,-4.1147750510204935,-3.679808883893499,-1.9248620463978097,1.3398379650494014,-0.0992112748296654,3.963017815678836,-0.4424179299426491,1.3233375186841294
67.0,284.0,129.88369750976562,-0.0386119900478477,2.682502921158186,-4.115330536104988,-3.67922120648243,-1.924454899099244,1.3398214621333258,-0.0993185791376466,3.963886887649888,-0.4432911272000954,1.323338099550023
67.0,284.0,129.88369750976562,-0.0382477403859779,2.68273101332882,-4.115921932644253,-3.677978964649831,-1.924749009834854,1.3417441945558162,-0.0989616560098664,3.9650317801400976,-0.4436610931860999,1.3237025486479133
67.0,284.0,129.88369750976562,-0.0368336824364338,2.6826832487827823,-4.114591204394081,-3.678575812548972,-1.925641460409574,1.3405690717413157,-0.0993023327242637,3.963040004737601,-0.4453726377459595,1.3228519700821009
67.0,284.0,129.88369750976562,-0.0368682580867013,2.6829220535883818,-4.115330151241876,-3.6800847775118006,-1.924143475813016,1.3403634962947215,-0.0977891263415146,3.964305456688996,-0.4434524361281761,1.323232495747224
67.0,284.0,129.88369750976562,-0.0385555590400413,2.682332051900679,-4.11561887003485,-3.678886500882304,-1.9246899936591084,1.339812599810698,-0.0990985889591814,3.964719517917539,-0.4435134565679196,1.3239478618172835
67.0,284.0,129.88369750976562,-0.0362685215543273,2.6824785535414897,-4.115228802300194,-3.679666890710486,-1.924817154336768,1.3397913112986377,-0.0984104785689082,3.965220519508229,-0.4431274438343454,1.3229101875008091
67.0,284.0,129.88369750976562,-0.0375539125029723,2.683178260371717,-4.114369649219112,-3.679430716965344,-1.9246000535494767,1.3402022966892828,-0.0991060381317665,3.964045450719317,-0.4435850165156397,1.3232991003993002
67.0,284.0,129.88369750976562,-0.0373747018816963,2.6827891322424366,-4.115831560265851,-3.678720605069845,-1.925137080380172,1.3403258327157284,-0.0988966046907536,3.963632318963182,-0.4426579316869733,1.3218509770686553
67.0,284.0,129.88369750976562,-0.0370591034729298,2.6826218239917727,-4.115266560061377,-3.679595996907135,-1.926209819046368,1.3414009745971895,-0.0987779561750726,3.964208636924238,-0.4451036432456676,1.3236569489549574
67.0,284.0,129.88369750976562,-0.0391015901040685,2.6832066369908216,-4.11469770047713,-3.680059309122311,-1.9260168474946973,1.3411719572718803,-0.0990887163406583,3.963894911594921,-0.4433537251091182,1.3222977704533132
67.0,284.0,129.88369750976562,-0.0371238674580442,2.6828863163114574,-4.116450644235016,-3.678852193219088,-1.9245006772364748,1.340853961483298,-0.1003745299408251,3.96483297132265,-0.4438758320633198,1.32253467512871
67.0,284.0,129.88369750976562,-0.0387529514039979,2.682332987600346,-4.114907536737543,-3.6795098013530296,-1.9263257462158496,1.3407473142017434,-0.0999818312495976,3.964815872089346,-0.4437279455012012,1.3221885533632094
67.0,284.0,129.88369750976562,-0.0385026246801999,2.681902136710416,-4.116577281202409,-3.680540846948508,-1.92433206385908,1.3402460540770993,-0.099126385258616,3.9633692913641982,-0.4437405342625667,1.3232985721522927
67.0,285.0,129.88369750976562,-0.0372763731490363,2.6826167704504225,-4.114823442455658,-3.6783468022659607,-1.9261520268860424,1.3403612303406105,-0.0998002543669788,3.963755631935773,-0.4432836224847902,1.323920551784124
67.0,285.0,129.88369750976562,-0.0386144815276365,2.682602177420531,-4.114692785083619,-3.6782825809630206,-1.925857278402108,1.3408475275948784,-0.0997619686173913,3.964034353113425,-0.4420803106852294,1.323383683790692
67.0,285.0,129.88369750976562,-0.0384255196221009,2.6828457518910365,-4.115229419906435,-3.678280070499364,-1.9241863635424368,1.340197132733122,-0.0989346872452995,3.965045366748188,-0.4436973324717846,1.3237061726352286
67.0,285.0,129.88369750976562,-0.0374477628801099,2.682657028303648,-4.114838900894199,-3.678870043592088,-1.9251837276112644,1.3405201841317955,-0.0987901150784344,3.964675583138253,-0.4423633760043502,1.3238448057713843
67.0,285.0,129.88369750976562,-0.0382635524696136,2.682419967614642,-4.114786126384205,-3.679311634560755,-1.925978686292598,1.3411333845684037,-0.0987597980305496,3.9641414728433215,-0.4424791061193618,1.320928414315454
67.0,285.0,129.88369750976562,-0.0384394284723971,2.682975909148543,-4.114785849651962,-3.679239009035948,-1.9244454601702328,1.3399968271028857,-0.0992974966139006,3.9634126109169294,-0.4438348749963561,1.323728487499586
67.0,285.0,129.88369750976562,-0.0375151009923383,2.6815405326175563,-4.11492126820321,-3.678696413336605,-1.9248538354858755,1.3399425126041962,-0.0987835979778907,3.963714046279793,-0.4446811609730565,1.323395357397754
67.0,285.0,129.88369750976562,-0.0377454066103169,2.6825043046280004,-4.114788089707397,-3.679652743106941,-1.9244710726958925,1.340134709603629,-0.1004671214614538,3.9636188560680137,-0.4424447477359667,1.3231665976907154
67.0,285.0,129.88369750976562,-0.0364954623203145,2.682236998039043,-4.1151194879360045,-3.678349310488348,-1.9266135679514724,1.3402469514634694,-0.0997973225445006,3.96391029317396,-0.4446940722613329,1.3226826898546231
67.0,285.0,129.88369750976562,-0.0383554438796345,2.6837078456050074,-4.1148397309375175,-3.6796427651577615,-1.925935618093105,1.3413987342605571,-0.0995517511654577,3.963735392106942,-0.4447510661004394,1.3223569690262462
67.0,285.0,129.88369750976562,-0.0374471514184957,2.6830290313127803,-4.114093649499316,-3.679834210451842,-1.924097479454128,1.3403730799535918,-0.0989693227775162,3.9646815998637,-0.4441470635204132,1.3235251103658887
67.0,285.0,129.88369750976562,-0.0382710782515905,2.682893249029939,-4.115279657961465,-3.6792257495786993,-1.924598940320268,1.340114582927606,-0.0982937747407807,3.963413311773425,-0.4438361054294831,1.3238186492275428
67.0,285.0,129.88369750976562,-0.0386767940782647,2.6825724445294745,-4.114978013222114,-3.6803825219341575,-1.925471672712967,1.340026883894302,-0.1000383970307691,3.965015974768844,-0.4424138905121658,1.3231790020943524
67.0,285.0,129.88369750976562,-0.0386743878574695,2.682514171969066,-4.114506661615946,-3.679438333994672,-1.9243521442453364,1.339783745789752,-0.0992489063510318,3.963839175972056,-0.4434921678817331,1.3240327725928551
67.0,285.0,129.88369750976562,-0.0378622370720957,2.681968301780857,-4.11483420834631,-3.6800866107675727,-1.924030423868726,1.3402908182460136,-0.0994770964367983,3.9636342318458793,-0.4433138246954711,1.324016149664466
67.0,285.0,129.88369750976562,-0.038409736125438,2.683223324443615,-4.114847609240932,-3.679415568245977,-1.9254956460903945,1.339956890140793,-0.0993767820110977,3.96545346379171,-0.4440833734044859,1.3235641918682983
67.0,285.0,129.88369750976562,-0.0365283721779428,2.6821798842695697,-4.11603441881068,-3.679486054107372,-1.9251379515389608,1.3405617104052885,-0.1002226474128503,3.96390962240616,-0.4420402715724512,1.3236767237550735
67.0,285.0,129.88369750976562,-0.0364397398083592,2.6825071178585005,-4.115088219917484,-3.67970139592296,-1.9261702671341336,1.340268587447146,-0.1007867068112726,3.963668351548983,-0.4431968561648036,1.323600593218882
67.0,285.0,129.88369750976562,-0.0383216637770437,2.6825741157856324,-4.114967170153109,-3.6780063208760607,-1.924454085840296,1.3404595116488414,-0.099584917212826,3.9638032536282113,-0.4437830930453497,1.3237113962040006
67.0,285.0,129.88369750976562,-0.0379767604336877,2.680744641094622,-4.114477853527157,-3.6801701846835897,-1.924400799866619,1.3404674448137248,-0.0999418297218291,3.9646977554076215,-0.4444012423801128,1.3236911002911962
67.0,285.0,129.88369750976562,-0.0390478143195861,2.682337844354252,-4.115926773235828,-3.6795526101329856,-1.924688573970111,1.3412594732204302,-0.0998160293303123,3.963891675060848,-0.4428856325751028,1.3240663398786898
67.0,285.0,129.88369750976562,-0.0383148729229902,2.6832796999404445,-4.116294179060572,-3.6793979513078847,-1.9250865185851764,1.340689295518906,-0.0983386555168854,3.963023765613142,-0.4436402091529069,1.323783064095721
67.0,285.0,129.88369750976562,-0.0379627504806742,2.6821752792535305,-4.115112653936806,-3.679108163981376,-1.9271989799946387,1.3404670547282131,-0.0989285936155462,3.963762776092248,-0.4436037889685726,1.3234545198064809
67.0,285.0,129.88369750976562,-0.0392187524807247,2.683054261908589,-4.114922136147859,-3.6795777604845856,-1.925288325593142,1.3412020927009516,-0.0999221139832497,3.9638507441902,-0.4441360716815598,1.3240769948011513
67.0,285.0,129.88369750976562,-0.0383849644671473,2.6829565493324656,-4.1152425670406885,-3.679085536259625,-1.9245625020625792,1.3398362901102925,-0.0989136901687004,3.964908554644228,-0.4445902552466633,1.3237140521602766
67.0,285.0,129.88369750976562,-0.0381150873514049,2.682542042709517,-4.114430642239843,-3.678878579382245,-1.9244999050184943,1.3406975087022637,-0.0999938618507068,3.963198803446204,-0.4438787615061223,1.3237429493033557
67.0,285.0,129.88369750976562,-0.0356061132564945,2.682682236611596,-4.114853691872366,-3.679371797552783,-1.926117401442866,1.3402494852328133,-0.0995158924403936,3.963593572879813,-0.4432809198229624,1.3217267572875264
67.0,285.0,129.88369750976562,-0.0370319986549597,2.682141311654721,-4.11568919640137,-3.679601765843594,-1.9250876999733395,1.3398228311447469,-0.1004837490685165,3.964237534852891,-0.442657322459007,1.323574800022745
67.0,285.0,129.88369750976562,-0.0370807272260081,2.68264859514898,-4.115168223632826,-3.678252415128613,-1.9239598296335736,1.3405486072531194,-0.098422161926668,3.964345449074509,-0.4430919035377933,1.32368118639016
67.0,285.0,129.88369750976562,-0.0371588517049898,2.6805734538012,-4.114829362922763,-3.680286246949066,-1.92656536943232,1.339947151786356,-0.0988547495593402,3.9637048782995135,-0.4439045648392518,1.323849355521426
67.0,285.0,129.88369750976562,-0.0375504977495809,2.682280533818246,-4.115233018272244,-3.679761393898062,-1.925012808213688,1.3408448440508045,-0.0991535257406458,3.963799535448471,-0.4426996479812786,1.32341862225405
67.0,285.0,129.88369750976562,-0.0364782580288229,2.6818429670123987,-4.11474322378592,-3.679358600708835,-1.9243445464444973,1.3403015173573354,-0.09960695951543,3.965946662438152,-0.4428471831983755,1.3238509640840692
67.0,285.0,129.88369750976562,-0.0375050067521598,2.682394795215691,-4.114718372567042,-3.678092981168621,-1.9258440914610253,1.3400083563894525,-0.099182553119151,3.966016159885976,-0.4438312502809411,1.3218137438897066
67.0,285.0,129.88369750976562,-0.0385790505121479,2.6829151465589978,-4.114800802167872,-3.680258446862143,-1.924409893497719,1.340273682270729,-0.0988903953142273,3.964274155720028,-0.443693939368691,1.324358976709781
67.0,285.0,129.88369750976562,-0.0373377203114786,2.682486630971601,-4.114913017838977,-3.6783634873448783,-1.9265970819780125,1.3403155553342478,-0.099168483249192,3.963433477689972,-0.4450287501643289,1.3241048847555466
67.0,285.0,129.88369750976562,-0.0379180192985064,2.682247815866732,-4.11618169808676,-3.678672127199636,-1.9243215382018104,1.341224665253827,-0.0999942253138913,3.964944788080395,-0.4445476548029366,1.3237704141458422
67.0,285.0,129.88369750976562,-0.0379024272348933,2.681548237319513,-4.1147750510204935,-3.679808883893499,-1.9248620463978097,1.3398379650494014,-0.0992112748296654,3.963017815678836,-0.4424179299426491,1.3233375186841294
67.0,285.0,129.88369750976562,-0.0386119900478477,2.682502921158186,-4.115330536104988,-3.67922120648243,-1.924454899099244,1.3398214621333258,-0.0993185791376466,3.963886887649888,-0.4432911272000954,1.323338099550023
67.0,285.0,129.88369750976562,-0.0382477403859779,2.68273101332882,-4.115921932644253,-3.677978964649831,-1.924749009834854,1.3417441945558162,-0.0989616560098664,3.9650317801400976,-0.4436610931860999,1.3237025486479133
67.0,285.0,129.88369750976562,-0.0368336824364338,2.6826832487827823,-4.114591204394081,-3.678575812548972,-1.925641460409574,1.3405690717413157,-0.0993023327242637,3.963040004737601,-0.4453726377459595,1.3228519700821009
67.0,285.0,129.88369750976562,-0.0368682580867013,2.6829220535883818,-4.115330151241876,-3.6800847775118006,-1.924143475813016,1.3403634962947215,-0.0977891263415146,3.964305456688996,-0.4434524361281761,1.323232495747224
67.0,285.0,129.88369750976562,-0.0385555590400413,2.682332051900679,-4.11561887003485,-3.678886500882304,-1.9246899936591084,1.339812599810698,-0.0990985889591814,3.964719517917539,-0.4435134565679196,1.3239478618172835
67.0,285.0,129.88369750976562,-0.0362685215543273,2.6824785535414897,-4.115228802300194,-3.679666890710486,-1.924817154336768,1.3397913112986377,-0.0984104785689082,3.965220519508229,-0.4431274438343454,1.3229101875008091
67.0,285.0,129.88369750976562,-0.0375539125029723,2.683178260371717,-4.114369649219112,-3.679430716965344,-1.9246000535494767,1.3402022966892828,-0.0991060381317665,3.964045450719317,-0.4435850165156397,1.3232991003993002
67.0,285.0,129.88369750976562,-0.0373747018816963,2.6827891322424366,-4.115831560265851,-3.678720605069845,-1.925137080380172,1.3403258327157284,-0.0988966046907536,3.963632318963182,-0.4426579316869733,1.3218509770686553
67.0,285.0,129.88369750976562,-0.0370591034729298,2.6826218239917727,-4.115266560061377,-3.679595996907135,-1.926209819046368,1.3414009745971895,-0.0987779561750726,3.964208636924238,-0.4451036432456676,1.3236569489549574
67.0,285.0,129.88369750976562,-0.0391015901040685,2.6832066369908216,-4.11469770047713,-3.680059309122311,-1.9260168474946973,1.3411719572718803,-0.0990887163406583,3.963894911594921,-0.4433537251091182,1.3222977704533132
67.0,285.0,129.88369750976562,-0.0371238674580442,2.6828863163114574,-4.116450644235016,-3.678852193219088,-1.9245006772364748,1.340853961483298,-0.1003745299408251,3.96483297132265,-0.4438758320633198,1.32253467512871
67.0,285.0,129.88369750976562,-0.0387529514039979,2.682332987600346,-4.114907536737543,-3.6795098013530296,-1.9263257462158496,1.3407473142017434,-0.0999818312495976,3.964815872089346,-0.4437279455012012,1.3221885533632094
67.0,285.0,129.88369750976562,-0.0385026246801999,2.681902136710416,-4.116577281202409,-3.680540846948508,-1.92433206385908,1.3402460540770993,-0.099126385258616,3.9633692913641982,-0.4437405342625667,1.3232985721522927
67.0,286.0,129.88369750976562,-0.0372763731490363,2.6826167704504225,-4.114823442455658,-3.6783468022659607,-1.9261520268860424,1.3403612303406105,-0.0998002543669788,3.963755631935773,-0.4432836224847902,1.323920551784124
67.0,286.0,129.88369750976562,-0.0386144815276365,2.682602177420531,-4.114692785083619,-3.6782825809630206,-1.925857278402108,1.3408475275948784,-0.0997619686173913,3.964034353113425,-0.4420803106852294,1.323383683790692
67.0,286.0,129.88369750976562,-0.0384255196221009,2.6828457518910365,-4.115229419906435,-3.678280070499364,-1.9241863635424368,1.340197132733122,-0.0989346872452995,3.965045366748188,-0.4436973324717846,1.3237061726352286
67.0,286.0,129.88369750976562,-0.0374477628801099,2.682657028303648,-4.114838900894199,-3.678870043592088,-1.9251837276112644,1.3405201841317955,-0.0987901150784344,3.964675583138253,-0.4423633760043502,1.3238448057713843
67.0,286.0,129.88369750976562,-0.0382635524696136,2.682419967614642,-4.114786126384205,-3.679311634560755,-1.925978686292598,1.3411333845684037,-0.0987597980305496,3.9641414728433215,-0.4424791061193618,1.320928414315454
67.0,286.0,129.88369750976562,-0.0384394284723971,2.682975909148543,-4.114785849651962,-3.679239009035948,-1.9244454601702328,1.3399968271028857,-0.0992974966139006,3.9634126109169294,-0.4438348749963561,1.323728487499586
67.0,286.0,129.88369750976562,-0.0375151009923383,2.6815405326175563,-4.11492126820321,-3.678696413336605,-1.9248538354858755,1.3399425126041962,-0.0987835979778907,3.963714046279793,-0.4446811609730565,1.323395357397754
67.0,286.0,129.88369750976562,-0.0377454066103169,2.6825043046280004,-4.114788089707397,-3.679652743106941,-1.9244710726958925,1.340134709603629,-0.1004671214614538,3.9636188560680137,-0.4424447477359667,1.3231665976907154
67.0,286.0,129.88369750976562,-0.0364954623203145,2.682236998039043,-4.1151194879360045,-3.678349310488348,-1.9266135679514724,1.3402469514634694,-0.0997973225445006,3.96391029317396,-0.4446940722613329,1.3226826898546231
67.0,286.0,129.88369750976562,-0.0383554438796345,2.6837078456050074,-4.1148397309375175,-3.6796427651577615,-1.925935618093105,1.3413987342605571,-0.0995517511654577,3.963735392106942,-0.4447510661004394,1.3223569690262462
67.0,286.0,129.88369750976562,-0.0374471514184957,2.6830290313127803,-4.114093649499316,-3.679834210451842,-1.924097479454128,1.3403730799535918,-0.0989693227775162,3.9646815998637,-0.4441470635204132,1.3235251103658887
67.0,286.0,129.88369750976562,-0.0382710782515905,2.682893249029939,-4.115279657961465,-3.6792257495786993,-1.924598940320268,1.340114582927606,-0.0982937747407807,3.963413311773425,-0.4438361054294831,1.3238186492275428
67.0,286.0,129.88369750976562,-0.0386767940782647,2.6825724445294745,-4.114978013222114,-3.6803825219341575,-1.925471672712967,1.340026883894302,-0.1000383970307691,3.965015974768844,-0.4424138905121658,1.3231790020943524
67.0,286.0,129.88369750976562,-0.0386743878574695,2.682514171969066,-4.114506661615946,-3.679438333994672,-1.9243521442453364,1.339783745789752,-0.0992489063510318,3.963839175972056,-0.4434921678817331,1.3240327725928551
67.0,286.0,129.88369750976562,-0.0378622370720957,2.681968301780857,-4.11483420834631,-3.6800866107675727,-1.924030423868726,1.3402908182460136,-0.0994770964367983,3.9636342318458793,-0.4433138246954711,1.324016149664466
67.0,286.0,129.88369750976562,-0.038409736125438,2.683223324443615,-4.114847609240932,-3.679415568245977,-1.9254956460903945,1.339956890140793,-0.0993767820110977,3.96545346379171,-0.4440833734044859,1.3235641918682983
67.0,286.0,129.88369750976562,-0.0365283721779428,2.6821798842695697,-4.11603441881068,-3.679486054107372,-1.9251379515389608,1.3405617104052885,-0.1002226474128503,3.96390962240616,-0.4420402715724512,1.3236767237550735
67.0,286.0,129.88369750976562,-0.0364397398083592,2.6825071178585005,-4.115088219917484,-3.67970139592296,-1.9261702671341336,1.340268587447146,-0.1007867068112726,3.963668351548983,-0.4431968561648036,1.323600593218882
67.0,286.0,129.88369750976562,-0.0383216637770437,2.6825741157856324,-4.114967170153109,-3.6780063208760607,-1.924454085840296,1.3404595116488414,-0.099584917212826,3.9638032536282113,-0.4437830930453497,1.3237113962040006
67.0,286.0,129.88369750976562,-0.0379767604336877,2.680744641094622,-4.114477853527157,-3.6801701846835897,-1.924400799866619,1.3404674448137248,-0.0999418297218291,3.9646977554076215,-0.4444012423801128,1.3236911002911962
67.0,286.0,129.88369750976562,-0.0390478143195861,2.682337844354252,-4.115926773235828,-3.6795526101329856,-1.924688573970111,1.3412594732204302,-0.0998160293303123,3.963891675060848,-0.4428856325751028,1.3240663398786898
67.0,286.0,129.88369750976562,-0.0383148729229902,2.6832796999404445,-4.116294179060572,-3.6793979513078847,-1.9250865185851764,1.340689295518906,-0.0983386555168854,3.963023765613142,-0.4436402091529069,1.323783064095721
67.0,286.0,129.88369750976562,-0.0379627504806742,2.6821752792535305,-4.115112653936806,-3.679108163981376,-1.9271989799946387,1.3404670547282131,-0.0989285936155462,3.963762776092248,-0.4436037889685726,1.3234545198064809
67.0,286.0,129.88369750976562,-0.0392187524807247,2.683054261908589,-4.114922136147859,-3.6795777604845856,-1.925288325593142,1.3412020927009516,-0.0999221139832497,3.9638507441902,-0.4441360716815598,1.3240769948011513
67.0,286.0,129.88369750976562,-0.0383849644671473,2.6829565493324656,-4.1152425670406885,-3.679085536259625,-1.9245625020625792,1.3398362901102925,-0.0989136901687004,3.964908554644228,-0.4445902552466633,1.3237140521602766
67.0,286.0,129.88369750976562,-0.0381150873514049,2.682542042709517,-4.114430642239843,-3.678878579382245,-1.9244999050184943,1.3406975087022637,-0.0999938618507068,3.963198803446204,-0.4438787615061223,1.3237429493033557
67.0,286.0,129.88369750976562,-0.0356061132564945,2.682682236611596,-4.114853691872366,-3.679371797552783,-1.926117401442866,1.3402494852328133,-0.0995158924403936,3.963593572879813,-0.4432809198229624,1.3217267572875264
67.0,286.0,129.88369750976562,-0.0370319986549597,2.682141311654721,-4.11568919640137,-3.679601765843594,-1.9250876999733395,1.3398228311447469,-0.1004837490685165,3.964237534852891,-0.442657322459007,1.323574800022745
67.0,286.0,129.88369750976562,-0.0370807272260081,2.68264859514898,-4.115168223632826,-3.678252415128613,-1.9239598296335736,1.3405486072531194,-0.098422161926668,3.964345449074509,-0.4430919035377933,1.32368118639016
67.0,286.0,129.88369750976562,-0.0371588517049898,2.6805734538012,-4.114829362922763,-3.680286246949066,-1.92656536943232,1.339947151786356,-0.0988547495593402,3.9637048782995135,-0.4439045648392518,1.323849355521426
67.0,286.0,129.88369750976562,-0.0375504977495809,2.682280533818246,-4.115233018272244,-3.679761393898062,-1.925012808213688,1.3408448440508045,-0.0991535257406458,3.963799535448471,-0.4426996479812786,1.32341862225405
67.0,286.0,129.88369750976562,-0.0364782580288229,2.6818429670123987,-4.11474322378592,-3.679358600708835,-1.9243445464444973,1.3403015173573354,-0.09960695951543,3.965946662438152,-0.4428471831983755,1.3238509640840692
67.0,286.0,129.88369750976562,-0.0375050067521598,2.682394795215691,-4.114718372567042,-3.678092981168621,-1.9258440914610253,1.3400083563894525,-0.099182553119151,3.966016159885976,-0.4438312502809411,1.3218137438897066
67.0,286.0,129.88369750976562,-0.0385790505121479,2.6829151465589978,-4.114800802167872,-3.680258446862143,-1.924409893497719,1.340273682270729,-0.0988903953142273,3.964274155720028,-0.443693939368691,1.324358976709781
67.0,286.0,129.88369750976562,-0.0373377203114786,2.682486630971601,-4.114913017838977,-3.6783634873448783,-1.9265970819780125,1.3403155553342478,-0.099168483249192,3.963433477689972,-0.4450287501643289,1.3241048847555466
67.0,286.0,129.88369750976562,-0.0379180192985064,2.682247815866732,-4.11618169808676,-3.678672127199636,-1.9243215382018104,1.341224665253827,-0.0999942253138913,3.964944788080395,-0.4445476548029366,1.3237704141458422
67.0,286.0,129.88369750976562,-0.0379024272348933,2.681548237319513,-4.1147750510204935,-3.679808883893499,-1.9248620463978097,1.3398379650494014,-0.0992112748296654,3.963017815678836,-0.4424179299426491,1.3233375186841294
67.0,286.0,129.88369750976562,-0.0386119900478477,2.682502921158186,-4.115330536104988,-3.67922120648243,-1.924454899099244,1.3398214621333258,-0.0993185791376466,3.963886887649888,-0.4432911272000954,1.323338099550023
67.0,286.0,129.88369750976562,-0.0382477403859779,2.68273101332882,-4.115921932644253,-3.677978964649831,-1.924749009834854,1.3417441945558162,-0.0989616560098664,3.9650317801400976,-0.4436610931860999,1.3237025486479133
67.0,286.0,129.88369750976562,-0.0368336824364338,2.6826832487827823,-4.114591204394081,-3.678575812548972,-1.925641460409574,1.3405690717413157,-0.0993023327242637,3.963040004737601,-0.4453726377459595,1.3228519700821009
67.0,286.0,129.88369750976562,-0.0368682580867013,2.6829220535883818,-4.115330151241876,-3.6800847775118006,-1.924143475813016,1.3403634962947215,-0.0977891263415146,3.964305456688996,-0.4434524361281761,1.323232495747224
67.0,286.0,129.88369750976562,-0.0385555590400413,2.682332051900679,-4.11561887003485,-3.678886500882304,-1.9246899936591084,1.339812599810698,-0.0990985889591814,3.964719517917539,-0.4435134565679196,1.3239478618172835
67.0,286.0,129.88369750976562,-0.0362685215543273,2.6824785535414897,-4.115228802300194,-3.679666890710486,-1.924817154336768,1.3397913112986377,-0.0984104785689082,3.965220519508229,-0.4431274438343454,1.3229101875008091
67.0,286.0,129.88369750976562,-0.0375539125029723,2.683178260371717,-4.114369649219112,-3.679430716965344,-1.9246000535494767,1.3402022966892828,-0.0991060381317665,3.964045450719317,-0.4435850165156397,1.3232991003993002
67.0,286.0,129.88369750976562,-0.0373747018816963,2.6827891322424366,-4.115831560265851,-3.678720605069845,-1.925137080380172,1.3403258327157284,-0.0988966046907536,3.963632318963182,-0.4426579316869733,1.3218509770686553
67.0,286.0,129.88369750976562,-0.0370591034729298,2.6826218239917727,-4.115266560061377,-3.679595996907135,-1.926209819046368,1.3414009745971895,-0.0987779561750726,3.964208636924238,-0.4451036432456676,1.3236569489549574
67.0,286.0,129.88369750976562,-0.0391015901040685,2.6832066369908216,-4.11469770047713,-3.680059309122311,-1.9260168474946973,1.3411719572718803,-0.0990887163406583,3.963894911594921,-0.4433537251091182,1.3222977704533132
67.0,286.0,129.88369750976562,-0.0371238674580442,2.6828863163114574,-4.116450644235016,-3.678852193219088,-1.9245006772364748,1.340853961483298,-0.1003745299408251,3.96483297132265,-0.4438758320633198,1.32253467512871
67.0,286.0,129.88369750976562,-0.0387529514039979,2.682332987600346,-4.114907536737543,-3.6795098013530296,-1.9263257462158496,1.3407473142017434,-0.0999818312495976,3.964815872089346,-0.4437279455012012,1.3221885533632094
67.0,286.0,129.88369750976562,-0.0385026246801999,2.681902136710416,-4.116577281202409,-3.680540846948508,-1.92433206385908,1.3402460540770993,-0.099126385258616,3.9633692913641982,-0.4437405342625667,1.3232985721522927
67.0,287.0,129.88369750976562,-0.0372763731490363,2.6826167704504225,-4.114823442455658,-3.6783468022659607,-1.9261520268860424,1.3403612303406105,-0.0998002543669788,3.963755631935773,-0.4432836224847902,1.323920551784124
67.0,287.0,129.88369750976562,-0.0386144815276365,2.682602177420531,-4.114692785083619,-3.6782825809630206,-1.925857278402108,1.3408475275948784,-0.0997619686173913,3.964034353113425,-0.4420803106852294,1.323383683790692
67.0,287.0,129.88369750976562,-0.0384255196221009,2.6828457518910365,-4.115229419906435,-3.678280070499364,-1.9241863635424368,1.340197132733122,-0.0989346872452995,3.965045366748188,-0.4436973324717846,1.3237061726352286
67.0,287.0,129.88369750976562,-0.0374477628801099,2.682657028303648,-4.114838900894199,-3.678870043592088,-1.9251837276112644,1.3405201841317955,-0.0987901150784344,3.964675583138253,-0.4423633760043502,1.3238448057713843
67.0,287.0,129.88369750976562,-0.0382635524696136,2.682419967614642,-4.114786126384205,-3.679311634560755,-1.925978686292598,1.3411333845684037,-0.0987597980305496,3.9641414728433215,-0.4424791061193618,1.320928414315454
67.0,287.0,129.88369750976562,-0.0384394284723971,2.682975909148543,-4.114785849651962,-3.679239009035948,-1.9244454601702328,1.3399968271028857,-0.0992974966139006,3.9634126109169294,-0.4438348749963561,1.323728487499586
67.0,287.0,129.88369750976562,-0.0375151009923383,2.6815405326175563,-4.11492126820321,-3.678696413336605,-1.9248538354858755,1.3399425126041962,-0.0987835979778907,3.963714046279793,-0.4446811609730565,1.323395357397754
67.0,287.0,129.88369750976562,-0.0377454066103169,2.6825043046280004,-4.114788089707397,-3.679652743106941,-1.9244710726958925,1.340134709603629,-0.1004671214614538,3.9636188560680137,-0.4424447477359667,1.3231665976907154
67.0,287.0,129.88369750976562,-0.0364954623203145,2.682236998039043,-4.1151194879360045,-3.678349310488348,-1.9266135679514724,1.3402469514634694,-0.0997973225445006,3.96391029317396,-0.4446940722613329,1.3226826898546231
67.0,287.0,129.88369750976562,-0.0383554438796345,2.6837078456050074,-4.1148397309375175,-3.6796427651577615,-1.925935618093105,1.3413987342605571,-0.0995517511654577,3.963735392106942,-0.4447510661004394,1.3223569690262462
67.0,287.0,129.88369750976562,-0.0374471514184957,2.6830290313127803,-4.114093649499316,-3.679834210451842,-1.924097479454128,1.3403730799535918,-0.0989693227775162,3.9646815998637,-0.4441470635204132,1.3235251103658887
67.0,287.0,129.88369750976562,-0.0382710782515905,2.682893249029939,-4.115279657961465,-3.6792257495786993,-1.924598940320268,1.340114582927606,-0.0982937747407807,3.963413311773425,-0.4438361054294831,1.3238186492275428
67.0,287.0,129.88369750976562,-0.0386767940782647,2.6825724445294745,-4.114978013222114,-3.6803825219341575,-1.925471672712967,1.340026883894302,-0.1000383970307691,3.965015974768844,-0.4424138905121658,1.3231790020943524
67.0,287.0,129.88369750976562,-0.0386743878574695,2.682514171969066,-4.114506661615946,-3.679438333994672,-1.9243521442453364,1.339783745789752,-0.0992489063510318,3.963839175972056,-0.4434921678817331,1.3240327725928551
67.0,287.0,129.88369750976562,-0.0378622370720957,2.681968301780857,-4.11483420834631,-3.6800866107675727,-1.924030423868726,1.3402908182460136,-0.0994770964367983,3.9636342318458793,-0.4433138246954711,1.324016149664466
67.0,287.0,129.88369750976562,-0.038409736125438,2.683223324443615,-4.114847609240932,-3.679415568245977,-1.9254956460903945,1.339956890140793,-0.0993767820110977,3.96545346379171,-0.4440833734044859,1.3235641918682983
67.0,287.0,129.88369750976562,-0.0365283721779428,2.6821798842695697,-4.11603441881068,-3.679486054107372,-1.9251379515389608,1.3405617104052885,-0.1002226474128503,3.96390962240616,-0.4420402715724512,1.3236767237550735
67.0,287.0,129.88369750976562,-0.0364397398083592,2.6825071178585005,-4.115088219917484,-3.67970139592296,-1.9261702671341336,1.340268587447146,-0.1007867068112726,3.963668351548983,-0.4431968561648036,1.323600593218882
67.0,287.0,129.88369750976562,-0.0383216637770437,2.6825741157856324,-4.114967170153109,-3.6780063208760607,-1.924454085840296,1.3404595116488414,-0.099584917212826,3.9638032536282113,-0.4437830930453497,1.3237113962040006
67.0,287.0,129.88369750976562,-0.0379767604336877,2.680744641094622,-4.114477853527157,-3.6801701846835897,-1.924400799866619,1.3404674448137248,-0.0999418297218291,3.9646977554076215,-0.4444012423801128,1.3236911002911962
67.0,287.0,129.88369750976562,-0.0390478143195861,2.682337844354252,-4.115926773235828,-3.6795526101329856,-1.924688573970111,1.3412594732204302,-0.0998160293303123,3.963891675060848,-0.4428856325751028,1.3240663398786898
67.0,287.0,129.88369750976562,-0.0383148729229902,2.6832796999404445,-4.116294179060572,-3.6793979513078847,-1.9250865185851764,1.340689295518906,-0.0983386555168854,3.963023765613142,-0.4436402091529069,1.323783064095721
67.0,287.0,129.88369750976562,-0.0379627504806742,2.6821752792535305,-4.115112653936806,-3.679108163981376,-1.9271989799946387,1.3404670547282131,-0.0989285936155462,3.963762776092248,-0.4436037889685726,1.3234545198064809
67.0,287.0,129.88369750976562,-0.0392187524807247,2.683054261908589,-4.114922136147859,-3.6795777604845856,-1.925288325593142,1.3412020927009516,-0.0999221139832497,3.9638507441902,-0.4441360716815598,1.3240769948011513
67.0,287.0,129.88369750976562,-0.0383849644671473,2.6829565493324656,-4.1152425670406885,-3.679085536259625,-1.9245625020625792,1.3398362901102925,-0.0989136901687004,3.964908554644228,-0.4445902552466633,1.3237140521602766
67.0,287.0,129.88369750976562,-0.0381150873514049,2.682542042709517,-4.114430642239843,-3.678878579382245,-1.9244999050184943,1.3406975087022637,-0.0999938618507068,3.963198803446204,-0.4438787615061223,1.3237429493033557
67.0,287.0,129.88369750976562,-0.0356061132564945,2.682682236611596,-4.114853691872366,-3.679371797552783,-1.926117401442866,1.3402494852328133,-0.0995158924403936,3.963593572879813,-0.4432809198229624,1.3217267572875264
67.0,287.0,129.88369750976562,-0.0370319986549597,2.682141311654721,-4.11568919640137,-3.679601765843594,-1.9250876999733395,1.3398228311447469,-0.1004837490685165,3.964237534852891,-0.442657322459007,1.323574800022745
67.0,287.0,129.88369750976562,-0.0370807272260081,2.68264859514898,-4.115168223632826,-3.678252415128613,-1.9239598296335736,1.3405486072531194,-0.098422161926668,3.964345449074509,-0.4430919035377933,1.32368118639016
67.0,287.0,129.88369750976562,-0.0371588517049898,2.6805734538012,-4.114829362922763,-3.680286246949066,-1.92656536943232,1.339947151786356,-0.0988547495593402,3.9637048782995135,-0.4439045648392518,1.323849355521426
67.0,287.0,129.88369750976562,-0.0375504977495809,2.682280533818246,-4.115233018272244,-3.679761393898062,-1.925012808213688,1.3408448440508045,-0.0991535257406458,3.963799535448471,-0.4426996479812786,1.32341862225405
67.0,287.0,129.88369750976562,-0.0364782580288229,2.6818429670123987,-4.11474322378592,-3.679358600708835,-1.9243445464444973,1.3403015173573354,-0.09960695951543,3.965946662438152,-0.4428471831983755,1.3238509640840692
67.0,287.0,129.88369750976562,-0.0375050067521598,2.682394795215691,-4.114718372567042,-3.678092981168621,-1.9258440914610253,1.3400083563894525,-0.099182553119151,3.966016159885976,-0.4438312502809411,1.3218137438897066
67.0,287.0,129.88369750976562,-0.0385790505121479,2.6829151465589978,-4.114800802167872,-3.680258446862143,-1.924409893497719,1.340273682270729,-0.0988903953142273,3.964274155720028,-0.443693939368691,1.324358976709781
67.0,287.0,129.88369750976562,-0.0373377203114786,2.682486630971601,-4.114913017838977,-3.6783634873448783,-1.9265970819780125,1.3403155553342478,-0.099168483249192,3.963433477689972,-0.4450287501643289,1.3241048847555466
67.0,287.0,129.88369750976562,-0.0379180192985064,2.682247815866732,-4.11618169808676,-3.678672127199636,-1.9243215382018104,1.341224665253827,-0.0999942253138913,3.964944788080395,-0.4445476548029366,1.3237704141458422
67.0,287.0,129.88369750976562,-0.0379024272348933,2.681548237319513,-4.1147750510204935,-3.679808883893499,-1.9248620463978097,1.3398379650494014,-0.0992112748296654,3.963017815678836,-0.4424179299426491,1.3233375186841294
67.0,287.0,129.88369750976562,-0.0386119900478477,2.682502921158186,-4.115330536104988,-3.67922120648243,-1.924454899099244,1.3398214621333258,-0.0993185791376466,3.963886887649888,-0.4432911272000954,1.323338099550023
67.0,287.0,129.88369750976562,-0.0382477403859779,2.68273101332882,-4.115921932644253,-3.677978964649831,-1.924749009834854,1.3417441945558162,-0.0989616560098664,3.9650317801400976,-0.4436610931860999,1.3237025486479133
67.0,287.0,129.88369750976562,-0.0368336824364338,2.6826832487827823,-4.114591204394081,-3.678575812548972,-1.925641460409574,1.3405690717413157,-0.0993023327242637,3.963040004737601,-0.4453726377459595,1.3228519700821009
67.0,287.0,129.88369750976562,-0.0368682580867013,2.6829220535883818,-4.115330151241876,-3.6800847775118006,-1.924143475813016,1.3403634962947215,-0.0977891263415146,3.964305456688996,-0.4434524361281761,1.323232495747224
67.0,287.0,129.88369750976562,-0.0385555590400413,2.682332051900679,-4.11561887003485,-3.678886500882304,-1.9246899936591084,1.339812599810698,-0.0990985889591814,3.964719517917539,-0.4435134565679196,1.3239478618172835
67.0,287.0,129.88369750976562,-0.0362685215543273,2.6824785535414897,-4.115228802300194,-3.679666890710486,-1.924817154336768,1.3397913112986377,-0.0984104785689082,3.965220519508229,-0.4431274438343454,1.3229101875008091
67.0,287.0,129.88369750976562,-0.0375539125029723,2.683178260371717,-4.114369649219112,-3.679430716965344,-1.9246000535494767,1.3402022966892828,-0.0991060381317665,3.964045450719317,-0.4435850165156397,1.3232991003993002
67.0,287.0,129.88369750976562,-0.0373747018816963,2.6827891322424366,-4.115831560265851,-3.678720605069845,-1.925137080380172,1.3403258327157284,-0.0988966046907536,3.963632318963182,-0.4426579316869733,1.3218509770686553
67.0,287.0,129.88369750976562,-0.0370591034729298,2.6826218239917727,-4.115266560061377,-3.679595996907135,-1.926209819046368,1.3414009745971895,-0.0987779561750726,3.964208636924238,-0.4451036432456676,1.3236569489549574
67.0,287.0,129.88369750976562,-0.0391015901040685,2.6832066369908216,-4.11469770047713,-3.680059309122311,-1.9260168474946973,1.3411719572718803,-0.0990887163406583,3.963894911594921,-0.4433537251091182,1.3222977704533132
67.0,287.0,129.88369750976562,-0.0371238674580442,2.6828863163114574,-4.116450644235016,-3.678852193219088,-1.9245006772364748,1.340853961483298,-0.1003745299408251,3.96483297132265,-0.4438758320633198,1.32253467512871
67.0,287.0,129.88369750976562,-0.0387529514039979,2.682332987600346,-4.114907536737543,-3.6795098013530296,-1.9263257462158496,1.3407473142017434,-0.0999818312495976,3.964815872089346,-0.4437279455012012,1.3221885533632094
67.0,287.0,129.88369750976562,-0.0385026246801999,2.681902136710416,-4.116577281202409,-3.680540846948508,-1.92433206385908,1.3402460540770993,-0.099126385258616,3.9633692913641982,-0.4437405342625667,1.3232985721522927
67.0,288.0,129.88369750976562,-0.0372763731490363,2.6826167704504225,-4.114823442455658,-3.6783468022659607,-1.9261520268860424,1.3403612303406105,-0.0998002543669788,3.963755631935773,-0.4432836224847902,1.323920551784124
67.0,288.0,129.88369750976562,-0.0386144815276365,2.682602177420531,-4.114692785083619,-3.6782825809630206,-1.925857278402108,1.3408475275948784,-0.0997619686173913,3.964034353113425,-0.4420803106852294,1.323383683790692
67.0,288.0,129.88369750976562,-0.0384255196221009,2.6828457518910365,-4.115229419906435,-3.678280070499364,-1.9241863635424368,1.340197132733122,-0.0989346872452995,3.965045366748188,-0.4436973324717846,1.3237061726352286
67.0,288.0,129.88369750976562,-0.0374477628801099,2.682657028303648,-4.114838900894199,-3.678870043592088,-1.9251837276112644,1.3405201841317955,-0.0987901150784344,3.964675583138253,-0.4423633760043502,1.3238448057713843
67.0,288.0,129.88369750976562,-0.0382635524696136,2.682419967614642,-4.114786126384205,-3.679311634560755,-1.925978686292598,1.3411333845684037,-0.0987597980305496,3.9641414728433215,-0.4424791061193618,1.320928414315454
67.0,288.0,129.88369750976562,-0.0384394284723971,2.682975909148543,-4.114785849651962,-3.679239009035948,-1.9244454601702328,1.3399968271028857,-0.0992974966139006,3.9634126109169294,-0.4438348749963561,1.323728487499586
67.0,288.0,129.88369750976562,-0.0375151009923383,2.6815405326175563,-4.11492126820321,-3.678696413336605,-1.9248538354858755,1.3399425126041962,-0.0987835979778907,3.963714046279793,-0.4446811609730565,1.323395357397754
67.0,288.0,129.88369750976562,-0.0377454066103169,2.6825043046280004,-4.114788089707397,-3.679652743106941,-1.9244710726958925,1.340134709603629,-0.1004671214614538,3.9636188560680137,-0.4424447477359667,1.3231665976907154
67.0,288.0,129.88369750976562,-0.0364954623203145,2.682236998039043,-4.1151194879360045,-3.678349310488348,-1.9266135679514724,1.3402469514634694,-0.0997973225445006,3.96391029317396,-0.4446940722613329,1.3226826898546231
67.0,288.0,129.88369750976562,-0.0383554438796345,2.6837078456050074,-4.1148397309375175,-3.6796427651577615,-1.925935618093105,1.3413987342605571,-0.0995517511654577,3.963735392106942,-0.4447510661004394,1.3223569690262462
67.0,288.0,129.88369750976562,-0.0374471514184957,2.6830290313127803,-4.114093649499316,-3.679834210451842,-1.924097479454128,1.3403730799535918,-0.0989693227775162,3.9646815998637,-0.4441470635204132,1.3235251103658887
67.0,288.0,129.88369750976562,-0.0382710782515905,2.682893249029939,-4.115279657961465,-3.6792257495786993,-1.924598940320268,1.340114582927606,-0.0982937747407807,3.963413311773425,-0.4438361054294831,1.3238186492275428
67.0,288.0,129.88369750976562,-0.0386767940782647,2.6825724445294745,-4.114978013222114,-3.6803825219341575,-1.925471672712967,1.340026883894302,-0.1000383970307691,3.965015974768844,-0.4424138905121658,1.3231790020943524
67.0,288.0,129.88369750976562,-0.0386743878574695,2.682514171969066,-4.114506661615946,-3.679438333994672,-1.9243521442453364,1.339783745789752,-0.0992489063510318,3.963839175972056,-0.4434921678817331,1.3240327725928551
67.0,288.0,129.88369750976562,-0.0378622370720957,2.681968301780857,-4.11483420834631,-3.6800866107675727,-1.924030423868726,1.3402908182460136,-0.0994770964367983,3.9636342318458793,-0.4433138246954711,1.324016149664466
67.0,288.0,129.88369750976562,-0.038409736125438,2.683223324443615,-4.114847609240932,-3.679415568245977,-1.9254956460903945,1.339956890140793,-0.0993767820110977,3.96545346379171,-0.4440833734044859,1.3235641918682983
67.0,288.0,129.88369750976562,-0.0365283721779428,2.6821798842695697,-4.11603441881068,-3.679486054107372,-1.9251379515389608,1.3405617104052885,-0.1002226474128503,3.96390962240616,-0.4420402715724512,1.3236767237550735
67.0,288.0,129.88369750976562,-0.0364397398083592,2.6825071178585005,-4.115088219917484,-3.67970139592296,-1.9261702671341336,1.340268587447146,-0.1007867068112726,3.963668351548983,-0.4431968561648036,1.323600593218882
67.0,288.0,129.88369750976562,-0.0383216637770437,2.6825741157856324,-4.114967170153109,-3.6780063208760607,-1.924454085840296,1.3404595116488414,-0.099584917212826,3.9638032536282113,-0.4437830930453497,1.3237113962040006
67.0,288.0,129.88369750976562,-0.0379767604336877,2.680744641094622,-4.114477853527157,-3.6801701846835897,-1.924400799866619,1.3404674448137248,-0.0999418297218291,3.9646977554076215,-0.4444012423801128,1.3236911002911962
67.0,288.0,129.88369750976562,-0.0390478143195861,2.682337844354252,-4.115926773235828,-3.6795526101329856,-1.924688573970111,1.3412594732204302,-0.0998160293303123,3.963891675060848,-0.4428856325751028,1.3240663398786898
67.0,288.0,129.88369750976562,-0.0383148729229902,2.6832796999404445,-4.116294179060572,-3.6793979513078847,-1.9250865185851764,1.340689295518906,-0.0983386555168854,3.963023765613142,-0.4436402091529069,1.323783064095721
67.0,288.0,129.88369750976562,-0.0379627504806742,2.6821752792535305,-4.115112653936806,-3.679108163981376,-1.9271989799946387,1.3404670547282131,-0.0989285936155462,3.963762776092248,-0.4436037889685726,1.3234545198064809
67.0,288.0,129.88369750976562,-0.0392187524807247,2.683054261908589,-4.114922136147859,-3.6795777604845856,-1.925288325593142,1.3412020927009516,-0.0999221139832497,3.9638507441902,-0.4441360716815598,1.3240769948011513
67.0,288.0,129.88369750976562,-0.0383849644671473,2.6829565493324656,-4.1152425670406885,-3.679085536259625,-1.9245625020625792,1.3398362901102925,-0.0989136901687004,3.964908554644228,-0.4445902552466633,1.3237140521602766
67.0,288.0,129.88369750976562,-0.0381150873514049,2.682542042709517,-4.114430642239843,-3.678878579382245,-1.9244999050184943,1.3406975087022637,-0.0999938618507068,3.963198803446204,-0.4438787615061223,1.3237429493033557
67.0,288.0,129.88369750976562,-0.0356061132564945,2.682682236611596,-4.114853691872366,-3.679371797552783,-1.926117401442866,1.3402494852328133,-0.0995158924403936,3.963593572879813,-0.4432809198229624,1.3217267572875264
67.0,288.0,129.88369750976562,-0.0370319986549597,2.682141311654721,-4.11568919640137,-3.679601765843594,-1.9250876999733395,1.3398228311447469,-0.1004837490685165,3.964237534852891,-0.442657322459007,1.323574800022745
67.0,288.0,129.88369750976562,-0.0370807272260081,2.68264859514898,-4.115168223632826,-3.678252415128613,-1.9239598296335736,1.3405486072531194,-0.098422161926668,3.964345449074509,-0.4430919035377933,1.32368118639016
67.0,288.0,129.88369750976562,-0.0371588517049898,2.6805734538012,-4.114829362922763,-3.680286246949066,-1.92656536943232,1.339947151786356,-0.0988547495593402,3.9637048782995135,-0.4439045648392518,1.323849355521426
67.0,288.0,129.88369750976562,-0.0375504977495809,2.682280533818246,-4.115233018272244,-3.679761393898062,-1.925012808213688,1.3408448440508045,-0.0991535257406458,3.963799535448471,-0.4426996479812786,1.32341862225405
67.0,288.0,129.88369750976562,-0.0364782580288229,2.6818429670123987,-4.11474322378592,-3.679358600708835,-1.9243445464444973,1.3403015173573354,-0.09960695951543,3.965946662438152,-0.4428471831983755,1.3238509640840692
67.0,288.0,129.88369750976562,-0.0375050067521598,2.682394795215691,-4.114718372567042,-3.678092981168621,-1.9258440914610253,1.3400083563894525,-0.099182553119151,3.966016159885976,-0.4438312502809411,1.3218137438897066
67.0,288.0,129.88369750976562,-0.0385790505121479,2.6829151465589978,-4.114800802167872,-3.680258446862143,-1.924409893497719,1.340273682270729,-0.0988903953142273,3.964274155720028,-0.443693939368691,1.324358976709781
67.0,288.0,129.88369750976562,-0.0373377203114786,2.682486630971601,-4.114913017838977,-3.6783634873448783,-1.9265970819780125,1.3403155553342478,-0.099168483249192,3.963433477689972,-0.4450287501643289,1.3241048847555466
67.0,288.0,129.88369750976562,-0.0379180192985064,2.682247815866732,-4.11618169808676,-3.678672127199636,-1.9243215382018104,1.341224665253827,-0.0999942253138913,3.964944788080395,-0.4445476548029366,1.3237704141458422
67.0,288.0,129.88369750976562,-0.0379024272348933,2.681548237319513,-4.1147750510204935,-3.679808883893499,-1.9248620463978097,1.3398379650494014,-0.0992112748296654,3.963017815678836,-0.4424179299426491,1.3233375186841294
67.0,288.0,129.88369750976562,-0.0386119900478477,2.682502921158186,-4.115330536104988,-3.67922120648243,-1.924454899099244,1.3398214621333258,-0.0993185791376466,3.963886887649888,-0.4432911272000954,1.323338099550023
67.0,288.0,129.88369750976562,-0.0382477403859779,2.68273101332882,-4.115921932644253,-3.677978964649831,-1.924749009834854,1.3417441945558162,-0.0989616560098664,3.9650317801400976,-0.4436610931860999,1.3237025486479133
67.0,288.0,129.88369750976562,-0.0368336824364338,2.6826832487827823,-4.114591204394081,-3.678575812548972,-1.925641460409574,1.3405690717413157,-0.0993023327242637,3.963040004737601,-0.4453726377459595,1.3228519700821009
67.0,288.0,129.88369750976562,-0.0368682580867013,2.6829220535883818,-4.115330151241876,-3.6800847775118006,-1.924143475813016,1.3403634962947215,-0.0977891263415146,3.964305456688996,-0.4434524361281761,1.323232495747224
67.0,288.0,129.88369750976562,-0.0385555590400413,2.682332051900679,-4.11561887003485,-3.678886500882304,-1.9246899936591084,1.339812599810698,-0.0990985889591814,3.964719517917539,-0.4435134565679196,1.3239478618172835
67.0,288.0,129.88369750976562,-0.0362685215543273,2.6824785535414897,-4.115228802300194,-3.679666890710486,-1.924817154336768,1.3397913112986377,-0.0984104785689082,3.965220519508229,-0.4431274438343454,1.3229101875008091
67.0,288.0,129.88369750976562,-0.0375539125029723,2.683178260371717,-4.114369649219112,-3.679430716965344,-1.9246000535494767,1.3402022966892828,-0.0991060381317665,3.964045450719317,-0.4435850165156397,1.3232991003993002
67.0,288.0,129.88369750976562,-0.0373747018816963,2.6827891322424366,-4.115831560265851,-3.678720605069845,-1.925137080380172,1.3403258327157284,-0.0988966046907536,3.963632318963182,-0.4426579316869733,1.3218509770686553
67.0,288.0,129.88369750976562,-0.0370591034729298,2.6826218239917727,-4.115266560061377,-3.679595996907135,-1.926209819046368,1.3414009745971895,-0.0987779561750726,3.964208636924238,-0.4451036432456676,1.3236569489549574
67.0,288.0,129.88369750976562,-0.0391015901040685,2.6832066369908216,-4.11469770047713,-3.680059309122311,-1.9260168474946973,1.3411719572718803,-0.0990887163406583,3.963894911594921,-0.4433537251091182,1.3222977704533132
67.0,288.0,129.88369750976562,-0.0371238674580442,2.6828863163114574,-4.116450644235016,-3.678852193219088,-1.9245006772364748,1.340853961483298,-0.1003745299408251,3.96483297132265,-0.4438758320633198,1.32253467512871
67.0,288.0,129.88369750976562,-0.0387529514039979,2.682332987600346,-4.114907536737543,-3.6795098013530296,-1.9263257462158496,1.3407473142017434,-0.0999818312495976,3.964815872089346,-0.4437279455012012,1.3221885533632094
67.0,288.0,129.88369750976562,-0.0385026246801999,2.681902136710416,-4.116577281202409,-3.680540846948508,-1.92433206385908,1.3402460540770993,-0.099126385258616,3.9633692913641982,-0.4437405342625667,1.3232985721522927
67.0,289.0,129.88369750976562,-0.0372763731490363,2.6826167704504225,-4.114823442455658,-3.6783468022659607,-1.9261520268860424,1.3403612303406105,-0.0998002543669788,3.963755631935773,-0.4432836224847902,1.323920551784124
67.0,289.0,129.88369750976562,-0.0386144815276365,2.682602177420531,-4.114692785083619,-3.6782825809630206,-1.925857278402108,1.3408475275948784,-0.0997619686173913,3.964034353113425,-0.4420803106852294,1.323383683790692
67.0,289.0,129.88369750976562,-0.0384255196221009,2.6828457518910365,-4.115229419906435,-3.678280070499364,-1.9241863635424368,1.340197132733122,-0.0989346872452995,3.965045366748188,-0.4436973324717846,1.3237061726352286
67.0,289.0,129.88369750976562,-0.0374477628801099,2.682657028303648,-4.114838900894199,-3.678870043592088,-1.9251837276112644,1.3405201841317955,-0.0987901150784344,3.964675583138253,-0.4423633760043502,1.3238448057713843
67.0,289.0,129.88369750976562,-0.0382635524696136,2.682419967614642,-4.114786126384205,-3.679311634560755,-1.925978686292598,1.3411333845684037,-0.0987597980305496,3.9641414728433215,-0.4424791061193618,1.320928414315454
67.0,289.0,129.88369750976562,-0.0384394284723971,2.682975909148543,-4.114785849651962,-3.679239009035948,-1.9244454601702328,1.3399968271028857,-0.0992974966139006,3.9634126109169294,-0.4438348749963561,1.323728487499586
67.0,289.0,129.88369750976562,-0.0375151009923383,2.6815405326175563,-4.11492126820321,-3.678696413336605,-1.9248538354858755,1.3399425126041962,-0.0987835979778907,3.963714046279793,-0.4446811609730565,1.323395357397754
67.0,289.0,129.88369750976562,-0.0377454066103169,2.6825043046280004,-4.114788089707397,-3.679652743106941,-1.9244710726958925,1.340134709603629,-0.1004671214614538,3.9636188560680137,-0.4424447477359667,1.3231665976907154
67.0,289.0,129.88369750976562,-0.0364954623203145,2.682236998039043,-4.1151194879360045,-3.678349310488348,-1.9266135679514724,1.3402469514634694,-0.0997973225445006,3.96391029317396,-0.4446940722613329,1.3226826898546231
67.0,289.0,129.88369750976562,-0.0383554438796345,2.6837078456050074,-4.1148397309375175,-3.6796427651577615,-1.925935618093105,1.3413987342605571,-0.0995517511654577,3.963735392106942,-0.4447510661004394,1.3223569690262462
67.0,289.0,129.88369750976562,-0.0374471514184957,2.6830290313127803,-4.114093649499316,-3.679834210451842,-1.924097479454128,1.3403730799535918,-0.0989693227775162,3.9646815998637,-0.4441470635204132,1.3235251103658887
67.0,289.0,129.88369750976562,-0.0382710782515905,2.682893249029939,-4.115279657961465,-3.6792257495786993,-1.924598940320268,1.340114582927606,-0.0982937747407807,3.963413311773425,-0.4438361054294831,1.3238186492275428
67.0,289.0,129.88369750976562,-0.0386767940782647,2.6825724445294745,-4.114978013222114,-3.6803825219341575,-1.925471672712967,1.340026883894302,-0.1000383970307691,3.965015974768844,-0.4424138905121658,1.3231790020943524
67.0,289.0,129.88369750976562,-0.0386743878574695,2.682514171969066,-4.114506661615946,-3.679438333994672,-1.9243521442453364,1.339783745789752,-0.0992489063510318,3.963839175972056,-0.4434921678817331,1.3240327725928551
67.0,289.0,129.88369750976562,-0.0378622370720957,2.681968301780857,-4.11483420834631,-3.6800866107675727,-1.924030423868726,1.3402908182460136,-0.0994770964367983,3.9636342318458793,-0.4433138246954711,1.324016149664466
67.0,289.0,129.88369750976562,-0.038409736125438,2.683223324443615,-4.114847609240932,-3.679415568245977,-1.9254956460903945,1.339956890140793,-0.0993767820110977,3.96545346379171,-0.4440833734044859,1.3235641918682983
67.0,289.0,129.88369750976562,-0.0365283721779428,2.6821798842695697,-4.11603441881068,-3.679486054107372,-1.9251379515389608,1.3405617104052885,-0.1002226474128503,3.96390962240616,-0.4420402715724512,1.3236767237550735
67.0,289.0,129.88369750976562,-0.0364397398083592,2.6825071178585005,-4.115088219917484,-3.67970139592296,-1.9261702671341336,1.340268587447146,-0.1007867068112726,3.963668351548983,-0.4431968561648036,1.323600593218882
67.0,289.0,129.88369750976562,-0.0383216637770437,2.6825741157856324,-4.114967170153109,-3.6780063208760607,-1.924454085840296,1.3404595116488414,-0.099584917212826,3.9638032536282113,-0.4437830930453497,1.3237113962040006
67.0,289.0,129.88369750976562,-0.0379767604336877,2.680744641094622,-4.114477853527157,-3.6801701846835897,-1.924400799866619,1.3404674448137248,-0.0999418297218291,3.9646977554076215,-0.4444012423801128,1.3236911002911962
67.0,289.0,129.88369750976562,-0.0390478143195861,2.682337844354252,-4.115926773235828,-3.6795526101329856,-1.924688573970111,1.3412594732204302,-0.0998160293303123,3.963891675060848,-0.4428856325751028,1.3240663398786898
67.0,289.0,129.88369750976562,-0.0383148729229902,2.6832796999404445,-4.116294179060572,-3.6793979513078847,-1.9250865185851764,1.340689295518906,-0.0983386555168854,3.963023765613142,-0.4436402091529069,1.323783064095721
67.0,289.0,129.88369750976562,-0.0379627504806742,2.6821752792535305,-4.115112653936806,-3.679108163981376,-1.9271989799946387,1.3404670547282131,-0.0989285936155462,3.963762776092248,-0.4436037889685726,1.3234545198064809
67.0,289.0,129.88369750976562,-0.0392187524807247,2.683054261908589,-4.114922136147859,-3.6795777604845856,-1.925288325593142,1.3412020927009516,-0.0999221139832497,3.9638507441902,-0.4441360716815598,1.3240769948011513
67.0,289.0,129.88369750976562,-0.0383849644671473,2.6829565493324656,-4.1152425670406885,-3.679085536259625,-1.9245625020625792,1.3398362901102925,-0.0989136901687004,3.964908554644228,-0.4445902552466633,1.3237140521602766
67.0,289.0,129.88369750976562,-0.0381150873514049,2.682542042709517,-4.114430642239843,-3.678878579382245,-1.9244999050184943,1.3406975087022637,-0.0999938618507068,3.963198803446204,-0.4438787615061223,1.3237429493033557
67.0,289.0,129.88369750976562,-0.0356061132564945,2.682682236611596,-4.114853691872366,-3.679371797552783,-1.926117401442866,1.3402494852328133,-0.0995158924403936,3.963593572879813,-0.4432809198229624,1.3217267572875264
67.0,289.0,129.88369750976562,-0.0370319986549597,2.682141311654721,-4.11568919640137,-3.679601765843594,-1.9250876999733395,1.3398228311447469,-0.1004837490685165,3.964237534852891,-0.442657322459007,1.323574800022745
67.0,289.0,129.88369750976562,-0.0370807272260081,2.68264859514898,-4.115168223632826,-3.678252415128613,-1.9239598296335736,1.3405486072531194,-0.098422161926668,3.964345449074509,-0.4430919035377933,1.32368118639016
67.0,289.0,129.88369750976562,-0.0371588517049898,2.6805734538012,-4.114829362922763,-3.680286246949066,-1.92656536943232,1.339947151786356,-0.0988547495593402,3.9637048782995135,-0.4439045648392518,1.323849355521426
67.0,289.0,129.88369750976562,-0.0375504977495809,2.682280533818246,-4.115233018272244,-3.679761393898062,-1.925012808213688,1.3408448440508045,-0.0991535257406458,3.963799535448471,-0.4426996479812786,1.32341862225405
67.0,289.0,129.88369750976562,-0.0364782580288229,2.6818429670123987,-4.11474322378592,-3.679358600708835,-1.9243445464444973,1.3403015173573354,-0.09960695951543,3.965946662438152,-0.4428471831983755,1.3238509640840692
67.0,289.0,129.88369750976562,-0.0375050067521598,2.682394795215691,-4.114718372567042,-3.678092981168621,-1.9258440914610253,1.3400083563894525,-0.099182553119151,3.966016159885976,-0.4438312502809411,1.3218137438897066
67.0,289.0,129.88369750976562,-0.0385790505121479,2.6829151465589978,-4.114800802167872,-3.680258446862143,-1.924409893497719,1.340273682270729,-0.0988903953142273,3.964274155720028,-0.443693939368691,1.324358976709781
67.0,289.0,129.88369750976562,-0.0373377203114786,2.682486630971601,-4.114913017838977,-3.6783634873448783,-1.9265970819780125,1.3403155553342478,-0.099168483249192,3.963433477689972,-0.4450287501643289,1.3241048847555466
67.0,289.0,129.88369750976562,-0.0379180192985064,2.682247815866732,-4.11618169808676,-3.678672127199636,-1.9243215382018104,1.341224665253827,-0.0999942253138913,3.964944788080395,-0.4445476548029366,1.3237704141458422
67.0,289.0,129.88369750976562,-0.0379024272348933,2.681548237319513,-4.1147750510204935,-3.679808883893499,-1.9248620463978097,1.3398379650494014,-0.0992112748296654,3.963017815678836,-0.4424179299426491,1.3233375186841294
67.0,289.0,129.88369750976562,-0.0386119900478477,2.682502921158186,-4.115330536104988,-3.67922120648243,-1.924454899099244,1.3398214621333258,-0.0993185791376466,3.963886887649888,-0.4432911272000954,1.323338099550023
67.0,289.0,129.88369750976562,-0.0382477403859779,2.68273101332882,-4.115921932644253,-3.677978964649831,-1.924749009834854,1.3417441945558162,-0.0989616560098664,3.9650317801400976,-0.4436610931860999,1.3237025486479133
67.0,289.0,129.88369750976562,-0.0368336824364338,2.6826832487827823,-4.114591204394081,-3.678575812548972,-1.925641460409574,1.3405690717413157,-0.0993023327242637,3.963040004737601,-0.4453726377459595,1.3228519700821009
67.0,289.0,129.88369750976562,-0.0368682580867013,2.6829220535883818,-4.115330151241876,-3.6800847775118006,-1.924143475813016,1.3403634962947215,-0.0977891263415146,3.964305456688996,-0.4434524361281761,1.323232495747224
67.0,289.0,129.88369750976562,-0.0385555590400413,2.682332051900679,-4.11561887003485,-3.678886500882304,-1.9246899936591084,1.339812599810698,-0.0990985889591814,3.964719517917539,-0.4435134565679196,1.3239478618172835
67.0,289.0,129.88369750976562,-0.0362685215543273,2.6824785535414897,-4.115228802300194,-3.679666890710486,-1.924817154336768,1.3397913112986377,-0.0984104785689082,3.965220519508229,-0.4431274438343454,1.3229101875008091
67.0,289.0,129.88369750976562,-0.0375539125029723,2.683178260371717,-4.114369649219112,-3.679430716965344,-1.9246000535494767,1.3402022966892828,-0.0991060381317665,3.964045450719317,-0.4435850165156397,1.3232991003993002
67.0,289.0,129.88369750976562,-0.0373747018816963,2.6827891322424366,-4.115831560265851,-3.678720605069845,-1.925137080380172,1.3403258327157284,-0.0988966046907536,3.963632318963182,-0.4426579316869733,1.3218509770686553
67.0,289.0,129.88369750976562,-0.0370591034729298,2.6826218239917727,-4.115266560061377,-3.679595996907135,-1.926209819046368,1.3414009745971895,-0.0987779561750726,3.964208636924238,-0.4451036432456676,1.3236569489549574
67.0,289.0,129.88369750976562,-0.0391015901040685,2.6832066369908216,-4.11469770047713,-3.680059309122311,-1.9260168474946973,1.3411719572718803,-0.0990887163406583,3.963894911594921,-0.4433537251091182,1.3222977704533132
67.0,289.0,129.88369750976562,-0.0371238674580442,2.6828863163114574,-4.116450644235016,-3.678852193219088,-1.9245006772364748,1.340853961483298,-0.1003745299408251,3.96483297132265,-0.4438758320633198,1.32253467512871
67.0,289.0,129.88369750976562,-0.0387529514039979,2.682332987600346,-4.114907536737543,-3.6795098013530296,-1.9263257462158496,1.3407473142017434,-0.0999818312495976,3.964815872089346,-0.4437279455012012,1.3221885533632094
67.0,289.0,129.88369750976562,-0.0385026246801999,2.681902136710416,-4.116577281202409,-3.680540846948508,-1.92433206385908,1.3402460540770993,-0.099126385258616,3.9633692913641982,-0.4437405342625667,1.3232985721522927
67.0,290.0,129.88369750976562,-0.0372763731490363,2.6826167704504225,-4.114823442455658,-3.6783468022659607,-1.9261520268860424,1.3403612303406105,-0.0998002543669788,3.963755631935773,-0.4432836224847902,1.323920551784124
67.0,290.0,129.88369750976562,-0.0386144815276365,2.682602177420531,-4.114692785083619,-3.6782825809630206,-1.925857278402108,1.3408475275948784,-0.0997619686173913,3.964034353113425,-0.4420803106852294,1.323383683790692
67.0,290.0,129.88369750976562,-0.0384255196221009,2.6828457518910365,-4.115229419906435,-3.678280070499364,-1.9241863635424368,1.340197132733122,-0.0989346872452995,3.965045366748188,-0.4436973324717846,1.3237061726352286
67.0,290.0,129.88369750976562,-0.0374477628801099,2.682657028303648,-4.114838900894199,-3.678870043592088,-1.9251837276112644,1.3405201841317955,-0.0987901150784344,3.964675583138253,-0.4423633760043502,1.3238448057713843
67.0,290.0,129.88369750976562,-0.0382635524696136,2.682419967614642,-4.114786126384205,-3.679311634560755,-1.925978686292598,1.3411333845684037,-0.0987597980305496,3.9641414728433215,-0.4424791061193618,1.320928414315454
67.0,290.0,129.88369750976562,-0.0384394284723971,2.682975909148543,-4.114785849651962,-3.679239009035948,-1.9244454601702328,1.3399968271028857,-0.0992974966139006,3.9634126109169294,-0.4438348749963561,1.323728487499586
67.0,290.0,129.88369750976562,-0.0375151009923383,2.6815405326175563,-4.11492126820321,-3.678696413336605,-1.9248538354858755,1.3399425126041962,-0.0987835979778907,3.963714046279793,-0.4446811609730565,1.323395357397754
67.0,290.0,129.88369750976562,-0.0377454066103169,2.6825043046280004,-4.114788089707397,-3.679652743106941,-1.9244710726958925,1.340134709603629,-0.1004671214614538,3.9636188560680137,-0.4424447477359667,1.3231665976907154
67.0,290.0,129.88369750976562,-0.0364954623203145,2.682236998039043,-4.1151194879360045,-3.678349310488348,-1.9266135679514724,1.3402469514634694,-0.0997973225445006,3.96391029317396,-0.4446940722613329,1.3226826898546231
67.0,290.0,129.88369750976562,-0.0383554438796345,2.6837078456050074,-4.1148397309375175,-3.6796427651577615,-1.925935618093105,1.3413987342605571,-0.0995517511654577,3.963735392106942,-0.4447510661004394,1.3223569690262462
67.0,290.0,129.88369750976562,-0.0374471514184957,2.6830290313127803,-4.114093649499316,-3.679834210451842,-1.924097479454128,1.3403730799535918,-0.0989693227775162,3.9646815998637,-0.4441470635204132,1.3235251103658887
67.0,290.0,129.88369750976562,-0.0382710782515905,2.682893249029939,-4.115279657961465,-3.6792257495786993,-1.924598940320268,1.340114582927606,-0.0982937747407807,3.963413311773425,-0.4438361054294831,1.3238186492275428
67.0,290.0,129.88369750976562,-0.0386767940782647,2.6825724445294745,-4.114978013222114,-3.6803825219341575,-1.925471672712967,1.340026883894302,-0.1000383970307691,3.965015974768844,-0.4424138905121658,1.3231790020943524
67.0,290.0,129.88369750976562,-0.0386743878574695,2.682514171969066,-4.114506661615946,-3.679438333994672,-1.9243521442453364,1.339783745789752,-0.0992489063510318,3.963839175972056,-0.4434921678817331,1.3240327725928551
67.0,290.0,129.88369750976562,-0.0378622370720957,2.681968301780857,-4.11483420834631,-3.6800866107675727,-1.924030423868726,1.3402908182460136,-0.0994770964367983,3.9636342318458793,-0.4433138246954711,1.324016149664466
67.0,290.0,129.88369750976562,-0.038409736125438,2.683223324443615,-4.114847609240932,-3.679415568245977,-1.9254956460903945,1.339956890140793,-0.0993767820110977,3.96545346379171,-0.4440833734044859,1.3235641918682983
67.0,290.0,129.88369750976562,-0.0365283721779428,2.6821798842695697,-4.11603441881068,-3.679486054107372,-1.9251379515389608,1.3405617104052885,-0.1002226474128503,3.96390962240616,-0.4420402715724512,1.3236767237550735
67.0,290.0,129.88369750976562,-0.0364397398083592,2.6825071178585005,-4.115088219917484,-3.67970139592296,-1.9261702671341336,1.340268587447146,-0.1007867068112726,3.963668351548983,-0.4431968561648036,1.323600593218882
67.0,290.0,129.88369750976562,-0.0383216637770437,2.6825741157856324,-4.114967170153109,-3.6780063208760607,-1.924454085840296,1.3404595116488414,-0.099584917212826,3.9638032536282113,-0.4437830930453497,1.3237113962040006
67.0,290.0,129.88369750976562,-0.0379767604336877,2.680744641094622,-4.114477853527157,-3.6801701846835897,-1.924400799866619,1.3404674448137248,-0.0999418297218291,3.9646977554076215,-0.4444012423801128,1.3236911002911962
67.0,290.0,129.88369750976562,-0.0390478143195861,2.682337844354252,-4.115926773235828,-3.6795526101329856,-1.924688573970111,1.3412594732204302,-0.0998160293303123,3.963891675060848,-0.4428856325751028,1.3240663398786898
67.0,290.0,129.88369750976562,-0.0383148729229902,2.6832796999404445,-4.116294179060572,-3.6793979513078847,-1.9250865185851764,1.340689295518906,-0.0983386555168854,3.963023765613142,-0.4436402091529069,1.323783064095721
67.0,290.0,129.88369750976562,-0.0379627504806742,2.6821752792535305,-4.115112653936806,-3.679108163981376,-1.9271989799946387,1.3404670547282131,-0.0989285936155462,3.963762776092248,-0.4436037889685726,1.3234545198064809
67.0,290.0,129.88369750976562,-0.0392187524807247,2.683054261908589,-4.114922136147859,-3.6795777604845856,-1.925288325593142,1.3412020927009516,-0.0999221139832497,3.9638507441902,-0.4441360716815598,1.3240769948011513
67.0,290.0,129.88369750976562,-0.0383849644671473,2.6829565493324656,-4.1152425670406885,-3.679085536259625,-1.9245625020625792,1.3398362901102925,-0.0989136901687004,3.964908554644228,-0.4445902552466633,1.3237140521602766
67.0,290.0,129.88369750976562,-0.0381150873514049,2.682542042709517,-4.114430642239843,-3.678878579382245,-1.9244999050184943,1.3406975087022637,-0.0999938618507068,3.963198803446204,-0.4438787615061223,1.3237429493033557
67.0,290.0,129.88369750976562,-0.0356061132564945,2.682682236611596,-4.114853691872366,-3.679371797552783,-1.926117401442866,1.3402494852328133,-0.0995158924403936,3.963593572879813,-0.4432809198229624,1.3217267572875264
67.0,290.0,129.88369750976562,-0.0370319986549597,2.682141311654721,-4.11568919640137,-3.679601765843594,-1.9250876999733395,1.3398228311447469,-0.1004837490685165,3.964237534852891,-0.442657322459007,1.323574800022745
67.0,290.0,129.88369750976562,-0.0370807272260081,2.68264859514898,-4.115168223632826,-3.678252415128613,-1.9239598296335736,1.3405486072531194,-0.098422161926668,3.964345449074509,-0.4430919035377933,1.32368118639016
67.0,290.0,129.88369750976562,-0.0371588517049898,2.6805734538012,-4.114829362922763,-3.680286246949066,-1.92656536943232,1.339947151786356,-0.0988547495593402,3.9637048782995135,-0.4439045648392518,1.323849355521426
67.0,290.0,129.88369750976562,-0.0375504977495809,2.682280533818246,-4.115233018272244,-3.679761393898062,-1.925012808213688,1.3408448440508045,-0.0991535257406458,3.963799535448471,-0.4426996479812786,1.32341862225405
67.0,290.0,129.88369750976562,-0.0364782580288229,2.6818429670123987,-4.11474322378592,-3.679358600708835,-1.9243445464444973,1.3403015173573354,-0.09960695951543,3.965946662438152,-0.4428471831983755,1.3238509640840692
67.0,290.0,129.88369750976562,-0.0375050067521598,2.682394795215691,-4.114718372567042,-3.678092981168621,-1.9258440914610253,1.3400083563894525,-0.099182553119151,3.966016159885976,-0.4438312502809411,1.3218137438897066
67.0,290.0,129.88369750976562,-0.0385790505121479,2.6829151465589978,-4.114800802167872,-3.680258446862143,-1.924409893497719,1.340273682270729,-0.0988903953142273,3.964274155720028,-0.443693939368691,1.324358976709781
67.0,290.0,129.88369750976562,-0.0373377203114786,2.682486630971601,-4.114913017838977,-3.6783634873448783,-1.9265970819780125,1.3403155553342478,-0.099168483249192,3.963433477689972,-0.4450287501643289,1.3241048847555466
67.0,290.0,129.88369750976562,-0.0379180192985064,2.682247815866732,-4.11618169808676,-3.678672127199636,-1.9243215382018104,1.341224665253827,-0.0999942253138913,3.964944788080395,-0.4445476548029366,1.3237704141458422
67.0,290.0,129.88369750976562,-0.0379024272348933,2.681548237319513,-4.1147750510204935,-3.679808883893499,-1.9248620463978097,1.3398379650494014,-0.0992112748296654,3.963017815678836,-0.4424179299426491,1.3233375186841294
67.0,290.0,129.88369750976562,-0.0386119900478477,2.682502921158186,-4.115330536104988,-3.67922120648243,-1.924454899099244,1.3398214621333258,-0.0993185791376466,3.963886887649888,-0.4432911272000954,1.323338099550023
67.0,290.0,129.88369750976562,-0.0382477403859779,2.68273101332882,-4.115921932644253,-3.677978964649831,-1.924749009834854,1.3417441945558162,-0.0989616560098664,3.9650317801400976,-0.4436610931860999,1.3237025486479133
67.0,290.0,129.88369750976562,-0.0368336824364338,2.6826832487827823,-4.114591204394081,-3.678575812548972,-1.925641460409574,1.3405690717413157,-0.0993023327242637,3.963040004737601,-0.4453726377459595,1.3228519700821009
67.0,290.0,129.88369750976562,-0.0368682580867013,2.6829220535883818,-4.115330151241876,-3.6800847775118006,-1.924143475813016,1.3403634962947215,-0.0977891263415146,3.964305456688996,-0.4434524361281761,1.323232495747224
67.0,290.0,129.88369750976562,-0.0385555590400413,2.682332051900679,-4.11561887003485,-3.678886500882304,-1.9246899936591084,1.339812599810698,-0.0990985889591814,3.964719517917539,-0.4435134565679196,1.3239478618172835
67.0,290.0,129.88369750976562,-0.0362685215543273,2.6824785535414897,-4.115228802300194,-3.679666890710486,-1.924817154336768,1.3397913112986377,-0.0984104785689082,3.965220519508229,-0.4431274438343454,1.3229101875008091
67.0,290.0,129.88369750976562,-0.0375539125029723,2.683178260371717,-4.114369649219112,-3.679430716965344,-1.9246000535494767,1.3402022966892828,-0.0991060381317665,3.964045450719317,-0.4435850165156397,1.3232991003993002
67.0,290.0,129.88369750976562,-0.0373747018816963,2.6827891322424366,-4.115831560265851,-3.678720605069845,-1.925137080380172,1.3403258327157284,-0.0988966046907536,3.963632318963182,-0.4426579316869733,1.3218509770686553
67.0,290.0,129.88369750976562,-0.0370591034729298,2.6826218239917727,-4.115266560061377,-3.679595996907135,-1.926209819046368,1.3414009745971895,-0.0987779561750726,3.964208636924238,-0.4451036432456676,1.3236569489549574
67.0,290.0,129.88369750976562,-0.0391015901040685,2.6832066369908216,-4.11469770047713,-3.680059309122311,-1.9260168474946973,1.3411719572718803,-0.0990887163406583,3.963894911594921,-0.4433537251091182,1.3222977704533132
67.0,290.0,129.88369750976562,-0.0371238674580442,2.6828863163114574,-4.116450644235016,-3.678852193219088,-1.9245006772364748,1.340853961483298,-0.1003745299408251,3.96483297132265,-0.4438758320633198,1.32253467512871
67.0,290.0,129.88369750976562,-0.0387529514039979,2.682332987600346,-4.114907536737543,-3.6795098013530296,-1.9263257462158496,1.3407473142017434,-0.0999818312495976,3.964815872089346,-0.4437279455012012,1.3221885533632094
67.0,290.0,129.88369750976562,-0.0385026246801999,2.681902136710416,-4.116577281202409,-3.680540846948508,-1.92433206385908,1.3402460540770993,-0.099126385258616,3.9633692913641982,-0.4437405342625667,1.3232985721522927
67.0,291.0,129.88369750976562,-0.0372763731490363,2.6826167704504225,-4.114823442455658,-3.6783468022659607,-1.9261520268860424,1.3403612303406105,-0.0998002543669788,3.963755631935773,-0.4432836224847902,1.323920551784124
67.0,291.0,129.88369750976562,-0.0386144815276365,2.682602177420531,-4.114692785083619,-3.6782825809630206,-1.925857278402108,1.3408475275948784,-0.0997619686173913,3.964034353113425,-0.4420803106852294,1.323383683790692
67.0,291.0,129.88369750976562,-0.0384255196221009,2.6828457518910365,-4.115229419906435,-3.678280070499364,-1.9241863635424368,1.340197132733122,-0.0989346872452995,3.965045366748188,-0.4436973324717846,1.3237061726352286
67.0,291.0,129.88369750976562,-0.0374477628801099,2.682657028303648,-4.114838900894199,-3.678870043592088,-1.9251837276112644,1.3405201841317955,-0.0987901150784344,3.964675583138253,-0.4423633760043502,1.3238448057713843
67.0,291.0,129.88369750976562,-0.0382635524696136,2.682419967614642,-4.114786126384205,-3.679311634560755,-1.925978686292598,1.3411333845684037,-0.0987597980305496,3.9641414728433215,-0.4424791061193618,1.320928414315454
67.0,291.0,129.88369750976562,-0.0384394284723971,2.682975909148543,-4.114785849651962,-3.679239009035948,-1.9244454601702328,1.3399968271028857,-0.0992974966139006,3.9634126109169294,-0.4438348749963561,1.323728487499586
67.0,291.0,129.88369750976562,-0.0375151009923383,2.6815405326175563,-4.11492126820321,-3.678696413336605,-1.9248538354858755,1.3399425126041962,-0.0987835979778907,3.963714046279793,-0.4446811609730565,1.323395357397754
67.0,291.0,129.88369750976562,-0.0377454066103169,2.6825043046280004,-4.114788089707397,-3.679652743106941,-1.9244710726958925,1.340134709603629,-0.1004671214614538,3.9636188560680137,-0.4424447477359667,1.3231665976907154
67.0,291.0,129.88369750976562,-0.0364954623203145,2.682236998039043,-4.1151194879360045,-3.678349310488348,-1.9266135679514724,1.3402469514634694,-0.0997973225445006,3.96391029317396,-0.4446940722613329,1.3226826898546231
67.0,291.0,129.88369750976562,-0.0383554438796345,2.6837078456050074,-4.1148397309375175,-3.6796427651577615,-1.925935618093105,1.3413987342605571,-0.0995517511654577,3.963735392106942,-0.4447510661004394,1.3223569690262462
67.0,291.0,129.88369750976562,-0.0374471514184957,2.6830290313127803,-4.114093649499316,-3.679834210451842,-1.924097479454128,1.3403730799535918,-0.0989693227775162,3.9646815998637,-0.4441470635204132,1.3235251103658887
67.0,291.0,129.88369750976562,-0.0382710782515905,2.682893249029939,-4.115279657961465,-3.6792257495786993,-1.924598940320268,1.340114582927606,-0.0982937747407807,3.963413311773425,-0.4438361054294831,1.3238186492275428
67.0,291.0,129.88369750976562,-0.0386767940782647,2.6825724445294745,-4.114978013222114,-3.6803825219341575,-1.925471672712967,1.340026883894302,-0.1000383970307691,3.965015974768844,-0.4424138905121658,1.3231790020943524
67.0,291.0,129.88369750976562,-0.0386743878574695,2.682514171969066,-4.114506661615946,-3.679438333994672,-1.9243521442453364,1.339783745789752,-0.0992489063510318,3.963839175972056,-0.4434921678817331,1.3240327725928551
67.0,291.0,129.88369750976562,-0.0378622370720957,2.681968301780857,-4.11483420834631,-3.6800866107675727,-1.924030423868726,1.3402908182460136,-0.0994770964367983,3.9636342318458793,-0.4433138246954711,1.324016149664466
67.0,291.0,129.88369750976562,-0.038409736125438,2.683223324443615,-4.114847609240932,-3.679415568245977,-1.9254956460903945,1.339956890140793,-0.0993767820110977,3.96545346379171,-0.4440833734044859,1.3235641918682983
67.0,291.0,129.88369750976562,-0.0365283721779428,2.6821798842695697,-4.11603441881068,-3.679486054107372,-1.9251379515389608,1.3405617104052885,-0.1002226474128503,3.96390962240616,-0.4420402715724512,1.3236767237550735
67.0,291.0,129.88369750976562,-0.0364397398083592,2.6825071178585005,-4.115088219917484,-3.67970139592296,-1.9261702671341336,1.340268587447146,-0.1007867068112726,3.963668351548983,-0.4431968561648036,1.323600593218882
67.0,291.0,129.88369750976562,-0.0383216637770437,2.6825741157856324,-4.114967170153109,-3.6780063208760607,-1.924454085840296,1.3404595116488414,-0.099584917212826,3.9638032536282113,-0.4437830930453497,1.3237113962040006
67.0,291.0,129.88369750976562,-0.0379767604336877,2.680744641094622,-4.114477853527157,-3.6801701846835897,-1.924400799866619,1.3404674448137248,-0.0999418297218291,3.9646977554076215,-0.4444012423801128,1.3236911002911962
67.0,291.0,129.88369750976562,-0.0390478143195861,2.682337844354252,-4.115926773235828,-3.6795526101329856,-1.924688573970111,1.3412594732204302,-0.0998160293303123,3.963891675060848,-0.4428856325751028,1.3240663398786898
67.0,291.0,129.88369750976562,-0.0383148729229902,2.6832796999404445,-4.116294179060572,-3.6793979513078847,-1.9250865185851764,1.340689295518906,-0.0983386555168854,3.963023765613142,-0.4436402091529069,1.323783064095721
67.0,291.0,129.88369750976562,-0.0379627504806742,2.6821752792535305,-4.115112653936806,-3.679108163981376,-1.9271989799946387,1.3404670547282131,-0.0989285936155462,3.963762776092248,-0.4436037889685726,1.3234545198064809
67.0,291.0,129.88369750976562,-0.0392187524807247,2.683054261908589,-4.114922136147859,-3.6795777604845856,-1.925288325593142,1.3412020927009516,-0.0999221139832497,3.9638507441902,-0.4441360716815598,1.3240769948011513
67.0,291.0,129.88369750976562,-0.0383849644671473,2.6829565493324656,-4.1152425670406885,-3.679085536259625,-1.9245625020625792,1.3398362901102925,-0.0989136901687004,3.964908554644228,-0.4445902552466633,1.3237140521602766
67.0,291.0,129.88369750976562,-0.0381150873514049,2.682542042709517,-4.114430642239843,-3.678878579382245,-1.9244999050184943,1.3406975087022637,-0.0999938618507068,3.963198803446204,-0.4438787615061223,1.3237429493033557
67.0,291.0,129.88369750976562,-0.0356061132564945,2.682682236611596,-4.114853691872366,-3.679371797552783,-1.926117401442866,1.3402494852328133,-0.0995158924403936,3.963593572879813,-0.4432809198229624,1.3217267572875264
67.0,291.0,129.88369750976562,-0.0370319986549597,2.682141311654721,-4.11568919640137,-3.679601765843594,-1.9250876999733395,1.3398228311447469,-0.1004837490685165,3.964237534852891,-0.442657322459007,1.323574800022745
67.0,291.0,129.88369750976562,-0.0370807272260081,2.68264859514898,-4.115168223632826,-3.678252415128613,-1.9239598296335736,1.3405486072531194,-0.098422161926668,3.964345449074509,-0.4430919035377933,1.32368118639016
67.0,291.0,129.88369750976562,-0.0371588517049898,2.6805734538012,-4.114829362922763,-3.680286246949066,-1.92656536943232,1.339947151786356,-0.0988547495593402,3.9637048782995135,-0.4439045648392518,1.323849355521426
67.0,291.0,129.88369750976562,-0.0375504977495809,2.682280533818246,-4.115233018272244,-3.679761393898062,-1.925012808213688,1.3408448440508045,-0.0991535257406458,3.963799535448471,-0.4426996479812786,1.32341862225405
67.0,291.0,129.88369750976562,-0.0364782580288229,2.6818429670123987,-4.11474322378592,-3.679358600708835,-1.9243445464444973,1.3403015173573354,-0.09960695951543,3.965946662438152,-0.4428471831983755,1.3238509640840692
67.0,291.0,129.88369750976562,-0.0375050067521598,2.682394795215691,-4.114718372567042,-3.678092981168621,-1.9258440914610253,1.3400083563894525,-0.099182553119151,3.966016159885976,-0.4438312502809411,1.3218137438897066
67.0,291.0,129.88369750976562,-0.0385790505121479,2.6829151465589978,-4.114800802167872,-3.680258446862143,-1.924409893497719,1.340273682270729,-0.0988903953142273,3.964274155720028,-0.443693939368691,1.324358976709781
67.0,291.0,129.88369750976562,-0.0373377203114786,2.682486630971601,-4.114913017838977,-3.6783634873448783,-1.9265970819780125,1.3403155553342478,-0.099168483249192,3.963433477689972,-0.4450287501643289,1.3241048847555466
67.0,291.0,129.88369750976562,-0.0379180192985064,2.682247815866732,-4.11618169808676,-3.678672127199636,-1.9243215382018104,1.341224665253827,-0.0999942253138913,3.964944788080395,-0.4445476548029366,1.3237704141458422
67.0,291.0,129.88369750976562,-0.0379024272348933,2.681548237319513,-4.1147750510204935,-3.679808883893499,-1.9248620463978097,1.3398379650494014,-0.0992112748296654,3.963017815678836,-0.4424179299426491,1.3233375186841294
67.0,291.0,129.88369750976562,-0.0386119900478477,2.682502921158186,-4.115330536104988,-3.67922120648243,-1.924454899099244,1.3398214621333258,-0.0993185791376466,3.963886887649888,-0.4432911272000954,1.323338099550023
67.0,291.0,129.88369750976562,-0.0382477403859779,2.68273101332882,-4.115921932644253,-3.677978964649831,-1.924749009834854,1.3417441945558162,-0.0989616560098664,3.9650317801400976,-0.4436610931860999,1.3237025486479133
67.0,291.0,129.88369750976562,-0.0368336824364338,2.6826832487827823,-4.114591204394081,-3.678575812548972,-1.925641460409574,1.3405690717413157,-0.0993023327242637,3.963040004737601,-0.4453726377459595,1.3228519700821009
67.0,291.0,129.88369750976562,-0.0368682580867013,2.6829220535883818,-4.115330151241876,-3.6800847775118006,-1.924143475813016,1.3403634962947215,-0.0977891263415146,3.964305456688996,-0.4434524361281761,1.323232495747224
67.0,291.0,129.88369750976562,-0.0385555590400413,2.682332051900679,-4.11561887003485,-3.678886500882304,-1.9246899936591084,1.339812599810698,-0.0990985889591814,3.964719517917539,-0.4435134565679196,1.3239478618172835
67.0,291.0,129.88369750976562,-0.0362685215543273,2.6824785535414897,-4.115228802300194,-3.679666890710486,-1.924817154336768,1.3397913112986377,-0.0984104785689082,3.965220519508229,-0.4431274438343454,1.3229101875008091
67.0,291.0,129.88369750976562,-0.0375539125029723,2.683178260371717,-4.114369649219112,-3.679430716965344,-1.9246000535494767,1.3402022966892828,-0.0991060381317665,3.964045450719317,-0.4435850165156397,1.3232991003993002
67.0,291.0,129.88369750976562,-0.0373747018816963,2.6827891322424366,-4.115831560265851,-3.678720605069845,-1.925137080380172,1.3403258327157284,-0.0988966046907536,3.963632318963182,-0.4426579316869733,1.3218509770686553
67.0,291.0,129.88369750976562,-0.0370591034729298,2.6826218239917727,-4.115266560061377,-3.679595996907135,-1.926209819046368,1.3414009745971895,-0.0987779561750726,3.964208636924238,-0.4451036432456676,1.3236569489549574
67.0,291.0,129.88369750976562,-0.0391015901040685,2.6832066369908216,-4.11469770047713,-3.680059309122311,-1.9260168474946973,1.3411719572718803,-0.0990887163406583,3.963894911594921,-0.4433537251091182,1.3222977704533132
67.0,291.0,129.88369750976562,-0.0371238674580442,2.6828863163114574,-4.116450644235016,-3.678852193219088,-1.9245006772364748,1.340853961483298,-0.1003745299408251,3.96483297132265,-0.4438758320633198,1.32253467512871
67.0,291.0,129.88369750976562,-0.0387529514039979,2.682332987600346,-4.114907536737543,-3.6795098013530296,-1.9263257462158496,1.3407473142017434,-0.0999818312495976,3.964815872089346,-0.4437279455012012,1.3221885533632094
67.0,291.0,129.88369750976562,-0.0385026246801999,2.681902136710416,-4.116577281202409,-3.680540846948508,-1.92433206385908,1.3402460540770993,-0.099126385258616,3.9633692913641982,-0.4437405342625667,1.3232985721522927
67.0,292.0,129.88369750976562,-0.0372763731490363,2.6826167704504225,-4.114823442455658,-3.6783468022659607,-1.9261520268860424,1.3403612303406105,-0.0998002543669788,3.963755631935773,-0.4432836224847902,1.323920551784124
67.0,292.0,129.88369750976562,-0.0386144815276365,2.682602177420531,-4.114692785083619,-3.6782825809630206,-1.925857278402108,1.3408475275948784,-0.0997619686173913,3.964034353113425,-0.4420803106852294,1.323383683790692
67.0,292.0,129.88369750976562,-0.0384255196221009,2.6828457518910365,-4.115229419906435,-3.678280070499364,-1.9241863635424368,1.340197132733122,-0.0989346872452995,3.965045366748188,-0.4436973324717846,1.3237061726352286
67.0,292.0,129.88369750976562,-0.0374477628801099,2.682657028303648,-4.114838900894199,-3.678870043592088,-1.9251837276112644,1.3405201841317955,-0.0987901150784344,3.964675583138253,-0.4423633760043502,1.3238448057713843
67.0,292.0,129.88369750976562,-0.0382635524696136,2.682419967614642,-4.114786126384205,-3.679311634560755,-1.925978686292598,1.3411333845684037,-0.0987597980305496,3.9641414728433215,-0.4424791061193618,1.320928414315454
67.0,292.0,129.88369750976562,-0.0384394284723971,2.682975909148543,-4.114785849651962,-3.679239009035948,-1.9244454601702328,1.3399968271028857,-0.0992974966139006,3.9634126109169294,-0.4438348749963561,1.323728487499586
67.0,292.0,129.88369750976562,-0.0375151009923383,2.6815405326175563,-4.11492126820321,-3.678696413336605,-1.9248538354858755,1.3399425126041962,-0.0987835979778907,3.963714046279793,-0.4446811609730565,1.323395357397754
67.0,292.0,129.88369750976562,-0.0377454066103169,2.6825043046280004,-4.114788089707397,-3.679652743106941,-1.9244710726958925,1.340134709603629,-0.1004671214614538,3.9636188560680137,-0.4424447477359667,1.3231665976907154
67.0,292.0,129.88369750976562,-0.0364954623203145,2.682236998039043,-4.1151194879360045,-3.678349310488348,-1.9266135679514724,1.3402469514634694,-0.0997973225445006,3.96391029317396,-0.4446940722613329,1.3226826898546231
67.0,292.0,129.88369750976562,-0.0383554438796345,2.6837078456050074,-4.1148397309375175,-3.6796427651577615,-1.925935618093105,1.3413987342605571,-0.0995517511654577,3.963735392106942,-0.4447510661004394,1.3223569690262462
67.0,292.0,129.88369750976562,-0.0374471514184957,2.6830290313127803,-4.114093649499316,-3.679834210451842,-1.924097479454128,1.3403730799535918,-0.0989693227775162,3.9646815998637,-0.4441470635204132,1.3235251103658887
67.0,292.0,129.88369750976562,-0.0382710782515905,2.682893249029939,-4.115279657961465,-3.6792257495786993,-1.924598940320268,1.340114582927606,-0.0982937747407807,3.963413311773425,-0.4438361054294831,1.3238186492275428
67.0,292.0,129.88369750976562,-0.0386767940782647,2.6825724445294745,-4.114978013222114,-3.6803825219341575,-1.925471672712967,1.340026883894302,-0.1000383970307691,3.965015974768844,-0.4424138905121658,1.3231790020943524
67.0,292.0,129.88369750976562,-0.0386743878574695,2.682514171969066,-4.114506661615946,-3.679438333994672,-1.9243521442453364,1.339783745789752,-0.0992489063510318,3.963839175972056,-0.4434921678817331,1.3240327725928551
67.0,292.0,129.88369750976562,-0.0378622370720957,2.681968301780857,-4.11483420834631,-3.6800866107675727,-1.924030423868726,1.3402908182460136,-0.0994770964367983,3.9636342318458793,-0.4433138246954711,1.324016149664466
67.0,292.0,129.88369750976562,-0.038409736125438,2.683223324443615,-4.114847609240932,-3.679415568245977,-1.9254956460903945,1.339956890140793,-0.0993767820110977,3.96545346379171,-0.4440833734044859,1.3235641918682983
67.0,292.0,129.88369750976562,-0.0365283721779428,2.6821798842695697,-4.11603441881068,-3.679486054107372,-1.9251379515389608,1.3405617104052885,-0.1002226474128503,3.96390962240616,-0.4420402715724512,1.3236767237550735
67.0,292.0,129.88369750976562,-0.0364397398083592,2.6825071178585005,-4.115088219917484,-3.67970139592296,-1.9261702671341336,1.340268587447146,-0.1007867068112726,3.963668351548983,-0.4431968561648036,1.323600593218882
67.0,292.0,129.88369750976562,-0.0383216637770437,2.6825741157856324,-4.114967170153109,-3.6780063208760607,-1.924454085840296,1.3404595116488414,-0.099584917212826,3.9638032536282113,-0.4437830930453497,1.3237113962040006
67.0,292.0,129.88369750976562,-0.0379767604336877,2.680744641094622,-4.114477853527157,-3.6801701846835897,-1.924400799866619,1.3404674448137248,-0.0999418297218291,3.9646977554076215,-0.4444012423801128,1.3236911002911962
67.0,292.0,129.88369750976562,-0.0390478143195861,2.682337844354252,-4.115926773235828,-3.6795526101329856,-1.924688573970111,1.3412594732204302,-0.0998160293303123,3.963891675060848,-0.4428856325751028,1.3240663398786898
67.0,292.0,129.88369750976562,-0.0383148729229902,2.6832796999404445,-4.116294179060572,-3.6793979513078847,-1.9250865185851764,1.340689295518906,-0.0983386555168854,3.963023765613142,-0.4436402091529069,1.323783064095721
67.0,292.0,129.88369750976562,-0.0379627504806742,2.6821752792535305,-4.115112653936806,-3.679108163981376,-1.9271989799946387,1.3404670547282131,-0.0989285936155462,3.963762776092248,-0.4436037889685726,1.3234545198064809
67.0,292.0,129.88369750976562,-0.0392187524807247,2.683054261908589,-4.114922136147859,-3.6795777604845856,-1.925288325593142,1.3412020927009516,-0.0999221139832497,3.9638507441902,-0.4441360716815598,1.3240769948011513
67.0,292.0,129.88369750976562,-0.0383849644671473,2.6829565493324656,-4.1152425670406885,-3.679085536259625,-1.9245625020625792,1.3398362901102925,-0.0989136901687004,3.964908554644228,-0.4445902552466633,1.3237140521602766
67.0,292.0,129.88369750976562,-0.0381150873514049,2.682542042709517,-4.114430642239843,-3.678878579382245,-1.9244999050184943,1.3406975087022637,-0.0999938618507068,3.963198803446204,-0.4438787615061223,1.3237429493033557
67.0,292.0,129.88369750976562,-0.0356061132564945,2.682682236611596,-4.114853691872366,-3.679371797552783,-1.926117401442866,1.3402494852328133,-0.0995158924403936,3.963593572879813,-0.4432809198229624,1.3217267572875264
67.0,292.0,129.88369750976562,-0.0370319986549597,2.682141311654721,-4.11568919640137,-3.679601765843594,-1.9250876999733395,1.3398228311447469,-0.1004837490685165,3.964237534852891,-0.442657322459007,1.323574800022745
67.0,292.0,129.88369750976562,-0.0370807272260081,2.68264859514898,-4.115168223632826,-3.678252415128613,-1.9239598296335736,1.3405486072531194,-0.098422161926668,3.964345449074509,-0.4430919035377933,1.32368118639016
67.0,292.0,129.88369750976562,-0.0371588517049898,2.6805734538012,-4.114829362922763,-3.680286246949066,-1.92656536943232,1.339947151786356,-0.0988547495593402,3.9637048782995135,-0.4439045648392518,1.323849355521426
67.0,292.0,129.88369750976562,-0.0375504977495809,2.682280533818246,-4.115233018272244,-3.679761393898062,-1.925012808213688,1.3408448440508045,-0.0991535257406458,3.963799535448471,-0.4426996479812786,1.32341862225405
67.0,292.0,129.88369750976562,-0.0364782580288229,2.6818429670123987,-4.11474322378592,-3.679358600708835,-1.9243445464444973,1.3403015173573354,-0.09960695951543,3.965946662438152,-0.4428471831983755,1.3238509640840692
67.0,292.0,129.88369750976562,-0.0375050067521598,2.682394795215691,-4.114718372567042,-3.678092981168621,-1.9258440914610253,1.3400083563894525,-0.099182553119151,3.966016159885976,-0.4438312502809411,1.3218137438897066
67.0,292.0,129.88369750976562,-0.0385790505121479,2.6829151465589978,-4.114800802167872,-3.680258446862143,-1.924409893497719,1.340273682270729,-0.0988903953142273,3.964274155720028,-0.443693939368691,1.324358976709781
67.0,292.0,129.88369750976562,-0.0373377203114786,2.682486630971601,-4.114913017838977,-3.6783634873448783,-1.9265970819780125,1.3403155553342478,-0.099168483249192,3.963433477689972,-0.4450287501643289,1.3241048847555466
67.0,292.0,129.88369750976562,-0.0379180192985064,2.682247815866732,-4.11618169808676,-3.678672127199636,-1.9243215382018104,1.341224665253827,-0.0999942253138913,3.964944788080395,-0.4445476548029366,1.3237704141458422
67.0,292.0,129.88369750976562,-0.0379024272348933,2.681548237319513,-4.1147750510204935,-3.679808883893499,-1.9248620463978097,1.3398379650494014,-0.0992112748296654,3.963017815678836,-0.4424179299426491,1.3233375186841294
67.0,292.0,129.88369750976562,-0.0386119900478477,2.682502921158186,-4.115330536104988,-3.67922120648243,-1.924454899099244,1.3398214621333258,-0.0993185791376466,3.963886887649888,-0.4432911272000954,1.323338099550023
67.0,292.0,129.88369750976562,-0.0382477403859779,2.68273101332882,-4.115921932644253,-3.677978964649831,-1.924749009834854,1.3417441945558162,-0.0989616560098664,3.9650317801400976,-0.4436610931860999,1.3237025486479133
67.0,292.0,129.88369750976562,-0.0368336824364338,2.6826832487827823,-4.114591204394081,-3.678575812548972,-1.925641460409574,1.3405690717413157,-0.0993023327242637,3.963040004737601,-0.4453726377459595,1.3228519700821009
67.0,292.0,129.88369750976562,-0.0368682580867013,2.6829220535883818,-4.115330151241876,-3.6800847775118006,-1.924143475813016,1.3403634962947215,-0.0977891263415146,3.964305456688996,-0.4434524361281761,1.323232495747224
67.0,292.0,129.88369750976562,-0.0385555590400413,2.682332051900679,-4.11561887003485,-3.678886500882304,-1.9246899936591084,1.339812599810698,-0.0990985889591814,3.964719517917539,-0.4435134565679196,1.3239478618172835
67.0,292.0,129.88369750976562,-0.0362685215543273,2.6824785535414897,-4.115228802300194,-3.679666890710486,-1.924817154336768,1.3397913112986377,-0.0984104785689082,3.965220519508229,-0.4431274438343454,1.3229101875008091
67.0,292.0,129.88369750976562,-0.0375539125029723,2.683178260371717,-4.114369649219112,-3.679430716965344,-1.9246000535494767,1.3402022966892828,-0.0991060381317665,3.964045450719317,-0.4435850165156397,1.3232991003993002
67.0,292.0,129.88369750976562,-0.0373747018816963,2.6827891322424366,-4.115831560265851,-3.678720605069845,-1.925137080380172,1.3403258327157284,-0.0988966046907536,3.963632318963182,-0.4426579316869733,1.3218509770686553
67.0,292.0,129.88369750976562,-0.0370591034729298,2.6826218239917727,-4.115266560061377,-3.679595996907135,-1.926209819046368,1.3414009745971895,-0.0987779561750726,3.964208636924238,-0.4451036432456676,1.3236569489549574
67.0,292.0,129.88369750976562,-0.0391015901040685,2.6832066369908216,-4.11469770047713,-3.680059309122311,-1.9260168474946973,1.3411719572718803,-0.0990887163406583,3.963894911594921,-0.4433537251091182,1.3222977704533132
67.0,292.0,129.88369750976562,-0.0371238674580442,2.6828863163114574,-4.116450644235016,-3.678852193219088,-1.9245006772364748,1.340853961483298,-0.1003745299408251,3.96483297132265,-0.4438758320633198,1.32253467512871
67.0,292.0,129.88369750976562,-0.0387529514039979,2.682332987600346,-4.114907536737543,-3.6795098013530296,-1.9263257462158496,1.3407473142017434,-0.0999818312495976,3.964815872089346,-0.4437279455012012,1.3221885533632094
67.0,292.0,129.88369750976562,-0.0385026246801999,2.681902136710416,-4.116577281202409,-3.680540846948508,-1.92433206385908,1.3402460540770993,-0.099126385258616,3.9633692913641982,-0.4437405342625667,1.3232985721522927
67.0,293.0,129.88369750976562,-0.0372763731490363,2.6826167704504225,-4.114823442455658,-3.6783468022659607,-1.9261520268860424,1.3403612303406105,-0.0998002543669788,3.963755631935773,-0.4432836224847902,1.323920551784124
67.0,293.0,129.88369750976562,-0.0386144815276365,2.682602177420531,-4.114692785083619,-3.6782825809630206,-1.925857278402108,1.3408475275948784,-0.0997619686173913,3.964034353113425,-0.4420803106852294,1.323383683790692
67.0,293.0,129.88369750976562,-0.0384255196221009,2.6828457518910365,-4.115229419906435,-3.678280070499364,-1.9241863635424368,1.340197132733122,-0.0989346872452995,3.965045366748188,-0.4436973324717846,1.3237061726352286
67.0,293.0,129.88369750976562,-0.0374477628801099,2.682657028303648,-4.114838900894199,-3.678870043592088,-1.9251837276112644,1.3405201841317955,-0.0987901150784344,3.964675583138253,-0.4423633760043502,1.3238448057713843
67.0,293.0,129.88369750976562,-0.0382635524696136,2.682419967614642,-4.114786126384205,-3.679311634560755,-1.925978686292598,1.3411333845684037,-0.0987597980305496,3.9641414728433215,-0.4424791061193618,1.320928414315454
67.0,293.0,129.88369750976562,-0.0384394284723971,2.682975909148543,-4.114785849651962,-3.679239009035948,-1.9244454601702328,1.3399968271028857,-0.0992974966139006,3.9634126109169294,-0.4438348749963561,1.323728487499586
67.0,293.0,129.88369750976562,-0.0375151009923383,2.6815405326175563,-4.11492126820321,-3.678696413336605,-1.9248538354858755,1.3399425126041962,-0.0987835979778907,3.963714046279793,-0.4446811609730565,1.323395357397754
67.0,293.0,129.88369750976562,-0.0377454066103169,2.6825043046280004,-4.114788089707397,-3.679652743106941,-1.9244710726958925,1.340134709603629,-0.1004671214614538,3.9636188560680137,-0.4424447477359667,1.3231665976907154
67.0,293.0,129.88369750976562,-0.0364954623203145,2.682236998039043,-4.1151194879360045,-3.678349310488348,-1.9266135679514724,1.3402469514634694,-0.0997973225445006,3.96391029317396,-0.4446940722613329,1.3226826898546231
67.0,293.0,129.88369750976562,-0.0383554438796345,2.6837078456050074,-4.1148397309375175,-3.6796427651577615,-1.925935618093105,1.3413987342605571,-0.0995517511654577,3.963735392106942,-0.4447510661004394,1.3223569690262462
67.0,293.0,129.88369750976562,-0.0374471514184957,2.6830290313127803,-4.114093649499316,-3.679834210451842,-1.924097479454128,1.3403730799535918,-0.0989693227775162,3.9646815998637,-0.4441470635204132,1.3235251103658887
67.0,293.0,129.88369750976562,-0.0382710782515905,2.682893249029939,-4.115279657961465,-3.6792257495786993,-1.924598940320268,1.340114582927606,-0.0982937747407807,3.963413311773425,-0.4438361054294831,1.3238186492275428
67.0,293.0,129.88369750976562,-0.0386767940782647,2.6825724445294745,-4.114978013222114,-3.6803825219341575,-1.925471672712967,1.340026883894302,-0.1000383970307691,3.965015974768844,-0.4424138905121658,1.3231790020943524
67.0,293.0,129.88369750976562,-0.0386743878574695,2.682514171969066,-4.114506661615946,-3.679438333994672,-1.9243521442453364,1.339783745789752,-0.0992489063510318,3.963839175972056,-0.4434921678817331,1.3240327725928551
67.0,293.0,129.88369750976562,-0.0378622370720957,2.681968301780857,-4.11483420834631,-3.6800866107675727,-1.924030423868726,1.3402908182460136,-0.0994770964367983,3.9636342318458793,-0.4433138246954711,1.324016149664466
67.0,293.0,129.88369750976562,-0.038409736125438,2.683223324443615,-4.114847609240932,-3.679415568245977,-1.9254956460903945,1.339956890140793,-0.0993767820110977,3.96545346379171,-0.4440833734044859,1.3235641918682983
67.0,293.0,129.88369750976562,-0.0365283721779428,2.6821798842695697,-4.11603441881068,-3.679486054107372,-1.9251379515389608,1.3405617104052885,-0.1002226474128503,3.96390962240616,-0.4420402715724512,1.3236767237550735
67.0,293.0,129.88369750976562,-0.0364397398083592,2.6825071178585005,-4.115088219917484,-3.67970139592296,-1.9261702671341336,1.340268587447146,-0.1007867068112726,3.963668351548983,-0.4431968561648036,1.323600593218882
67.0,293.0,129.88369750976562,-0.0383216637770437,2.6825741157856324,-4.114967170153109,-3.6780063208760607,-1.924454085840296,1.3404595116488414,-0.099584917212826,3.9638032536282113,-0.4437830930453497,1.3237113962040006
67.0,293.0,129.88369750976562,-0.0379767604336877,2.680744641094622,-4.114477853527157,-3.6801701846835897,-1.924400799866619,1.3404674448137248,-0.0999418297218291,3.9646977554076215,-0.4444012423801128,1.3236911002911962
67.0,293.0,129.88369750976562,-0.0390478143195861,2.682337844354252,-4.115926773235828,-3.6795526101329856,-1.924688573970111,1.3412594732204302,-0.0998160293303123,3.963891675060848,-0.4428856325751028,1.3240663398786898
67.0,293.0,129.88369750976562,-0.0383148729229902,2.6832796999404445,-4.116294179060572,-3.6793979513078847,-1.9250865185851764,1.340689295518906,-0.0983386555168854,3.963023765613142,-0.4436402091529069,1.323783064095721
67.0,293.0,129.88369750976562,-0.0379627504806742,2.6821752792535305,-4.115112653936806,-3.679108163981376,-1.9271989799946387,1.3404670547282131,-0.0989285936155462,3.963762776092248,-0.4436037889685726,1.3234545198064809
67.0,293.0,129.88369750976562,-0.0392187524807247,2.683054261908589,-4.114922136147859,-3.6795777604845856,-1.925288325593142,1.3412020927009516,-0.0999221139832497,3.9638507441902,-0.4441360716815598,1.3240769948011513
67.0,293.0,129.88369750976562,-0.0383849644671473,2.6829565493324656,-4.1152425670406885,-3.679085536259625,-1.9245625020625792,1.3398362901102925,-0.0989136901687004,3.964908554644228,-0.4445902552466633,1.3237140521602766
67.0,293.0,129.88369750976562,-0.0381150873514049,2.682542042709517,-4.114430642239843,-3.678878579382245,-1.9244999050184943,1.3406975087022637,-0.0999938618507068,3.963198803446204,-0.4438787615061223,1.3237429493033557
67.0,293.0,129.88369750976562,-0.0356061132564945,2.682682236611596,-4.114853691872366,-3.679371797552783,-1.926117401442866,1.3402494852328133,-0.0995158924403936,3.963593572879813,-0.4432809198229624,1.3217267572875264
67.0,293.0,129.88369750976562,-0.0370319986549597,2.682141311654721,-4.11568919640137,-3.679601765843594,-1.9250876999733395,1.3398228311447469,-0.1004837490685165,3.964237534852891,-0.442657322459007,1.323574800022745
67.0,293.0,129.88369750976562,-0.0370807272260081,2.68264859514898,-4.115168223632826,-3.678252415128613,-1.9239598296335736,1.3405486072531194,-0.098422161926668,3.964345449074509,-0.4430919035377933,1.32368118639016
67.0,293.0,129.88369750976562,-0.0371588517049898,2.6805734538012,-4.114829362922763,-3.680286246949066,-1.92656536943232,1.339947151786356,-0.0988547495593402,3.9637048782995135,-0.4439045648392518,1.323849355521426
67.0,293.0,129.88369750976562,-0.0375504977495809,2.682280533818246,-4.115233018272244,-3.679761393898062,-1.925012808213688,1.3408448440508045,-0.0991535257406458,3.963799535448471,-0.4426996479812786,1.32341862225405
67.0,293.0,129.88369750976562,-0.0364782580288229,2.6818429670123987,-4.11474322378592,-3.679358600708835,-1.9243445464444973,1.3403015173573354,-0.09960695951543,3.965946662438152,-0.4428471831983755,1.3238509640840692
67.0,293.0,129.88369750976562,-0.0375050067521598,2.682394795215691,-4.114718372567042,-3.678092981168621,-1.9258440914610253,1.3400083563894525,-0.099182553119151,3.966016159885976,-0.4438312502809411,1.3218137438897066
67.0,293.0,129.88369750976562,-0.0385790505121479,2.6829151465589978,-4.114800802167872,-3.680258446862143,-1.924409893497719,1.340273682270729,-0.0988903953142273,3.964274155720028,-0.443693939368691,1.324358976709781
67.0,293.0,129.88369750976562,-0.0373377203114786,2.682486630971601,-4.114913017838977,-3.6783634873448783,-1.9265970819780125,1.3403155553342478,-0.099168483249192,3.963433477689972,-0.4450287501643289,1.3241048847555466
67.0,293.0,129.88369750976562,-0.0379180192985064,2.682247815866732,-4.11618169808676,-3.678672127199636,-1.9243215382018104,1.341224665253827,-0.0999942253138913,3.964944788080395,-0.4445476548029366,1.3237704141458422
67.0,293.0,129.88369750976562,-0.0379024272348933,2.681548237319513,-4.1147750510204935,-3.679808883893499,-1.9248620463978097,1.3398379650494014,-0.0992112748296654,3.963017815678836,-0.4424179299426491,1.3233375186841294
67.0,293.0,129.88369750976562,-0.0386119900478477,2.682502921158186,-4.115330536104988,-3.67922120648243,-1.924454899099244,1.3398214621333258,-0.0993185791376466,3.963886887649888,-0.4432911272000954,1.323338099550023
67.0,293.0,129.88369750976562,-0.0382477403859779,2.68273101332882,-4.115921932644253,-3.677978964649831,-1.924749009834854,1.3417441945558162,-0.0989616560098664,3.9650317801400976,-0.4436610931860999,1.3237025486479133
67.0,293.0,129.88369750976562,-0.0368336824364338,2.6826832487827823,-4.114591204394081,-3.678575812548972,-1.925641460409574,1.3405690717413157,-0.0993023327242637,3.963040004737601,-0.4453726377459595,1.3228519700821009
67.0,293.0,129.88369750976562,-0.0368682580867013,2.6829220535883818,-4.115330151241876,-3.6800847775118006,-1.924143475813016,1.3403634962947215,-0.0977891263415146,3.964305456688996,-0.4434524361281761,1.323232495747224
67.0,293.0,129.88369750976562,-0.0385555590400413,2.682332051900679,-4.11561887003485,-3.678886500882304,-1.9246899936591084,1.339812599810698,-0.0990985889591814,3.964719517917539,-0.4435134565679196,1.3239478618172835
67.0,293.0,129.88369750976562,-0.0362685215543273,2.6824785535414897,-4.115228802300194,-3.679666890710486,-1.924817154336768,1.3397913112986377,-0.0984104785689082,3.965220519508229,-0.4431274438343454,1.3229101875008091
67.0,293.0,129.88369750976562,-0.0375539125029723,2.683178260371717,-4.114369649219112,-3.679430716965344,-1.9246000535494767,1.3402022966892828,-0.0991060381317665,3.964045450719317,-0.4435850165156397,1.3232991003993002
67.0,293.0,129.88369750976562,-0.0373747018816963,2.6827891322424366,-4.115831560265851,-3.678720605069845,-1.925137080380172,1.3403258327157284,-0.0988966046907536,3.963632318963182,-0.4426579316869733,1.3218509770686553
67.0,293.0,129.88369750976562,-0.0370591034729298,2.6826218239917727,-4.115266560061377,-3.679595996907135,-1.926209819046368,1.3414009745971895,-0.0987779561750726,3.964208636924238,-0.4451036432456676,1.3236569489549574
67.0,293.0,129.88369750976562,-0.0391015901040685,2.6832066369908216,-4.11469770047713,-3.680059309122311,-1.9260168474946973,1.3411719572718803,-0.0990887163406583,3.963894911594921,-0.4433537251091182,1.3222977704533132
67.0,293.0,129.88369750976562,-0.0371238674580442,2.6828863163114574,-4.116450644235016,-3.678852193219088,-1.9245006772364748,1.340853961483298,-0.1003745299408251,3.96483297132265,-0.4438758320633198,1.32253467512871
67.0,293.0,129.88369750976562,-0.0387529514039979,2.682332987600346,-4.114907536737543,-3.6795098013530296,-1.9263257462158496,1.3407473142017434,-0.0999818312495976,3.964815872089346,-0.4437279455012012,1.3221885533632094
67.0,293.0,129.88369750976562,-0.0385026246801999,2.681902136710416,-4.116577281202409,-3.680540846948508,-1.92433206385908,1.3402460540770993,-0.099126385258616,3.9633692913641982,-0.4437405342625667,1.3232985721522927
67.0,294.0,129.88369750976562,-0.0372763731490363,2.6826167704504225,-4.114823442455658,-3.6783468022659607,-1.9261520268860424,1.3403612303406105,-0.0998002543669788,3.963755631935773,-0.4432836224847902,1.323920551784124
67.0,294.0,129.88369750976562,-0.0386144815276365,2.682602177420531,-4.114692785083619,-3.6782825809630206,-1.925857278402108,1.3408475275948784,-0.0997619686173913,3.964034353113425,-0.4420803106852294,1.323383683790692
67.0,294.0,129.88369750976562,-0.0384255196221009,2.6828457518910365,-4.115229419906435,-3.678280070499364,-1.9241863635424368,1.340197132733122,-0.0989346872452995,3.965045366748188,-0.4436973324717846,1.3237061726352286
67.0,294.0,129.88369750976562,-0.0374477628801099,2.682657028303648,-4.114838900894199,-3.678870043592088,-1.9251837276112644,1.3405201841317955,-0.0987901150784344,3.964675583138253,-0.4423633760043502,1.3238448057713843
67.0,294.0,129.88369750976562,-0.0382635524696136,2.682419967614642,-4.114786126384205,-3.679311634560755,-1.925978686292598,1.3411333845684037,-0.0987597980305496,3.9641414728433215,-0.4424791061193618,1.320928414315454
67.0,294.0,129.88369750976562,-0.0384394284723971,2.682975909148543,-4.114785849651962,-3.679239009035948,-1.9244454601702328,1.3399968271028857,-0.0992974966139006,3.9634126109169294,-0.4438348749963561,1.323728487499586
67.0,294.0,129.88369750976562,-0.0375151009923383,2.6815405326175563,-4.11492126820321,-3.678696413336605,-1.9248538354858755,1.3399425126041962,-0.0987835979778907,3.963714046279793,-0.4446811609730565,1.323395357397754
67.0,294.0,129.88369750976562,-0.0377454066103169,2.6825043046280004,-4.114788089707397,-3.679652743106941,-1.9244710726958925,1.340134709603629,-0.1004671214614538,3.9636188560680137,-0.4424447477359667,1.3231665976907154
67.0,294.0,129.88369750976562,-0.0364954623203145,2.682236998039043,-4.1151194879360045,-3.678349310488348,-1.9266135679514724,1.3402469514634694,-0.0997973225445006,3.96391029317396,-0.4446940722613329,1.3226826898546231
67.0,294.0,129.88369750976562,-0.0383554438796345,2.6837078456050074,-4.1148397309375175,-3.6796427651577615,-1.925935618093105,1.3413987342605571,-0.0995517511654577,3.963735392106942,-0.4447510661004394,1.3223569690262462
67.0,294.0,129.88369750976562,-0.0374471514184957,2.6830290313127803,-4.114093649499316,-3.679834210451842,-1.924097479454128,1.3403730799535918,-0.0989693227775162,3.9646815998637,-0.4441470635204132,1.3235251103658887
67.0,294.0,129.88369750976562,-0.0382710782515905,2.682893249029939,-4.115279657961465,-3.6792257495786993,-1.924598940320268,1.340114582927606,-0.0982937747407807,3.963413311773425,-0.4438361054294831,1.3238186492275428
67.0,294.0,129.88369750976562,-0.0386767940782647,2.6825724445294745,-4.114978013222114,-3.6803825219341575,-1.925471672712967,1.340026883894302,-0.1000383970307691,3.965015974768844,-0.4424138905121658,1.3231790020943524
67.0,294.0,129.88369750976562,-0.0386743878574695,2.682514171969066,-4.114506661615946,-3.679438333994672,-1.9243521442453364,1.339783745789752,-0.0992489063510318,3.963839175972056,-0.4434921678817331,1.3240327725928551
67.0,294.0,129.88369750976562,-0.0378622370720957,2.681968301780857,-4.11483420834631,-3.6800866107675727,-1.924030423868726,1.3402908182460136,-0.0994770964367983,3.9636342318458793,-0.4433138246954711,1.324016149664466
67.0,294.0,129.88369750976562,-0.038409736125438,2.683223324443615,-4.114847609240932,-3.679415568245977,-1.9254956460903945,1.339956890140793,-0.0993767820110977,3.96545346379171,-0.4440833734044859,1.3235641918682983
67.0,294.0,129.88369750976562,-0.0365283721779428,2.6821798842695697,-4.11603441881068,-3.679486054107372,-1.9251379515389608,1.3405617104052885,-0.1002226474128503,3.96390962240616,-0.4420402715724512,1.3236767237550735
67.0,294.0,129.88369750976562,-0.0364397398083592,2.6825071178585005,-4.115088219917484,-3.67970139592296,-1.9261702671341336,1.340268587447146,-0.1007867068112726,3.963668351548983,-0.4431968561648036,1.323600593218882
67.0,294.0,129.88369750976562,-0.0383216637770437,2.6825741157856324,-4.114967170153109,-3.6780063208760607,-1.924454085840296,1.3404595116488414,-0.099584917212826,3.9638032536282113,-0.4437830930453497,1.3237113962040006
67.0,294.0,129.88369750976562,-0.0379767604336877,2.680744641094622,-4.114477853527157,-3.6801701846835897,-1.924400799866619,1.3404674448137248,-0.0999418297218291,3.9646977554076215,-0.4444012423801128,1.3236911002911962
67.0,294.0,129.88369750976562,-0.0390478143195861,2.682337844354252,-4.115926773235828,-3.6795526101329856,-1.924688573970111,1.3412594732204302,-0.0998160293303123,3.963891675060848,-0.4428856325751028,1.3240663398786898
67.0,294.0,129.88369750976562,-0.0383148729229902,2.6832796999404445,-4.116294179060572,-3.6793979513078847,-1.9250865185851764,1.340689295518906,-0.0983386555168854,3.963023765613142,-0.4436402091529069,1.323783064095721
67.0,294.0,129.88369750976562,-0.0379627504806742,2.6821752792535305,-4.115112653936806,-3.679108163981376,-1.9271989799946387,1.3404670547282131,-0.0989285936155462,3.963762776092248,-0.4436037889685726,1.3234545198064809
67.0,294.0,129.88369750976562,-0.0392187524807247,2.683054261908589,-4.114922136147859,-3.6795777604845856,-1.925288325593142,1.3412020927009516,-0.0999221139832497,3.9638507441902,-0.4441360716815598,1.3240769948011513
67.0,294.0,129.88369750976562,-0.0383849644671473,2.6829565493324656,-4.1152425670406885,-3.679085536259625,-1.9245625020625792,1.3398362901102925,-0.0989136901687004,3.964908554644228,-0.4445902552466633,1.3237140521602766
67.0,294.0,129.88369750976562,-0.0381150873514049,2.682542042709517,-4.114430642239843,-3.678878579382245,-1.9244999050184943,1.3406975087022637,-0.0999938618507068,3.963198803446204,-0.4438787615061223,1.3237429493033557
67.0,294.0,129.88369750976562,-0.0356061132564945,2.682682236611596,-4.114853691872366,-3.679371797552783,-1.926117401442866,1.3402494852328133,-0.0995158924403936,3.963593572879813,-0.4432809198229624,1.3217267572875264
67.0,294.0,129.88369750976562,-0.0370319986549597,2.682141311654721,-4.11568919640137,-3.679601765843594,-1.9250876999733395,1.3398228311447469,-0.1004837490685165,3.964237534852891,-0.442657322459007,1.323574800022745
67.0,294.0,129.88369750976562,-0.0370807272260081,2.68264859514898,-4.115168223632826,-3.678252415128613,-1.9239598296335736,1.3405486072531194,-0.098422161926668,3.964345449074509,-0.4430919035377933,1.32368118639016
67.0,294.0,129.88369750976562,-0.0371588517049898,2.6805734538012,-4.114829362922763,-3.680286246949066,-1.92656536943232,1.339947151786356,-0.0988547495593402,3.9637048782995135,-0.4439045648392518,1.323849355521426
67.0,294.0,129.88369750976562,-0.0375504977495809,2.682280533818246,-4.115233018272244,-3.679761393898062,-1.925012808213688,1.3408448440508045,-0.0991535257406458,3.963799535448471,-0.4426996479812786,1.32341862225405
67.0,294.0,129.88369750976562,-0.0364782580288229,2.6818429670123987,-4.11474322378592,-3.679358600708835,-1.9243445464444973,1.3403015173573354,-0.09960695951543,3.965946662438152,-0.4428471831983755,1.3238509640840692
67.0,294.0,129.88369750976562,-0.0375050067521598,2.682394795215691,-4.114718372567042,-3.678092981168621,-1.9258440914610253,1.3400083563894525,-0.099182553119151,3.966016159885976,-0.4438312502809411,1.3218137438897066
67.0,294.0,129.88369750976562,-0.0385790505121479,2.6829151465589978,-4.114800802167872,-3.680258446862143,-1.924409893497719,1.340273682270729,-0.0988903953142273,3.964274155720028,-0.443693939368691,1.324358976709781
67.0,294.0,129.88369750976562,-0.0373377203114786,2.682486630971601,-4.114913017838977,-3.6783634873448783,-1.9265970819780125,1.3403155553342478,-0.099168483249192,3.963433477689972,-0.4450287501643289,1.3241048847555466
67.0,294.0,129.88369750976562,-0.0379180192985064,2.682247815866732,-4.11618169808676,-3.678672127199636,-1.9243215382018104,1.341224665253827,-0.0999942253138913,3.964944788080395,-0.4445476548029366,1.3237704141458422
67.0,294.0,129.88369750976562,-0.0379024272348933,2.681548237319513,-4.1147750510204935,-3.679808883893499,-1.9248620463978097,1.3398379650494014,-0.0992112748296654,3.963017815678836,-0.4424179299426491,1.3233375186841294
67.0,294.0,129.88369750976562,-0.0386119900478477,2.682502921158186,-4.115330536104988,-3.67922120648243,-1.924454899099244,1.3398214621333258,-0.0993185791376466,3.963886887649888,-0.4432911272000954,1.323338099550023
67.0,294.0,129.88369750976562,-0.0382477403859779,2.68273101332882,-4.115921932644253,-3.677978964649831,-1.924749009834854,1.3417441945558162,-0.0989616560098664,3.9650317801400976,-0.4436610931860999,1.3237025486479133
67.0,294.0,129.88369750976562,-0.0368336824364338,2.6826832487827823,-4.114591204394081,-3.678575812548972,-1.925641460409574,1.3405690717413157,-0.0993023327242637,3.963040004737601,-0.4453726377459595,1.3228519700821009
67.0,294.0,129.88369750976562,-0.0368682580867013,2.6829220535883818,-4.115330151241876,-3.6800847775118006,-1.924143475813016,1.3403634962947215,-0.0977891263415146,3.964305456688996,-0.4434524361281761,1.323232495747224
67.0,294.0,129.88369750976562,-0.0385555590400413,2.682332051900679,-4.11561887003485,-3.678886500882304,-1.9246899936591084,1.339812599810698,-0.0990985889591814,3.964719517917539,-0.4435134565679196,1.3239478618172835
67.0,294.0,129.88369750976562,-0.0362685215543273,2.6824785535414897,-4.115228802300194,-3.679666890710486,-1.924817154336768,1.3397913112986377,-0.0984104785689082,3.965220519508229,-0.4431274438343454,1.3229101875008091
67.0,294.0,129.88369750976562,-0.0375539125029723,2.683178260371717,-4.114369649219112,-3.679430716965344,-1.9246000535494767,1.3402022966892828,-0.0991060381317665,3.964045450719317,-0.4435850165156397,1.3232991003993002
67.0,294.0,129.88369750976562,-0.0373747018816963,2.6827891322424366,-4.115831560265851,-3.678720605069845,-1.925137080380172,1.3403258327157284,-0.0988966046907536,3.963632318963182,-0.4426579316869733,1.3218509770686553
67.0,294.0,129.88369750976562,-0.0370591034729298,2.6826218239917727,-4.115266560061377,-3.679595996907135,-1.926209819046368,1.3414009745971895,-0.0987779561750726,3.964208636924238,-0.4451036432456676,1.3236569489549574
67.0,294.0,129.88369750976562,-0.0391015901040685,2.6832066369908216,-4.11469770047713,-3.680059309122311,-1.9260168474946973,1.3411719572718803,-0.0990887163406583,3.963894911594921,-0.4433537251091182,1.3222977704533132
67.0,294.0,129.88369750976562,-0.0371238674580442,2.6828863163114574,-4.116450644235016,-3.678852193219088,-1.9245006772364748,1.340853961483298,-0.1003745299408251,3.96483297132265,-0.4438758320633198,1.32253467512871
67.0,294.0,129.88369750976562,-0.0387529514039979,2.682332987600346,-4.114907536737543,-3.6795098013530296,-1.9263257462158496,1.3407473142017434,-0.0999818312495976,3.964815872089346,-0.4437279455012012,1.3221885533632094
67.0,294.0,129.88369750976562,-0.0385026246801999,2.681902136710416,-4.116577281202409,-3.680540846948508,-1.92433206385908,1.3402460540770993,-0.099126385258616,3.9633692913641982,-0.4437405342625667,1.3232985721522927
67.0,295.0,129.88369750976562,-0.0372763731490363,2.6826167704504225,-4.114823442455658,-3.6783468022659607,-1.9261520268860424,1.3403612303406105,-0.0998002543669788,3.963755631935773,-0.4432836224847902,1.323920551784124
67.0,295.0,129.88369750976562,-0.0386144815276365,2.682602177420531,-4.114692785083619,-3.6782825809630206,-1.925857278402108,1.3408475275948784,-0.0997619686173913,3.964034353113425,-0.4420803106852294,1.323383683790692
67.0,295.0,129.88369750976562,-0.0384255196221009,2.6828457518910365,-4.115229419906435,-3.678280070499364,-1.9241863635424368,1.340197132733122,-0.0989346872452995,3.965045366748188,-0.4436973324717846,1.3237061726352286
67.0,295.0,129.88369750976562,-0.0374477628801099,2.682657028303648,-4.114838900894199,-3.678870043592088,-1.9251837276112644,1.3405201841317955,-0.0987901150784344,3.964675583138253,-0.4423633760043502,1.3238448057713843
67.0,295.0,129.88369750976562,-0.0382635524696136,2.682419967614642,-4.114786126384205,-3.679311634560755,-1.925978686292598,1.3411333845684037,-0.0987597980305496,3.9641414728433215,-0.4424791061193618,1.320928414315454
67.0,295.0,129.88369750976562,-0.0384394284723971,2.682975909148543,-4.114785849651962,-3.679239009035948,-1.9244454601702328,1.3399968271028857,-0.0992974966139006,3.9634126109169294,-0.4438348749963561,1.323728487499586
67.0,295.0,129.88369750976562,-0.0375151009923383,2.6815405326175563,-4.11492126820321,-3.678696413336605,-1.9248538354858755,1.3399425126041962,-0.0987835979778907,3.963714046279793,-0.4446811609730565,1.323395357397754
67.0,295.0,129.88369750976562,-0.0377454066103169,2.6825043046280004,-4.114788089707397,-3.679652743106941,-1.9244710726958925,1.340134709603629,-0.1004671214614538,3.9636188560680137,-0.4424447477359667,1.3231665976907154
67.0,295.0,129.88369750976562,-0.0364954623203145,2.682236998039043,-4.1151194879360045,-3.678349310488348,-1.9266135679514724,1.3402469514634694,-0.0997973225445006,3.96391029317396,-0.4446940722613329,1.3226826898546231
67.0,295.0,129.88369750976562,-0.0383554438796345,2.6837078456050074,-4.1148397309375175,-3.6796427651577615,-1.925935618093105,1.3413987342605571,-0.0995517511654577,3.963735392106942,-0.4447510661004394,1.3223569690262462
67.0,295.0,129.88369750976562,-0.0374471514184957,2.6830290313127803,-4.114093649499316,-3.679834210451842,-1.924097479454128,1.3403730799535918,-0.0989693227775162,3.9646815998637,-0.4441470635204132,1.3235251103658887
67.0,295.0,129.88369750976562,-0.0382710782515905,2.682893249029939,-4.115279657961465,-3.6792257495786993,-1.924598940320268,1.340114582927606,-0.0982937747407807,3.963413311773425,-0.4438361054294831,1.3238186492275428
67.0,295.0,129.88369750976562,-0.0386767940782647,2.6825724445294745,-4.114978013222114,-3.6803825219341575,-1.925471672712967,1.340026883894302,-0.1000383970307691,3.965015974768844,-0.4424138905121658,1.3231790020943524
67.0,295.0,129.88369750976562,-0.0386743878574695,2.682514171969066,-4.114506661615946,-3.679438333994672,-1.9243521442453364,1.339783745789752,-0.0992489063510318,3.963839175972056,-0.4434921678817331,1.3240327725928551
67.0,295.0,129.88369750976562,-0.0378622370720957,2.681968301780857,-4.11483420834631,-3.6800866107675727,-1.924030423868726,1.3402908182460136,-0.0994770964367983,3.9636342318458793,-0.4433138246954711,1.324016149664466
67.0,295.0,129.88369750976562,-0.038409736125438,2.683223324443615,-4.114847609240932,-3.679415568245977,-1.9254956460903945,1.339956890140793,-0.0993767820110977,3.96545346379171,-0.4440833734044859,1.3235641918682983
67.0,295.0,129.88369750976562,-0.0365283721779428,2.6821798842695697,-4.11603441881068,-3.679486054107372,-1.9251379515389608,1.3405617104052885,-0.1002226474128503,3.96390962240616,-0.4420402715724512,1.3236767237550735
67.0,295.0,129.88369750976562,-0.0364397398083592,2.6825071178585005,-4.115088219917484,-3.67970139592296,-1.9261702671341336,1.340268587447146,-0.1007867068112726,3.963668351548983,-0.4431968561648036,1.323600593218882
67.0,295.0,129.88369750976562,-0.0383216637770437,2.6825741157856324,-4.114967170153109,-3.6780063208760607,-1.924454085840296,1.3404595116488414,-0.099584917212826,3.9638032536282113,-0.4437830930453497,1.3237113962040006
67.0,295.0,129.88369750976562,-0.0379767604336877,2.680744641094622,-4.114477853527157,-3.6801701846835897,-1.924400799866619,1.3404674448137248,-0.0999418297218291,3.9646977554076215,-0.4444012423801128,1.3236911002911962
67.0,295.0,129.88369750976562,-0.0390478143195861,2.682337844354252,-4.115926773235828,-3.6795526101329856,-1.924688573970111,1.3412594732204302,-0.0998160293303123,3.963891675060848,-0.4428856325751028,1.3240663398786898
67.0,295.0,129.88369750976562,-0.0383148729229902,2.6832796999404445,-4.116294179060572,-3.6793979513078847,-1.9250865185851764,1.340689295518906,-0.0983386555168854,3.963023765613142,-0.4436402091529069,1.323783064095721
67.0,295.0,129.88369750976562,-0.0379627504806742,2.6821752792535305,-4.115112653936806,-3.679108163981376,-1.9271989799946387,1.3404670547282131,-0.0989285936155462,3.963762776092248,-0.4436037889685726,1.3234545198064809
67.0,295.0,129.88369750976562,-0.0392187524807247,2.683054261908589,-4.114922136147859,-3.6795777604845856,-1.925288325593142,1.3412020927009516,-0.0999221139832497,3.9638507441902,-0.4441360716815598,1.3240769948011513
67.0,295.0,129.88369750976562,-0.0383849644671473,2.6829565493324656,-4.1152425670406885,-3.679085536259625,-1.9245625020625792,1.3398362901102925,-0.0989136901687004,3.964908554644228,-0.4445902552466633,1.3237140521602766
67.0,295.0,129.88369750976562,-0.0381150873514049,2.682542042709517,-4.114430642239843,-3.678878579382245,-1.9244999050184943,1.3406975087022637,-0.0999938618507068,3.963198803446204,-0.4438787615061223,1.3237429493033557
67.0,295.0,129.88369750976562,-0.0356061132564945,2.682682236611596,-4.114853691872366,-3.679371797552783,-1.926117401442866,1.3402494852328133,-0.0995158924403936,3.963593572879813,-0.4432809198229624,1.3217267572875264
67.0,295.0,129.88369750976562,-0.0370319986549597,2.682141311654721,-4.11568919640137,-3.679601765843594,-1.9250876999733395,1.3398228311447469,-0.1004837490685165,3.964237534852891,-0.442657322459007,1.323574800022745
67.0,295.0,129.88369750976562,-0.0370807272260081,2.68264859514898,-4.115168223632826,-3.678252415128613,-1.9239598296335736,1.3405486072531194,-0.098422161926668,3.964345449074509,-0.4430919035377933,1.32368118639016
67.0,295.0,129.88369750976562,-0.0371588517049898,2.6805734538012,-4.114829362922763,-3.680286246949066,-1.92656536943232,1.339947151786356,-0.0988547495593402,3.9637048782995135,-0.4439045648392518,1.323849355521426
67.0,295.0,129.88369750976562,-0.0375504977495809,2.682280533818246,-4.115233018272244,-3.679761393898062,-1.925012808213688,1.3408448440508045,-0.0991535257406458,3.963799535448471,-0.4426996479812786,1.32341862225405
67.0,295.0,129.88369750976562,-0.0364782580288229,2.6818429670123987,-4.11474322378592,-3.679358600708835,-1.9243445464444973,1.3403015173573354,-0.09960695951543,3.965946662438152,-0.4428471831983755,1.3238509640840692
67.0,295.0,129.88369750976562,-0.0375050067521598,2.682394795215691,-4.114718372567042,-3.678092981168621,-1.9258440914610253,1.3400083563894525,-0.099182553119151,3.966016159885976,-0.4438312502809411,1.3218137438897066
67.0,295.0,129.88369750976562,-0.0385790505121479,2.6829151465589978,-4.114800802167872,-3.680258446862143,-1.924409893497719,1.340273682270729,-0.0988903953142273,3.964274155720028,-0.443693939368691,1.324358976709781
67.0,295.0,129.88369750976562,-0.0373377203114786,2.682486630971601,-4.114913017838977,-3.6783634873448783,-1.9265970819780125,1.3403155553342478,-0.099168483249192,3.963433477689972,-0.4450287501643289,1.3241048847555466
67.0,295.0,129.88369750976562,-0.0379180192985064,2.682247815866732,-4.11618169808676,-3.678672127199636,-1.9243215382018104,1.341224665253827,-0.0999942253138913,3.964944788080395,-0.4445476548029366,1.3237704141458422
67.0,295.0,129.88369750976562,-0.0379024272348933,2.681548237319513,-4.1147750510204935,-3.679808883893499,-1.9248620463978097,1.3398379650494014,-0.0992112748296654,3.963017815678836,-0.4424179299426491,1.3233375186841294
67.0,295.0,129.88369750976562,-0.0386119900478477,2.682502921158186,-4.115330536104988,-3.67922120648243,-1.924454899099244,1.3398214621333258,-0.0993185791376466,3.963886887649888,-0.4432911272000954,1.323338099550023
67.0,295.0,129.88369750976562,-0.0382477403859779,2.68273101332882,-4.115921932644253,-3.677978964649831,-1.924749009834854,1.3417441945558162,-0.0989616560098664,3.9650317801400976,-0.4436610931860999,1.3237025486479133
67.0,295.0,129.88369750976562,-0.0368336824364338,2.6826832487827823,-4.114591204394081,-3.678575812548972,-1.925641460409574,1.3405690717413157,-0.0993023327242637,3.963040004737601,-0.4453726377459595,1.3228519700821009
67.0,295.0,129.88369750976562,-0.0368682580867013,2.6829220535883818,-4.115330151241876,-3.6800847775118006,-1.924143475813016,1.3403634962947215,-0.0977891263415146,3.964305456688996,-0.4434524361281761,1.323232495747224
67.0,295.0,129.88369750976562,-0.0385555590400413,2.682332051900679,-4.11561887003485,-3.678886500882304,-1.9246899936591084,1.339812599810698,-0.0990985889591814,3.964719517917539,-0.4435134565679196,1.3239478618172835
67.0,295.0,129.88369750976562,-0.0362685215543273,2.6824785535414897,-4.115228802300194,-3.679666890710486,-1.924817154336768,1.3397913112986377,-0.0984104785689082,3.965220519508229,-0.4431274438343454,1.3229101875008091
67.0,295.0,129.88369750976562,-0.0375539125029723,2.683178260371717,-4.114369649219112,-3.679430716965344,-1.9246000535494767,1.3402022966892828,-0.0991060381317665,3.964045450719317,-0.4435850165156397,1.3232991003993002
67.0,295.0,129.88369750976562,-0.0373747018816963,2.6827891322424366,-4.115831560265851,-3.678720605069845,-1.925137080380172,1.3403258327157284,-0.0988966046907536,3.963632318963182,-0.4426579316869733,1.3218509770686553
67.0,295.0,129.88369750976562,-0.0370591034729298,2.6826218239917727,-4.115266560061377,-3.679595996907135,-1.926209819046368,1.3414009745971895,-0.0987779561750726,3.964208636924238,-0.4451036432456676,1.3236569489549574
67.0,295.0,129.88369750976562,-0.0391015901040685,2.6832066369908216,-4.11469770047713,-3.680059309122311,-1.9260168474946973,1.3411719572718803,-0.0990887163406583,3.963894911594921,-0.4433537251091182,1.3222977704533132
67.0,295.0,129.88369750976562,-0.0371238674580442,2.6828863163114574,-4.116450644235016,-3.678852193219088,-1.9245006772364748,1.340853961483298,-0.1003745299408251,3.96483297132265,-0.4438758320633198,1.32253467512871
67.0,295.0,129.88369750976562,-0.0387529514039979,2.682332987600346,-4.114907536737543,-3.6795098013530296,-1.9263257462158496,1.3407473142017434,-0.0999818312495976,3.964815872089346,-0.4437279455012012,1.3221885533632094
67.0,295.0,129.88369750976562,-0.0385026246801999,2.681902136710416,-4.116577281202409,-3.680540846948508,-1.92433206385908,1.3402460540770993,-0.099126385258616,3.9633692913641982,-0.4437405342625667,1.3232985721522927
67.0,296.0,129.88369750976562,-0.0372763731490363,2.6826167704504225,-4.114823442455658,-3.6783468022659607,-1.9261520268860424,1.3403612303406105,-0.0998002543669788,3.963755631935773,-0.4432836224847902,1.323920551784124
67.0,296.0,129.88369750976562,-0.0386144815276365,2.682602177420531,-4.114692785083619,-3.6782825809630206,-1.925857278402108,1.3408475275948784,-0.0997619686173913,3.964034353113425,-0.4420803106852294,1.323383683790692
67.0,296.0,129.88369750976562,-0.0384255196221009,2.6828457518910365,-4.115229419906435,-3.678280070499364,-1.9241863635424368,1.340197132733122,-0.0989346872452995,3.965045366748188,-0.4436973324717846,1.3237061726352286
67.0,296.0,129.88369750976562,-0.0374477628801099,2.682657028303648,-4.114838900894199,-3.678870043592088,-1.9251837276112644,1.3405201841317955,-0.0987901150784344,3.964675583138253,-0.4423633760043502,1.3238448057713843
67.0,296.0,129.88369750976562,-0.0382635524696136,2.682419967614642,-4.114786126384205,-3.679311634560755,-1.925978686292598,1.3411333845684037,-0.0987597980305496,3.9641414728433215,-0.4424791061193618,1.320928414315454
67.0,296.0,129.88369750976562,-0.0384394284723971,2.682975909148543,-4.114785849651962,-3.679239009035948,-1.9244454601702328,1.3399968271028857,-0.0992974966139006,3.9634126109169294,-0.4438348749963561,1.323728487499586
67.0,296.0,129.88369750976562,-0.0375151009923383,2.6815405326175563,-4.11492126820321,-3.678696413336605,-1.9248538354858755,1.3399425126041962,-0.0987835979778907,3.963714046279793,-0.4446811609730565,1.323395357397754
67.0,296.0,129.88369750976562,-0.0377454066103169,2.6825043046280004,-4.114788089707397,-3.679652743106941,-1.9244710726958925,1.340134709603629,-0.1004671214614538,3.9636188560680137,-0.4424447477359667,1.3231665976907154
67.0,296.0,129.88369750976562,-0.0364954623203145,2.682236998039043,-4.1151194879360045,-3.678349310488348,-1.9266135679514724,1.3402469514634694,-0.0997973225445006,3.96391029317396,-0.4446940722613329,1.3226826898546231
67.0,296.0,129.88369750976562,-0.0383554438796345,2.6837078456050074,-4.1148397309375175,-3.6796427651577615,-1.925935618093105,1.3413987342605571,-0.0995517511654577,3.963735392106942,-0.4447510661004394,1.3223569690262462
67.0,296.0,129.88369750976562,-0.0374471514184957,2.6830290313127803,-4.114093649499316,-3.679834210451842,-1.924097479454128,1.3403730799535918,-0.0989693227775162,3.9646815998637,-0.4441470635204132,1.3235251103658887
67.0,296.0,129.88369750976562,-0.0382710782515905,2.682893249029939,-4.115279657961465,-3.6792257495786993,-1.924598940320268,1.340114582927606,-0.0982937747407807,3.963413311773425,-0.4438361054294831,1.3238186492275428
67.0,296.0,129.88369750976562,-0.0386767940782647,2.6825724445294745,-4.114978013222114,-3.6803825219341575,-1.925471672712967,1.340026883894302,-0.1000383970307691,3.965015974768844,-0.4424138905121658,1.3231790020943524
67.0,296.0,129.88369750976562,-0.0386743878574695,2.682514171969066,-4.114506661615946,-3.679438333994672,-1.9243521442453364,1.339783745789752,-0.0992489063510318,3.963839175972056,-0.4434921678817331,1.3240327725928551
67.0,296.0,129.88369750976562,-0.0378622370720957,2.681968301780857,-4.11483420834631,-3.6800866107675727,-1.924030423868726,1.3402908182460136,-0.0994770964367983,3.9636342318458793,-0.4433138246954711,1.324016149664466
67.0,296.0,129.88369750976562,-0.038409736125438,2.683223324443615,-4.114847609240932,-3.679415568245977,-1.9254956460903945,1.339956890140793,-0.0993767820110977,3.96545346379171,-0.4440833734044859,1.3235641918682983
67.0,296.0,129.88369750976562,-0.0365283721779428,2.6821798842695697,-4.11603441881068,-3.679486054107372,-1.9251379515389608,1.3405617104052885,-0.1002226474128503,3.96390962240616,-0.4420402715724512,1.3236767237550735
67.0,296.0,129.88369750976562,-0.0364397398083592,2.6825071178585005,-4.115088219917484,-3.67970139592296,-1.9261702671341336,1.340268587447146,-0.1007867068112726,3.963668351548983,-0.4431968561648036,1.323600593218882
67.0,296.0,129.88369750976562,-0.0383216637770437,2.6825741157856324,-4.114967170153109,-3.6780063208760607,-1.924454085840296,1.3404595116488414,-0.099584917212826,3.9638032536282113,-0.4437830930453497,1.3237113962040006
67.0,296.0,129.88369750976562,-0.0379767604336877,2.680744641094622,-4.114477853527157,-3.6801701846835897,-1.924400799866619,1.3404674448137248,-0.0999418297218291,3.9646977554076215,-0.4444012423801128,1.3236911002911962
67.0,296.0,129.88369750976562,-0.0390478143195861,2.682337844354252,-4.115926773235828,-3.6795526101329856,-1.924688573970111,1.3412594732204302,-0.0998160293303123,3.963891675060848,-0.4428856325751028,1.3240663398786898
67.0,296.0,129.88369750976562,-0.0383148729229902,2.6832796999404445,-4.116294179060572,-3.6793979513078847,-1.9250865185851764,1.340689295518906,-0.0983386555168854,3.963023765613142,-0.4436402091529069,1.323783064095721
67.0,296.0,129.88369750976562,-0.0379627504806742,2.6821752792535305,-4.115112653936806,-3.679108163981376,-1.9271989799946387,1.3404670547282131,-0.0989285936155462,3.963762776092248,-0.4436037889685726,1.3234545198064809
67.0,296.0,129.88369750976562,-0.0392187524807247,2.683054261908589,-4.114922136147859,-3.6795777604845856,-1.925288325593142,1.3412020927009516,-0.0999221139832497,3.9638507441902,-0.4441360716815598,1.3240769948011513
67.0,296.0,129.88369750976562,-0.0383849644671473,2.6829565493324656,-4.1152425670406885,-3.679085536259625,-1.9245625020625792,1.3398362901102925,-0.0989136901687004,3.964908554644228,-0.4445902552466633,1.3237140521602766
67.0,296.0,129.88369750976562,-0.0381150873514049,2.682542042709517,-4.114430642239843,-3.678878579382245,-1.9244999050184943,1.3406975087022637,-0.0999938618507068,3.963198803446204,-0.4438787615061223,1.3237429493033557
67.0,296.0,129.88369750976562,-0.0356061132564945,2.682682236611596,-4.114853691872366,-3.679371797552783,-1.926117401442866,1.3402494852328133,-0.0995158924403936,3.963593572879813,-0.4432809198229624,1.3217267572875264
67.0,296.0,129.88369750976562,-0.0370319986549597,2.682141311654721,-4.11568919640137,-3.679601765843594,-1.9250876999733395,1.3398228311447469,-0.1004837490685165,3.964237534852891,-0.442657322459007,1.323574800022745
67.0,296.0,129.88369750976562,-0.0370807272260081,2.68264859514898,-4.115168223632826,-3.678252415128613,-1.9239598296335736,1.3405486072531194,-0.098422161926668,3.964345449074509,-0.4430919035377933,1.32368118639016
67.0,296.0,129.88369750976562,-0.0371588517049898,2.6805734538012,-4.114829362922763,-3.680286246949066,-1.92656536943232,1.339947151786356,-0.0988547495593402,3.9637048782995135,-0.4439045648392518,1.323849355521426
67.0,296.0,129.88369750976562,-0.0375504977495809,2.682280533818246,-4.115233018272244,-3.679761393898062,-1.925012808213688,1.3408448440508045,-0.0991535257406458,3.963799535448471,-0.4426996479812786,1.32341862225405
67.0,296.0,129.88369750976562,-0.0364782580288229,2.6818429670123987,-4.11474322378592,-3.679358600708835,-1.9243445464444973,1.3403015173573354,-0.09960695951543,3.965946662438152,-0.4428471831983755,1.3238509640840692
67.0,296.0,129.88369750976562,-0.0375050067521598,2.682394795215691,-4.114718372567042,-3.678092981168621,-1.9258440914610253,1.3400083563894525,-0.099182553119151,3.966016159885976,-0.4438312502809411,1.3218137438897066
67.0,296.0,129.88369750976562,-0.0385790505121479,2.6829151465589978,-4.114800802167872,-3.680258446862143,-1.924409893497719,1.340273682270729,-0.0988903953142273,3.964274155720028,-0.443693939368691,1.324358976709781
67.0,296.0,129.88369750976562,-0.0373377203114786,2.682486630971601,-4.114913017838977,-3.6783634873448783,-1.9265970819780125,1.3403155553342478,-0.099168483249192,3.963433477689972,-0.4450287501643289,1.3241048847555466
67.0,296.0,129.88369750976562,-0.0379180192985064,2.682247815866732,-4.11618169808676,-3.678672127199636,-1.9243215382018104,1.341224665253827,-0.0999942253138913,3.964944788080395,-0.4445476548029366,1.3237704141458422
67.0,296.0,129.88369750976562,-0.0379024272348933,2.681548237319513,-4.1147750510204935,-3.679808883893499,-1.9248620463978097,1.3398379650494014,-0.0992112748296654,3.963017815678836,-0.4424179299426491,1.3233375186841294
67.0,296.0,129.88369750976562,-0.0386119900478477,2.682502921158186,-4.115330536104988,-3.67922120648243,-1.924454899099244,1.3398214621333258,-0.0993185791376466,3.963886887649888,-0.4432911272000954,1.323338099550023
67.0,296.0,129.88369750976562,-0.0382477403859779,2.68273101332882,-4.115921932644253,-3.677978964649831,-1.924749009834854,1.3417441945558162,-0.0989616560098664,3.9650317801400976,-0.4436610931860999,1.3237025486479133
67.0,296.0,129.88369750976562,-0.0368336824364338,2.6826832487827823,-4.114591204394081,-3.678575812548972,-1.925641460409574,1.3405690717413157,-0.0993023327242637,3.963040004737601,-0.4453726377459595,1.3228519700821009
67.0,296.0,129.88369750976562,-0.0368682580867013,2.6829220535883818,-4.115330151241876,-3.6800847775118006,-1.924143475813016,1.3403634962947215,-0.0977891263415146,3.964305456688996,-0.4434524361281761,1.323232495747224
67.0,296.0,129.88369750976562,-0.0385555590400413,2.682332051900679,-4.11561887003485,-3.678886500882304,-1.9246899936591084,1.339812599810698,-0.0990985889591814,3.964719517917539,-0.4435134565679196,1.3239478618172835
67.0,296.0,129.88369750976562,-0.0362685215543273,2.6824785535414897,-4.115228802300194,-3.679666890710486,-1.924817154336768,1.3397913112986377,-0.0984104785689082,3.965220519508229,-0.4431274438343454,1.3229101875008091
67.0,296.0,129.88369750976562,-0.0375539125029723,2.683178260371717,-4.114369649219112,-3.679430716965344,-1.9246000535494767,1.3402022966892828,-0.0991060381317665,3.964045450719317,-0.4435850165156397,1.3232991003993002
67.0,296.0,129.88369750976562,-0.0373747018816963,2.6827891322424366,-4.115831560265851,-3.678720605069845,-1.925137080380172,1.3403258327157284,-0.0988966046907536,3.963632318963182,-0.4426579316869733,1.3218509770686553
67.0,296.0,129.88369750976562,-0.0370591034729298,2.6826218239917727,-4.115266560061377,-3.679595996907135,-1.926209819046368,1.3414009745971895,-0.0987779561750726,3.964208636924238,-0.4451036432456676,1.3236569489549574
67.0,296.0,129.88369750976562,-0.0391015901040685,2.6832066369908216,-4.11469770047713,-3.680059309122311,-1.9260168474946973,1.3411719572718803,-0.0990887163406583,3.963894911594921,-0.4433537251091182,1.3222977704533132
67.0,296.0,129.88369750976562,-0.0371238674580442,2.6828863163114574,-4.116450644235016,-3.678852193219088,-1.9245006772364748,1.340853961483298,-0.1003745299408251,3.96483297132265,-0.4438758320633198,1.32253467512871
67.0,296.0,129.88369750976562,-0.0387529514039979,2.682332987600346,-4.114907536737543,-3.6795098013530296,-1.9263257462158496,1.3407473142017434,-0.0999818312495976,3.964815872089346,-0.4437279455012012,1.3221885533632094
67.0,296.0,129.88369750976562,-0.0385026246801999,2.681902136710416,-4.116577281202409,-3.680540846948508,-1.92433206385908,1.3402460540770993,-0.099126385258616,3.9633692913641982,-0.4437405342625667,1.3232985721522927
67.0,297.0,129.88369750976562,-0.0372763731490363,2.6826167704504225,-4.114823442455658,-3.6783468022659607,-1.9261520268860424,1.3403612303406105,-0.0998002543669788,3.963755631935773,-0.4432836224847902,1.323920551784124
67.0,297.0,129.88369750976562,-0.0386144815276365,2.682602177420531,-4.114692785083619,-3.6782825809630206,-1.925857278402108,1.3408475275948784,-0.0997619686173913,3.964034353113425,-0.4420803106852294,1.323383683790692
67.0,297.0,129.88369750976562,-0.0384255196221009,2.6828457518910365,-4.115229419906435,-3.678280070499364,-1.9241863635424368,1.340197132733122,-0.0989346872452995,3.965045366748188,-0.4436973324717846,1.3237061726352286
67.0,297.0,129.88369750976562,-0.0374477628801099,2.682657028303648,-4.114838900894199,-3.678870043592088,-1.9251837276112644,1.3405201841317955,-0.0987901150784344,3.964675583138253,-0.4423633760043502,1.3238448057713843
67.0,297.0,129.88369750976562,-0.0382635524696136,2.682419967614642,-4.114786126384205,-3.679311634560755,-1.925978686292598,1.3411333845684037,-0.0987597980305496,3.9641414728433215,-0.4424791061193618,1.320928414315454
67.0,297.0,129.88369750976562,-0.0384394284723971,2.682975909148543,-4.114785849651962,-3.679239009035948,-1.9244454601702328,1.3399968271028857,-0.0992974966139006,3.9634126109169294,-0.4438348749963561,1.323728487499586
67.0,297.0,129.88369750976562,-0.0375151009923383,2.6815405326175563,-4.11492126820321,-3.678696413336605,-1.9248538354858755,1.3399425126041962,-0.0987835979778907,3.963714046279793,-0.4446811609730565,1.323395357397754
67.0,297.0,129.88369750976562,-0.0377454066103169,2.6825043046280004,-4.114788089707397,-3.679652743106941,-1.9244710726958925,1.340134709603629,-0.1004671214614538,3.9636188560680137,-0.4424447477359667,1.3231665976907154
67.0,297.0,129.88369750976562,-0.0364954623203145,2.682236998039043,-4.1151194879360045,-3.678349310488348,-1.9266135679514724,1.3402469514634694,-0.0997973225445006,3.96391029317396,-0.4446940722613329,1.3226826898546231
67.0,297.0,129.88369750976562,-0.0383554438796345,2.6837078456050074,-4.1148397309375175,-3.6796427651577615,-1.925935618093105,1.3413987342605571,-0.0995517511654577,3.963735392106942,-0.4447510661004394,1.3223569690262462
67.0,297.0,129.88369750976562,-0.0374471514184957,2.6830290313127803,-4.114093649499316,-3.679834210451842,-1.924097479454128,1.3403730799535918,-0.0989693227775162,3.9646815998637,-0.4441470635204132,1.3235251103658887
67.0,297.0,129.88369750976562,-0.0382710782515905,2.682893249029939,-4.115279657961465,-3.6792257495786993,-1.924598940320268,1.340114582927606,-0.0982937747407807,3.963413311773425,-0.4438361054294831,1.3238186492275428
67.0,297.0,129.88369750976562,-0.0386767940782647,2.6825724445294745,-4.114978013222114,-3.6803825219341575,-1.925471672712967,1.340026883894302,-0.1000383970307691,3.965015974768844,-0.4424138905121658,1.3231790020943524
67.0,297.0,129.88369750976562,-0.0386743878574695,2.682514171969066,-4.114506661615946,-3.679438333994672,-1.9243521442453364,1.339783745789752,-0.0992489063510318,3.963839175972056,-0.4434921678817331,1.3240327725928551
67.0,297.0,129.88369750976562,-0.0378622370720957,2.681968301780857,-4.11483420834631,-3.6800866107675727,-1.924030423868726,1.3402908182460136,-0.0994770964367983,3.9636342318458793,-0.4433138246954711,1.324016149664466
67.0,297.0,129.88369750976562,-0.038409736125438,2.683223324443615,-4.114847609240932,-3.679415568245977,-1.9254956460903945,1.339956890140793,-0.0993767820110977,3.96545346379171,-0.4440833734044859,1.3235641918682983
67.0,297.0,129.88369750976562,-0.0365283721779428,2.6821798842695697,-4.11603441881068,-3.679486054107372,-1.9251379515389608,1.3405617104052885,-0.1002226474128503,3.96390962240616,-0.4420402715724512,1.3236767237550735
67.0,297.0,129.88369750976562,-0.0364397398083592,2.6825071178585005,-4.115088219917484,-3.67970139592296,-1.9261702671341336,1.340268587447146,-0.1007867068112726,3.963668351548983,-0.4431968561648036,1.323600593218882
67.0,297.0,129.88369750976562,-0.0383216637770437,2.6825741157856324,-4.114967170153109,-3.6780063208760607,-1.924454085840296,1.3404595116488414,-0.099584917212826,3.9638032536282113,-0.4437830930453497,1.3237113962040006
67.0,297.0,129.88369750976562,-0.0379767604336877,2.680744641094622,-4.114477853527157,-3.6801701846835897,-1.924400799866619,1.3404674448137248,-0.0999418297218291,3.9646977554076215,-0.4444012423801128,1.3236911002911962
67.0,297.0,129.88369750976562,-0.0390478143195861,2.682337844354252,-4.115926773235828,-3.6795526101329856,-1.924688573970111,1.3412594732204302,-0.0998160293303123,3.963891675060848,-0.4428856325751028,1.3240663398786898
67.0,297.0,129.88369750976562,-0.0383148729229902,2.6832796999404445,-4.116294179060572,-3.6793979513078847,-1.9250865185851764,1.340689295518906,-0.0983386555168854,3.963023765613142,-0.4436402091529069,1.323783064095721
67.0,297.0,129.88369750976562,-0.0379627504806742,2.6821752792535305,-4.115112653936806,-3.679108163981376,-1.9271989799946387,1.3404670547282131,-0.0989285936155462,3.963762776092248,-0.4436037889685726,1.3234545198064809
67.0,297.0,129.88369750976562,-0.0392187524807247,2.683054261908589,-4.114922136147859,-3.6795777604845856,-1.925288325593142,1.3412020927009516,-0.0999221139832497,3.9638507441902,-0.4441360716815598,1.3240769948011513
67.0,297.0,129.88369750976562,-0.0383849644671473,2.6829565493324656,-4.1152425670406885,-3.679085536259625,-1.9245625020625792,1.3398362901102925,-0.0989136901687004,3.964908554644228,-0.4445902552466633,1.3237140521602766
67.0,297.0,129.88369750976562,-0.0381150873514049,2.682542042709517,-4.114430642239843,-3.678878579382245,-1.9244999050184943,1.3406975087022637,-0.0999938618507068,3.963198803446204,-0.4438787615061223,1.3237429493033557
67.0,297.0,129.88369750976562,-0.0356061132564945,2.682682236611596,-4.114853691872366,-3.679371797552783,-1.926117401442866,1.3402494852328133,-0.0995158924403936,3.963593572879813,-0.4432809198229624,1.3217267572875264
67.0,297.0,129.88369750976562,-0.0370319986549597,2.682141311654721,-4.11568919640137,-3.679601765843594,-1.9250876999733395,1.3398228311447469,-0.1004837490685165,3.964237534852891,-0.442657322459007,1.323574800022745
67.0,297.0,129.88369750976562,-0.0370807272260081,2.68264859514898,-4.115168223632826,-3.678252415128613,-1.9239598296335736,1.3405486072531194,-0.098422161926668,3.964345449074509,-0.4430919035377933,1.32368118639016
67.0,297.0,129.88369750976562,-0.0371588517049898,2.6805734538012,-4.114829362922763,-3.680286246949066,-1.92656536943232,1.339947151786356,-0.0988547495593402,3.9637048782995135,-0.4439045648392518,1.323849355521426
67.0,297.0,129.88369750976562,-0.0375504977495809,2.682280533818246,-4.115233018272244,-3.679761393898062,-1.925012808213688,1.3408448440508045,-0.0991535257406458,3.963799535448471,-0.4426996479812786,1.32341862225405
67.0,297.0,129.88369750976562,-0.0364782580288229,2.6818429670123987,-4.11474322378592,-3.679358600708835,-1.9243445464444973,1.3403015173573354,-0.09960695951543,3.965946662438152,-0.4428471831983755,1.3238509640840692
67.0,297.0,129.88369750976562,-0.0375050067521598,2.682394795215691,-4.114718372567042,-3.678092981168621,-1.9258440914610253,1.3400083563894525,-0.099182553119151,3.966016159885976,-0.4438312502809411,1.3218137438897066
67.0,297.0,129.88369750976562,-0.0385790505121479,2.6829151465589978,-4.114800802167872,-3.680258446862143,-1.924409893497719,1.340273682270729,-0.0988903953142273,3.964274155720028,-0.443693939368691,1.324358976709781
67.0,297.0,129.88369750976562,-0.0373377203114786,2.682486630971601,-4.114913017838977,-3.6783634873448783,-1.9265970819780125,1.3403155553342478,-0.099168483249192,3.963433477689972,-0.4450287501643289,1.3241048847555466
67.0,297.0,129.88369750976562,-0.0379180192985064,2.682247815866732,-4.11618169808676,-3.678672127199636,-1.9243215382018104,1.341224665253827,-0.0999942253138913,3.964944788080395,-0.4445476548029366,1.3237704141458422
67.0,297.0,129.88369750976562,-0.0379024272348933,2.681548237319513,-4.1147750510204935,-3.679808883893499,-1.9248620463978097,1.3398379650494014,-0.0992112748296654,3.963017815678836,-0.4424179299426491,1.3233375186841294
67.0,297.0,129.88369750976562,-0.0386119900478477,2.682502921158186,-4.115330536104988,-3.67922120648243,-1.924454899099244,1.3398214621333258,-0.0993185791376466,3.963886887649888,-0.4432911272000954,1.323338099550023
67.0,297.0,129.88369750976562,-0.0382477403859779,2.68273101332882,-4.115921932644253,-3.677978964649831,-1.924749009834854,1.3417441945558162,-0.0989616560098664,3.9650317801400976,-0.4436610931860999,1.3237025486479133
67.0,297.0,129.88369750976562,-0.0368336824364338,2.6826832487827823,-4.114591204394081,-3.678575812548972,-1.925641460409574,1.3405690717413157,-0.0993023327242637,3.963040004737601,-0.4453726377459595,1.3228519700821009
67.0,297.0,129.88369750976562,-0.0368682580867013,2.6829220535883818,-4.115330151241876,-3.6800847775118006,-1.924143475813016,1.3403634962947215,-0.0977891263415146,3.964305456688996,-0.4434524361281761,1.323232495747224
67.0,297.0,129.88369750976562,-0.0385555590400413,2.682332051900679,-4.11561887003485,-3.678886500882304,-1.9246899936591084,1.339812599810698,-0.0990985889591814,3.964719517917539,-0.4435134565679196,1.3239478618172835
67.0,297.0,129.88369750976562,-0.0362685215543273,2.6824785535414897,-4.115228802300194,-3.679666890710486,-1.924817154336768,1.3397913112986377,-0.0984104785689082,3.965220519508229,-0.4431274438343454,1.3229101875008091
67.0,297.0,129.88369750976562,-0.0375539125029723,2.683178260371717,-4.114369649219112,-3.679430716965344,-1.9246000535494767,1.3402022966892828,-0.0991060381317665,3.964045450719317,-0.4435850165156397,1.3232991003993002
67.0,297.0,129.88369750976562,-0.0373747018816963,2.6827891322424366,-4.115831560265851,-3.678720605069845,-1.925137080380172,1.3403258327157284,-0.0988966046907536,3.963632318963182,-0.4426579316869733,1.3218509770686553
67.0,297.0,129.88369750976562,-0.0370591034729298,2.6826218239917727,-4.115266560061377,-3.679595996907135,-1.926209819046368,1.3414009745971895,-0.0987779561750726,3.964208636924238,-0.4451036432456676,1.3236569489549574
67.0,297.0,129.88369750976562,-0.0391015901040685,2.6832066369908216,-4.11469770047713,-3.680059309122311,-1.9260168474946973,1.3411719572718803,-0.0990887163406583,3.963894911594921,-0.4433537251091182,1.3222977704533132
67.0,297.0,129.88369750976562,-0.0371238674580442,2.6828863163114574,-4.116450644235016,-3.678852193219088,-1.9245006772364748,1.340853961483298,-0.1003745299408251,3.96483297132265,-0.4438758320633198,1.32253467512871
67.0,297.0,129.88369750976562,-0.0387529514039979,2.682332987600346,-4.114907536737543,-3.6795098013530296,-1.9263257462158496,1.3407473142017434,-0.0999818312495976,3.964815872089346,-0.4437279455012012,1.3221885533632094
67.0,297.0,129.88369750976562,-0.0385026246801999,2.681902136710416,-4.116577281202409,-3.680540846948508,-1.92433206385908,1.3402460540770993,-0.099126385258616,3.9633692913641982,-0.4437405342625667,1.3232985721522927
67.0,298.0,129.88369750976562,-0.0372763731490363,2.6826167704504225,-4.114823442455658,-3.6783468022659607,-1.9261520268860424,1.3403612303406105,-0.0998002543669788,3.963755631935773,-0.4432836224847902,1.323920551784124
67.0,298.0,129.88369750976562,-0.0386144815276365,2.682602177420531,-4.114692785083619,-3.6782825809630206,-1.925857278402108,1.3408475275948784,-0.0997619686173913,3.964034353113425,-0.4420803106852294,1.323383683790692
67.0,298.0,129.88369750976562,-0.0384255196221009,2.6828457518910365,-4.115229419906435,-3.678280070499364,-1.9241863635424368,1.340197132733122,-0.0989346872452995,3.965045366748188,-0.4436973324717846,1.3237061726352286
67.0,298.0,129.88369750976562,-0.0374477628801099,2.682657028303648,-4.114838900894199,-3.678870043592088,-1.9251837276112644,1.3405201841317955,-0.0987901150784344,3.964675583138253,-0.4423633760043502,1.3238448057713843
67.0,298.0,129.88369750976562,-0.0382635524696136,2.682419967614642,-4.114786126384205,-3.679311634560755,-1.925978686292598,1.3411333845684037,-0.0987597980305496,3.9641414728433215,-0.4424791061193618,1.320928414315454
67.0,298.0,129.88369750976562,-0.0384394284723971,2.682975909148543,-4.114785849651962,-3.679239009035948,-1.9244454601702328,1.3399968271028857,-0.0992974966139006,3.9634126109169294,-0.4438348749963561,1.323728487499586
67.0,298.0,129.88369750976562,-0.0375151009923383,2.6815405326175563,-4.11492126820321,-3.678696413336605,-1.9248538354858755,1.3399425126041962,-0.0987835979778907,3.963714046279793,-0.4446811609730565,1.323395357397754
67.0,298.0,129.88369750976562,-0.0377454066103169,2.6825043046280004,-4.114788089707397,-3.679652743106941,-1.9244710726958925,1.340134709603629,-0.1004671214614538,3.9636188560680137,-0.4424447477359667,1.3231665976907154
67.0,298.0,129.88369750976562,-0.0364954623203145,2.682236998039043,-4.1151194879360045,-3.678349310488348,-1.9266135679514724,1.3402469514634694,-0.0997973225445006,3.96391029317396,-0.4446940722613329,1.3226826898546231
67.0,298.0,129.88369750976562,-0.0383554438796345,2.6837078456050074,-4.1148397309375175,-3.6796427651577615,-1.925935618093105,1.3413987342605571,-0.0995517511654577,3.963735392106942,-0.4447510661004394,1.3223569690262462
67.0,298.0,129.88369750976562,-0.0374471514184957,2.6830290313127803,-4.114093649499316,-3.679834210451842,-1.924097479454128,1.3403730799535918,-0.0989693227775162,3.9646815998637,-0.4441470635204132,1.3235251103658887
67.0,298.0,129.88369750976562,-0.0382710782515905,2.682893249029939,-4.115279657961465,-3.6792257495786993,-1.924598940320268,1.340114582927606,-0.0982937747407807,3.963413311773425,-0.4438361054294831,1.3238186492275428
67.0,298.0,129.88369750976562,-0.0386767940782647,2.6825724445294745,-4.114978013222114,-3.6803825219341575,-1.925471672712967,1.340026883894302,-0.1000383970307691,3.965015974768844,-0.4424138905121658,1.3231790020943524
67.0,298.0,129.88369750976562,-0.0386743878574695,2.682514171969066,-4.114506661615946,-3.679438333994672,-1.9243521442453364,1.339783745789752,-0.0992489063510318,3.963839175972056,-0.4434921678817331,1.3240327725928551
67.0,298.0,129.88369750976562,-0.0378622370720957,2.681968301780857,-4.11483420834631,-3.6800866107675727,-1.924030423868726,1.3402908182460136,-0.0994770964367983,3.9636342318458793,-0.4433138246954711,1.324016149664466
67.0,298.0,129.88369750976562,-0.038409736125438,2.683223324443615,-4.114847609240932,-3.679415568245977,-1.9254956460903945,1.339956890140793,-0.0993767820110977,3.96545346379171,-0.4440833734044859,1.3235641918682983
67.0,298.0,129.88369750976562,-0.0365283721779428,2.6821798842695697,-4.11603441881068,-3.679486054107372,-1.9251379515389608,1.3405617104052885,-0.1002226474128503,3.96390962240616,-0.4420402715724512,1.3236767237550735
67.0,298.0,129.88369750976562,-0.0364397398083592,2.6825071178585005,-4.115088219917484,-3.67970139592296,-1.9261702671341336,1.340268587447146,-0.1007867068112726,3.963668351548983,-0.4431968561648036,1.323600593218882
67.0,298.0,129.88369750976562,-0.0383216637770437,2.6825741157856324,-4.114967170153109,-3.6780063208760607,-1.924454085840296,1.3404595116488414,-0.099584917212826,3.9638032536282113,-0.4437830930453497,1.3237113962040006
67.0,298.0,129.88369750976562,-0.0379767604336877,2.680744641094622,-4.114477853527157,-3.6801701846835897,-1.924400799866619,1.3404674448137248,-0.0999418297218291,3.9646977554076215,-0.4444012423801128,1.3236911002911962
67.0,298.0,129.88369750976562,-0.0390478143195861,2.682337844354252,-4.115926773235828,-3.6795526101329856,-1.924688573970111,1.3412594732204302,-0.0998160293303123,3.963891675060848,-0.4428856325751028,1.3240663398786898
67.0,298.0,129.88369750976562,-0.0383148729229902,2.6832796999404445,-4.116294179060572,-3.6793979513078847,-1.9250865185851764,1.340689295518906,-0.0983386555168854,3.963023765613142,-0.4436402091529069,1.323783064095721
67.0,298.0,129.88369750976562,-0.0379627504806742,2.6821752792535305,-4.115112653936806,-3.679108163981376,-1.9271989799946387,1.3404670547282131,-0.0989285936155462,3.963762776092248,-0.4436037889685726,1.3234545198064809
67.0,298.0,129.88369750976562,-0.0392187524807247,2.683054261908589,-4.114922136147859,-3.6795777604845856,-1.925288325593142,1.3412020927009516,-0.0999221139832497,3.9638507441902,-0.4441360716815598,1.3240769948011513
67.0,298.0,129.88369750976562,-0.0383849644671473,2.6829565493324656,-4.1152425670406885,-3.679085536259625,-1.9245625020625792,1.3398362901102925,-0.0989136901687004,3.964908554644228,-0.4445902552466633,1.3237140521602766
67.0,298.0,129.88369750976562,-0.0381150873514049,2.682542042709517,-4.114430642239843,-3.678878579382245,-1.9244999050184943,1.3406975087022637,-0.0999938618507068,3.963198803446204,-0.4438787615061223,1.3237429493033557
67.0,298.0,129.88369750976562,-0.0356061132564945,2.682682236611596,-4.114853691872366,-3.679371797552783,-1.926117401442866,1.3402494852328133,-0.0995158924403936,3.963593572879813,-0.4432809198229624,1.3217267572875264
67.0,298.0,129.88369750976562,-0.0370319986549597,2.682141311654721,-4.11568919640137,-3.679601765843594,-1.9250876999733395,1.3398228311447469,-0.1004837490685165,3.964237534852891,-0.442657322459007,1.323574800022745
67.0,298.0,129.88369750976562,-0.0370807272260081,2.68264859514898,-4.115168223632826,-3.678252415128613,-1.9239598296335736,1.3405486072531194,-0.098422161926668,3.964345449074509,-0.4430919035377933,1.32368118639016
67.0,298.0,129.88369750976562,-0.0371588517049898,2.6805734538012,-4.114829362922763,-3.680286246949066,-1.92656536943232,1.339947151786356,-0.0988547495593402,3.9637048782995135,-0.4439045648392518,1.323849355521426
67.0,298.0,129.88369750976562,-0.0375504977495809,2.682280533818246,-4.115233018272244,-3.679761393898062,-1.925012808213688,1.3408448440508045,-0.0991535257406458,3.963799535448471,-0.4426996479812786,1.32341862225405
67.0,298.0,129.88369750976562,-0.0364782580288229,2.6818429670123987,-4.11474322378592,-3.679358600708835,-1.9243445464444973,1.3403015173573354,-0.09960695951543,3.965946662438152,-0.4428471831983755,1.3238509640840692
67.0,298.0,129.88369750976562,-0.0375050067521598,2.682394795215691,-4.114718372567042,-3.678092981168621,-1.9258440914610253,1.3400083563894525,-0.099182553119151,3.966016159885976,-0.4438312502809411,1.3218137438897066
67.0,298.0,129.88369750976562,-0.0385790505121479,2.6829151465589978,-4.114800802167872,-3.680258446862143,-1.924409893497719,1.340273682270729,-0.0988903953142273,3.964274155720028,-0.443693939368691,1.324358976709781
67.0,298.0,129.88369750976562,-0.0373377203114786,2.682486630971601,-4.114913017838977,-3.6783634873448783,-1.9265970819780125,1.3403155553342478,-0.099168483249192,3.963433477689972,-0.4450287501643289,1.3241048847555466
67.0,298.0,129.88369750976562,-0.0379180192985064,2.682247815866732,-4.11618169808676,-3.678672127199636,-1.9243215382018104,1.341224665253827,-0.0999942253138913,3.964944788080395,-0.4445476548029366,1.3237704141458422
67.0,298.0,129.88369750976562,-0.0379024272348933,2.681548237319513,-4.1147750510204935,-3.679808883893499,-1.9248620463978097,1.3398379650494014,-0.0992112748296654,3.963017815678836,-0.4424179299426491,1.3233375186841294
67.0,298.0,129.88369750976562,-0.0386119900478477,2.682502921158186,-4.115330536104988,-3.67922120648243,-1.924454899099244,1.3398214621333258,-0.0993185791376466,3.963886887649888,-0.4432911272000954,1.323338099550023
67.0,298.0,129.88369750976562,-0.0382477403859779,2.68273101332882,-4.115921932644253,-3.677978964649831,-1.924749009834854,1.3417441945558162,-0.0989616560098664,3.9650317801400976,-0.4436610931860999,1.3237025486479133
67.0,298.0,129.88369750976562,-0.0368336824364338,2.6826832487827823,-4.114591204394081,-3.678575812548972,-1.925641460409574,1.3405690717413157,-0.0993023327242637,3.963040004737601,-0.4453726377459595,1.3228519700821009
67.0,298.0,129.88369750976562,-0.0368682580867013,2.6829220535883818,-4.115330151241876,-3.6800847775118006,-1.924143475813016,1.3403634962947215,-0.0977891263415146,3.964305456688996,-0.4434524361281761,1.323232495747224
67.0,298.0,129.88369750976562,-0.0385555590400413,2.682332051900679,-4.11561887003485,-3.678886500882304,-1.9246899936591084,1.339812599810698,-0.0990985889591814,3.964719517917539,-0.4435134565679196,1.3239478618172835
67.0,298.0,129.88369750976562,-0.0362685215543273,2.6824785535414897,-4.115228802300194,-3.679666890710486,-1.924817154336768,1.3397913112986377,-0.0984104785689082,3.965220519508229,-0.4431274438343454,1.3229101875008091
67.0,298.0,129.88369750976562,-0.0375539125029723,2.683178260371717,-4.114369649219112,-3.679430716965344,-1.9246000535494767,1.3402022966892828,-0.0991060381317665,3.964045450719317,-0.4435850165156397,1.3232991003993002
67.0,298.0,129.88369750976562,-0.0373747018816963,2.6827891322424366,-4.115831560265851,-3.678720605069845,-1.925137080380172,1.3403258327157284,-0.0988966046907536,3.963632318963182,-0.4426579316869733,1.3218509770686553
67.0,298.0,129.88369750976562,-0.0370591034729298,2.6826218239917727,-4.115266560061377,-3.679595996907135,-1.926209819046368,1.3414009745971895,-0.0987779561750726,3.964208636924238,-0.4451036432456676,1.3236569489549574
67.0,298.0,129.88369750976562,-0.0391015901040685,2.6832066369908216,-4.11469770047713,-3.680059309122311,-1.9260168474946973,1.3411719572718803,-0.0990887163406583,3.963894911594921,-0.4433537251091182,1.3222977704533132
67.0,298.0,129.88369750976562,-0.0371238674580442,2.6828863163114574,-4.116450644235016,-3.678852193219088,-1.9245006772364748,1.340853961483298,-0.1003745299408251,3.96483297132265,-0.4438758320633198,1.32253467512871
67.0,298.0,129.88369750976562,-0.0387529514039979,2.682332987600346,-4.114907536737543,-3.6795098013530296,-1.9263257462158496,1.3407473142017434,-0.0999818312495976,3.964815872089346,-0.4437279455012012,1.3221885533632094
67.0,298.0,129.88369750976562,-0.0385026246801999,2.681902136710416,-4.116577281202409,-3.680540846948508,-1.92433206385908,1.3402460540770993,-0.099126385258616,3.9633692913641982,-0.4437405342625667,1.3232985721522927
67.0,299.0,129.88369750976562,-0.0372763731490363,2.6826167704504225,-4.114823442455658,-3.6783468022659607,-1.9261520268860424,1.3403612303406105,-0.0998002543669788,3.963755631935773,-0.4432836224847902,1.323920551784124
67.0,299.0,129.88369750976562,-0.0386144815276365,2.682602177420531,-4.114692785083619,-3.6782825809630206,-1.925857278402108,1.3408475275948784,-0.0997619686173913,3.964034353113425,-0.4420803106852294,1.323383683790692
67.0,299.0,129.88369750976562,-0.0384255196221009,2.6828457518910365,-4.115229419906435,-3.678280070499364,-1.9241863635424368,1.340197132733122,-0.0989346872452995,3.965045366748188,-0.4436973324717846,1.3237061726352286
67.0,299.0,129.88369750976562,-0.0374477628801099,2.682657028303648,-4.114838900894199,-3.678870043592088,-1.9251837276112644,1.3405201841317955,-0.0987901150784344,3.964675583138253,-0.4423633760043502,1.3238448057713843
67.0,299.0,129.88369750976562,-0.0382635524696136,2.682419967614642,-4.114786126384205,-3.679311634560755,-1.925978686292598,1.3411333845684037,-0.0987597980305496,3.9641414728433215,-0.4424791061193618,1.320928414315454
67.0,299.0,129.88369750976562,-0.0384394284723971,2.682975909148543,-4.114785849651962,-3.679239009035948,-1.9244454601702328,1.3399968271028857,-0.0992974966139006,3.9634126109169294,-0.4438348749963561,1.323728487499586
67.0,299.0,129.88369750976562,-0.0375151009923383,2.6815405326175563,-4.11492126820321,-3.678696413336605,-1.9248538354858755,1.3399425126041962,-0.0987835979778907,3.963714046279793,-0.4446811609730565,1.323395357397754
67.0,299.0,129.88369750976562,-0.0377454066103169,2.6825043046280004,-4.114788089707397,-3.679652743106941,-1.9244710726958925,1.340134709603629,-0.1004671214614538,3.9636188560680137,-0.4424447477359667,1.3231665976907154
67.0,299.0,129.88369750976562,-0.0364954623203145,2.682236998039043,-4.1151194879360045,-3.678349310488348,-1.9266135679514724,1.3402469514634694,-0.0997973225445006,3.96391029317396,-0.4446940722613329,1.3226826898546231
67.0,299.0,129.88369750976562,-0.0383554438796345,2.6837078456050074,-4.1148397309375175,-3.6796427651577615,-1.925935618093105,1.3413987342605571,-0.0995517511654577,3.963735392106942,-0.4447510661004394,1.3223569690262462
67.0,299.0,129.88369750976562,-0.0374471514184957,2.6830290313127803,-4.114093649499316,-3.679834210451842,-1.924097479454128,1.3403730799535918,-0.0989693227775162,3.9646815998637,-0.4441470635204132,1.3235251103658887
67.0,299.0,129.88369750976562,-0.0382710782515905,2.682893249029939,-4.115279657961465,-3.6792257495786993,-1.924598940320268,1.340114582927606,-0.0982937747407807,3.963413311773425,-0.4438361054294831,1.3238186492275428
67.0,299.0,129.88369750976562,-0.0386767940782647,2.6825724445294745,-4.114978013222114,-3.6803825219341575,-1.925471672712967,1.340026883894302,-0.1000383970307691,3.965015974768844,-0.4424138905121658,1.3231790020943524
67.0,299.0,129.88369750976562,-0.0386743878574695,2.682514171969066,-4.114506661615946,-3.679438333994672,-1.9243521442453364,1.339783745789752,-0.0992489063510318,3.963839175972056,-0.4434921678817331,1.3240327725928551
67.0,299.0,129.88369750976562,-0.0378622370720957,2.681968301780857,-4.11483420834631,-3.6800866107675727,-1.924030423868726,1.3402908182460136,-0.0994770964367983,3.9636342318458793,-0.4433138246954711,1.324016149664466
67.0,299.0,129.88369750976562,-0.038409736125438,2.683223324443615,-4.114847609240932,-3.679415568245977,-1.9254956460903945,1.339956890140793,-0.0993767820110977,3.96545346379171,-0.4440833734044859,1.3235641918682983
67.0,299.0,129.88369750976562,-0.0365283721779428,2.6821798842695697,-4.11603441881068,-3.679486054107372,-1.9251379515389608,1.3405617104052885,-0.1002226474128503,3.96390962240616,-0.4420402715724512,1.3236767237550735
67.0,299.0,129.88369750976562,-0.0364397398083592,2.6825071178585005,-4.115088219917484,-3.67970139592296,-1.9261702671341336,1.340268587447146,-0.1007867068112726,3.963668351548983,-0.4431968561648036,1.323600593218882
67.0,299.0,129.88369750976562,-0.0383216637770437,2.6825741157856324,-4.114967170153109,-3.6780063208760607,-1.924454085840296,1.3404595116488414,-0.099584917212826,3.9638032536282113,-0.4437830930453497,1.3237113962040006
67.0,299.0,129.88369750976562,-0.0379767604336877,2.680744641094622,-4.114477853527157,-3.6801701846835897,-1.924400799866619,1.3404674448137248,-0.0999418297218291,3.9646977554076215,-0.4444012423801128,1.3236911002911962
67.0,299.0,129.88369750976562,-0.0390478143195861,2.682337844354252,-4.115926773235828,-3.6795526101329856,-1.924688573970111,1.3412594732204302,-0.0998160293303123,3.963891675060848,-0.4428856325751028,1.3240663398786898
67.0,299.0,129.88369750976562,-0.0383148729229902,2.6832796999404445,-4.116294179060572,-3.6793979513078847,-1.9250865185851764,1.340689295518906,-0.0983386555168854,3.963023765613142,-0.4436402091529069,1.323783064095721
67.0,299.0,129.88369750976562,-0.0379627504806742,2.6821752792535305,-4.115112653936806,-3.679108163981376,-1.9271989799946387,1.3404670547282131,-0.0989285936155462,3.963762776092248,-0.4436037889685726,1.3234545198064809
67.0,299.0,129.88369750976562,-0.0392187524807247,2.683054261908589,-4.114922136147859,-3.6795777604845856,-1.925288325593142,1.3412020927009516,-0.0999221139832497,3.9638507441902,-0.4441360716815598,1.3240769948011513
67.0,299.0,129.88369750976562,-0.0383849644671473,2.6829565493324656,-4.1152425670406885,-3.679085536259625,-1.9245625020625792,1.3398362901102925,-0.0989136901687004,3.964908554644228,-0.4445902552466633,1.3237140521602766
67.0,299.0,129.88369750976562,-0.0381150873514049,2.682542042709517,-4.114430642239843,-3.678878579382245,-1.9244999050184943,1.3406975087022637,-0.0999938618507068,3.963198803446204,-0.4438787615061223,1.3237429493033557
67.0,299.0,129.88369750976562,-0.0356061132564945,2.682682236611596,-4.114853691872366,-3.679371797552783,-1.926117401442866,1.3402494852328133,-0.0995158924403936,3.963593572879813,-0.4432809198229624,1.3217267572875264
67.0,299.0,129.88369750976562,-0.0370319986549597,2.682141311654721,-4.11568919640137,-3.679601765843594,-1.9250876999733395,1.3398228311447469,-0.1004837490685165,3.964237534852891,-0.442657322459007,1.323574800022745
67.0,299.0,129.88369750976562,-0.0370807272260081,2.68264859514898,-4.115168223632826,-3.678252415128613,-1.9239598296335736,1.3405486072531194,-0.098422161926668,3.964345449074509,-0.4430919035377933,1.32368118639016
67.0,299.0,129.88369750976562,-0.0371588517049898,2.6805734538012,-4.114829362922763,-3.680286246949066,-1.92656536943232,1.339947151786356,-0.0988547495593402,3.9637048782995135,-0.4439045648392518,1.323849355521426
67.0,299.0,129.88369750976562,-0.0375504977495809,2.682280533818246,-4.115233018272244,-3.679761393898062,-1.925012808213688,1.3408448440508045,-0.0991535257406458,3.963799535448471,-0.4426996479812786,1.32341862225405
67.0,299.0,129.88369750976562,-0.0364782580288229,2.6818429670123987,-4.11474322378592,-3.679358600708835,-1.9243445464444973,1.3403015173573354,-0.09960695951543,3.965946662438152,-0.4428471831983755,1.3238509640840692
67.0,299.0,129.88369750976562,-0.0375050067521598,2.682394795215691,-4.114718372567042,-3.678092981168621,-1.9258440914610253,1.3400083563894525,-0.099182553119151,3.966016159885976,-0.4438312502809411,1.3218137438897066
67.0,299.0,129.88369750976562,-0.0385790505121479,2.6829151465589978,-4.114800802167872,-3.680258446862143,-1.924409893497719,1.340273682270729,-0.0988903953142273,3.964274155720028,-0.443693939368691,1.324358976709781
67.0,299.0,129.88369750976562,-0.0373377203114786,2.682486630971601,-4.114913017838977,-3.6783634873448783,-1.9265970819780125,1.3403155553342478,-0.099168483249192,3.963433477689972,-0.4450287501643289,1.3241048847555466
67.0,299.0,129.88369750976562,-0.0379180192985064,2.682247815866732,-4.11618169808676,-3.678672127199636,-1.9243215382018104,1.341224665253827,-0.0999942253138913,3.964944788080395,-0.4445476548029366,1.3237704141458422
67.0,299.0,129.88369750976562,-0.0379024272348933,2.681548237319513,-4.1147750510204935,-3.679808883893499,-1.9248620463978097,1.3398379650494014,-0.0992112748296654,3.963017815678836,-0.4424179299426491,1.3233375186841294
67.0,299.0,129.88369750976562,-0.0386119900478477,2.682502921158186,-4.115330536104988,-3.67922120648243,-1.924454899099244,1.3398214621333258,-0.0993185791376466,3.963886887649888,-0.4432911272000954,1.323338099550023
67.0,299.0,129.88369750976562,-0.0382477403859779,2.68273101332882,-4.115921932644253,-3.677978964649831,-1.924749009834854,1.3417441945558162,-0.0989616560098664,3.9650317801400976,-0.4436610931860999,1.3237025486479133
67.0,299.0,129.88369750976562,-0.0368336824364338,2.6826832487827823,-4.114591204394081,-3.678575812548972,-1.925641460409574,1.3405690717413157,-0.0993023327242637,3.963040004737601,-0.4453726377459595,1.3228519700821009
67.0,299.0,129.88369750976562,-0.0368682580867013,2.6829220535883818,-4.115330151241876,-3.6800847775118006,-1.924143475813016,1.3403634962947215,-0.0977891263415146,3.964305456688996,-0.4434524361281761,1.323232495747224
67.0,299.0,129.88369750976562,-0.0385555590400413,2.682332051900679,-4.11561887003485,-3.678886500882304,-1.9246899936591084,1.339812599810698,-0.0990985889591814,3.964719517917539,-0.4435134565679196,1.3239478618172835
67.0,299.0,129.88369750976562,-0.0362685215543273,2.6824785535414897,-4.115228802300194,-3.679666890710486,-1.924817154336768,1.3397913112986377,-0.0984104785689082,3.965220519508229,-0.4431274438343454,1.3229101875008091
67.0,299.0,129.88369750976562,-0.0375539125029723,2.683178260371717,-4.114369649219112,-3.679430716965344,-1.9246000535494767,1.3402022966892828,-0.0991060381317665,3.964045450719317,-0.4435850165156397,1.3232991003993002
67.0,299.0,129.88369750976562,-0.0373747018816963,2.6827891322424366,-4.115831560265851,-3.678720605069845,-1.925137080380172,1.3403258327157284,-0.0988966046907536,3.963632318963182,-0.4426579316869733,1.3218509770686553
67.0,299.0,129.88369750976562,-0.0370591034729298,2.6826218239917727,-4.115266560061377,-3.679595996907135,-1.926209819046368,1.3414009745971895,-0.0987779561750726,3.964208636924238,-0.4451036432456676,1.3236569489549574
67.0,299.0,129.88369750976562,-0.0391015901040685,2.6832066369908216,-4.11469770047713,-3.680059309122311,-1.9260168474946973,1.3411719572718803,-0.0990887163406583,3.963894911594921,-0.4433537251091182,1.3222977704533132
67.0,299.0,129.88369750976562,-0.0371238674580442,2.6828863163114574,-4.116450644235016,-3.678852193219088,-1.9245006772364748,1.340853961483298,-0.1003745299408251,3.96483297132265,-0.4438758320633198,1.32253467512871
67.0,299.0,129.88369750976562,-0.0387529514039979,2.682332987600346,-4.114907536737543,-3.6795098013530296,-1.9263257462158496,1.3407473142017434,-0.0999818312495976,3.964815872089346,-0.4437279455012012,1.3221885533632094
67.0,299.0,129.88369750976562,-0.0385026246801999,2.681902136710416,-4.116577281202409,-3.680540846948508,-1.92433206385908,1.3402460540770993,-0.099126385258616,3.9633692913641982,-0.4437405342625667,1.3232985721522927
